19 867 1 0.51870765264609642 0.3970813988485476 -0.5913110630566567 0.4728847221910048 -0.65712975149088426 -0.39500730341787382 -0.27634595395684619
18 824 1 0.4354315066179274 0.44223335495016264 -0.59468950365906381 0.51105132526166275 -0.66738639935067123 -0.12199655808930709 -0.21644391012700812
17 780 1 0.16756845156347913 0.65422012266701834 -0.65715808253502339 0.33475378966795977 -0.70995244491153764 0.49345939564240182 -0.077596188863090901
16 737 1 0.035342009353064557 0.74424653645072802 -0.62242652804211029 0.23965235768802118 0.058585274713443103 1.1937100779979 0.37005182359679967
15 693 1 0.20220334305928156 0.707036861752667 -0.67488697871834524 0.061157584443913775 0.039497042427896208 1.4708684216340804 0.35562025142352488
14 650 1 0.0075993883674847244 0.70556324965311157 -0.68381876826000831 0.18578116753521159 -1.0327736090438391 1.0940335440308453 0.55435724051536528
13 606 1 0.1645509265527087 0.6139967615043479 -0.66864015818369593 0.38581252998950155 -0.85117650649790511 0.62785345832526929 -0.12093858634959223
12 563 1 0.38332976529816093 0.40453356729459827 -0.71143289674528276 0.42810526438830399 -0.62942614305477418 0.18615180347226615 -0.24235717639883289
11 519 1 0.43218282430669924 0.30504346969844953 -0.66910938092229855 0.521976172186427 -0.55133531142764503 -0.084007637828015513 -0.32121412616430567
10 476 1 0.45739374583747539 0.33847839662813217 -0.58483734684514033 0.57809048947370589 0.037312619266135057 -0.38410149617362971 -0.26867300066621608
9 432 1 0.34712026171138438 0.23659450202396745 -0.60583532673296225 0.67564348764997062 0.57345344855750879 -0.6814913810438129 0.095816392174680645
8 389 1 0.44889801068153734 0.28448146161958465 -0.525399142491212 0.66446716628471747 0.17926614920604955 -0.85625679803577759 -0.077880956061970485
7 345 1 0.48797158394087375 0.22717387159414576 -0.5372566342071895 0.64933125162086858 -0.045038852107776334 -0.29766124446362163 -0.14391292745313763
6 302 1 0.30085553149942901 0.32434050100489414 -0.64728912546219897 0.62073019632725457 0.16655000613994098 -0.039144605763071459 0.13143508807713547
5 258 1 0.22323443518777786 0.36102913440374612 -0.68547919155850634 0.59155948897669819 0.5606829080286706 0.43706073304371412 -0.059633319351562714
4 215 1 0.041156809082296006 0.55211886394189125 -0.67581530390480327 0.48656402677729599 0.3410890959237845 1.2041980139917718 0.12160980313938902
3 171 1 -0.051978274179832244 0.58714506320727344 -0.71647995226505057 0.3731158154874758 0.059388643595475105 1.3259147640711915 0.4483223460394748
2 128 1 -0.022296441405999391 0.61711113658443206 -0.68709132632533976 0.38286057918331667 -0.19091016012157694 1.107307699366183 0.33324741760169152
1 84 1 0.13006500273221655 0.5314435420922986 -0.6909954393195068 0.47241524051654116 0.016694896401820387 0.64702862348947232 0.13433735597406971
0 41 1 0.26416477117065801 0.44737650131402074 -0.65045170555215392 0.5540612046413953 0.044111084702712598 0.25723302902706269 0.16415500912184502
