19 881 1 0.53700951269316044 0.36710032154142319 -0.60789442943929561 0.4553268055560879 -0.68570268637883447 -0.36848495300042389 -0.3598193422223902
18 839 1 0.51017952421489565 0.40603846821531964 -0.53524154338144203 0.53699730505829513 -0.64246260613188622 -0.31401885573648591 -0.22307105310101208
17 794 1 0.26175701392316858 0.53868289062333896 -0.6669610403365368 0.44324595845299564 -0.68626900722878992 0.3868343551109904 -0.29510750422304777
16 752 1 0.091498914792094085 0.70752759058110604 -0.65944707856045259 0.23698566989682757 0.14675283424774849 0.85038492942387423 0.1943136770876974
15 707 1 0.13254088420007162 0.77507235370520877 -0.61538541361586996 0.054740782293967408 0.046965819641633148 1.389276458935413 0.47905380961975669
14 665 1 0.095358876217733646 0.69738134249576011 -0.69571593436630919 0.14333627082534281 -0.71837029056569079 1.2675585867048094 0.5672849573771811
13 620 1 0.11574453119654594 0.61739518879210808 -0.70283850862663788 0.333832915012784 -0.81911549876705347 0.85160167739073345 0.00025750179441052628
12 578 1 0.28086375032101735 0.54642637187656462 -0.69133403709968011 0.38025126301024403 -0.7701109339187987 0.29636650539714315 -0.10808943641473083
11 533 1 0.47433254164978944 0.25966053114731247 -0.68022006643864441 0.49485928273656998 -0.55783229317588467 0.068121840839391795 -0.23650094409833533
10 491 1 0.42917518386628667 0.28384680407475266 -0.64325182396285041 0.56698037385640987 -0.24151971046666501 -0.26437918883172845 -0.30976701295601089
9 446 1 0.37034618812318476 0.31800137905178649 -0.59384901847919946 0.6395796800361 0.66200073109531676 -0.49250497569352425 -0.038214295596627312
8 404 1 0.38542265630197353 0.224175515293317 -0.56317305840478737 0.69572323566135441 0.37634747782495881 -0.81718018081220745 0.056908301391912233
7 359 1 0.52485949133614995 0.19508994438387864 -0.48977508783685608 0.6682685023918552 -0.057026796708373899 -0.53263425775706641 -0.10069006641339848
6 317 1 0.36264357860098623 0.35754220268969528 -0.62056608799228519 0.5962809225769532 0.10380488314005568 -0.088620090807357527 0.053936165199674049
5 272 1 0.32316039533117108 0.29512304098304154 -0.68217005697369659 0.585759133892786 0.47689721528147744 0.10678073648352104 -0.076092258969539889
4 230 1 0.079173029558396543 0.48079527703277886 -0.67815702408349898 0.55015505419811539 0.49889414098986934 0.9360243328271961 -0.026950930092154466
3 185 1 -0.031401594818480434 0.58586519376128354 -0.6939765718984322 0.41733970843667595 0.1523785469938912 1.3538620125533576 0.37609646354645393
2 143 1 -0.077471520763117682 0.62290338168159698 -0.69566472142214419 0.34934243362198542 -0.23230060715064729 1.1916545735767914 0.42268412839396124
1 98 1 0.074109904043068137 0.57400561000048267 -0.70069174654149446 0.4172006209718907 -0.042865080597568724 0.80038904440350467 0.24732225492969492
0 56 1 0.20366776418858051 0.47646666031836404 -0.66010360350937147 0.54384023027855544 0.019898488364465339 0.40740001973619888 0.10467862166286802
