19 867 1 -0.59087970447633409 0.69889001723448951 -0.25464620257469117 -0.31236073722896829 -0.55549126615876232 0.90424706543925071 0.18409194715149549
18 824 1 -0.5985756192897087 0.70673109848923088 -0.30811484859087362 -0.21749395968157317 -0.41392315900908722 0.86603438693149426 0.02504498207279382
17 780 1 -0.42046972728896193 0.74463765245943003 -0.51267647554632656 -0.076699454982758278 -0.11014676760710354 0.56573526203847668 -0.28259541523496257
15 693 1 -0.2381507247598259 0.68258019685650073 -0.68817250331037993 -0.061539522611371147 -0.49865006434335291 0.34798351787730664 -0.64807686562154976
14 650 1 -0.34100433913798894 0.61466623876698878 -0.70618211168776113 0.084901594456884347 -0.20088793170651745 0.11573256890921417 -0.68751424783547999
13 606 1 -0.19894505590621572 0.61360758306423224 -0.72861132595785749 0.23028706959461923 -0.44397302016455181 -0.26418278937304868 -0.59458897769598429
12 563 1 -0.15098942867059481 0.65400638433051006 -0.71542727166454689 0.19401458873827845 -0.51778812878297398 0.03122993756045233 -0.46175277932766107
10 476 1 -0.53659349125412048 0.62502257729658828 -0.54850624150270344 -0.14337052014212226 -0.62253487131758445 0.90608577281716995 -0.19145425789173756
9 432 1 -0.45261484898343851 0.65382535256397734 -0.59181868457468012 -0.13191986739147818 -0.29302452770253767 0.96249719041816539 -0.10489684769638656
8 389 1 -0.46854104845314459 0.75143924551032903 -0.45817995344480744 -0.076677744376120655 0.1590510829213006 0.70798635545464317 0.11800160710251595
7 345 1 -0.37375993722019824 0.68513926280239845 -0.61910183249135931 0.087181539912875861 0.53956183871346308 0.14893073422079015 0.24970531152629002
6 302 1 -0.3430427659027514 0.62256132686280941 -0.68350336732623118 0.16601867940178114 0.4819347216917777 -0.087402854750165779 -0.0091161484553567342
5 258 1 -0.44469609255633713 0.67645827734676889 -0.58180137599770276 0.078464916754861627 0.39599422411790913 0.39068297606915398 -0.038797435589886721
4 215 1 -0.52340694662667475 0.73705329913011719 -0.41919854396100498 -0.08408438145889377 -0.18594441644587584 0.66947987197508818 -0.047025501126244172
3 171 1 -0.5215439328866357 0.70581949520987852 -0.46335267063901769 -0.12294335631705673 -0.34511208744906596 0.65822723999079213 -0.091453609752945683
2 128 1 -0.44420744461141559 0.71070826830498179 -0.54392883782730739 -0.041411627528571041 -0.19744892271869116 0.46389435597151962 -0.061249711298740961
1 84 1 -0.34160008228924366 0.6964054262231375 -0.62781645844803513 0.064617030330392053 -0.069080208379595082 0.25924132052294224 -0.010599325006458708
0 41 1 -0.25688081282728148 0.71199563755802608 -0.64807774355972836 0.084081498571719995 -0.016887011911608289 0.050973180618092195 0.00080854278590160951
