# Camera list with one line of data per camera:
#   CAMERA_ID, MODEL, WIDTH, HEIGHT, PARAMS[]
# Number of cameras: 182
1 PINHOLE 4032 3024 2836.771728515625 2836.771728515625 2022.4249267578125 1511.230224609375
2 PINHOLE 4032 3024 2840.7861328125 2840.7861328125 2023.5797119140625 1511.612548828125
3 PINHOLE 4032 3024 2801.038330078125 2801.038330078125 2023.32421875 1511.83203125
4 PINHOLE 4032 3024 2835.289306640625 2835.289306640625 2023.1600341796875 1512.60302734375
5 PINHOLE 4032 3024 2795.50390625 2795.50390625 2022.7335205078125 1511.907958984375
6 PINHOLE 4032 3024 2802.06396484375 2802.06396484375 2022.641845703125 1508.589599609375
7 PINHOLE 4032 3024 2800.01904296875 2800.01904296875 2023.2987060546875 1511.1416015625
8 PINHOLE 4032 3024 2838.153564453125 2838.153564453125 2023.291015625 1512.170166015625
9 PINHOLE 4032 3024 2819.64892578125 2819.64892578125 2023.19873046875 1511.66845703125
10 PINHOLE 4032 3024 2813.8017578125 2813.8017578125 2022.9517822265625 1512.1234130859375
11 PINHOLE 4032 3024 2815.5654296875 2815.5654296875 2024.002685546875 1512.581787109375
12 PINHOLE 4032 3024 2831.224609375 2831.224609375 2023.825439453125 1513.2135009765625
13 PINHOLE 4032 3024 2817.235107421875 2817.235107421875 2024.6925048828125 1512.426025390625
14 PINHOLE 4032 3024 2811.444580078125 2811.444580078125 2024.292236328125 1512.1793212890625
15 PINHOLE 4032 3024 2812.369873046875 2812.369873046875 2024.1624755859375 1512.6783447265625
16 PINHOLE 4032 3024 2813.670654296875 2813.670654296875 2024.5084228515625 1512.314697265625
17 PINHOLE 4032 3024 2847.9091796875 2847.9091796875 2022.728271484375 1512.7657470703125
18 PINHOLE 4032 3024 2843.118896484375 2843.118896484375 2023.39501953125 1513.1094970703125
19 PINHOLE 4032 3024 2841.8056640625 2841.8056640625 2024.90869140625 1512.713134765625
20 PINHOLE 4032 3024 2841.811767578125 2841.811767578125 2024.7412109375 1512.7615966796875
21 PINHOLE 4032 3024 2841.89306640625 2841.89306640625 2025.1212158203125 1512.3648681640625
22 PINHOLE 4032 3024 2840.7861328125 2840.7861328125 2024.3062744140625 1513.34716796875
23 PINHOLE 4032 3024 2838.2470703125 2838.2470703125 2024.14794921875 1513.9710693359375
24 PINHOLE 4032 3024 2834.93896484375 2834.93896484375 2022.8724365234375 1515.4471435546875
25 PINHOLE 4032 3024 2832.656494140625 2832.656494140625 2023.3671875 1512.7979736328125
26 PINHOLE 4032 3024 2832.569091796875 2832.569091796875 2022.6473388671875 1513.2708740234375
27 PINHOLE 4032 3024 2833.688232421875 2833.688232421875 2024.1112060546875 1513.7967529296875
28 PINHOLE 4032 3024 2836.11474609375 2836.11474609375 2024.168701171875 1514.6219482421875
29 PINHOLE 4032 3024 2839.572998046875 2839.572998046875 2021.995849609375 1513.5545654296875
30 PINHOLE 4032 3024 2832.631591796875 2832.631591796875 2022.2030029296875 1513.00830078125
31 PINHOLE 4032 3024 2826.734375 2826.734375 2021.4857177734375 1514.3726806640625
32 PINHOLE 4032 3024 2818.45458984375 2818.45458984375 2023.34765625 1513.723388671875
33 PINHOLE 4032 3024 2813.701904296875 2813.701904296875 2024.2152099609375 1512.6759033203125
34 PINHOLE 4032 3024 2810.2998046875 2810.2998046875 2024.64990234375 1512.5635986328125
35 PINHOLE 4032 3024 2812.882568359375 2812.882568359375 2024.763671875 1510.71826171875
36 PINHOLE 4032 3024 2812.876220703125 2812.876220703125 2024.8621826171875 1510.5267333984375
37 PINHOLE 4032 3024 2810.574951171875 2810.574951171875 2024.9864501953125 1512.8050537109375
38 PINHOLE 4032 3024 2818.6484375 2818.6484375 2023.888916015625 1512.6783447265625
39 PINHOLE 4032 3024 2820.830810546875 2820.830810546875 2021.6695556640625 1512.594970703125
40 PINHOLE 4032 3024 2820.774658203125 2820.774658203125 2020.6175537109375 1512.0234375
41 PINHOLE 4032 3024 2815.934326171875 2815.934326171875 2020.9178466796875 1512.569091796875
42 PINHOLE 4032 3024 2812.65771484375 2812.65771484375 2019.942138671875 1511.525634765625
43 PINHOLE 4032 3024 2812.5888671875 2812.5888671875 2019.3369140625 1511.588623046875
44 PINHOLE 4032 3024 2816.184326171875 2816.184326171875 2020.341552734375 1513.7996826171875
45 PINHOLE 4032 3024 2816.322021484375 2816.322021484375 2020.4715576171875 1513.914306640625
46 PINHOLE 4032 3024 2814.92138671875 2814.92138671875 2020.3538818359375 1511.28515625
47 PINHOLE 4032 3024 2813.75830078125 2813.75830078125 2020.92724609375 1511.8367919921875
48 PINHOLE 4032 3024 2813.66455078125 2813.66455078125 2021.1207275390625 1511.6094970703125
49 PINHOLE 4032 3024 2816.19091796875 2816.19091796875 2018.464111328125 1511.5872802734375
50 PINHOLE 4032 3024 2815.809326171875 2815.809326171875 2018.9195556640625 1511.935791015625
51 PINHOLE 4032 3024 2817.266357421875 2817.266357421875 2022.7618408203125 1511.307373046875
52 PINHOLE 4032 3024 2818.598388671875 2818.598388671875 2024.0213623046875 1511.86474609375
53 PINHOLE 4032 3024 2838.341064453125 2838.341064453125 2023.6748046875 1512.421875
54 PINHOLE 4032 3024 2844.156982421875 2844.156982421875 2024.35107421875 1512.3790283203125
55 PINHOLE 4032 3024 2844.0068359375 2844.0068359375 2023.648681640625 1511.8458251953125
56 PINHOLE 4032 3024 2843.0498046875 2843.0498046875 2023.646728515625 1511.4129638671875
57 PINHOLE 4032 3024 2851.21728515625 2851.21728515625 2024.3841552734375 1512.3194580078125
58 PINHOLE 4032 3024 2847.590087890625 2847.590087890625 2024.34765625 1511.894775390625
59 PINHOLE 4032 3024 2848.8662109375 2848.8662109375 2023.96435546875 1512.0870361328125
60 PINHOLE 4032 3024 2851.461181640625 2851.461181640625 2023.734130859375 1512.7122802734375
61 PINHOLE 4032 3024 2867.626708984375 2867.626708984375 2024.3609619140625 1513.6416015625
62 PINHOLE 4032 3024 2860.66650390625 2860.66650390625 2024.4136962890625 1513.901611328125
63 PINHOLE 4032 3024 2845.138916015625 2845.138916015625 2024.305908203125 1512.474365234375
64 PINHOLE 4032 3024 2850.10400390625 2850.10400390625 2024.6578369140625 1514.4921875
65 PINHOLE 4032 3024 2840.4423828125 2840.4423828125 2024.5062255859375 1511.5902099609375
66 PINHOLE 4032 3024 2831.255615234375 2831.255615234375 2024.8853759765625 1512.23046875
67 PINHOLE 4032 3024 2832.50634765625 2832.50634765625 2025.430908203125 1512.2117919921875
68 PINHOLE 4032 3024 2834.62646484375 2834.62646484375 2024.78857421875 1511.925537109375
69 PINHOLE 4032 3024 2833.832275390625 2833.832275390625 2025.88720703125 1512.130126953125
70 PINHOLE 4032 3024 2830.836669921875 2830.836669921875 2023.490478515625 1513.0904541015625
71 PINHOLE 4032 3024 2825.615234375 2825.615234375 2022.56640625 1513.5545654296875
72 PINHOLE 4032 3024 2819.674072265625 2819.674072265625 2021.392578125 1513.57470703125
73 PINHOLE 4032 3024 2818.4794921875 2818.4794921875 2021.1417236328125 1514.1558837890625
74 PINHOLE 4032 3024 2820.743408203125 2820.743408203125 2021.257568359375 1514.0633544921875
75 PINHOLE 4032 3024 2827.72265625 2827.72265625 2021.564208984375 1514.485595703125
76 PINHOLE 4032 3024 2834.7890625 2834.7890625 2022.1591796875 1514.25146484375
77 PINHOLE 4032 3024 2834.739013671875 2834.739013671875 2022.2257080078125 1515.053466796875
78 PINHOLE 4032 3024 2826.515625 2826.515625 2024.2928466796875 1513.2864990234375
79 PINHOLE 4032 3024 2813.658203125 2813.658203125 2025.199462890625 1513.165771484375
80 PINHOLE 4032 3024 2814.927490234375 2814.927490234375 2025.201904296875 1510.8936767578125
81 PINHOLE 4032 3024 2825.4462890625 2825.4462890625 2022.2362060546875 1511.5130615234375
82 PINHOLE 4032 3024 2819.59912109375 2819.59912109375 2023.414306640625 1512.4034423828125
83 PINHOLE 4032 3024 2824.20166015625 2824.20166015625 2018.6260986328125 1512.6158447265625
84 PINHOLE 4032 3024 2822.03173828125 2822.03173828125 2016.510009765625 1513.13818359375
85 PINHOLE 4032 3024 2823.213623046875 2823.213623046875 2017.89501953125 1512.1962890625
86 PINHOLE 4032 3024 2844.16943359375 2844.16943359375 2021.2713623046875 1512.3338623046875
87 PINHOLE 4032 3024 2836.02099609375 2836.02099609375 2023.0445556640625 1513.23388671875
88 PINHOLE 4032 3024 2848.81591796875 2848.81591796875 2021.396728515625 1512.069091796875
89 PINHOLE 4032 3024 2850.160400390625 2850.160400390625 2020.016357421875 1512.1363525390625
90 PINHOLE 4032 3024 2822.00048828125 2822.00048828125 2022.572265625 1511.8851318359375
91 PINHOLE 4032 3024 2823.182373046875 2823.182373046875 2022.2359619140625 1508.1728515625
92 PINHOLE 4032 3024 2829.1044921875 2829.1044921875 2022.4144287109375 1507.7071533203125
93 PINHOLE 4032 3024 2824.30810546875 2824.30810546875 2021.861328125 1508.010498046875
94 PINHOLE 4032 3024 2825.483642578125 2825.483642578125 2021.2100830078125 1512.2744140625
95 PINHOLE 4032 3024 2825.552490234375 2825.552490234375 2021.233154296875 1512.11572265625
96 PINHOLE 4032 3024 2829.04833984375 2829.04833984375 2021.2523193359375 1512.368408203125
97 PINHOLE 4032 3024 2825.5712890625 2825.5712890625 2021.727294921875 1512.34814453125
98 PINHOLE 4032 3024 2827.659912109375 2827.659912109375 2021.280029296875 1512.6182861328125
99 PINHOLE 4032 3024 2823.1259765625 2823.1259765625 2021.1260986328125 1512.0809326171875
100 PINHOLE 4032 3024 2823.27001953125 2823.27001953125 2022.0062255859375 1512.1226806640625
101 PINHOLE 4032 3024 2827.597412109375 2827.597412109375 2021.071044921875 1512.166015625
102 PINHOLE 4032 3024 2834.763916015625 2834.763916015625 2017.76318359375 1510.4736328125
103 PINHOLE 4032 3024 2838.2470703125 2838.2470703125 2017.823974609375 1509.9163818359375
104 PINHOLE 4032 3024 2845.163818359375 2845.163818359375 2020.8125 1509.2054443359375
105 PINHOLE 4032 3024 2846.533447265625 2846.533447265625 2022.23583984375 1511.0506591796875
106 PINHOLE 4032 3024 2856.97705078125 2856.97705078125 2023.0389404296875 1512.2266845703125
107 PINHOLE 4032 3024 2858.102294921875 2858.102294921875 2022.553955078125 1513.2537841796875
108 PINHOLE 4032 3024 2860.66650390625 2860.66650390625 2023.7088623046875 1511.0667724609375
115 PINHOLE 4032 3024 2857.21435546875 2857.21435546875 2023.808349609375 1510.001220703125
116 PINHOLE 4032 3024 2842.875 2842.875 2022.4014892578125 1508.4609375
117 PINHOLE 4032 3024 2828.891845703125 2828.891845703125 2022.6417236328125 1512.1416015625
118 PINHOLE 4032 3024 2824.264404296875 2824.264404296875 2022.1842041015625 1511.0921630859375
119 PINHOLE 4032 3024 2813.970703125 2813.970703125 2024.79736328125 1510.392822265625
120 PINHOLE 4032 3024 2815.840576171875 2815.840576171875 2024.2509765625 1511.996826171875
121 PINHOLE 4032 3024 2830.18017578125 2830.18017578125 2021.7144775390625 1512.82763671875
122 PINHOLE 4032 3024 2826.665771484375 2826.665771484375 2022.1544189453125 1511.6649169921875
123 PINHOLE 4032 3024 2828.9794921875 2828.9794921875 2021.5980224609375 1512.7154541015625
124 PINHOLE 4032 3024 2826.546875 2826.546875 2021.3975830078125 1511.799560546875
125 PINHOLE 4032 3024 2824.35791015625 2824.35791015625 2022.1776123046875 1512.7838134765625
126 PINHOLE 4032 3024 2843.043701171875 2843.043701171875 2024.7127685546875 1512.1666259765625
127 PINHOLE 4032 3024 2836.033447265625 2836.033447265625 2023.5357666015625 1511.3353271484375
128 PINHOLE 4032 3024 2830.13623046875 2830.13623046875 2023.5494384765625 1512.19921875
129 PINHOLE 4032 3024 2831.349609375 2831.349609375 2021.838623046875 1512.1541748046875
130 PINHOLE 4032 3024 2822.982177734375 2822.982177734375 2022.0966796875 1511.5491943359375
131 PINHOLE 4032 3024 2826.565673828125 2826.565673828125 2022.74365234375 1511.0086669921875
132 PINHOLE 4032 3024 2840.74853515625 2840.74853515625 2018.8125 1509.693359375
133 PINHOLE 4032 3024 2855.738525390625 2855.738525390625 2021.4488525390625 1512.0029296875
134 PINHOLE 4032 3024 2837.234130859375 2837.234130859375 2024.2445068359375 1510.9189453125
135 PINHOLE 4032 3024 2836.12744140625 2836.12744140625 2024.640869140625 1511.8055419921875
136 PINHOLE 4032 3024 2820.9873046875 2820.9873046875 2024.9072265625 1510.4095458984375
137 PINHOLE 4032 3024 2854.75048828125 2854.75048828125 2017.4307861328125 1509.676025390625
138 PINHOLE 4032 3024 2888.576171875 2888.576171875 2021.4010009765625 1509.8231201171875
139 PINHOLE 4032 3024 2841.755615234375 2841.755615234375 2024.7269287109375 1511.7410888671875
140 PINHOLE 4032 3024 2834.72021484375 2834.72021484375 2021.9293212890625 1508.5528564453125
141 PINHOLE 4032 3024 2838.291015625 2838.291015625 2025.4649658203125 1510.596923828125
142 PINHOLE 4032 3024 2818.51708984375 2818.51708984375 2021.24951171875 1514.0858154296875
143 PINHOLE 4032 3024 2832.8193359375 2832.8193359375 2021.7037353515625 1514.555908203125
144 PINHOLE 4032 3024 2819.7490234375 2819.7490234375 2026.0367431640625 1511.5267333984375
145 PINHOLE 4032 3024 2819.448974609375 2819.448974609375 2023.654296875 1513.326416015625
146 PINHOLE 4032 3024 2818.442138671875 2818.442138671875 2023.31787109375 1513.3792724609375
147 PINHOLE 4032 3024 2839.62939453125 2839.62939453125 2019.5269775390625 1511.2730712890625
148 PINHOLE 4032 3024 2821.975341796875 2821.975341796875 2018.9281005859375 1511.453125
149 PINHOLE 4032 3024 2824.207763671875 2824.207763671875 2020.3243408203125 1511.9739990234375
150 PINHOLE 4032 3024 2820.59326171875 2820.59326171875 2021.4835205078125 1511.6800537109375
151 PINHOLE 4032 3024 2835.9521484375 2835.9521484375 2019.4873046875 1509.7430419921875
152 PINHOLE 4032 3024 2855.813720703125 2855.813720703125 2022.4156494140625 1512.0640869140625
153 PINHOLE 4032 3024 2858.008544921875 2858.008544921875 2022.747802734375 1512.44677734375
156 PINHOLE 4032 3024 2826.57177734375 2826.57177734375 2021.9647216796875 1507.064697265625
157 PINHOLE 4032 3024 2823.28857421875 2823.28857421875 2022.5345458984375 1510.9365234375
158 PINHOLE 4032 3024 2813.908447265625 2813.908447265625 2024.7340087890625 1511.2901611328125
159 PINHOLE 4032 3024 2824.182861328125 2824.182861328125 2022.498046875 1512.026123046875
160 PINHOLE 4032 3024 2826.59033203125 2826.59033203125 2021.9061279296875 1511.7752685546875
161 PINHOLE 4032 3024 2827.81005859375 2827.81005859375 2022.0169677734375 1511.9974365234375
162 PINHOLE 4032 3024 2827.566162109375 2827.566162109375 2021.412841796875 1511.9854736328125
163 PINHOLE 4032 3024 2824.345458984375 2824.345458984375 2021.612060546875 1512.5777587890625
164 PINHOLE 4032 3024 2825.37744140625 2825.37744140625 2024.6405029296875 1512.17333984375
165 PINHOLE 4032 3024 2833.613525390625 2833.613525390625 2024.1451416015625 1511.60888671875
166 PINHOLE 4032 3024 2841.811767578125 2841.811767578125 2023.980224609375 1511.2677001953125
167 PINHOLE 4032 3024 2825.49609375 2825.49609375 2021.734130859375 1511.8206787109375
168 PINHOLE 4032 3024 2823.10107421875 2823.10107421875 2021.760009765625 1511.6685791015625
169 PINHOLE 4032 3024 2829.967529296875 2829.967529296875 2021.3328857421875 1510.2493896484375
170 PINHOLE 4032 3024 2837.01513671875 2837.01513671875 2019.6922607421875 1510.314453125
171 PINHOLE 4032 3024 2845.25146484375 2845.25146484375 2019.966552734375 1509.683837890625
172 PINHOLE 4032 3024 2848.653076171875 2848.653076171875 2021.5491943359375 1511.02783203125
173 PINHOLE 4032 3024 2877.03857421875 2877.03857421875 2022.303955078125 1512.208251953125
174 PINHOLE 4032 3024 2876.913330078125 2876.913330078125 2021.0831298828125 1511.3094482421875
175 PINHOLE 4032 3024 2843.275146484375 2843.275146484375 2023.218994140625 1510.632568359375
176 PINHOLE 4032 3024 2887.588134765625 2887.588134765625 2019.4007568359375 1510.8922119140625
177 PINHOLE 4032 3024 2918.14306640625 2918.14306640625 2022.279052734375 1509.4156494140625
178 PINHOLE 4032 3024 2839.572998046875 2839.572998046875 2024.1827392578125 1510.928955078125
179 PINHOLE 4032 3024 2866.9013671875 2866.9013671875 2021.66455078125 1509.8819580078125
180 PINHOLE 4032 3024 2847.583984375 2847.583984375 2022.8809814453125 1509.038818359375
181 PINHOLE 4032 3024 2882.7041015625 2882.7041015625 2022.2755126953125 1508.561767578125
182 PINHOLE 4032 3024 2831.349609375 2831.349609375 2023.5078125 1509.499267578125
183 PINHOLE 4032 3024 2831.318359375 2831.318359375 2024.2159423828125 1510.29150390625
184 PINHOLE 4032 3024 2847.558837890625 2847.558837890625 2024.6329345703125 1511.5445556640625
185 PINHOLE 4032 3024 2840.69873046875 2840.69873046875 2024.8590087890625 1509.9453125
186 PINHOLE 4032 3024 2837.165283203125 2837.165283203125 2023.6236572265625 1511.7352294921875
187 PINHOLE 4032 3024 2832.400146484375 2832.400146484375 2022.795166015625 1512.0135498046875
188 PINHOLE 4032 3024 2827.797607421875 2827.797607421875 2023.1754150390625 1511.8416748046875
189 PINHOLE 4032 3024 2827.90380859375 2827.90380859375 2023.4049072265625 1512.2135009765625
190 PINHOLE 4032 3024 2826.859375 2826.859375 2021.8499755859375 1511.347900390625
