19 883 1 0.28502936258686945 0.35570973293354502 -0.63162637233155527 0.62711799060061157 -0.36326786479248202 -0.35589783533569103 -0.63048739376079999
18 838 1 0.017811280484936205 0.43777734929678758 -0.67799252190467918 0.5902202054924065 0.3690067325879865 0.30065075472531771 -0.75902511209107137
17 796 1 0.066158823695795385 0.40607499416912402 -0.70291338329978525 0.58020589857031235 0.49889192603113769 0.10115360905166232 -0.580601883151039
16 751 1 0.36469067760711649 0.031667438662788781 -0.59961535815169009 0.71165954308476842 0.60851984009547921 -0.86456679598800779 -0.16865703918461147
15 709 1 -0.64618573283057767 0.2010809879538854 0.37282045624011639 -0.6348348937941346 -0.51055897946920847 -0.94948439732854073 0.43308443319863604
14 664 1 -0.51934506523067603 0.060939223928388533 0.50593589771123926 -0.68599998659961581 -0.47042547985562588 -0.93725864759826594 -0.036375414273189882
13 622 1 0.36811773150709798 0.089178542807707512 -0.48056021665927795 0.79094778678314148 -0.40138925083851162 -0.67121516406076875 -0.40679373660298584
12 577 1 0.34090098204537073 0.20742405104407707 -0.57074400229866262 0.7176441091021859 -0.48801764090358724 -0.52982857159601704 -0.55338953441671701
11 535 1 0.081475867480369557 0.48160958946332078 -0.70100760562389952 0.51961738155371617 -0.5490821702605061 0.14208290214715932 -0.82501451133107551
10 490 1 -0.12911801239981882 0.59848739117565108 -0.72482410136815678 0.31586611650116542 -0.81961693168108452 0.74026834275303433 -0.44194811537459283
9 448 1 0.024003997880567431 0.64167837037926156 -0.73395833217648832 0.22130938457704999 -1.0392833181198038 0.85621634622261933 -0.32111086094803465
8 403 1 0.052854110734123154 0.66832642214715954 -0.71853599459234962 0.18507366347934182 -0.89565336510261406 0.9383207302782457 -0.1148137695852345
7 361 1 0.0080735770121883391 0.67680333867609677 -0.70160692313734185 0.22275498539172828 -0.45383964611520766 0.89549823481337021 0.056726452083635914
6 316 1 -0.13187210942571873 0.66870141187672072 -0.70123164517179515 0.20909889602613674 -0.025527114776817295 1.0506619884353967 0.36962424841513403
5 274 1 -0.48122279640824822 0.62183603013420097 -0.56178919708176445 0.25717206280268745 -0.50459503706132169 1.0534236895950804 0.47854258804745414
4 229 1 -0.37036025665409084 0.67674836743595423 -0.59686925329828777 0.22043598147995469 -0.24577428218276406 0.87656003766460422 0.292288451068691
3 187 1 -0.075022411858014823 0.51484695386835466 -0.73601830027801218 0.433106584419296 0.15882242028593438 0.32867072458372182 -0.10523748645868163
2 142 1 0.22623020049313924 0.35129870310189854 -0.70040361890178704 0.57865696938085753 0.22122352698133815 -0.34744279444691917 -0.22679127871371527
1 100 1 0.3592860857278421 0.33682562749049644 -0.61572888740376208 0.61509344207569339 -0.25296923362984652 -0.42591161086140361 -0.28140613373643192
0 55 1 0.34797290958690658 0.41284053106323892 -0.59886335919416767 0.59147293016648095 -0.19510826820263033 -0.094626771744419372 -0.11234036623780955
