19 868 1 -0.26620635628481532 0.72534721251103118 -0.59334806330214507 0.2257070511783644 -0.55784506406240575 0.9014565326897731 0.321949163639278
18 823 1 -0.2296777788663423 0.66504160142124713 -0.63857199363371742 0.31175887352366743 -0.40880177240374488 0.87289795952828531 0.14917074343419581
17 781 1 0.026814703554630163 0.60357156866108708 -0.66700148880137833 0.43599466408892779 -0.094377191354559825 0.63144278406114662 -0.16637393609666115
15 694 1 0.29515253620751386 0.53317043504439687 -0.67639312713173894 0.41365034163383457 -0.42782168632991557 0.41458124838712052 -0.57318358399002167
14 649 1 0.21416784305314412 0.39830372519636414 -0.75779535145490962 0.47035357212419765 -0.14214240165653955 0.16780992326394026 -0.59117942876161156
13 607 1 0.33908338644591013 0.29652022618890361 -0.68078220614041485 0.57761042260319784 -0.37083450581483413 -0.18415092639431152 -0.52636349362398649
12 562 1 0.367600042565281 0.35142249140701637 -0.63625147396557991 0.58013490079111452 -0.4496387264923235 0.12786516001840695 -0.41086158431834618
10 475 1 -0.023700015879621811 0.55631140787076461 -0.76554064116673348 0.32234058609207128 -0.59339243061930658 0.91631714833712807 -0.097107526492819118
9 433 1 0.065906174238678727 0.56507406099190671 -0.74942956559387175 0.33867832526619779 -0.24533180032747562 1.000205086721969 -0.0014357330592460092
8 388 1 -0.032880942888269475 0.59852340726612585 -0.66130822002001743 0.45095455722642613 0.19276923455269404 0.75441321014485274 0.22632342940752467
7 346 1 0.13012365899997494 0.45389123806879356 -0.71382096675486995 0.51721388689204695 0.57347299423194786 0.23899968148525172 0.34650856853119977
6 301 1 0.19561779250447853 0.35133842015513012 -0.74585548967350679 0.53103162081223165 0.5284839732108757 -0.0055589314292753215 0.078390253190947293
5 259 1 0.063730202815608386 0.43876712499163611 -0.73376847809896806 0.51478703540782722 0.42628491315850803 0.44333151878023741 0.065903725317376149
4 214 1 -0.10888949479071308 0.60671727684222532 -0.66438599924205921 0.4226446118389639 -0.21111082458626113 0.71497866824385792 0.075142356582471953
3 172 1 -0.082648119001199075 0.60430809409789565 -0.69694714211665953 0.37715473870648042 -0.33912107071054054 0.70034908301288812 0.032045753949027291
2 127 1 0.035782482319936762 0.55476207547108225 -0.70545836700046571 0.43964434035601663 -0.1744717313894765 0.51682163721425833 0.056062601260625053
1 85 1 0.16117656671379374 0.46919921190058173 -0.70191184815934637 0.51107139550923586 -0.030625890023992349 0.34304965449176228 0.079986864247517872
0 40 1 0.24011925824973174 0.46965956268370695 -0.65827154874294236 0.53706722587858224 0.041118307878697483 0.13285793714152699 0.075751511096852325
