19 868 1 -0.26081165581934773 0.72374418586006273 -0.59470014484541589 0.23345957111107424 -0.55759217900577418 0.89629761474459213 0.31580312014006306
18 823 1 -0.22419367002850291 0.66252184130683123 -0.63971807216729093 0.31868918439934785 -0.40834998559130026 0.87080928689504788 0.14537103966795639
17 781 1 0.032651898493378122 0.59993057124587434 -0.66539671288657753 0.44301735596826769 -0.094330370547029294 0.63244737105188953 -0.17150903821594166
15 694 1 0.2992978384431918 0.53267019192555365 -0.6742231231394904 0.41485714500446846 -0.42349324638618746 0.42872685970357693 -0.56657309789577737
14 649 1 0.22217843625024011 0.39529114860962267 -0.7552622145305633 0.47324479669476849 -0.13955882006009257 0.17878642774980261 -0.59292779917740679
13 607 1 0.34740552837106564 0.29245931971898226 -0.67681746345121874 0.57939197986698887 -0.36370963652060401 -0.17271218646639919 -0.53303035472867377
12 562 1 0.37449859293861926 0.35038304475968168 -0.62949509900295186 0.5837109268834989 -0.44635002091560783 0.12817194866466983 -0.41528404791544166
10 475 1 -0.01910126093186201 0.55233724873675683 -0.7661491038396262 0.3279851462710785 -0.57831688617074029 0.91827747677314375 -0.098980929434608275
9 433 1 0.072540518630659356 0.56274095424641934 -0.74797655385698691 0.34437126252178846 -0.2419835357945542 0.99692434594419133 -0.0057669060020839992
8 388 1 -0.026666481978857026 0.59484429571642183 -0.66032376038255358 0.45762615098653342 0.18614398333599824 0.75326884808397432 0.21406514765751802
7 346 1 0.13734379978297834 0.45017965738141064 -0.71108855581029295 0.52232941955892243 0.56358143197716237 0.24548228081638632 0.32882494513772603
6 301 1 0.20329198561829021 0.34759282793693069 -0.74262370764437813 0.53512767018226359 0.52264776857451467 0.0044263733229583163 0.065947364057767188
5 259 1 0.07073658829335544 0.43448554410794882 -0.73203548444858746 0.51994489760546536 0.42166782266858116 0.44706318000250933 0.054796259879944277
4 214 1 -0.10289979918325926 0.60302556086556658 -0.66419047997951097 0.42967756582744754 -0.20971185367024164 0.71540884714365216 0.067584266630635284
3 172 1 -0.076523653317708509 0.60098201820317265 -0.6966508145529241 0.38424261458367687 -0.33473829871548211 0.70175481334365308 0.026169376231756882
2 127 1 0.042406507177561871 0.55121797135577044 -0.7038997092000322 0.44596595788416254 -0.17183033551989796 0.52020661587249262 0.047038846624676389
1 85 1 0.16853594269994013 0.46545100439614523 -0.69845946465769615 0.51682238221167109 -0.0294627889788645 0.34512156278170802 0.067199584250677971
0 40 1 0.24723569861151115 0.46586280609822556 -0.65447061163392117 0.54176985310543657 0.03850268406271324 0.13914165647285459 0.061235289035060966
