19 867 1 -0.030416502932649379 0.61058151194057853 -0.7886945179396907 0.06500777643931753 -0.81182546232045283 -0.56796999097208689 -0.35536719949367868
18 824 1 -0.092718616398446058 0.67024893539330044 -0.73375382618671392 0.061440583767269075 -0.78096233961508899 -0.31780573263075124 -0.32311828292084072
17 780 1 -0.32663619949858469 0.70364996694015713 -0.59327182108147658 -0.2149745648045491 -0.77608354936451673 0.37768088645454001 -0.29790505436390674
16 737 1 -0.39987046559798095 0.70366805724722903 -0.47610801989864149 -0.3439128222973945 -0.0044252100522794088 1.1252771922004579 0.1168168600511429
14 650 1 -0.4562225861530349 0.64155031342591551 -0.50193280467682511 -0.35824238556625654 -1.0964973439605783 1.0537412260258816 0.29951897782626308
13 606 1 -0.33744311478388139 0.71085079237494009 -0.59945762847735118 -0.1465395746042083 -0.89133032763405617 0.49386227465911758 -0.34558939249754839
12 563 1 -0.21088981289625841 0.58632724028246286 -0.7816833310645589 0.026777304852198355 -0.7550956263253511 0.038722039978806029 -0.4052413030735374
11 519 1 -0.14713866231173114 0.57854604624460937 -0.78541432042753578 0.16358188070564839 -0.68135087307245934 -0.2581246841408581 -0.44516723211885095
10 476 1 -0.071006505031263517 0.64142677338209431 -0.74196502935170638 0.18170763839476411 -0.090539163626954647 -0.58486331930956936 -0.35080624086709544
9 432 1 -0.16554861889029979 0.63539340450295534 -0.68180222903591803 0.32251294048349721 0.48480013771415253 -0.89623304584855479 -0.0034940923670705171
8 389 1 -0.036146457280537045 0.66177978794650827 -0.69376220298046576 0.28184206855477001 0.067859103741556806 -1.0713373056747189 -0.12523402331002645
7 345 1 -0.01645473885417632 0.60969489472910654 -0.72923603545560889 0.31018733291914186 -0.18041256592212851 -0.50792963919070799 -0.18553726983181459
6 302 1 -0.22720094531584431 0.66134141922969303 -0.67950968885105156 0.22197711687556723 0.10255825794209987 -0.24848244197504549 -0.0094101621471124539
5 258 1 -0.30954196804321205 0.66823989285079621 -0.65344072672745734 0.17508407202422524 0.51884667770988391 0.23948679468022932 -0.23157575952381765
4 215 1 -0.433729956066783 0.7349225351302866 -0.52028011336123625 -0.032799332444401211 0.36156667946463189 1.0651711583232557 -0.10933019217282755
3 171 1 -0.52908092422760455 0.68238792157959471 -0.48471838130662059 -0.13952845919107099 0.084027607577020061 1.2600838417265028 0.18732572712748088
2 128 1 -0.48696584425268558 0.71072373898285768 -0.48408516568575299 -0.15296269395016948 -0.17183221035714918 1.0277067818843229 0.076533988569412667
1 84 1 -0.37980922963812425 0.70982975114269387 -0.5924941213673065 -0.02893768511093427 4.8003280169337133e-05 0.50240597475167392 -0.089446444916665369
0 41 1 -0.25478528226338193 0.70480145692592344 -0.65609045823694212 0.088795702978825802 -0.0083172746062457475 0.061793400512975431 -0.0076674256802467013
