18 853 1 -0.30706913715054374 0.71836990509095033 -0.56439144389059492 0.26667493795317343 -0.5211612728109688 0.86328560719642078 0.25589045283530398
17 811 1 -0.14372659517902239 0.63113145797335701 -0.64622151253295457 0.40424436339210806 -0.28133885779858642 0.78319763752419813 0.025954441847173933
16 766 1 0.10484411529493017 0.56242449823038598 -0.67781984576132437 0.46178637049009641 -0.10852820897708047 0.6141560191665012 -0.29165736921552593
15 724 1 0.25228885053972244 0.54058249425827276 -0.71212169193454566 0.37013997172843977 -0.42581221005150838 0.52720135159562365 -0.54942296629419318
14 679 1 0.25386845843740297 0.47729491722407186 -0.74397558016847876 0.39273490284880264 -0.24181759589665858 0.45818682620034668 -0.53171968727884766
13 637 1 0.26672038460118019 0.37602321836687908 -0.70415014695597555 0.5400364304647336 -0.17781773275632459 -0.056469581377873765 -0.60989839080578589
12 592 1 0.37707721129917954 0.31674098799244144 -0.63676915879616114 0.59330680229577293 -0.40401972723957319 -0.084013240294077252 -0.45930545869088468
11 550 1 0.37202902811226368 0.36386060029076089 -0.64692696231914915 0.55739157799738059 -0.47177865395649199 0.27408833813427136 -0.44383242233839298
10 505 1 0.16130222038730799 0.52654422087821462 -0.73138025205073198 0.40226322733763054 -0.60569022845029341 0.78667324085163237 -0.32131561237336775
9 463 1 0.10040028760558832 0.54453440880163873 -0.70629968669453147 0.44107007658077613 -0.55650836783930346 0.91387213645294807 -0.33009312070770674
8 418 1 -0.004282224518103294 0.60207580691522433 -0.67327869544388608 0.42916451803700789 -0.20851494443165669 0.89854589585518008 -0.033694567887257026
7 376 1 -0.0069981204060231578 0.50534862062230868 -0.69929975104694275 0.5055231509353425 0.35705387553611329 0.62289402941745886 0.29522575235929716
6 331 1 0.16747578057396872 0.3950525379178364 -0.70281769778986636 0.56739108107122072 0.55445852785779692 0.12560945031745155 0.25895316429767534
5 289 1 0.1912713853952579 0.3641796320859978 -0.74755455736469179 0.52148886514092097 0.52267103098844192 0.087235954114386907 0.012729647060152496
4 244 1 0.01921695153646635 0.47824018931460766 -0.69249614950644878 0.5397833945359154 0.24891665458499335 0.57387427296689886 0.033409181293953025
3 202 1 -0.10338770753861948 0.6256038788041709 -0.65218672223668039 0.41543139998471507 -0.32814450324409877 0.73820362979917753 0.044259861041957241
2 157 1 -0.037667802097044796 0.55138451767746721 -0.72311509614766378 0.41431969308025868 -0.22774367393835307 0.65182322154944294 -0.0068158782031172002
1 115 1 0.093970972183289384 0.50796366144557514 -0.71176819680566794 0.47595000688490469 -0.10652127089061462 0.47769190000792644 0.03741981501541846
0 70 1 0.21790143245960047 0.46796636626079308 -0.66692867907947329 0.53733842483302108 0.0096955268436275128 0.26248981428393753 0.089863908825512859
