12 1594 1 0.51798732636951694 0.36024372393049892 -0.50311470756028598 0.59058376215891217 -0.014508649145156165 -0.63214912320783656 -0.11715332759203724
11 1466 1 0.49052365064851594 0.33237886701823122 -0.52204754633430217 0.61349588122534726 -0.015864339629623792 -0.63008692299755709 -0.099170367766454701
10 1338 1 0.57917919353559733 0.46816914505436724 -0.46071074917870664 0.48281955116348929 0.25220976086302954 -0.41983473533912363 -0.070401804735974793
9 1210 1 0.51151747787098623 0.34307720769807598 -0.52687901597270992 0.5857016321628491 -0.058587245104400817 -0.43247738531946517 -0.076043588811163507
8 1082 1 0.50665296542895866 0.3083395353360302 -0.56875669684127461 0.5698643025922967 0.035669348388445252 -0.32856262768046263 -0.13927648197938447
7 954 1 0.44356627609443383 0.53618142535143332 -0.56744882325492407 0.44018208823897331 0.26919237609358554 -0.11599415379068412 -0.097063903799513837
6 826 1 0.17919436526521951 0.63055079899334654 -0.64578121445069292 0.39148651625392628 0.26516406843110785 -0.20842081028458753 -0.24458097597523482
5 698 1 0.46056481240338326 0.38565965748743419 -0.56056699725030235 0.5700099330330054 -0.055611666947893962 -0.26476072620191649 0.0057073776439463117
4 570 1 0.52906185711883802 0.4306224636325523 -0.46855854488374615 0.56134725008093211 0.10301918464397147 0.021981958546782778 0.043078571630668194
3 442 1 0.13147767355661186 0.66401634355928119 -0.49249018853674403 0.54703686442263255 0.17470893100442492 0.3791098615165101 0.26208643555197075
2 314 1 0.19945662985775611 0.60476316447144818 -0.59299233505469784 0.49278662549895075 0.23880162986099229 0.3876934327919157 0.25348975144494351
1 186 1 0.2257127946497349 0.56305104233418324 -0.60756408034440224 0.51273106628432208 0.093289520296832296 0.17422719873708775 0.11912181046785707
0 58 1 0.37358377398488496 0.42199588857421383 -0.57908290532910611 0.58908201686800088 -0.0020530099911060364 0.082152680989685062 0.01729654006396698
