19 883 1 -0.21904601488912601 0.68844122347278025 -0.65671055423356672 0.21633024093440123 -0.3083183387041683 -0.31626188160148594 -0.58155843698042975
18 838 1 -0.44647052714538521 0.72427898624115061 -0.50796170395547646 0.13438350268787538 0.4012180799834692 0.33921764932691301 -0.68790793103883285
17 796 1 -0.42803781167988436 0.69394756686129355 -0.55986733408405132 0.1475431274075609 0.5371733994520832 0.13576364954900094 -0.50918549848073702
16 751 1 -0.14193316495752326 0.50828011741402357 -0.68729447652262277 0.49913184777994363 0.67601087496257928 -0.83394086961051983 -0.11589143665246887
15 709 1 0.21864989232389073 0.28531991178869814 -0.71339423218263154 0.60154255212095697 -0.42748436566794706 -0.95887849945184689 0.46712871940727324
14 664 1 0.035120648584937748 0.42278936771161613 -0.72436448868716008 0.5434259637908132 -0.39362347921082536 -0.92257237009454607 0.0024023611663186017
13 622 1 -0.057843678614917848 0.60683039568715358 -0.59584868239259225 0.52285306483320781 -0.32545897653581057 -0.63734679343272749 -0.36527606114259464
12 577 1 -0.13954934214736864 0.64318776096881525 -0.64544331731413496 0.3876059976066985 -0.41577401762912963 -0.49738338716581998 -0.50901065254959665
11 535 1 -0.41545541963166616 0.70710051216502379 -0.56923942085135149 0.058070145026986729 -0.50132502572204563 0.17178769410067865 -0.76197785624675829
10 490 1 -0.5828167248865499 0.65981289295618761 -0.44158997399872502 -0.17311818606116347 -0.76858200328215553 0.74624987196716952 -0.34994802054107776
9 448 1 -0.47646478195733999 0.62650030986079985 -0.55193850167258451 -0.27539528621617504 -0.95864198544480406 0.86183137008838262 -0.24327589553479981
8 403 1 -0.44757851791692871 0.62039555198030083 -0.55912865332433359 -0.31962161756373869 -0.81268917112168548 0.94685499364286663 -0.051863948828359721
7 361 1 -0.46989376670255706 0.65192851461036805 -0.51570483967390912 -0.29704810753295458 -0.38771863821696989 0.9108592948342854 0.1228173643326113
6 316 1 -0.572760632953491 0.63491704567593588 -0.42159428821033951 -0.30180102484464061 0.029327829614959392 1.0592068838163367 0.44912824069088059
5 274 1 -0.7332530088842546 0.63287869375271821 -0.082085284966042171 -0.23466271529172311 -0.5090214829558467 1.0397225647571957 0.57249498271288934
4 229 1 -0.67637337319448954 0.64788146266850188 -0.1832916336022633 -0.29861823021283257 -0.22434289669622745 0.87199908991626129 0.38365530436094414
3 187 1 -0.55407498229624452 0.67425364178874347 -0.48709821826322441 -0.033440488824558905 0.19199728908569763 0.34132483068706976 -0.020108777320510376
2 142 1 -0.30922030457595223 0.65271612014432745 -0.66683163040548077 0.18352124245563464 0.277822540195512 -0.31985036099436742 -0.16156488645588848
1 100 1 -0.15334157121949354 0.66663057286220384 -0.69574851518455827 0.21914389218006874 -0.18965923047221395 -0.39012906806564834 -0.23501721715348292
0 55 1 -0.15115696093905256 0.70608320591044116 -0.67552457961813994 0.149213343312985 -0.13024111293954654 -0.048148758952772833 -0.069634751339058262
