19 883 1 -0.21405847724555405 0.68382905098574054 -0.66269637327154973 0.217693165257871 -0.59513624109923102 1.0133805874697923 0.30813164913297258
18 838 1 -0.2965513000066492 0.68354489668816143 -0.61227705293925994 0.26446268379480642 -0.48886222004997976 0.87012029097672716 0.23010435815158908
17 796 1 -0.074216059424524236 0.62093181993550806 -0.66781083048541989 0.40368842713341052 -0.17333769273038357 0.70426990818028468 -0.045491994557363927
16 751 1 0.15160896832247159 0.57112190938772112 -0.6918658981669018 0.41491693662132645 -0.25707605398055616 0.66275704243303879 -0.38877683475840202
15 709 1 0.35341135519894756 0.4707145678506659 -0.68861154280696724 0.42348831476513316 -0.51248565301461269 0.4649632693005632 -0.56768335691624638
14 664 1 0.18720093221739878 0.427798671556335 -0.77866287039458604 0.41908023320175342 -0.12911624185932977 0.4103927648924251 -0.50907201455537865
13 622 1 0.30427062764756557 0.32717293283648258 -0.69078266609835037 0.56850379540350138 -0.27066024848971698 -0.19854973856275637 -0.57459301261118667
12 577 1 0.38195453497761928 0.33151862484965477 -0.63834078111996428 0.58028198468242886 -0.43547847226996039 0.044518758037328056 -0.43423944465673303
11 535 1 0.31535399985474671 0.41536068059128001 -0.70928406511563313 0.47428206245588012 -0.48480245954661771 0.47956940742157556 -0.40186531604059261
9 448 1 0.1380528944958746 0.5925268648229205 -0.71337618660369451 0.3477754004687541 -0.41933154460962946 0.98201314118887029 -0.088737008497131439
8 403 1 -0.040835282450661529 0.64256163019608215 -0.64993617939797554 0.40376972870250022 -0.088220941927914409 0.84842655799070787 0.14005405295026818
7 361 1 0.065759494407920893 0.49971651152639407 -0.71422897023278253 0.48562956570139437 0.49934502498491545 0.41899883837347152 0.35954814539647778
6 316 1 0.20720947599111006 0.33769793179512347 -0.71928467188147815 0.57066093323193257 0.53011791240116546 0.002080114707128931 0.17726767939650398
5 274 1 0.16944187547583694 0.37172541990574454 -0.75070965548664681 0.51917692185829012 0.50556471092658228 0.23027650462420768 0.0067213418039336337
4 229 1 -0.055403358681889725 0.53690863572159719 -0.68099765579983051 0.49487551720556427 0.027272902933607485 0.66660495079642834 0.029521994444892567
3 187 1 -0.12766175811169037 0.60829021220622581 -0.67726998054776311 0.39368879422555308 -0.37065145175692743 0.75061266448349639 0.029160488507205175
2 142 1 -0.0047517878813192671 0.54158801870038475 -0.72150877129103919 0.43137562687548486 -0.19300193033596072 0.60373262456823129 0.0088415803560806857
1 100 1 0.14614528291246645 0.48018987966778842 -0.70813055817927839 0.49659878002243774 -0.066733422644772583 0.41356308162141875 0.053256317797262101
0 55 1 0.22362955435344245 0.46747057521982699 -0.65921084399564212 0.54488727906042922 0.016808043667337368 0.20648911255520713 0.079606909252975741
