18 852 1 -0.3128368191436201 0.722326339345158 -0.56073421243704125 0.25681691353751712 -0.52501519360188298 0.86253080452995867 0.26324671025701213
17 809 1 -0.17127495564540191 0.63497391842879902 -0.62622172838878676 0.41871154674501521 -0.29059202020463171 0.7461712183069793 0.0016863144539703675
16 765 1 0.10018107410460617 0.56876946914979076 -0.678100048740511 0.45458262973020575 -0.12233669843533493 0.61628853333650402 -0.29486219078358933
15 722 1 0.24787588648662987 0.53369206768390987 -0.71560083748810555 0.37635855666646212 -0.44400889577519281 0.50513960223224341 -0.56390306479954644
14 678 1 0.23342321499523289 0.48394282054206827 -0.75073805550167594 0.38432449982877659 -0.24307775370743223 0.46057796879042368 -0.51928126846417599
13 635 1 0.25348419527650695 0.37907263727756363 -0.70493956566191363 0.54324019289523029 -0.18088050252904428 -0.089904645991618085 -0.60904269273869993
12 591 1 0.37333486505784219 0.32682179636454262 -0.63690255483822544 0.59005400396390628 -0.42571453539903248 -0.080982098450828433 -0.44397253397842162
11 548 1 0.36092769353406184 0.37928213687722018 -0.66838149433078586 0.52833932157485475 -0.50822861070557379 0.30502033756381602 -0.41414690374885155
10 504 1 0.14248007674853713 0.53703228735709241 -0.73165337202556247 0.39494188593939261 -0.64402543275033186 0.78447586608586217 -0.31651428668013426
9 461 1 0.1199214682720634 0.54772356870983485 -0.69670874386581116 0.44745352825534723 -0.54589752658295254 0.88892582026842637 -0.33015516215544133
8 417 1 -0.015817717688104131 0.61385820780009015 -0.66833304020362172 0.41983192815195119 -0.21497164583419187 0.90649272538920267 -0.014463778146764535
7 374 1 -0.0097459400726428239 0.50665439852655791 -0.71195436265205347 0.48613508678812783 0.38877944242095286 0.59021210149084558 0.33083420016819193
6 330 1 0.160832715674845 0.40056184462448013 -0.70562876801255836 0.56193512788645572 0.55588024408392533 0.11268576771575024 0.27402966446217547
5 287 1 0.17880494750173723 0.37305710884278936 -0.7523193704782758 0.51271117512097508 0.52252677447347862 0.10016109404927623 0.022628047872605542
4 243 1 0.0053647069545264287 0.48889625813449356 -0.6882128441956783 0.53601749018616718 0.23479802623233387 0.58205566741042403 0.039996320625719915
3 200 1 -0.1175533380860265 0.62908817820510943 -0.65115118234931157 0.4079600648010816 -0.34132527941851248 0.7445806625112581 0.050037867309363541
2 156 1 -0.049339836449582702 0.54910480036545883 -0.72296508947566807 0.41637840740626481 -0.22223298735423447 0.65033985030275432 -0.004131917158328547
1 113 1 0.087861908110286685 0.5084510247841898 -0.71055937915434664 0.47839649789156741 -0.10643100550392579 0.46847308238778534 0.048431748893814144
0 69 1 0.20783824139273718 0.47627264421987092 -0.66838864086236494 0.5321881796401976 0.0061440982930813324 0.25914049333961436 0.10793574016364688
