19 881 1 -0.22651771474359725 0.69190640249335766 -0.64879043081664556 0.22141868027966743 -0.59599640650109442 1.005916232358965 0.29898078551214818
18 839 1 -0.31006275519075904 0.68799133204664165 -0.60448971998960976 0.25518854460787666 -0.49743852301936725 0.86951098326850107 0.24576975756576067
17 794 1 -0.068163883291751146 0.62151724891534998 -0.66328959516256947 0.41123826094413729 -0.15882453482069944 0.68862161844175152 -0.069972607723440258
16 752 1 0.14119391956787311 0.56821306120685278 -0.69081706795479458 0.42422867981000406 -0.23990174419996319 0.64545043125667179 -0.39271675169038267
15 707 1 0.35257288347176602 0.48280267023859819 -0.68664171696685505 0.41366302224358087 -0.52903443702097974 0.45719169617447891 -0.55449948324465126
14 665 1 0.17711913661031803 0.43618960230211318 -0.77809142543275811 0.41586196743385706 -0.13354841595436068 0.40696370493223633 -0.50194425010574528
13 620 1 0.30785882915070045 0.32540539640962762 -0.69356094379887501 0.56418745691327332 -0.29799785390866596 -0.2115236550916221 -0.56221244801924386
12 578 1 0.37845193984664971 0.33393679933941761 -0.64282350095890262 0.57622763721310111 -0.4460279701939811 0.039058088035594178 -0.43254925970275504
11 533 1 0.29637511065497246 0.42951723487580101 -0.71110620813286163 0.47117374659864292 -0.51012585421171852 0.48347222068192364 -0.40632735153321298
10 491 1 0.082252586120698357 0.55634472978342686 -0.73120969801770597 0.38606661503362111 -0.65337341155702044 0.81860196919450023 -0.29139847437645017
9 446 1 0.11737715617410643 0.59802243806682243 -0.7219803940714592 0.32762185115390802 -0.39707675903253598 1.0019755946348075 -0.041061600094478956
8 404 1 -0.043899056802873503 0.64576326754558877 -0.65008517304809155 0.39806022519675993 -0.098484440945769733 0.85484127720986258 0.1373544638696135
7 359 1 0.066890837371247208 0.5048841342560918 -0.70878738639815198 0.48809637136033596 0.51373797122545073 0.40401409539047939 0.37320159058783886
6 317 1 0.1980004734886196 0.34549645628265863 -0.71844562196834383 0.57031912072884872 0.53533120722261152 0.007254034569555771 0.19963592364877952
5 272 1 0.15615658573724334 0.37752515953725935 -0.75037557389160414 0.51964061884546686 0.50860018151652453 0.24771792261787859 0.01932822237768422
4 230 1 -0.056428491665168452 0.53549906372241229 -0.68257597595559383 0.49411194594856989 0.04844197232872309 0.66083099790717015 0.037532873993245341
3 185 1 -0.13028279746706553 0.6106855098538897 -0.6795720070088177 0.38506036933013205 -0.3714901395774674 0.7452345743222224 0.038222503453191448
2 143 1 -0.014252406863687003 0.54872999246452381 -0.72178220041772712 0.42157172512944885 -0.19608470169627171 0.60456105007622474 0.019849062371427594
1 98 1 0.1406384034696245 0.47743629421850309 -0.7120858401744502 0.49518600611837316 -0.05892693053309573 0.40199214867017019 0.067183402548072757
0 59 1 0.21006197380519595 0.46951081378300291 -0.66198231106486427 0.54517243395013015 0.015108008782903108 0.21764386104862959 0.095570007125034828
