18 852 1 -0.30573988216536385 0.72022586987296178 -0.56270254668128239 0.26676518659233672 -0.53135358622260098 0.8643093545751851 0.25282293741700657
17 809 1 -0.16135861321878728 0.63183756495478172 -0.62620961397098129 0.42732447720957484 -0.29646593630862111 0.74861072830746 -0.011222204898865482
16 765 1 0.10955406065316556 0.56562295990489719 -0.67448000043543788 0.46167662279504385 -0.12832469800003862 0.6203865832119938 -0.30485362684701667
15 722 1 0.25765170534875781 0.52955238196984578 -0.71267812326152113 0.38115582916357915 -0.44129237203605792 0.51813187855206666 -0.56844428243046219
14 678 1 0.24127727849596889 0.4773476182910148 -0.74781713837742014 0.39331164963992721 -0.23048892278172944 0.46764605732441794 -0.53126262999104035
13 635 1 0.26309147156538581 0.373543719901195 -0.70100983212278511 0.54757025319051256 -0.17677302297149008 -0.078879411997433646 -0.62038771769801127
12 591 1 0.38204724202467805 0.32083851324457791 -0.63152666114042166 0.59352896268773347 -0.41964159722602551 -0.075778818724905994 -0.46032052260545281
9 461 1 0.11766040698966024 0.54711322263303708 -0.69955168175117388 0.44435413220338671 -0.5411322110495993 0.92015276988568606 -0.33064665648671471
8 417 1 -0.0069769613503279475 0.6100470365741878 -0.66704955569509694 0.42759656853667755 -0.2185168544811586 0.90872527142683068 -0.02682560001158572
7 374 1 0.0011408681825024014 0.50191548486523185 -0.70970583234703111 0.4943654275987524 0.38300447184417252 0.59306352920089733 0.31102277800899153
6 330 1 0.17140202749331021 0.39552235977744177 -0.70197869867372764 0.56692972624092153 0.54871539804161651 0.12000321555540283 0.25344684695180386
5 287 1 0.18985837750822906 0.3687220809073965 -0.74855458672027009 0.51736240126366706 0.51655026941378712 0.10917547982132587 0.0058873133880014208
4 243 1 0.015200086228443111 0.48375371904120218 -0.68672870330640223 0.54236056710233005 0.23072391319566546 0.58706223681062308 0.02307867784151503
3 200 1 -0.10806885548875818 0.62579303886516469 -0.65054309554611334 0.41653076215152834 -0.34479600362858243 0.74786012193626339 0.036538933832701549
2 156 1 -0.039137081349769884 0.54587242937920832 -0.72163166431669856 0.42395674397581468 -0.22348890195440671 0.65627555032458207 -0.017172368600657757
1 113 1 0.097902561490511561 0.50443084297899676 -0.70776486807993455 0.48480254188369126 -0.10823733513535451 0.47495782466524705 0.031810960678290326
0 69 1 0.21734757105876207 0.47133729066898233 -0.66399490980666442 0.5382489679790563 0.0031481550108043909 0.26410327810134815 0.08782480820552245
