108 1694 1 0.5496811627127508 0.35972268217164982 -0.40027150970392739 0.63893108377142793 0.33279507644385464 -0.45824684825418982 0.085945946104160523
107 1679 1 0.52245393446789046 0.3477819220224812 -0.4658029109724619 0.62379264920560829 0.27167918597078977 -0.51001212155204301 0.037862924083087057
106 1664 1 0.50763469141568751 0.33707178439997815 -0.50478635037356845 0.61145758046592857 0.22336965808852705 -0.54023393017325139 -0.0036510507400175363
105 1649 1 0.51933858248653786 0.34256618138882178 -0.48571485828694128 0.61401703929846363 0.19813733400748401 -0.55160691449403343 -0.013927893288570081
104 1634 1 0.53926373911990522 0.3332786363833572 -0.48755471527198041 0.60034187744728151 0.13350370477629911 -0.56320846607349417 -0.031093897156580702
103 1619 1 0.53322964498827585 0.35196244218492251 -0.51645610439258549 0.5701418044947566 0.079251003247836196 -0.57817705040403289 -0.098915633027670799
102 1604 1 0.51380897681379833 0.34241751795931386 -0.54801738193009142 0.56429383112225218 0.030449468454557677 -0.58708815533576819 -0.13849761282991446
101 1589 1 0.49573297411563749 0.3504405950365474 -0.54080058052831859 0.58221554412874366 0.011222609677232931 -0.6056460285396017 -0.14331238927832596
100 1574 1 0.47342443910523579 0.33470900106752294 -0.55414104585799895 0.59729966211080088 -0.04092290358038201 -0.6078226853525236 -0.16724605697877915
99 1559 1 0.44186455224713389 0.34546532153252402 -0.55507028910138601 0.61425271936131765 -0.055539854924019152 -0.6173477746932392 -0.19292454421178662
98 1544 1 0.44278457490703349 0.3283829813244335 -0.54858490063652443 0.62861836164280882 -0.078052030501436359 -0.6031658391427257 -0.18105992625990186
97 1529 1 0.43507249700164141 0.32482165409517622 -0.5499105335757225 0.63466622759218472 -0.068134082678751887 -0.60415206970418245 -0.18155056424129684
96 1514 1 0.41955447378707322 0.34310702493855466 -0.54813337865312772 0.63702544075521272 -0.019988559046186183 -0.61602625550977763 -0.1835383244928136
95 1499 1 0.44348949600180854 0.36014440709622886 -0.52339143650720443 0.63219813125656488 0.027975023455081828 -0.62669946404464638 -0.13513579902692208
94 1484 1 0.491489763443753 0.33360027747022669 -0.53385068264252411 0.6017907576092395 -0.015986904786096739 -0.61933549235345897 -0.10878008942164141
93 1469 1 0.4992527002850275 0.34652770509973041 -0.53537401602312795 0.58654919130767746 -0.010921835879230846 -0.61426029646759361 -0.12093579475974506
92 1454 1 0.49248496505518247 0.31586541894621695 -0.52975941774374957 0.61403791057257218 0.015764491367175393 -0.61414904440846185 -0.080823534112103329
91 1439 1 0.51909722704209027 0.30505513072817531 -0.53514972677994121 0.59253202953172301 -0.0046736015568113048 -0.58976787097621486 -0.076874455945510789
90 1424 1 0.5173033741632217 0.32599249448599243 -0.54410116839163902 0.57452591862595659 0.024794760332384647 -0.56685435003070106 -0.10839381247168943
89 1409 1 0.48755771648011892 0.37126797576552728 -0.58755849105009772 0.52841516146548273 0.059618037339220054 -0.53295304927655474 -0.19827834792231688
88 1394 1 0.475355292843818 0.41247308302794627 -0.57743494052009148 0.52006940960735948 0.11631112538444625 -0.50959602593844044 -0.20317046363951716
87 1379 1 0.49846937626328591 0.42966721832706645 -0.54849062856448427 0.51582205536377423 0.15662461672218894 -0.49366421240014779 -0.16113549540388289
86 1364 1 0.52070540761900042 0.44145497580942078 -0.5309008713358303 0.50212313990125024 0.1911154722468974 -0.47481149433579617 -0.13505925112381684
85 1349 1 0.55210044045191653 0.45501982482374809 -0.49552959527646739 0.49253678327136741 0.24253959396495492 -0.44707768296038874 -0.10213999617582933
84 1334 1 0.58779615691993869 0.45821654931262318 -0.46643464963370895 0.47641577373892913 0.27671165603593378 -0.41297086276764511 -0.076670879797590435
83 1319 1 0.59692783551908846 0.4407767873643349 -0.45700867448645344 0.49044475157494222 0.28500789519757452 -0.38502588993357412 -0.054498477386275029
82 1304 1 0.60135367150434382 0.39546748637157958 -0.4669623096734955 0.51373673251538543 0.25164544553472684 -0.36158979713676986 -0.027923780573338414
81 1289 1 0.6072827103697207 0.35554223671289864 -0.46383207467301196 0.53819813647366388 0.21290028225197899 -0.33734737027847927 -0.0092591949896555781
80 1274 1 0.60341158790484428 0.31938020154257923 -0.4619561088299714 0.56611597394831337 0.17005460079058982 -0.32591127946953613 0.0082395222393998324
79 1259 1 0.58387058374204781 0.29431382450309496 -0.47686636449662972 0.58742913152043241 0.12775691137668888 -0.34322814896222509 0.0076354556254070033
78 1244 1 0.55965907538791682 0.2992150948180699 -0.50444079253885676 0.58548401617100143 0.095142409661884919 -0.37772224811118321 -0.024760891602556262
77 1229 1 0.55643072470310839 0.31944516094930209 -0.50242815089895843 0.57957362857250661 0.04157619103224916 -0.40709082857051659 -0.043370170034539579
76 1214 1 0.52615154857930213 0.33237605925001462 -0.52571997217379862 0.57992173094531763 -0.027213866299367506 -0.43147566171726681 -0.067898081240697419
75 1199 1 0.50263190827478488 0.31708450686369999 -0.56585370119034595 0.57151392733706774 -0.10556068072881156 -0.42945185905060479 -0.088503527554377306
74 1184 1 0.48784418639793103 0.32547111858166916 -0.57880792680417759 0.56661978842570249 -0.12047278195573333 -0.38715463638563424 -0.10124504744020196
73 1169 1 0.44889074030351755 0.30022434184677249 -0.5775095592657461 0.61224599368972277 -0.092288831259224977 -0.37565841998745769 -0.10763877911540873
72 1154 1 0.51717765549807504 0.25987108448077095 -0.54679903683825337 0.60498355797249659 -0.12831758042138072 -0.34263820650812327 -0.069364900745306324
71 1139 1 0.57539006022661399 0.22389730751942738 -0.5105844957509964 0.59841436060364184 -0.15137033737543831 -0.32139296037592402 -0.031012441642190469
70 1124 1 0.57799983833677782 0.22182048929887072 -0.50331388000122823 0.60281588864924385 -0.11519921666952732 -0.32096764998478594 -0.02131454372460713
69 1109 1 0.56419133982447833 0.25187316598927517 -0.51013167412503879 0.59834247331773494 -0.058000008658855282 -0.32945954142159328 -0.042673979694212286
68 1094 1 0.53473529982300938 0.27900282874366084 -0.54287476725337769 0.58438221033483118 0.0037147687453976536 -0.33087320488045574 -0.088963609247442565
67 1079 1 0.5086857263776865 0.2968617690384614 -0.59036071199767781 0.55189324293069197 0.050571737154821772 -0.33025403348957794 -0.14948313031352015
66 1064 1 0.51869586414878077 0.30114922878858691 -0.61091693794142099 0.51676323152026482 0.084186194032570646 -0.33067199152416699 -0.17065329693906875
65 1049 1 0.51613579669617826 0.35376896112099565 -0.58605717914541078 0.51477018589686863 0.13743667353733 -0.30912281135408154 -0.12999942843835782
64 1034 1 0.46759917001361856 0.40500533094253022 -0.60761428466468759 0.49812305626434006 0.17811776610017396 -0.28348142198170534 -0.10602897653127055
63 1019 1 0.45541182806256147 0.42825131597842925 -0.60982340304107929 0.48715120273571832 0.19945172336021963 -0.27243059307297174 -0.080689215736652192
62 1004 1 0.44785867843115373 0.44044347607810758 -0.61991815181239374 0.47024848068615804 0.21449241275469516 -0.24663640764352823 -0.076639517221997633
61 989 1 0.46187906630899483 0.45462297743808455 -0.59902642657558058 0.47026908972943643 0.23196215915273968 -0.21865846885797302 -0.070005297990236512
60 974 1 0.46727437164933533 0.46911602329993907 -0.59558068731798264 0.45482794898379908 0.24625744617702316 -0.18840092133191555 -0.074554292433055711
59 959 1 0.46364125413121432 0.50823633780779465 -0.56943675435721031 0.44997154930782257 0.27237320768286327 -0.13876126384899795 -0.085493247293762537
58 944 1 0.43671692272918183 0.55302479008340133 -0.57004659922947731 0.42247933163892332 0.28920732838288798 -0.10824231248596485 -0.10885711123200036
57 929 1 0.38610536645658222 0.60085067997708874 -0.57662933308780584 0.39673633383799228 0.30862858938377541 -0.090173252030225276 -0.12613467972326445
56 914 1 0.33563557022149154 0.63901587307741603 -0.59967078393366768 0.34554656539109513 0.31480419481745819 -0.10112635158280769 -0.15691113612327048
55 899 1 0.28691319767482604 0.66779364033171007 -0.61542118752087438 0.30494135974466585 0.31953301668434114 -0.11662323122543163 -0.19466616709778309
54 884 1 0.24125009665140093 0.69316578148320573 -0.61468060917869427 0.2889417570137201 0.3234356364539448 -0.11874368985849207 -0.23105031740060028
53 869 1 0.18476638133162898 0.68791290895477153 -0.63339698094765029 0.30239953463820235 0.31620528091433803 -0.13126783079831184 -0.25833757631460469
52 854 1 0.17521939502658668 0.67435786732702974 -0.63140453520539452 0.34039380620498511 0.31023661957806725 -0.1640656416689999 -0.26233817668400278
51 839 1 0.18284308681651154 0.66856864856782272 -0.60763345301120675 0.38777049209201392 0.31965073395143501 -0.20618627251968175 -0.25063408518124058
50 824 1 0.23166210462741904 0.60226490544060129 -0.63629167946345333 0.42277955437768794 0.26536490995885259 -0.30061452654729509 -0.22202832389700622
49 809 1 0.34638998219460143 0.50194521074256471 -0.64475532563037197 0.46082052441172711 0.13451589699744887 -0.40179714315184828 -0.12903140892612455
48 794 1 0.38070566842581177 0.45294551225015273 -0.64821881701973294 0.47928688926616875 0.070037664600037131 -0.42692399807696635 -0.07827940967311714
47 779 1 0.42644387094782527 0.41494814773797556 -0.62358774691100771 0.50705224732990861 0.03943687078459783 -0.43366836016817528 -0.017557132581919994
46 764 1 0.46576461244969752 0.36295589130188927 -0.60062961286891925 0.53904583747930612 -0.0074852339979055438 -0.39363727261746834 0.013581325336850289
45 749 1 0.45793494668646773 0.35214000603988926 -0.60867421139226152 0.543882988459372 -0.046838170435359698 -0.37170378769798657 -0.010485816551725532
44 734 1 0.46069529558646288 0.35530002872966965 -0.60551063476812383 0.54302726026591075 -0.064530829093345357 -0.34410727783362877 -0.014490479469819458
43 719 1 0.46325892247733075 0.3532646942016246 -0.59266296089515202 0.55618867424532015 -0.063742716674191152 -0.30870700197653828 -0.0037120642686287019
42 704 1 0.47117830014577589 0.36701914902167693 -0.57182265831538559 0.5624115940841431 -0.052616541023749498 -0.27814897239684322 0.010477543295202656
41 689 1 0.44710867006475741 0.38805817437331119 -0.57275989039272657 0.56696631153207733 -0.029994633689448599 -0.25302413663497686 -0.0013036257295845743
40 674 1 0.4455730221947688 0.39675795266188862 -0.56551593323164351 0.56942035277368686 -0.02038259865093818 -0.22182257103887915 0.008798236782556014
39 659 1 0.45394810860935342 0.40873198369990071 -0.56076410243011254 0.5589390857834915 -0.016136615631995983 -0.18369801034356395 0.01959157682412967
38 644 1 0.45860604035390717 0.41481845971250103 -0.55209437119466576 0.55928342593699798 -0.0090428373918349202 -0.14609991513454337 0.02932201380745857
37 629 1 0.46878714011669864 0.41412080417549341 -0.54225473747664366 0.56098340126458801 -0.00094649176880189263 -0.10764092255595628 0.037294142745401652
36 614 1 0.49355550597718612 0.4003903216407943 -0.51752413841051459 0.57293919312474995 0.016150804143183557 -0.065599877358139547 0.046548908107110001
35 599 1 0.52516150805131234 0.39354144164501259 -0.49714140459550593 0.56760985545182707 0.042170036850821477 -0.026954414268294057 0.049374637479202045
34 584 1 0.53649306059008139 0.40654994144313283 -0.48491704968452087 0.55834379729386485 0.076856587101468324 -0.00014388677842834107 0.046013154290977604
33 569 1 0.53709815938022121 0.418692718139763 -0.47709625759158919 0.55551879892512679 0.11638992177025453 0.02022328742796305 0.048544491008272364
32 554 1 0.52019286274003262 0.43340512851640844 -0.49404950199837472 0.5454122016467573 0.14681795109320175 0.039385641409328362 0.05033875484419606
31 539 1 0.48602057040346686 0.44275439270011263 -0.52527741830049046 0.54021864713559731 0.17435913732832814 0.057441395930171259 0.06316503887472949
30 524 1 0.43818675567983473 0.45882361663225835 -0.55279011710012427 0.5402743214365332 0.19359737354342185 0.079124912467571487 0.081222497275038871
29 509 1 0.40216424105311616 0.47756190497241346 -0.56862265218341457 0.53559950481790985 0.21510116870223753 0.11109568775114761 0.10116669837883793
28 494 1 0.3709072825850096 0.48833015407532948 -0.58267981185847018 0.53333449653922305 0.23648525132407086 0.15143799345997117 0.13542922102209981
27 479 1 0.33186056067772574 0.50556825134357908 -0.59242737653281941 0.53225850395696106 0.2423958279927505 0.19114977445688158 0.17555371009044204
26 464 1 0.25532241711396908 0.55255340399401032 -0.57570490382474071 0.54594785718588423 0.2283942776870197 0.25405338008165468 0.21359458005837947
25 449 1 0.17981608661261 0.63750908833748188 -0.52269960362482737 0.53668748974881786 0.209773044956898 0.33554649971774142 0.24304782820828841
24 434 1 0.095438697918336854 0.66748070128699122 -0.49153466395928214 0.55113940384943871 0.13800157570848751 0.39542511074545472 0.29564708922550531
23 419 1 0.043397249089066857 0.6927705368433994 -0.47407649211703862 0.54169838625863853 0.080266289436483867 0.42870621585433966 0.3336184842970904
22 404 1 0.016246132113251335 0.71684182514673755 -0.47158849721046064 0.51330122755593743 0.057443070588593104 0.43892745021210056 0.36356266575936813
21 389 1 0.017694728584929671 0.71026528936106648 -0.48274502527485136 0.51202280797004496 0.047052275905668794 0.45022832981322836 0.3734040389573684
20 374 1 0.060585195560415264 0.68897393833097786 -0.49794756336685864 0.52315635379551351 0.069546511723812987 0.48132160749093611 0.355467201949482
19 359 1 0.12131861761623604 0.6514306498405934 -0.54497272869100921 0.51373595012518192 0.15190566921598217 0.4787767250129783 0.33371307646196829
18 344 1 0.16115036318939627 0.61952357651966827 -0.57295159448444644 0.51180813686178817 0.2016303817002843 0.45229034365779319 0.29969883127110097
17 329 1 0.19931722118140929 0.60596890921439517 -0.58408296094196521 0.50191774340354234 0.22930894501182747 0.42176425873859735 0.2643022214024231
16 314 1 0.21459114577085187 0.59663790894537927 -0.60154968122912789 0.48591339431957742 0.24567457156209532 0.37619013268684931 0.25197040984323427
15 299 1 0.22772940371843528 0.58867397422457923 -0.61801050208906216 0.46868463817401873 0.24346039476440362 0.32400101963273287 0.2391055799999775
14 284 1 0.23509793861631234 0.57342500792461126 -0.61422300259408047 0.48851082140453389 0.21979653839551169 0.28991823467802763 0.21542116303578196
13 269 1 0.24140315348995342 0.59339739595761587 -0.60504404065105732 0.47278510639450994 0.21420160309334826 0.25885305308193801 0.19088623826703763
12 254 1 0.24883892058776394 0.57746208090681039 -0.6060700172552056 0.48713024018199447 0.1931500500679694 0.23815985973857207 0.17199347314388186
11 239 1 0.24607346701954352 0.55881500658234795 -0.60701713275768199 0.50862937172954814 0.16187713434972745 0.22292672976356076 0.15687128339637593
10 224 1 0.24815034573021041 0.55969465016344833 -0.60864073299800669 0.50469769429633982 0.14796456335161234 0.20156837769260499 0.15113777383593846
9 209 1 0.25647371807714114 0.54975877147174135 -0.61065119455452732 0.50901045540803758 0.13085356748976296 0.19052629922912021 0.14035804093685902
8 194 1 0.24381584308278909 0.55815559047433072 -0.61270765324596521 0.50359259638908738 0.10966983504080247 0.17329472487913827 0.12794149768937174
7 179 1 0.24235701844501376 0.55770128586491408 -0.61493044549914655 0.50208853656828889 0.092507514146578096 0.16039844079179341 0.11290213727520002
6 164 1 0.25648276801892855 0.53806605171324762 -0.61753081607606775 0.51318340279035835 0.076563719273910882 0.14430448173478905 0.095596491350535606
5 149 1 0.27851271071155331 0.52720227307127066 -0.61279488571765128 0.51862400761908323 0.066611627668186721 0.12290110885701387 0.077575678265222478
4 134 1 0.2728133064098946 0.5334711828596701 -0.62741168520409396 0.49732883907266456 0.060058640204068398 0.10037056365114345 0.063754422327048393
3 119 1 0.27114797572491817 0.5339502692799325 -0.62542023511590017 0.50022536391484496 0.055307616626880621 0.083245356368541343 0.044206947170721128
2 104 1 0.30591228325701297 0.5055529220786017 -0.61505681750927166 0.52205270726779596 0.049846177882005703 0.08000616000576305 0.033109715774656295
1 89 1 0.33121945249397705 0.46962609744979006 -0.60678198664778216 0.54914535740862003 0.034674057409045514 0.079331012686003691 0.03107762889777297
0 74 1 0.35338444367739735 0.44739477835957658 -0.60182515951299997 0.5592529165239587 0.021830286537188062 0.076313665940415942 0.027660234066414113
