19 868 1 -0.59141104335808692 0.69593544943350838 -0.25862071718854884 -0.31467785536443521 -0.56069126596389052 0.9084478127315665 0.19081489008766681
18 823 1 -0.59504047174833252 0.70821188226445719 -0.31652769545661369 -0.21017370151824846 -0.39828045895589775 0.86720243024191601 0.019701883108785248
17 781 1 -0.42236217790679481 0.74507551983848086 -0.50997638144625168 -0.079979689785807134 -0.1153332467954277 0.57052222601295677 -0.27765843795265532
15 694 1 -0.229734579516751 0.67779737641897608 -0.69674609038495383 -0.048555381031317492 -0.4990186275049075 0.34004904096980487 -0.65052859987063583
14 649 1 -0.34390564129080675 0.61480793464067218 -0.70516071220849919 0.08055112257958999 -0.20381667488056962 0.10942891994018727 -0.69067372272122829
13 607 1 -0.2002005542648749 0.6099855035688786 -0.73201861199862883 0.22800477011558229 -0.4453807970221646 -0.26285000142042025 -0.59700288976765026
12 562 1 -0.15022686006833788 0.65348560719842064 -0.71579089489386438 0.19501755430104284 -0.52108551618205201 0.038392775408033999 -0.46763637586892282
10 475 1 -0.52965335089831678 0.6323856677731533 -0.54958192758280566 -0.13234575909962318 -0.62070398870191013 0.90167369919356444 -0.21996766603084539
9 433 1 -0.44906307403160983 0.65177576536220638 -0.59776196840143025 -0.12732374625590745 -0.29250812740224069 0.96491292019042973 -0.11493047396659835
8 388 1 -0.46262968602420351 0.75117528482501372 -0.46626003160587054 -0.065658571444244279 0.18594116719035333 0.69892109970957539 0.1130746286846052
7 346 1 -0.37587253311283531 0.68847163945883338 -0.61505295753897571 0.080227800261290755 0.5402468785766068 0.16276934538308202 0.24768111735166831
6 301 1 -0.34844787771844637 0.62151184823988093 -0.68346951726373439 0.15867110002213941 0.48044870056018829 -0.079529765104204994 -0.016584019922026773
5 259 1 -0.43898941019487087 0.67562923243802309 -0.58561424816327168 0.088709584375834205 0.40685430269024081 0.37694111973556915 -0.042511480335433893
4 214 1 -0.52138412890508001 0.73859680187550347 -0.41749559393951369 -0.091273125432746627 -0.20763838500143569 0.67415664424266686 -0.046068091681554298
3 172 1 -0.52391486774613072 0.70657879875974139 -0.45928470399758503 -0.12376256773211344 -0.35018958794513672 0.66656733758839437 -0.091224839039345917
2 127 1 -0.441162537220333 0.71142644263685828 -0.54518993981395381 -0.044899465431571015 -0.1997311439446896 0.45953805281423921 -0.055926751127222264
1 85 1 -0.34478578773919516 0.69548014121796764 -0.6271236936610789 0.06438949132726457 -0.074042044238485191 0.26609033637234492 -0.013947554404479565
0 40 1 -0.25698949614289446 0.71254493576811073 -0.64759091867963658 0.082837886423452023 -0.013153963608855776 0.044634445237120221 -0.00039112774345593604
