114 895 1 0.47955183896506909 0.17298675790778587 -0.66806077096301986 0.54203359825205399 -0.55560620530672467 -0.43884285160723818 -0.65925578385973127
113 889 1 0.53115350286063356 0.33479675327147451 -0.61540741800101151 0.4765089718642101 -0.68686702906314889 -0.39980351966506944 -0.46126954795424063
112 880 1 0.53074723183657946 0.36965720627771598 -0.60585352934191294 0.46325201211512312 -0.6771158094465155 -0.37565101193014871 -0.35188165817272243
111 874 1 0.53022511104215087 0.3810994886932812 -0.58922153899711227 0.47585973702335138 -0.6664983397853752 -0.39867068779719694 -0.29729692739325703
110 865 1 0.52739095975421479 0.38858555971303932 -0.59285956073698765 0.46837760364344727 -0.66643666938483803 -0.37607217599093029 -0.26909771352326606
109 859 1 0.52402447717225908 0.39551555528093629 -0.59676826586249898 0.46133873641243139 -0.62452139452683075 -0.36136606214984152 -0.26124838320859217
108 850 1 0.52534056554937736 0.39687115563739078 -0.59589158054955049 0.45980843863663606 -0.58910140731852279 -0.31598893754380925 -0.24513195747118019
107 844 1 0.51910465323602617 0.41191370331990967 -0.5449084298811383 0.51374338248823703 -0.60508606749011207 -0.33429961351217569 -0.2159744868014104
106 835 1 0.49150505350224516 0.41704008779831186 -0.54108579668209 0.54011712450156524 -0.6651329801380369 -0.27513128895523298 -0.22350686930014746
105 829 1 0.45271470335014063 0.44781266385209001 -0.57828175821049899 0.51000335644509576 -0.66784253208649524 -0.19065807351712086 -0.22531890755742512
104 820 1 0.44094986879765408 0.44173873475544778 -0.58906541233770648 0.51325631356213797 -0.67101437460546753 -0.065846607209733066 -0.19906063607302144
103 814 1 0.38871027337066194 0.46711027575228775 -0.61171624168331284 0.50647364524086536 -0.6667239033346678 0.0021348478630654109 -0.24419994422914923
102 805 1 0.35582746264844378 0.49575545360879936 -0.63145952661769333 0.47840590849827774 -0.68246568808303087 0.17965680250046537 -0.27887593193440008
101 799 1 0.30751726012258329 0.51578989041181411 -0.65321130439143504 0.46120376786287026 -0.6860718071067391 0.31031473203601684 -0.29509597529440129
100 790 1 0.22439416451052854 0.56862380870032503 -0.66550321232917298 0.42827525902427505 -0.72051794309567163 0.41314803007066986 -0.26343652706823756
99 784 1 0.19926610512478976 0.60536479831875334 -0.66024374708173328 0.39737221184220173 -0.72861825996723473 0.46938071318658359 -0.20683998995759045
98 775 1 0.14564570649562619 0.6715767511870101 -0.6696474956647368 0.28168107319171592 -0.60898502410877942 0.59387701190149056 0.023059141960881657
97 769 1 0.17124951533643493 0.68201621925116396 -0.66788835414816905 0.24382909294961944 -0.40257202325700819 0.70950418916285607 0.078086053125869609
96 760 1 0.13038552116788477 0.6947339656486452 -0.67689804961757505 0.20531284243273484 -0.010641828604977905 0.7653312701791456 0.17018424765211793
95 754 1 0.10067465221724255 0.71033813229325449 -0.6532948879986239 0.24184735170337021 0.10980493204044071 0.8300252244891746 0.17646113545881517
94 745 1 0.068564491012162762 0.73387134143623012 -0.64275284416561174 0.20880743786524483 0.18217961931875901 0.98756190996800164 0.33037342879525522
93 739 1 0.032057906807386474 0.73718450964466298 -0.62936165837113689 0.24379333937460054 0.091294868041337282 1.1430396430485521 0.37164420091773637
92 730 1 0.024208622583758561 0.76184975391936127 -0.60771810221622014 0.22288473093579461 -0.0043345039269654835 1.2801210623215378 0.42071426727163475
91 724 1 0.0074200221305683782 0.78351845354645588 -0.59338265812624302 0.1842302832294036 -0.07849785432749011 1.2824619313758718 0.51775481268337242
90 715 1 0.07252727644627531 0.78571078205419154 -0.6056499872883635 0.10289049534666199 0.0011929795146991811 1.3379395188841181 0.53422717395628538
89 709 1 0.10920255684693075 0.77641169452879388 -0.61736435407308687 0.064194520770390145 0.049511350603165312 1.3729219635419798 0.52038792416916446
88 700 1 0.16269373363844283 0.73784500424237287 -0.65457024238022432 0.025559666266415173 0.13382975494928839 1.4372677734819865 0.47478099998274109
87 694 1 0.18711928143870574 0.71779924164054498 -0.66923213484061661 0.043347121136147616 0.048660887242456714 1.4715611868620573 0.42285220380114513
86 685 1 0.23147265605909928 0.68236358573989964 -0.6823732676701898 0.12315465854867146 -0.12581938275440152 1.4788610197383045 0.24222050354119967
85 679 1 0.20750130927857005 0.68053520669002698 -0.6849741769360258 0.15692487385324086 -0.29490433998669008 1.4279264123502176 0.26227686277375456
84 670 1 0.13279859044551856 0.69232906537164285 -0.6916563564089574 0.15702383340243681 -0.57572189413097585 1.3062911328685962 0.45355993252077598
83 664 1 0.090424060075069812 0.70202322658924909 -0.68935868175501624 0.15418004597789639 -0.77145226243188014 1.2489316832293971 0.56545555609599185
82 655 1 0.020861101916875298 0.71085019726550203 -0.68354988829074748 0.16436654675485937 -1.0051909202511489 1.1141464403980279 0.59778342358155478
81 649 1 0.0084235984313058634 0.70981311934717939 -0.68041211220023312 0.18202674573620306 -1.0495759123804027 1.0784536823595845 0.56119510808299156
80 640 1 0.013657621596727478 0.69074202653746863 -0.70410394855473224 0.16409311922462358 -0.95964907039774983 1.021335370361645 0.59782091227448753
79 634 1 0.033770361744787231 0.66895784471884001 -0.72045684459547055 0.17971338217363964 -0.89975448976273598 0.99841999404016557 0.51915573015649497
78 625 1 0.082703767980441004 0.63123298190821298 -0.71333703761246181 0.29301071666985196 -0.87550284209742402 0.93453945950371498 0.13043817575508759
77 619 1 0.12001755588139359 0.61235287377278425 -0.70264013017097249 0.34193068264750376 -0.81263337213608233 0.84355452457259605 -0.008789382461742096
76 610 1 0.15452196203470706 0.61918786995947583 -0.66921350934848833 0.38063450165410961 -0.85070982389996042 0.67383526439609454 -0.11320456371259031
75 604 1 0.17024552008590901 0.61706888582797548 -0.66467229286401963 0.38529624463857176 -0.85685869003920589 0.59035227233080378 -0.1199466139057498
74 595 1 0.21834547860713982 0.5907962957270646 -0.66008681490669563 0.40935361939688747 -0.81275256156180353 0.4639745033103661 -0.11866245226677138
73 589 1 0.23343108950781422 0.569188540038013 -0.66492958900073151 0.42355988243919962 -0.79279820991579308 0.39604228880579512 -0.12705427153788634
72 580 1 0.26726598562431442 0.55734387852196254 -0.68392697091502108 0.38753140834952166 -0.77865781058860872 0.30748967581246378 -0.094038281164414331
71 574 1 0.30991130619520119 0.5164785367882383 -0.69234856978210713 0.39731393286686467 -0.76009754575987531 0.26163675336300607 -0.13636446035256133
70 565 1 0.36300963349113019 0.43944323480778325 -0.70591902583457622 0.42046638193685587 -0.66073388631773466 0.18619544512359776 -0.22151504061015492
69 559 1 0.39600917388142631 0.38417723907523538 -0.70954637784790797 0.43832467516806933 -0.60248053062183538 0.13827653468204412 -0.27288695492847065
68 550 1 0.33468473334152188 0.36393303056773479 -0.73166553643436849 0.46925943924880864 -0.55380079386803671 0.067430622656400194 -0.33764944293652815
67 544 1 0.37051028489643723 0.34186654965572616 -0.73433859225346343 0.45452857219282861 -0.55904758831486057 0.085938907042704182 -0.28319947926750411
66 535 1 0.46586325525662353 0.25516553605436926 -0.68214173241645182 0.50253819109364262 -0.55906278158760403 0.075916863408809265 -0.24274089783757932
65 529 1 0.46815618480421201 0.26723944355929063 -0.67743459450966614 0.50049499158054467 -0.56168071821502219 0.031832145667044849 -0.24400522512335091
64 520 1 0.43388611852411901 0.30488508345145843 -0.67365881862119636 0.51475403654052632 -0.55603302536168919 -0.071268565615703036 -0.32058289631762599
63 514 1 0.43115038498967467 0.31356889577665154 -0.66032922958460916 0.52891322698611276 -0.53374428669643226 -0.11908191834885128 -0.33181599870590334
62 505 1 0.38972433114429283 0.31594956834919585 -0.63974565963748264 0.58225106865431575 -0.41981043341347879 -0.21456624741224548 -0.35214102592230728
61 499 1 0.40186041430205732 0.30710654616576571 -0.64137700868792102 0.57691360657003732 -0.34750889306231386 -0.22788772477094429 -0.33595879581144572
60 490 1 0.42962160952720607 0.28303014380185615 -0.64228296722677969 0.5681476923627492 -0.23128179679388675 -0.27348142924799496 -0.3004139386105924
59 484 1 0.42249221414763266 0.29036078731155313 -0.63981053734193394 0.57256739208819052 -0.12534612192112704 -0.32786317529020276 -0.30781890499924175
58 475 1 0.47359063760179632 0.33341799176391712 -0.56446549606241303 0.58815223751938139 0.058459884847502162 -0.41037912363079593 -0.24885866869952497
57 469 1 0.47699440006812394 0.34973032522299047 -0.52584803779687295 0.61126825786085959 0.24951147792877237 -0.43214858745092061 -0.22181062903181584
56 460 1 0.413505960055842 0.35905185764747138 -0.5608371735569796 0.62093175895167008 0.48806285779295544 -0.40345570231447875 -0.21082976441808632
55 454 1 0.38409888300868555 0.3580427979690553 -0.57371245538156923 0.62859161737492275 0.5994202187934935 -0.41090775361648441 -0.15386905467472969
54 445 1 0.36164701821964473 0.31050053788398285 -0.5830858195549361 0.65788431902618383 0.66706741115559121 -0.48789149752188221 0.0061852502140466951
53 439 1 0.35212272404874279 0.28558569311996451 -0.60823220261223487 0.65153970469891687 0.62990662105878592 -0.58710218127910585 0.022074940458351792
52 430 1 0.35890426971441153 0.22441186171639829 -0.60799232199862629 0.67169366372808958 0.53668914981981675 -0.70670575536830693 0.099019196878809307
51 424 1 0.36687244328291108 0.19497606063357781 -0.60400011361332295 0.68012705349407443 0.48275247069319921 -0.74291714314648039 0.13546789869793538
50 415 1 0.37033312885530079 0.19448669634352334 -0.5847604025139459 0.69504213560715389 0.44437630387339133 -0.75616951203746507 0.13528315056126999
49 409 1 0.37993114195600647 0.20785700981393954 -0.57402415441097254 0.69494176806116703 0.39548048194777996 -0.78764100151778227 0.097521542256224378
48 400 1 0.40949889359033981 0.25140918483660946 -0.55715043086306093 0.67726470107129055 0.31259971165488626 -0.83377120856951048 0.00050694908453570323
47 394 1 0.44092161351102416 0.26459730273441301 -0.56019911337974337 0.64942540102236368 0.19503220996969625 -0.86313536382599609 -0.077657560291515534
46 385 1 0.45221304469293522 0.29139166277148365 -0.50978416659578418 0.67135263801154244 0.16369170031261812 -0.83475740727143266 -0.079540935825405626
45 379 1 0.461716465408613 0.2746337697180925 -0.51817902211635836 0.66549582954331243 0.09691357650739689 -0.7891326882002403 -0.11094085154037844
44 370 1 0.49869689232427233 0.21552480811258137 -0.51858285946080462 0.66024410981666748 -0.020336648894864404 -0.68536899729554535 -0.10560382365823003
43 364 1 0.51659093320772798 0.20674655113317961 -0.49540087005160721 0.66705895487146771 -0.043901930172249505 -0.6036158012936661 -0.090040788664530552
42 355 1 0.52645958293514683 0.20435974542909022 -0.48962939096794678 0.66433460054724403 -0.066963318422745097 -0.46606545406834998 -0.11042958412072482
41 349 1 0.49989681599422159 0.22200002535650248 -0.52774217793220679 0.64985179520558578 -0.056047628902050971 -0.36315530776758576 -0.15102886198879192
40 340 1 0.47716558747581489 0.26766645568485048 -0.54924991837224024 0.6316582919570185 -0.034778000995693288 -0.21949821102482736 -0.12741008224232625
39 334 1 0.43769633614906939 0.32440965675463301 -0.57558451799483823 0.6098219039774414 -0.0062471445090801154 -0.1486398078158892 -0.086167587295542386
38 325 1 0.39726855882042966 0.37001793381685094 -0.58343596229086148 0.6040421332426934 0.047889944933531138 -0.10028563736001608 0.0020085010351573156
37 319 1 0.37529892077025029 0.36476718975021183 -0.61032454131356395 0.59464238969384453 0.087928268160595457 -0.083105632354448677 0.050725226745406381
36 310 1 0.32931790791214938 0.37188770797599835 -0.65452586085214259 0.5699518801271608 0.13441577925271431 -0.077880734895809448 0.087710733627518384
35 304 1 0.29324044176958614 0.33619401383450692 -0.65164039265139451 0.61347243380428906 0.15764476839111002 -0.04898313743172307 0.12006658371893647
34 295 1 0.32270833708937874 0.31571869604870395 -0.64420753421017385 0.61739589163288222 0.21971860995926693 -0.026954645065071843 0.14208803548205551
33 289 1 0.32750820237469369 0.28540066440846756 -0.64692255358558182 0.62671847570884032 0.2582948991915075 -0.015333757127830791 0.11412276387761557
32 280 1 0.31084410444827387 0.29439496170918616 -0.66239966647672865 0.61476355707012775 0.37437816627374942 0.03511327455974049 0.026237673369175769
31 274 1 0.31931382519657603 0.2883005851726908 -0.67826981886547799 0.5957109252343844 0.45640814576324151 0.083135638739033027 -0.04437601714541025
30 265 1 0.28813718883207667 0.32691883341331845 -0.67688876336082215 0.59323067925342488 0.53592764180690389 0.25275984459289236 -0.092862843186834437
29 259 1 0.23525662810280282 0.35984782167264717 -0.6804639074694625 0.59340773065619978 0.55667572026223833 0.40971631338818731 -0.075310648554528292
28 250 1 0.16572420138139912 0.38628637488795842 -0.71344808475487875 0.56063370930761236 0.5759060548256153 0.59109832465980328 -0.00078004310774827548
27 244 1 0.14045736249689697 0.40291236520989121 -0.71130580603516702 0.5585493761361191 0.56964213380882922 0.68527107642726059 0.0015084049566272109
26 235 1 0.099395780443694667 0.46521829748194055 -0.68507096610355056 0.55169754931478665 0.52056857678595381 0.85308585399421888 -0.016250579956941402
25 229 1 0.073142690055875925 0.48202721086620171 -0.67764339694052556 0.550544586258775 0.49704281435474507 0.96195296253096019 -0.011329190418570811
24 220 1 0.058119323631684622 0.5323403606384649 -0.68300206382161199 0.49673339476153949 0.42224180513074311 1.1160313583658377 0.068516441729769798
23 214 1 0.036681137615094693 0.55534238990553453 -0.67492490244908765 0.48448498446428789 0.33011677944928275 1.2161607671519641 0.13909313368087586
22 205 1 -0.00050486581036487867 0.57892420191564231 -0.68359594060010676 0.44445821349358117 0.23316024445342767 1.3209718411886482 0.30249015031356674
21 199 1 -0.01547883428884214 0.59057499351339615 -0.68364282528651177 0.4285021238686999 0.18830589719446153 1.3559967368320931 0.36482870492432101
20 190 1 -0.030502301291578361 0.59178924664320076 -0.69128150210921768 0.41350330351160974 0.16661394792661666 1.3600043820738643 0.41104784741370759
19 184 1 -0.033470425730277316 0.58411012122739769 -0.69347955443659171 0.42045356992131133 0.14588058124541567 1.3620576812470697 0.38299348392758159
18 175 1 -0.049275928612793236 0.58617766248744951 -0.7053730963837711 0.39549516527774109 0.079043582007811558 1.3403047180145835 0.4138334812216215
17 169 1 -0.056844940177790085 0.592230233446978 -0.71646336572811953 0.36429692413889009 0.034496195938090488 1.3134617986800796 0.46930857428522676
16 160 1 -0.076965031426601119 0.62337329725830093 -0.69852020580073337 0.34285804393497521 -0.12559492499544028 1.276476976121907 0.50261881473176617
15 154 1 -0.085093547245354256 0.62384570426428865 -0.70348681588589423 0.32966941830100421 -0.1718981380360772 1.2491572949435252 0.51917748008586717
14 145 1 -0.085442212776295268 0.62477395403165836 -0.69573046673566774 0.34397129574327473 -0.24386722720436349 1.2049574293256906 0.4582942477728868
13 139 1 -0.071135207548796667 0.61577777130033418 -0.69423924057269659 0.36577232736830756 -0.22249380504842189 1.1741178473972003 0.39615507438038977
12 130 1 -0.030776775120554118 0.61494712402226848 -0.69012582801149736 0.38028826734644994 -0.18741806394966493 1.1186603449142873 0.33976481104828415
11 124 1 -0.0083684765403164961 0.60694872408169387 -0.69080822857508273 0.39284501558369589 -0.16964884451197718 1.0656324551622125 0.32292780055251108
10 115 1 0.036173224122071287 0.58100936895858379 -0.7092496296178491 0.3975985084553344 -0.083937230139723235 0.98128786670084434 0.33606314414978056
9 109 1 0.054841044473655842 0.57672513854829177 -0.6993251537611026 0.41871816741634516 -0.077524450242635545 0.93996255802831419 0.29591870442379725
8 100 1 0.065248155894589654 0.5754783850934041 -0.69998172591782604 0.41784314021381797 -0.053520558431788948 0.82760234479323214 0.27555967010436028
7 94 1 0.087716275232022772 0.56439158866621808 -0.69710899589965414 0.43336709328007217 -0.027313193684862173 0.75404995639509431 0.21722345175017593
6 85 1 0.12792365009326143 0.53693383458933575 -0.68924697827460624 0.46933591377533979 0.012732975901362078 0.65242727175657111 0.1344169951551677
5 79 1 0.14900165377711838 0.50979651958575056 -0.68882225617325143 0.49338617247581118 0.040579839278643157 0.60838102342543443 0.10301794992863678
4 70 1 0.1648419074385894 0.49726022205396198 -0.68561466635688928 0.50546211172666877 0.045421680098072778 0.54950829676255886 0.10570464008486952
3 64 1 0.18243725600366806 0.48963629357598965 -0.67291328264498806 0.52360353481901367 0.038083341423049318 0.50369450813917416 0.10393324869210471
2 55 1 0.20721221519187383 0.47287959990634271 -0.65592468269742621 0.55064579585789508 0.017219843487627208 0.39651503136827659 0.11624346111879937
1 49 1 0.22496366639034493 0.46093424564640401 -0.66564608095605249 0.54207588481913005 0.027136336281790355 0.31383864190614758 0.15014948128262737
0 40 1 0.2680648042323745 0.44693025931382629 -0.64782889681632305 0.55561886621251488 0.045878328679049916 0.2483716157125431 0.16185509770313133
