19 868 1 -0.26131513870871026 0.72372007477025169 -0.59294172107970611 0.23741054538336151 -0.56067982431858088 0.89908622568922958 0.31226987868212613
18 823 1 -0.22432350060791559 0.66223523447150168 -0.63787610047151933 0.32285839271534178 -0.40964018344071451 0.87383241256934496 0.14116094823552633
17 781 1 0.033146728709841825 0.60093504098323713 -0.66364562507790092 0.44424413919518813 -0.098554634716720879 0.63724832520940189 -0.17438215432449997
15 694 1 0.30614886313055251 0.52951586114912197 -0.66827144564458185 0.42343724603708949 -0.42658373866527782 0.4124015350280209 -0.57929459379418025
14 649 1 0.22288608853257 0.39575984865205721 -0.75250464942579864 0.47689903158436792 -0.13549945903472072 0.1791577837674507 -0.59296291340110263
13 607 1 0.34741497602747246 0.29290001375199898 -0.67392700724582522 0.58252451045479192 -0.35824675739127382 -0.17316735178050136 -0.53383100494609703
12 562 1 0.37505574142451448 0.34903671380578666 -0.62794491758713933 0.58582569397103601 -0.44276110436386723 0.12801888312089685 -0.42050819421490027
10 475 1 -0.019278875030327221 0.55263932338840427 -0.76450085080534325 0.33129526459078495 -0.57864427266901874 0.92303104944420855 -0.10289899738640491
9 433 1 0.074255655606921378 0.56395375683770532 -0.74546414374519898 0.34745570674441617 -0.24544640165495366 0.99905023165729978 -0.010530648124525656
8 388 1 -0.026435531672018866 0.59473071079527706 -0.65787545881337717 0.4612986288655655 0.18574205705346924 0.75479319575115256 0.20802901759221204
7 346 1 0.13863203359635506 0.45046562056656186 -0.70881301835448285 0.52482948560435227 0.56288270910230942 0.24721613497496431 0.32496560268780406
6 301 1 0.2049410040147244 0.3480394879651092 -0.74032253112678581 0.53739208181406128 0.52240979569691948 0.0058194952117262659 0.061805883674968462
5 259 1 0.071499428044279972 0.43509420879395688 -0.7301004221335019 0.5220481154680896 0.42123914868835388 0.45090615521563743 0.050463902622292341
4 214 1 -0.1019041678213625 0.60358878625993284 -0.66230707994879801 0.43202482513345614 -0.21331183983433963 0.71877046274311451 0.064075370825245601
3 172 1 -0.075634455043275761 0.60174615258022413 -0.69476861740344098 0.38662328607640217 -0.3382873579572323 0.70547429046730348 0.02318327714783627
2 127 1 0.043618959800541479 0.55214346211743515 -0.7017639648472086 0.44806508592928457 -0.17517244780179905 0.52342458994754504 0.043129265043433555
1 85 1 0.17024575469322223 0.46663004135890229 -0.69578604283826417 0.51880108914861933 -0.032452665119538003 0.34670070987305934 0.062929365637591592
0 40 1 0.24890359552949243 0.46709201108088771 -0.65171673200315894 0.5432654549518362 0.034995327947096172 0.14076437237560682 0.057248975136275554
