19 881 1 -0.2225418203309866 0.6855892861479076 -0.6522950444606308 0.2344219356098686 -0.58197853303279434 1.001475635319109 0.2838251212799483
18 839 1 -0.3060566041021075 0.68131298999929912 -0.61014376635833645 0.26432281232947796 -0.48969557466311336 0.86987422952813054 0.23847052317948311
17 794 1 -0.062425225385278754 0.61464363214594198 -0.66504708152869751 0.41955771480000575 -0.15674271655425204 0.68881048752847251 -0.077103124288304001
16 752 1 0.15128294015400798 0.5623052577920693 -0.68630408924567232 0.43579004825996381 -0.24081564477088244 0.6327009120569379 -0.40121577422678717
15 707 1 0.36172417792324657 0.47342608908865169 -0.68420121334447559 0.42058537413220032 -0.51457983012414776 0.45906452915617407 -0.56671474766798247
14 665 1 0.18284955256923055 0.42747103834833367 -0.78001308128797997 0.4188247193257113 -0.12285839292785369 0.42242761372515092 -0.50395488344240236
13 620 1 0.31268681901571382 0.31573921701931479 -0.69060610940639244 0.57061274232217285 -0.28096966878390728 -0.203580723516537 -0.56526525254493043
12 578 1 0.38261294487529524 0.32662627629697527 -0.63943490671744097 0.58141689872025892 -0.43215415886026121 0.04448911633670239 -0.44132918563547041
11 533 1 0.30174174271086096 0.42211589527357707 -0.70883517858973444 0.47783133138886813 -0.49483956118702949 0.48404482282159361 -0.41332526157348215
10 491 1 0.074637145141809372 0.55299339141563209 -0.73393929982838402 0.38724760784689083 -0.64158571500123163 0.85744691313873433 -0.27911253562282656
9 446 1 0.12387434883385849 0.59180811573741388 -0.72182034647391802 0.33673979162640189 -0.38874251526903486 0.99559883011988914 -0.051238793885870583
8 404 1 -0.037959543774677924 0.63927031437596327 -0.65168415566557891 0.40644839703032037 -0.099239761247276445 0.85120053183404498 0.12580490958822868
7 359 1 0.073573010585942913 0.49750345722950945 -0.70888424553237184 0.49453053353054588 0.50544481530381102 0.40891186451502654 0.3564415003561775
6 317 1 0.20500474195108487 0.33749605368699148 -0.71601657343274394 0.57566460382145113 0.52965975148154865 0.012389469482200042 0.18292237209211371
5 272 1 0.16312976574919835 0.36986701885676782 -0.74932579974486579 0.5244977728506921 0.50346652506976108 0.25417450695018173 0.0060643199168249461
4 230 1 -0.051114856284631874 0.52730267017995669 -0.68397745124768639 0.5015117263562322 0.051607778981964995 0.66074885232840275 0.026148571948603819
3 185 1 -0.12438598585020222 0.60387993151309616 -0.68240103716799405 0.39266522549349536 -0.3650208094898833 0.74622799545562601 0.030678768117981765
2 143 1 -0.0075854567328985465 0.54156666014630706 -0.72297469284746341 0.42890046277224247 -0.19051414963580654 0.60651162438514761 0.010600495136847065
1 98 1 0.14747341011312878 0.46993180207279101 -0.71104487964891661 0.50182753395492552 -0.055610393249918934 0.40412469102258092 0.052999141522617067
0 56 1 0.21782961615189053 0.46294554631697965 -0.66124275086404516 0.54862528551110712 0.018048939168477669 0.21077316604084739 0.077803074262482022
