18 853 1 0.52129694433711815 0.40618886467740545 -0.6072284994181314 0.44105969157390529 -0.59776553064421101 -0.31517187610905983 -0.26029839367389696
17 811 1 0.38229571590733985 0.48277828090686892 -0.61034769228702168 0.49824774119248139 -0.68088593994357627 0.039443440569231013 -0.24336844802359145
16 766 1 0.14997200501062838 0.67753090305409103 -0.68408029350273891 0.22470964634613891 -0.25637749541697363 0.74416338519116398 0.11248558458511382
15 724 1 0.0092509284461858091 0.78164532767494033 -0.59587738454263872 0.18405201611893054 -0.068206364841592662 1.2878383785391652 0.51680036664382667
14 679 1 0.20735113483959619 0.67945319193332698 -0.68520290999987299 0.16076641123086369 -0.29216334252479975 1.4278529126258905 0.25061691877833941
13 637 1 0.035878064762270012 0.67828699540568949 -0.7147151069603277 0.16679877761879444 -0.90855268226984442 1.0280892696871793 0.58205232984708755
12 592 1 0.23200913235206846 0.58058593934181413 -0.65683420650451174 0.42149798897433932 -0.80994933418176762 0.41526987244045882 -0.12002391694498384
11 550 1 0.33498183165920353 0.36306470375877281 -0.73336776587237429 0.46705771947604285 -0.55370297154511605 0.068925758736084072 -0.33818712779394211
10 505 1 0.39063774922096289 0.31506533297478378 -0.64118221008541454 0.58053540659554281 -0.42026711104767861 -0.21471900467979135 -0.35373390979260055
9 463 1 0.4388499515989453 0.36002747447105066 -0.54589530106334194 0.61627044216363613 0.40899427030192365 -0.42163971052394278 -0.22692665385874833
8 418 1 0.37757081101837181 0.20133077985069339 -0.58575413803571219 0.6883300730940648 0.46599948869341118 -0.74469661233391982 0.14052950725681693
7 376 1 0.46957068063113361 0.25641442925368263 -0.53114033017706674 0.65699692999398318 0.049987500763075128 -0.75462378848763567 -0.12670012463822644
6 331 1 0.42508275379921379 0.35291495833530806 -0.57495463912009415 0.60347563957457895 0.012659505779767316 -0.13222733877528436 -0.054287092818061357
5 289 1 0.32921558146267765 0.28516316176482964 -0.64663441806203525 0.62622919244638331 0.25815404225754729 -0.019125997574523039 0.11645818507263268
4 244 1 0.14198377214387367 0.40204085370061782 -0.71057392356726379 0.55972176976574639 0.57339318692065078 0.68119462220930138 0.0056392241310852199
3 202 1 -0.0079646980943352246 0.58225241754191126 -0.68461085764395924 0.43843660824213654 0.21505070367915055 1.3441658427001355 0.33644302771637302
2 157 1 -0.075465338491173956 0.62699077825827176 -0.7023314010921079 0.32850897964210379 -0.13862521598361777 1.2648719272843518 0.52403748243491166
1 115 1 0.037645532937475981 0.58069566963045027 -0.70972673810688747 0.39706839503850477 -0.081039897368159738 0.98189498488459814 0.33761484297072319
0 70 1 0.16642749295184545 0.49701293028783439 -0.68540414358731161 0.50547126196234715 0.047263938998313264 0.54748371915300242 0.1060003483357614
