19 19 1 0.22639719138189218 0.32557434024537579 -0.63395233539632134 0.6639654337039913 -0.44565314933299416 -0.48430411175915467 0.35768076238301577
18 18 1 0.38459357367401686 0.18570422312519774 -0.58841663518742193 0.6865621516198136 -0.61768359983804433 -0.44431970143808097 0.49000233153802641
17 17 1 0.37149140657019047 0.15679702571124302 -0.58283810944799186 0.70548463182956722 -0.58880332423094817 -0.34841113978194477 0.48956190203204192
16 16 1 0.1033373144552886 0.37988223727959886 -0.68830307630746734 0.60930268371827512 -0.47103417732516462 -0.41754484055672542 0.19065656827744976
15 15 1 0.10974367123854456 0.40139713889324224 -0.69991294730905962 0.5804812914302675 -0.33546605527446777 -0.39155975401168763 0.28375924583689671
14 14 1 0.015715632970765427 0.37488075134705018 -0.73689481567245108 0.56231972380920781 -0.16943180707169378 -0.35569375083390242 0.3494534616271372
13 13 1 -0.070384835425851999 0.38716276275669981 -0.72517708331055908 0.56503908530106617 -0.030921636730081904 -0.26845574812916589 0.32661648217470263
12 12 1 0.1554315684429238 0.1879735903178241 -0.72095595234062926 0.64863662528338306 -0.17127434850744488 -0.38058888403974162 0.35449469478694312
11 11 1 0.22162312586675409 0.098419136443074248 -0.71940698838280137 0.65088435895236885 -0.27323721235323323 -0.413470778766447 0.34933611662975805
10 10 1 0.43028157839079745 -0.1037592368760314 -0.59208848721389817 0.67344116845436874 -0.48022671163460739 -0.29677385744444429 0.42751320253966824
9 9 1 0.49869833498056099 -0.0076438887722991072 -0.51157931855955985 0.69966287773054625 -0.47163508843759311 -0.28935889032362494 0.69795624734235251
8 8 1 0.41159291277641497 0.035712712261450487 -0.57202299265809464 0.70859408140742663 -0.41308983791757803 -0.2480136899645313 0.68378646338837823
7 7 1 0.19857293307633547 0.23628864794793836 -0.67737875667080039 0.66775331156911322 -0.2269381666449749 -0.36933145575887844 0.52684906389056052
6 6 1 0.054999123680373595 0.35422930727238416 -0.70522579955305131 0.61168068950104793 -0.086334143307878725 -0.33928505281600924 0.37485293462848979
5 5 1 -0.06715971349941495 0.41908978201918012 -0.72181174136096937 0.54666364203524431 -0.041098772621270707 -0.26767316360032983 0.27113605265803981
4 4 1 -0.13533777615656636 0.46437152990282871 -0.70797647366585692 0.51459895189978744 -0.024541806659670044 -0.27342012908466556 0.053318358820237
3 3 1 -0.23669799252817061 0.49124477216233459 -0.70618697938109753 0.45161109852273507 0.017226900407564492 -0.21562440877064243 -0.0069278832192141825
2 2 1 -0.27663442653446557 0.51924219286096363 -0.67522211029554136 0.44490003481335089 0.025235309127119149 -0.17038042283472882 0.013702431040775967
1 1 1 -0.29527272760332218 0.57427793242387981 -0.66126375813543103 0.38177102409854824 0.021195559456526385 -0.099350667910085622 -0.0086492809936531169
0 0 1 -0.34604498672253003 0.60278819914939918 -0.64377909064580752 0.32007457971180031 -0.015221689710885559 0.0088267186998900616 -0.029527091162934633
