19 868 1 -0.23507602142941378 0.6560118769052975 -0.67688289573786675 0.23710172282298378 -0.0072496476430341707 -0.33638553990406128 -0.71593668748622818
18 823 1 -0.45426909934871346 0.77666825430999875 -0.43630893635038787 0.0077794720104284306 0.27586655176003422 0.57678256141083784 -0.68573327837531839
17 781 1 -0.30014026830399426 0.66617776053382949 -0.62188623585851566 0.28174548862806054 0.73806442857018439 -0.17988095916948893 -0.49511702136240798
16 736 1 0.065919436435955658 0.36395442705643316 -0.7292967619354358 0.57560232448842463 0.083158062457312942 -1.1181081833255144 0.25739599238279759
15 694 1 0.11155409147398751 0.36122140730140162 -0.72819657867640519 0.57166819256154722 -0.35313387432835736 -0.97161836169713978 0.28320649197492509
14 649 1 0.041045675187982009 0.54532235109365179 -0.69296443341665825 0.46982877728549655 -0.43467256155761536 -0.87910693782454108 -0.17506068170348763
13 607 1 -0.06643372002920396 0.63819172735928764 -0.66615452406661824 0.38017894476000053 -0.43388397201971207 -0.5281018127856234 -0.43359529867682489
12 562 1 -0.17490848544039139 0.67256648601508728 -0.65768574186860917 0.29070742775684838 -0.53322862229349854 -0.31401783808326522 -0.58561560043594107
11 520 1 -0.55828726663912465 0.6476205487731308 -0.51681552928360697 -0.042481306556052416 -0.50142992238203987 0.57241412039557626 -0.63765278803169789
10 475 1 -0.54927314606757827 0.62869712894721197 -0.49473662888332182 -0.24140132374062051 -0.93021640812160378 0.74442797174931896 -0.33064159694192385
9 433 1 -0.46398150121646309 0.59913036250282869 -0.58515404714735719 -0.28871909594485612 -0.95520779351653073 0.96937758978830557 -0.17245833707994798
8 388 1 -0.44337778833571295 0.66919603947788464 -0.53361306427272026 -0.26617643621313125 -0.6820094190929934 0.82316271811304753 -0.15146956761656283
7 346 1 -0.50366508249614594 0.64209449860572299 -0.49808895567939299 -0.29316127262076658 -0.14489337420244086 0.96547043064215021 0.32420395371748084
6 301 1 -0.66076135801114233 0.60219329524253207 -0.26347125468959803 -0.36240938298628605 -0.21963558877891534 1.0222966024401825 0.73906121173581452
5 259 1 -0.6948107441319743 0.69955906517324007 -0.02005079014114669 -0.16568980049306092 -0.53360344645603519 1.0539909454590539 0.3294379215243009
4 214 1 -0.62191310749163264 0.67480008853458229 -0.34796610115218596 -0.19180333597924651 0.058171567118375581 0.80445948555953251 0.12512778137336489
3 172 1 -0.46784497438163647 0.67111169222579825 -0.57243485861050514 0.055213305925675679 0.28605192141448416 0.14515921260211115 -0.060414741504345032
2 127 1 -0.29259540608384799 0.64454864668605316 -0.68199453996241244 0.18392503324795897 0.1280201376448433 -0.3582032437674017 -0.25890830368208062
1 85 1 -0.11347224788000014 0.67703574976369418 -0.69116400199001282 0.22591804898263898 -0.19736173542066418 -0.30262647302049295 -0.17744387505423223
0 40 1 -0.19160456704987605 0.70089641365842237 -0.66161992174198903 0.18517825563633444 -0.071533125756207711 -0.052269404837898888 -0.055075689123668448
