12 1610 1 0.011321524572452132 0.63626643732712884 -0.74952577504807971 0.18234022142953998 -0.026752097577249712 -0.65568579757858458 -0.12234493670670234
11 1482 1 -0.0098777609164472212 0.65370404848798069 -0.72567250074471734 0.21441284591322726 -0.083649905631698621 -0.69477546834521298 -0.11255180986752295
10 1354 1 0.042061266303108184 0.66196454885435863 -0.74499234048639629 0.070853359508395081 0.15326306224539901 -0.52995570280698412 -0.098178684442256817
9 1226 1 0.04533165701878613 0.63173015899584384 -0.74582960995900482 0.2063982557954788 -0.040756661020585221 -0.47637385713293301 -0.046711366391082317
8 1098 1 0.024859395480143518 0.60048735721772906 -0.75986345222641127 0.24779927007275437 -0.086489180679723804 -0.39178042493812065 -0.075960425753703639
7 970 1 -0.06928253525686956 0.65216520644570819 -0.75486395597814337 0.0078026774273384156 0.1782980509748979 -0.24007635843223638 -0.099338584327978638
6 842 1 -0.29009834620693159 0.74527158473905164 -0.57553599914229903 -0.1707967452846266 0.28217777361353941 -0.26871100789106717 -0.31634573798240267
5 714 1 -0.072744219937542209 0.64124448251957744 -0.74487971365625583 0.16931628476685923 -0.12692350686535506 -0.3638618844273489 -0.018792466469075765
4 586 1 0.046018678856309732 0.67376930771883459 -0.72547692870025526 0.1326666012832437 0.0029430349211793209 -0.069720785076199512 0.048059009151444836
3 458 1 -0.23202795330396403 0.79382006245143399 -0.56212096636239506 -0.0057233304100131584 0.20173468669356084 0.20474509578805902 0.17742109352542315
2 330 1 -0.26683696301872945 0.78047457650604879 -0.56364052927918873 -0.044348893430627784 0.20522590539872251 0.35677461361648766 0.21048522865845068
1 202 1 -0.24909845481029111 0.74389142864683744 -0.62014105794366303 0.00075528101180647172 0.082458303788014012 0.11210244627670689 0.082661782202886586
0 74 1 -0.16548492259733744 0.70300062459025792 -0.68376109594043055 0.10428626897632301 -0.031101513958487929 0.0044617977190792822 -0.0084503041394510762
