19 883 1 -0.22644307753433249 0.68160809338001105 -0.66371962414263996 0.20883055380762514 -0.5854091428250171 1.0272653453275307 0.32411641682087644
18 838 1 -0.30678271484386249 0.68360589107552905 -0.6117377729122907 0.25366168167890851 -0.48651638650115508 0.88109063030375467 0.25172691187120833
17 796 1 -0.078112442481010888 0.6231381689216563 -0.66977636958761877 0.39622832244129857 -0.16794329651050424 0.70426085888353218 -0.039930978152216801
16 751 1 0.16038711934537911 0.56941625606276636 -0.69319265793721274 0.41173418398463774 -0.25530939522297641 0.64440493680443778 -0.39372521141068267
15 709 1 0.3455189057701481 0.47075745834844124 -0.6984572881850214 0.41371671194905979 -0.50814482054614329 0.47784214751880127 -0.56280998599111431
14 664 1 0.18288066791945282 0.43073145196411367 -0.78037516058790068 0.41477667042353 -0.13355360924503254 0.39803678827454125 -0.5082989520843334
13 622 1 0.30113323931959102 0.33082164445347662 -0.69359659305182797 0.56462339470206557 -0.2816938898232465 -0.21567628456653262 -0.56818401922463624
12 577 1 0.37678785843513563 0.33453569358379365 -0.64362401754565479 0.57607716800153175 -0.44212721997844001 0.038461770487426619 -0.42528584061989305
11 535 1 0.31213785897184054 0.41710934699631547 -0.7158497442214562 0.46491815768246625 -0.49211503002550067 0.48738376310118087 -0.39030168122383241
9 448 1 0.13371469873124481 0.59466544161865098 -0.716303399774463 0.33970992237385916 -0.42303850553054595 0.98713423639765874 -0.081062575078193769
8 403 1 -0.044331935319750437 0.64494796608137439 -0.65166525414024756 0.39674827927116529 -0.080648117754366228 0.8511912814180379 0.14920095705265074
7 361 1 0.060761373538005731 0.50268624563224562 -0.71733979815252946 0.4785793642902092 0.51159821588457732 0.41501187588512062 0.37691951322296058
6 316 1 0.20046994666800266 0.34061752231259018 -0.72600757466214427 0.56276505356120998 0.53800958855523984 -0.0061960177259266338 0.19348364865546724
5 274 1 0.16364580641038248 0.37410032413942806 -0.75448338390009162 0.51383248334621412 0.51406161129777128 0.22218301766113419 0.015869868638518334
4 229 1 -0.059444425708474913 0.54032704317805424 -0.68262394539293925 0.48840310793321984 0.031990460435121292 0.66465571875818519 0.038589910511070184
3 187 1 -0.1307547277276426 0.6115564429506728 -0.6781353468748812 0.38604969833076586 -0.37220521120555145 0.74988877171466528 0.034970625652279617
2 142 1 -0.0086004988012224268 0.5446126556541887 -0.72337473791135809 0.42432543557196323 -0.19409999509950712 0.59997339792482751 0.016252420526852843
1 100 1 0.14198972070271368 0.48320456528206457 -0.7112995563213298 0.49031133831721257 -0.067217242101167765 0.40797977161468757 0.065094558250125903
0 55 1 0.21932580513940206 0.47028395572775816 -0.66333850381449533 0.53917642895637785 0.019780325934161656 0.19953109094455446 0.094131346592674747
