19 867 1 -0.26828987404873894 0.7259211508545077 -0.58949316599464707 0.23142349377404711 -0.55039986112369921 0.89442994287487765 0.31280972548363845
18 824 1 -0.23865857444104799 0.66806118766284628 -0.6342645489574178 0.30731875360953409 -0.41980227746660526 0.86784648739893133 0.1542263558534456
17 780 1 0.029437822864434381 0.600988231258751 -0.66751438571115229 0.43860130567765448 -0.086979761455206292 0.62803756998872351 -0.17016745557820934
15 693 1 0.29505524145002543 0.53762704798647099 -0.67307937127543171 0.41335665197222793 -0.44252305694670324 0.40059898315259884 -0.59225501727479279
14 650 1 0.21814683657352144 0.39655070277206839 -0.75606290958591671 0.47278787481535717 -0.14092749029985788 0.17729544924409196 -0.58616005698520546
13 606 1 0.33870249656911861 0.29881424425473085 -0.67721383004814728 0.58083740809269468 -0.36884453445314086 -0.17917280002175323 -0.52410021439437415
12 563 1 0.36791945568329115 0.35416900720179423 -0.63436328691567612 0.58032991365338538 -0.4450733033918407 0.11925402140453985 -0.40101750809033188
10 476 1 -0.03180116952207649 0.5599188595868726 -0.76746491998549782 0.31060771543478727 -0.59560382133643797 0.91198194590322035 -0.069973000771050967
9 432 1 0.059153079076634578 0.56975187548631478 -0.74736450759952655 0.33664522333771107 -0.2440349022554095 0.9958655274558107 0.010606064836512337
8 389 1 -0.042985070249283885 0.60638819334313576 -0.65926326085714138 0.44251281969421058 0.16345287431697778 0.76242434318218177 0.23349512560159855
7 345 1 0.13468709766103848 0.44640382321208544 -0.71478374769833775 0.5212170434392932 0.57206593468266886 0.22618443719531953 0.34608884767443798
6 302 1 0.20000378549781853 0.34689745882136919 -0.7415272755864214 0.53832883854684821 0.52947187614817504 -0.010753901057136252 0.083863149754930436
5 258 1 0.056778442215178859 0.44605110192886255 -0.73442105703149396 0.50837027249477162 0.41471383788378513 0.45622612585092709 0.070908708236027518
4 215 1 -0.10975610795727889 0.60070654020116421 -0.66669454416683172 0.42734486554046491 -0.18878081881898018 0.71067081222711348 0.075104278071115055
3 171 1 -0.078448795430468579 0.60318816573022793 -0.69819661764953345 0.37753318572181577 -0.33092618310206989 0.69271036185194379 0.033304589018132789
2 128 1 0.032380252911891672 0.55196406363587625 -0.70633124063888952 0.4420219114178161 -0.17096549029587951 0.52217342403363254 0.051725025905227144
1 84 1 0.16526303765342534 0.4709883217250897 -0.69833687584781468 0.51301436336155326 -0.02635218370411007 0.33342590758999385 0.08286441285810231
0 41 1 0.2410503547876178 0.46912157984908831 -0.65771848204731487 0.53779742296708255 0.037165423428579578 0.14114883730627123 0.076209483155261423
