19 867 1 0.27241198736081673 0.29433682631927943 -0.68073875010056728 0.61298637499208908 -0.034072565179351665 -0.36887859271112833 -0.7765505757077753
18 824 1 -0.030041725573311556 0.55152192492529883 -0.64351434517727535 0.52991541646033791 0.25419646097200221 0.51079593925731193 -0.74974730938279011
17 780 1 0.20507032681381257 0.27640493448594777 -0.66839478262643048 0.65938978442956031 0.69711298488504836 -0.25059587968757346 -0.53126222629253039
15 693 1 -0.56864835144379156 0.13253621133494131 0.46291271846529886 -0.66692204954425149 -0.43743267911346873 -0.97653981987839 0.2537929121286765
14 650 1 0.4938807065541081 0.054231714738293746 -0.48554998507928948 0.71929269480487645 -0.51957947161381313 -0.92504126658123631 -0.16308146211035052
13 614 1 0.37606378008271635 0.18535298324783755 -0.53797419188370466 0.73130299724402892 -0.46643806438916613 -0.60081848443010422 -0.45401206173257003
12 563 1 0.32081398076812323 0.27032490462737235 -0.60965794454211408 0.67254741568055787 -0.60632880211367135 -0.374272458659409 -0.60690240485008973
11 519 1 -0.051849828411023258 0.49610431897150015 -0.76420298077493909 0.40888372939781997 -0.54696952880553074 0.52619291903571841 -0.72113037797138102
10 476 1 -0.064669671770222759 0.60992238707467672 -0.74735515338087977 0.25548540078310089 -0.98131234754042396 0.7565421884429625 -0.42086293208896319
9 432 1 0.053954648763164428 0.62499443655156062 -0.75732983855722802 0.18144521428608654 -1.0398373118413433 1.0655641973953156 -0.19833635874357533
7 345 1 -0.023968951616608881 0.6602855333233848 -0.71787634682112123 0.21932180584022054 -0.19990183580211668 0.93544096840183955 0.25923425005738243
6 302 1 -0.2967666100804266 0.67917394214039029 -0.65734939523399305 0.13617675295129292 -0.22147036399883421 1.0740015106799512 0.69375708711263173
5 258 1 -0.49773430025471854 0.62391219444604351 -0.49774703032812767 0.33947317091487239 -0.51292652251527138 1.0627628564552782 0.24662378921427031
4 215 1 -0.21981121010450844 0.62164621439457457 -0.68455987188177314 0.31083242728276717 0.029455850114554039 0.78769415322757275 0.046086220948878272
3 171 1 0.055013857829883397 0.43780240376193053 -0.74666048023117171 0.49779579946791952 0.24565161379085509 0.079649727476134649 -0.13192893809950726
2 128 1 0.24612624088899326 0.32966502240538664 -0.7082917260374274 0.57364246475939262 0.071524495115145373 -0.40713891299964577 -0.29417109647279005
1 84 1 0.38365874273986172 0.32431489517006645 -0.59035062249364056 0.63175308500352312 -0.26212473293038763 -0.36066321182388211 -0.19307363493123891
0 53 1 0.35151090714272976 0.41395005606201107 -0.60148070969497869 0.58592353520811735 -0.18641257434110117 -0.11143049024886587 -0.084406235199477514
