19 868 1 0.51853003634851702 0.39706132898859464 -0.59102539716935409 0.473453146918493 -0.65003648394018831 -0.40556576969563379 -0.2945027462044022
18 823 1 0.4352183199695121 0.44371106544841554 -0.59549266613359797 0.50901275911576793 -0.66260919365724058 -0.11631708297415601 -0.22724888174848018
17 781 1 0.18646668484480178 0.64000036466897869 -0.65856872474740802 0.34916606858504534 -0.71334033546796305 0.49616762052677515 -0.12213495409272972
16 736 1 0.036677793754908233 0.74358664460100254 -0.62245485328619821 0.2414199598971718 0.050588085399367315 1.2084252171952587 0.36018051053110944
15 694 1 0.2017047444274275 0.71387220573246168 -0.66869187192796686 0.050525739733404858 0.04589423502582874 1.4681861544775616 0.36825584818233892
14 649 1 0.0086620867193249549 0.71065138451653553 -0.68003251076067439 0.18015371838219532 -1.0446298437991779 1.0808703015281445 0.55201197474992425
13 607 1 0.16500351873142807 0.61523230366905568 -0.66945304342892831 0.38222463810180973 -0.84444298247100846 0.64576905846297605 -0.13152878352658745
12 562 1 0.39073848303633757 0.4059928792638986 -0.70384778961558558 0.43254075983047624 -0.61998087524784562 0.15455259771356678 -0.25928422143782626
11 520 1 0.43595439208609432 0.30362644954848778 -0.67514432179337447 0.51179575213710815 -0.54990424437367147 -0.072678186447436788 -0.32996684459575198
10 475 1 0.47364556473440694 0.33388590904257293 -0.566883291334911 0.58551124050315029 0.060807636052517246 -0.4060924757947138 -0.25501220371745054
9 433 1 0.35153302652057994 0.24604952130981472 -0.60731173584510878 0.6686229279895306 0.58364838084154913 -0.67285387211727621 0.069454539620899564
8 388 1 0.45854545091002252 0.28343600959460863 -0.52231173248820628 0.66074999206960094 0.16320749498528253 -0.85824661683855963 -0.086176471803830493
7 346 1 0.49227947625637697 0.2221842145312389 -0.53503173532054171 0.64964308221497546 -0.046714524015454159 -0.32143275469878468 -0.15230464019920315
6 301 1 0.30683291267065216 0.32129757690145616 -0.64607881017080904 0.62064772764231435 0.17819848286362441 -0.040497120637205487 0.12273795771915773
5 259 1 0.23790743981344811 0.35928332314670786 -0.68173596681980142 0.59122890265474992 0.55735677168056252 0.40506617660253363 -0.084545430268708796
4 214 1 0.040606238600169049 0.55644715183064419 -0.67670910754581637 0.4803982560031364 0.32858891406655111 1.2133757850398161 0.12555438580128653
3 172 1 -0.046580432056005018 0.58464570158711848 -0.7147286849233534 0.38102831116980757 0.073148701202853286 1.3298385594633113 0.41592975276481797
2 127 1 -0.010397851182527066 0.61730754778322194 -0.68559061573085367 0.38573149179505734 -0.18056759110791623 1.1000742273494071 0.30617430925177991
1 85 1 0.13077367351326588 0.5367003819987437 -0.69079896701095989 0.46652731265686814 0.016059008327769849 0.65252008445143217 0.12414242757698683
0 40 1 0.2709696743351464 0.44602001117786083 -0.64930136542508388 0.5532172467274743 0.048804813872892337 0.24640338558035679 0.14905334290888675
