19 868 1 -0.033570921958166237 0.61430655111670629 -0.7854719157674529 0.067337389276564893 -0.80585062040891697 -0.58073571502198795 -0.36451895738386797
18 823 1 -0.097349266919137187 0.6725080670080047 -0.73117451498908259 0.06033115836732731 -0.77952617322459039 -0.30796198811112124 -0.3247864720273535
17 781 1 -0.32255840100342975 0.70295619518787655 -0.60390917295280333 -0.19261977160342583 -0.78008257550817417 0.38269116812123743 -0.32829954898241731
16 736 1 -0.40431186610822378 0.70386614003649128 -0.47473279188372836 -0.34019574974490319 -0.0040960544354467655 1.1491418320036009 0.12314041762505235
15 694 1 -0.28115813020165031 0.57445067203351552 -0.63536953965074627 -0.4327378875321099 -0.16235771492801193 1.3895550013315745 0.057704563474855128
14 649 1 -0.46170120963559624 0.63907024853209571 -0.49871815559790378 -0.36014082209488263 -1.1063333437876621 1.059205123188574 0.30677893431808723
13 607 1 -0.34142185258862345 0.70974214176980199 -0.59844025805398737 -0.1468552631377017 -0.89122991510893568 0.51710331420233902 -0.34667413762503846
12 562 1 -0.20449328847257986 0.59245312032098907 -0.77859825733934418 0.031089368918170941 -0.75001551743276651 0.0086019949685207965 -0.40733962821432579
11 520 1 -0.15192910017042893 0.57328884490593712 -0.78923392524599789 0.15927102708469862 -0.68659860541610884 -0.23860521655740149 -0.44706416709228008
10 475 1 -0.049552622044800564 0.64570336580670751 -0.73726063294842281 0.19250574053483555 -0.065684834884808807 -0.60854056064404738 -0.31743132940037649
9 433 1 -0.16646103255126685 0.6401666762427034 -0.68172529436772344 0.31261473779970228 0.50065769909420421 -0.88543458596929359 -0.019110066616765127
8 388 1 -0.030407675416746004 0.66173035719244833 -0.69439996458269881 0.28106404400643542 0.053992536129679566 -1.0719946661161062 -0.12207026299257459
7 346 1 -0.01475957881130025 0.60977369432421036 -0.72688794000072077 0.31558219091866718 -0.17961975370145106 -0.52532362435391633 -0.18378616891758451
6 301 1 -0.22574472499091633 0.66118646448082441 -0.6788116262878785 0.22602334910917671 0.11456614210166574 -0.24407000108562832 -0.0022591134988633171
5 259 1 -0.30048804030284459 0.66823015487626813 -0.65671313261059527 0.17861483478640205 0.51701440162875756 0.21564002571505828 -0.2387462989543139
4 214 1 -0.4389413523078135 0.73418571699410529 -0.51659064085009287 -0.037893693170897087 0.35165755350684336 1.0894544676899953 -0.091309928008628805
3 172 1 -0.52817772794517626 0.68575817611399237 -0.48381702211907185 -0.12917081986004278 0.10000204815743212 1.2693285466122946 0.17373026646234091
2 127 1 -0.48175825997687954 0.71264891154137133 -0.48788782424506566 -0.14834412282380408 -0.16535752831598241 1.0241008984583573 0.067458373983443662
1 85 1 -0.38361866156327251 0.71028223148358438 -0.58918895713817676 -0.03452892882107908 -0.00071349800733435395 0.51689810752631637 -0.084520502267296349
0 40 1 -0.25342782149135423 0.70487750017860973 -0.65621771628650072 0.091106299825148895 -0.0036415774528810118 0.057606999296615412 -0.0047762421705115242
