12 1610 1 0.60430238367552491 0.62724857728903072 -0.21569507479760355 -0.44142211779771734 0.17196272950468616 -0.65214254930022597 -0.10106049487205905
11 1482 1 0.59573751721058188 0.61590315885038105 -0.31168009917547501 -0.41062832986030057 0.067019271702254329 -0.53461216951701296 -0.19631004147735726
10 1354 1 0.63398996652708195 0.61316370413227084 -0.29142704932848362 -0.37034749789552551 0.091823099555340071 -0.53997684943261726 -0.05419402705857506
9 1226 1 0.64661769451956164 0.38655498129277538 -0.39094396881461779 -0.52879449393826328 -0.16119182983268929 -0.56213231050227741 -0.11427749431614732
8 1098 1 0.68965649061298884 0.32834337956852183 -0.39757514028572055 -0.50842753453731027 -0.23137165602378559 -0.5380314556979624 -0.045863874250844941
7 970 1 0.51675136722988813 0.68667768134201712 -0.25770703235480452 -0.44162073308176125 0.0037459957862026197 -0.001797133997364667 0.011276114616743478
6 842 1 0.58881364931726621 0.49792269929793004 -0.38413758485774024 -0.50774972949397923 -0.14674497213569387 -0.57293002214231992 0.017586053131567633
5 714 1 0.65465791278543517 0.22374694650436786 -0.58721471254352475 -0.42016568461716935 -0.30598808384561882 -0.44179430260018188 0.39275864039952396
4 586 1 0.69966949609430473 0.49406756022402476 -0.41283211378547569 -0.30972485853873166 0.043948287046262885 -0.59074124918017989 0.28360273991238216
3 458 1 0.65088789292351668 0.38848140358713767 -0.4939456920585637 -0.42596338247475996 -0.14462992152479803 -0.51683669315256198 0.28916291811747369
2 330 1 0.74568488304851976 0.17279242776666767 -0.51572864301859256 -0.38486465006495135 -0.14355532178109617 -0.36241970369908871 0.59631040016678394
1 202 1 0.63727587099960648 0.34764706566247983 -0.5280475936216148 -0.44066622385699394 -0.2399257129823768 -0.52929786132703982 0.29239352902582211
0 74 1 0.67581065998451995 0.27161861372749047 -0.52579559115515273 -0.43936576658844012 -0.20050908793059941 -0.54071391654156287 0.34324213113126972
