19 867 1 0.26897287208910187 0.29370168442744499 -0.68455220808842099 0.61055809637239966 -0.025261824979237093 -0.3592336259412377 -0.79327513613106815
18 824 1 -0.036417888684063066 0.5520860296986404 -0.64549548774528098 0.52650767183002101 0.29051213873756931 0.27654066062531901 -1.4609544134366081
17 780 1 0.20215570434090283 0.27182379510143151 -0.67345697656649794 0.65703926544233249 0.5993891165606513 -0.26104264550079204 -0.49360742734986429
15 693 1 -0.56630422956170756 0.13171947866830905 0.46240769609128241 -0.66942409660500124 -0.43641517028046284 -0.99945951053103399 0.26649093875132007
14 650 1 0.49086659070454725 0.054879623860635718 -0.48575966933162046 0.72116278374985798 -0.519218609600265 -0.94313431656714586 -0.16348464952760888
13 614 1 0.37271645140003368 0.18537613040501541 -0.53668814478469939 0.73395093322332294 -0.4653875818588728 -0.6146715726783949 -0.45748324440202698
12 563 1 0.31597368031598189 0.26734938048120988 -0.61198733820865492 0.67391129978371211 -0.60141828242618089 -0.37431106692358757 -0.62061971558601936
11 519 1 -0.05399538992878327 0.49422115973596414 -0.76632705899511244 0.40690635505921852 -0.55422727645399106 0.5461155579128234 -0.72254386215509625
10 476 1 -0.066016553156671112 0.60798017997778864 -0.74946137767885179 0.25359329413690357 -0.95864535163982234 0.72839147924775038 -0.42214329093735126
9 432 1 0.050812566020410746 0.62354887638539369 -0.75979114155223126 0.17698108122534409 -1.0209990387741832 1.0359368125005974 -0.1993100052104774
7 345 1 -0.026404820642553974 0.65864263871940121 -0.71899791577710792 0.22030582610488045 -0.1869403224680197 0.95827795153875184 0.27872486816789865
6 302 1 -0.28773828947465135 0.67791608639447343 -0.66158172281146188 0.1412305937805983 -0.21899597655626879 1.0594590442966598 0.69599070565132615
5 258 1 -0.50112305337640495 0.6231392067258843 -0.5009180295231026 0.33114097015385519 -0.5434767691414365 1.102615743059419 0.26986074498626234
4 215 1 -0.22174944903752508 0.61946642777961969 -0.68731756949003864 0.30770616726971389 0.031079145667026402 0.81367564039236784 0.062367803652696042
3 171 1 0.051617133960620065 0.4353117215428664 -0.7494198717215893 0.49619475252956308 0.26003204429581739 0.093703867202042573 -0.12559367740186303
2 128 1 0.24203687096997342 0.3273111882808612 -0.71129231068803889 0.57301726664499864 0.087101362614955741 -0.40409384915956281 -0.29675291071532955
1 84 1 0.38109133314860383 0.32661366700499561 -0.59437349459490629 0.62834151322955634 -0.26501986425706953 -0.34662090652662669 -0.19316097236734478
0 53 1 0.34880949565222646 0.41621065377937505 -0.60558097385295262 0.58169778367352776 -0.18846607845970662 -0.089208745435241307 -0.077889451265040877
