19 883 1 0.28234369448940438 0.35296931436414936 -0.63355979796517181 0.6279304768059174 -0.36720854418137794 -0.37105520384144225 -0.62557394541366174
18 838 1 0.016269664063430139 0.43778244432410995 -0.67798512197499194 0.59026943327045656 0.37459496664084113 0.2881152855114727 -0.75833759510749454
17 796 1 0.064742972388658962 0.40659922196683884 -0.70408163847066929 0.57857969770006656 0.50251610596502527 0.089770200068382044 -0.57705727809654006
16 751 1 0.36308559624057285 0.033733399377881598 -0.59880112467950275 0.71306950618547882 0.60699248618088042 -0.87727731057322866 -0.15189441213316754
15 709 1 -0.64448571401309507 0.2006587830295529 0.3739371127148477 -0.6360387197023567 -0.51856101721701575 -0.95063911822774827 0.45864225741779918
14 664 1 -0.51723917377278039 0.061508113878265283 0.506447685621503 -0.68716164820994863 -0.484448774371675 -0.94561617707373324 -0.016905482940329859
13 622 1 0.36599251323674653 0.088101119315020765 -0.48110597515180636 0.79172262422095763 -0.41683475566709377 -0.67980094817219461 -0.39627650171097389
12 577 1 0.33938032531974582 0.20741656576659365 -0.57072750046223741 0.71837976255430702 -0.50552690407288603 -0.54395313643739751 -0.54239611301460855
11 535 1 0.08397518252824826 0.47600744119335264 -0.7001685662762358 0.52547984114196522 -0.55316847930632485 0.11359458225132334 -0.83115336407692819
10 490 1 -0.13142554777972415 0.59619879989818403 -0.72456829875006823 0.31980477925946704 -0.8455801053288643 0.72109129891938295 -0.47040430280117773
9 448 1 0.022345365158359002 0.64112082572076701 -0.73382314139392513 0.22353605668395685 -1.0877618973845768 0.84536671839654942 -0.34401806874960283
8 403 1 0.048965864205088576 0.66678357193368376 -0.71974074126456289 0.18701678455674678 -0.92842086476922703 0.93984266549340145 -0.13054029437598497
7 361 1 0.0058165947551529432 0.67555837371913963 -0.70265898228111023 0.2232877191944958 -0.44589250325081548 0.89505705336274255 0.063941413370132413
6 316 1 -0.13621182987372524 0.66610657496826042 -0.70287477631715234 0.20908232111686928 -0.0010377529569647027 1.0580508346644741 0.38175905929549464
5 274 1 -0.48323499645459017 0.62061572216535532 -0.56246637622544016 0.25485611473639103 -0.49805778884694085 1.0592811519602949 0.49670885086407002
4 229 1 -0.37254280582279919 0.67484150491729211 -0.59886240276976843 0.21717417806788228 -0.23456492373551999 0.88370878247598816 0.30627166609995859
3 187 1 -0.076408349434876399 0.51347798302368297 -0.73728683898119296 0.43233117184825859 0.16610951870643612 0.31400986094674344 -0.095826907836451647
2 142 1 0.22443416504795383 0.34994039922169501 -0.70163028018703266 0.57869333197856576 0.22366685705675934 -0.36715466290639115 -0.2102292611741392
1 100 1 0.35790148389709325 0.3358846709342676 -0.61685015206860172 0.61529172393961251 -0.25825447997601203 -0.44141256573417009 -0.26250761558561025
0 55 1 0.34629130254052026 0.41220220590461137 -0.60060248275885042 0.5911415506763732 -0.1957760861212611 -0.1028639767327279 -0.091262040274723552
