19 881 1 0.27871971423827518 0.34146960147698197 -0.62140891044962709 0.64773821731922909 -0.3144102258664796 -0.39870972181156461 -0.62529124417995285
18 839 1 0.021253933264976866 0.43435303697642319 -0.67929070216070964 0.59114283514911681 0.36789418708531552 0.26284748624863447 -0.75410853556762691
17 794 1 0.088818464500361183 0.38054386649055155 -0.70663380675239484 0.58988669182720033 0.52979167407611005 0.033838572800468973 -0.57648649289622389
16 752 1 0.34942808404235076 0.037904108271873953 -0.61645617732558744 0.70458858498823984 0.60468276448159786 -0.85756950070537608 -0.16318207134898519
15 707 1 -0.64322747543119863 0.18262523090314836 0.38645802070184793 -0.63526107870952442 -0.52149278013019351 -0.9459145198451766 0.42361828002571472
14 665 1 -0.51697147489437245 0.068586830355463688 0.50305490843080658 -0.68918219648435564 -0.47895997214755121 -0.93896049391300263 -0.0025279424745303096
13 620 1 0.34605570169021127 0.096063283326178125 -0.49698412749470056 0.78995194407167657 -0.38497151684515629 -0.68325464038074735 -0.41881682344173315
12 578 1 0.34095097331643059 0.20673699223612768 -0.570172972145364 0.71827225455996846 -0.48354490864570127 -0.54242680306601165 -0.53197392946167321
11 533 1 0.056354339400317144 0.48152596570171885 -0.70514625332051095 0.51742216246873973 -0.50897176969751812 0.1635190522086917 -0.83495308762021647
10 491 1 -0.14149780466353409 0.59631340625539708 -0.72265192856217497 0.31962928986695732 -0.88336366831409918 0.70609183741023018 -0.48133053196209419
9 446 1 0.023009520521566445 0.64439995266504635 -0.73057490274628634 0.22467659968921588 -1.1446462906180392 0.8595834852221933 -0.33723761665181368
8 404 1 0.048156963410330662 0.66884147807696137 -0.72070402865782213 0.17583426047078177 -0.98030176843015182 0.93822707251384374 -0.090581830212369777
7 359 1 0.0039401952881364726 0.67462361789871939 -0.7059105544169717 0.21577242223476523 -0.40378677536722396 0.90248683367694627 0.091677821633746437
6 317 1 -0.13062597757269676 0.66822357928338449 -0.70238068002952203 0.20754633794443592 -0.010740461896146251 1.0407686775637173 0.37056942283642963
5 272 1 -0.48893826687738162 0.61965846051580842 -0.55135172609479388 0.27013707192166747 -0.48685210644844812 1.039320186616185 0.4545308177715181
4 230 1 -0.38816340911489405 0.67913462576721195 -0.58685133366925357 0.20907137556095726 -0.26001099732475413 0.87241263278140546 0.31967051919625344
3 185 1 -0.072153165540383035 0.50171282659098371 -0.73951516840210618 0.44293958509010284 0.18133611058171456 0.27622104994510338 -0.0964964689339807
2 143 1 0.2236250378555544 0.3538850120521394 -0.70280424260741603 0.57517252825737042 0.22937343533870469 -0.36678057072032949 -0.21462593144965739
1 98 1 0.36154913344385964 0.33854986618925931 -0.61549740281809784 0.6130490676392919 -0.26129646807722778 -0.42205152569726884 -0.2534518737360873
0 56 1 0.33862335558998546 0.41705476619820037 -0.60284704847695292 0.58989404233554454 -0.19861288281494269 -0.096221029118293916 -0.10111458605570482
