12 1610 1 0.011337614462550091 0.63628273172618799 -0.74950949672997202 0.18234927506558038 -0.026469029912179941 -0.65574558711814257 -0.12227812950535515
6 842 1 -0.28990646790574165 0.74529158316176969 -0.57575983822167676 -0.17028007700723177 0.28260503901910344 -0.2693657112706373 -0.31674943090763785
10 1354 1 0.04204808227128877 0.66192757735350427 -0.74503424911025729 0.070765872911614014 0.15340883886669462 -0.5299036886632178 -0.098191386492799237
9 1226 1 0.045405809803802731 0.63152716986677127 -0.74603134180923925 0.20627404876627831 -0.040854311751461106 -0.47633273677244931 -0.046809436992215743
5 714 1 -0.072619841788037223 0.64126109048784186 -0.74499810878244144 0.16878504174129283 -0.12730709303949314 -0.36348778783030655 -0.019026658197317612
4 586 1 0.046108074014046652 0.6737860923667458 -0.72548322272798949 0.13251581333590748 0.0029465784165873892 -0.06979062453509885 0.048036134893429623
3 458 1 -0.23198380658887374 0.79383987381338439 -0.56210943682823045 -0.0058948497127300067 0.20174067394778827 0.20480568134582577 0.17735996402772189
2 330 1 -0.26669694244896902 0.7805134225217305 -0.56364246110203886 -0.044482740412686149 0.20518606840318948 0.35660692090268481 0.21037497273067504
1 202 1 -0.2490605257992346 0.74390077996400328 -0.62014527165862432 0.00057104904133366318 0.082501467841828116 0.11219768676752868 0.082638100586324675
7 970 1 -0.069281643639219612 0.65209557336403179 -0.75492590382418945 0.0076352333895818528 0.17830365767493667 -0.23997034445026438 -0.099405236575555389
8 1098 1 0.024782635882517438 0.60033791160499694 -0.7601261211424214 0.24736307890516368 -0.086655467903975741 -0.39137278280451837 -0.076323227065079519
11 1482 1 -0.0095896633577230092 0.65411937078425064 -0.72544535960505907 0.21392736465676432 -0.083616920354843499 -0.69459286422224298 -0.11233646936318673
0 74 1 -0.1652832878034014 0.70307955174977066 -0.68375556493677225 0.1041100672472887 -0.031216534383823619 0.0043524073023272127 -0.0085155010059704966
