19 868 1 -0.26079573800421263 0.72431433453079486 -0.59404528381976818 0.23337636684878971 -0.55827377130256861 0.89688341158022611 0.31560812554827505
18 823 1 -0.2237608416558905 0.66332605159656588 -0.63887149016094702 0.31901857951268081 -0.40892272817773062 0.87065347089309064 0.14384857704274173
17 781 1 0.032808089882214439 0.60041688901282753 -0.66500136439312307 0.442940598705654 -0.094090401979145089 0.63252490696907115 -0.1723511745612312
15 694 1 0.30181745638210977 0.52860421983617656 -0.67150971316354968 0.42256183798519686 -0.41759514939572051 0.41127582987471256 -0.57904901072522985
14 649 1 0.22261435841974947 0.39628406069124877 -0.7551054441794407 0.47245905519736586 -0.14145090699684271 0.1791219483222071 -0.5935192595636859
13 607 1 0.34705826370331394 0.29315549156784493 -0.67735876741694512 0.57861517398202833 -0.36379999727794532 -0.17186691677068591 -0.53430610091349984
12 562 1 0.37515568937485272 0.35162545715381743 -0.6288293021612964 0.58325933799158747 -0.44941711361125714 0.12684093683825975 -0.41505007534902677
10 475 1 -0.016286595721404389 0.55323987435551503 -0.76400401625175784 0.33159953464093594 -0.58174099502903454 0.91257034574192675 -0.096542545968259022
9 433 1 0.072834649434713211 0.56352999817237093 -0.74749630479728424 0.34406151966759635 -0.24310169841593296 0.99760986911948291 -0.0061456077805905271
8 388 1 -0.026612897298683082 0.59525810670756929 -0.65987950920727645 0.45773198864035464 0.18683756867971191 0.75330059374634217 0.21281299194421441
7 346 1 0.13703904089547828 0.45164540912357398 -0.71132325800578478 0.52082237692718492 0.56260745992776173 0.24840799766963861 0.32839082564357508
6 301 1 0.20282442774421416 0.34909457395759563 -0.74311387695492692 0.53364500917802515 0.52245123649036351 0.0076457745285702667 0.065350841074966123
5 259 1 0.070729800482212751 0.4350476310344627 -0.73185333003600939 0.51973219774250312 0.42225011530356404 0.44727495108471488 0.053972345508258933
4 214 1 -0.10272230880061536 0.60363342633715311 -0.66390310908052907 0.42931046532357781 -0.21012915486666339 0.71627943564373631 0.067378572570749543
3 172 1 -0.076552943934788578 0.60149108258982464 -0.69636398494471619 0.38396005627116075 -0.33503782005213273 0.70268774635958431 0.025690303527600458
2 127 1 0.042792973000424193 0.55208254652024302 -0.70356690891156504 0.44538435982209129 -0.17327928549815949 0.52042240746708035 0.046653620066367245
1 85 1 0.16920954146819231 0.46651152957280334 -0.6980876458024653 0.51614800457789189 -0.031600132200506406 0.34473785817609892 0.067039200663979018
0 40 1 0.24796566348801805 0.46685335446006893 -0.65421215142556466 0.54089503241152292 0.036251908021088429 0.13909716832011332 0.06136934637749214
