18 852 1 0.52159475461261173 0.39894253618717151 -0.60755639138216899 0.44683217886789833 -0.59072919186234019 -0.32367062043566164 -0.25818676628500564
17 809 1 0.38689370334579798 0.48309919987300581 -0.61243918328495961 0.4917790887895569 -0.68462934381261609 0.087698409637386593 -0.24959641550718248
16 765 1 0.14529334262448965 0.66469570608706707 -0.69797130114235373 0.2233954468651228 -0.1889567615762584 0.75386859819240626 0.11671622339828905
15 722 1 0.023590473184238629 0.78559518814312035 -0.59790556110691928 0.15745675577357507 -0.043624088947098259 1.2925750021594511 0.53788264776936057
14 678 1 0.2007230551399094 0.68798322309112769 -0.67890589695375891 0.15961241481118135 -0.34377499926130412 1.4069216526182489 0.27964828694756139
13 635 1 0.034854162858722747 0.67410162019861741 -0.71662613548318554 0.17555390886975963 -0.90552157712582781 1.0016380380827381 0.54371981769233202
12 591 1 0.23414944761837883 0.57805080200432457 -0.65761630427681272 0.4225779251587472 -0.80610794132064556 0.40863272148769225 -0.11863472726283834
11 548 1 0.34098623559139579 0.35914999596035846 -0.73952108564786656 0.455903752365655 -0.55470674661427866 0.078636312075855974 -0.32069966120585131
10 504 1 0.39091917554514788 0.31458987274459022 -0.6338287453260264 0.58862257156524289 -0.4074856699239226 -0.2289529870781169 -0.34705735058456438
9 461 1 0.42001240472216422 0.36318820325982881 -0.55897564134383215 0.6158166458262182 0.4674193892258281 -0.40521214307179787 -0.21976523009112028
8 417 1 0.37872589036046689 0.19567120966538878 -0.58143747118983513 0.69297182105416433 0.45741808651243826 -0.75250327253012073 0.14352640364045041
7 374 1 0.47682779048805557 0.23797189954030504 -0.53446366913435561 0.65601312458128458 0.020595123898542973 -0.73364738981799771 -0.12799312968439866
6 330 1 0.42302885832263287 0.35647633944741608 -0.57155748966638564 0.60604722625112306 0.017675185453787896 -0.1267046794805711 -0.042607106800821193
5 287 1 0.30943335009388656 0.29249815680899804 -0.66185019103684484 0.61696852005390446 0.27443994807778643 -0.013880036271951482 0.097959908943243842
4 243 1 0.13799313302318969 0.40966284552807763 -0.70897861796329831 0.55721052350358047 0.56669553709383558 0.70098308629875006 0.0021641265559661769
3 200 1 -0.014407137200682119 0.58761170754503089 -0.68418140752605106 0.43174149343023022 0.19686301815220744 1.351455233764713 0.35904379946089271
2 156 1 -0.078370317372901399 0.62760085008504041 -0.70265086757572703 0.32597089536104834 -0.15105446105954848 1.2556810913452345 0.52749270189442066
1 113 1 0.050509588514121011 0.57952595497013493 -0.70509711838478972 0.4055077097042093 -0.075531258489054606 0.97095489419154069 0.31666136697847364
0 69 1 0.17163184466169634 0.49779274103771265 -0.68246325174831801 0.50694063447438908 0.044710757502100101 0.5424340848201904 0.10282551260151752
