19 881 1 -0.21925491474056263 0.68602985884710588 -0.65445246975281268 0.2301787999942049 -0.58284740628576126 1.000872496142245 0.28851286720908903
18 839 1 -0.3040553452592018 0.68198213103997884 -0.61062965447039563 0.26378427747468575 -0.48850297172534579 0.8672823961803624 0.23867774132634673
17 794 1 -0.061005043169893206 0.61439926138152434 -0.66550208899885754 0.41940303034173876 -0.15496922106034655 0.68611816222893518 -0.076216620006215541
16 752 1 0.14581389965092867 0.56248200987301955 -0.68967533317911889 0.43208822020748139 -0.23401382063613158 0.64461482319405361 -0.39461560046244676
15 707 1 0.35818557050194183 0.47483239483267131 -0.6850926095824702 0.42057747228917264 -0.51221931521342201 0.4567287517870538 -0.56436666382992384
14 665 1 0.18382734351071531 0.42625474662925611 -0.78051192219470988 0.41870698354068736 -0.12087654059240351 0.41900748580183528 -0.50345125303570415
13 620 1 0.31236245905826865 0.31431398548607636 -0.69202121689604645 0.56986230623251888 -0.27782051602976504 -0.20386624986418236 -0.56414326995735653
12 578 1 0.38223901739877264 0.32474076540581143 -0.64016543941751136 0.58191492422608748 -0.42807357613894703 0.041589314633761434 -0.44027838539200748
11 533 1 0.30182553519488053 0.42068257512168472 -0.70982314125434842 0.47757577978067661 -0.49142673776379681 0.48187940837147047 -0.41260563404643108
10 491 1 0.058524907625535284 0.56273429392028096 -0.74042115595840841 0.36287940344235559 -0.65708818175297712 0.87452873785171348 -0.23249983036601191
9 446 1 0.12552452860540586 0.59143368964284038 -0.72211503263456056 0.33615422519586885 -0.38786771006491561 0.99288947317642395 -0.049991601014572271
8 404 1 -0.036929115606725051 0.63857605352128144 -0.65216492589082398 0.40686333544263598 -0.095575228228397688 0.84848324684826293 0.12592309015129205
7 359 1 0.074751530474765432 0.49675721691271396 -0.70910325013911879 0.49478991175947956 0.50768089433853714 0.40463125477068596 0.35783730476832692
6 317 1 0.20611723968571352 0.33651263503214124 -0.716091641381705 0.57574967747391992 0.53024870175005845 0.0078811681239099388 0.18550840919599343
5 272 1 0.16426016407172941 0.3689182962506084 -0.74943749676455484 0.52465353104115731 0.504472562479366 0.24944407158293669 0.0078962023415082624
4 230 1 -0.049615003812410532 0.52689215323932292 -0.68462459506709716 0.50121070826623182 0.052804086311706827 0.65776250508919443 0.027782946363151702
3 185 1 -0.12314947394546595 0.60336926787011269 -0.68290022060598066 0.39297203762245259 -0.36167982613226862 0.74301087249847031 0.030903663758173792
2 143 1 -0.0064429400221144503 0.54092283456366508 -0.723531771518927 0.42879220045864258 -0.18814263488933372 0.6033830787285448 0.011313403954239428
1 98 1 0.14837409629995435 0.46894088167176384 -0.71153320140457699 0.50179685166712074 -0.053362379654407113 0.40091651609365397 0.0545267615055142
0 56 1 0.21851242441299276 0.46176848550861016 -0.661624218918341 0.54888576143760193 0.020928275277350642 0.2074902052073648 0.079753012591442241
