19 881 1 -0.032129506430422221 0.57929861817870221 -0.81101834209519097 0.075033689619738275 -0.85230915956291842 -0.527633452288785 -0.43136243546396535
18 839 1 -0.0012710585598335923 0.66402977692147469 -0.7399736767496341 0.10724643345763195 -0.77166450961488875 -0.51330503789357496 -0.2730657420881743
17 794 1 -0.27163659679840241 0.69522060403024433 -0.66344169266858743 -0.052220603602834481 -0.75372242582335791 0.22996769434749714 -0.4731911137656768
16 752 1 -0.38868552492082181 0.6754285709222182 -0.5400386784612371 -0.31792771830218886 0.070611945510578783 0.78299876084344155 -0.037183473639510467
15 707 1 -0.32934714030183559 0.59764064597415756 -0.53713919030249824 -0.4958201384532212 -0.09840068831354197 1.3455697790023755 0.27459730707202201
14 665 1 -0.40196701071852459 0.60718337516338639 -0.57390444190186496 -0.37467927989751576 -0.82517036210003636 1.2236961887787896 0.32068676334916191
13 620 1 -0.40195062265675618 0.67654687613928821 -0.58836269975863265 -0.18587456755766738 -0.86332450406687344 0.76071121964945587 -0.22739241524253459
12 578 1 -0.27478374422979696 0.65729530546840698 -0.69413747974087758 -0.10310157387367996 -0.86211654159203166 0.16242644724251507 -0.29302912000102782
11 533 1 -0.12755718914088182 0.52929601070885912 -0.81972419226547233 0.17784022368655394 -0.71174952448324857 -0.085625583503307068 -0.34784491300837123
10 491 1 -0.13488422914416973 0.5963645978109402 -0.76195735873297599 0.21348652107017344 -0.36485041814184827 -0.44865051094774971 -0.41075587463500385
9 446 1 -0.14132082291748599 0.67229123383538469 -0.68489921730946379 0.24282912520310365 0.57385759328817254 -0.70909084965333535 -0.1248536948027324
8 404 1 -0.11133207589881823 0.64240941293629783 -0.67418283860965922 0.34697667813719574 0.28435553747725995 -1.0327585723100625 -0.0036025431214810714
7 359 1 0.03994448434151629 0.60244121475975776 -0.7175656832204157 0.34722976714834786 -0.19773751335657816 -0.72992361822995599 -0.10509780072944297
6 317 1 -0.16698300951452358 0.66999036338341744 -0.69972029746744768 0.18336055415191044 0.017516110043554484 -0.29210105528638536 -0.05679560545571144
5 272 1 -0.23744804072989067 0.61776521728827394 -0.71695572057515211 0.21899556844117318 0.39025870492068765 -0.084134671306384037 -0.21279941097157318
4 230 1 -0.41057414058203101 0.72778739658541791 -0.54544739857208391 0.065126921067195795 0.52098753729819758 0.77625641256976041 -0.22266503825561856
3 185 1 -0.50170779140642696 0.7118213434395505 -0.48044647670570911 -0.1037827061078537 0.18365605625305287 1.2688100427895754 0.13834637938976865
2 143 1 -0.53637294500674126 0.69158174849952103 -0.44963379738031012 -0.17846063224280792 -0.20383661088612709 1.1462555249825339 0.17545645000841492
1 98 1 -0.43005490165181237 0.70327106076035317 -0.55801304877945845 -0.095310199108550084 -0.051443706990924744 0.69099968913656939 0.018727678044549844
0 56 1 -0.30849826596747792 0.72008236477634324 -0.61827987752851798 0.063562574495448609 -0.0067657685985167216 0.22800979651566067 -0.06978513487128965
