19 867 1 0.26767194811845069 0.2901267214538284 -0.67970099912820381 0.61821093930231252 -0.029960425228153259 -0.37948909466810782 -0.77042087181174457
18 824 1 -0.037794651689962648 0.55439107446986902 -0.6455233693839475 0.52394816578643943 0.24123119385661965 0.52896697111706015 -0.73670769269921021
17 780 1 0.19612000335343704 0.27626272811015706 -0.67033200420375694 0.66020516014490205 0.7094919651738234 -0.23923578697711129 -0.51812265375355648
15 693 1 -0.56534757067427588 0.1318988934333058 0.45888768616659675 -0.67261199642024772 -0.43953916527423503 -0.97945399370862918 0.26840188804504245
14 650 1 0.48877957074241235 0.054183049879215711 -0.48220615986005833 0.72500755011493878 -0.51919039353063123 -0.9307817112477178 -0.15277489367355376
13 606 1 0.40185465593016823 0.18874770310534439 -0.53918542580560014 0.71565789080994335 -0.52343453131500706 -0.57577021814957197 -0.43353488121447581
12 563 1 0.31532205539782004 0.26708117744546683 -0.60924711462735248 0.6767995267080813 -0.60195390824811612 -0.37802265218762204 -0.60107916047620991
11 519 1 -0.055520460357429323 0.4929831569870653 -0.76660705458672773 0.4076747591728333 -0.54986467932566829 0.5260077450578946 -0.71298324296353544
10 476 1 -0.06731624143543305 0.60700509701238303 -0.74991193031256487 0.25425466095015214 -0.98277010751419336 0.75202521855599469 -0.41328819271010858
9 432 1 0.035956013328665375 0.62530976364886304 -0.7611104622941508 0.16853999162601199 -1.0337104439724301 1.1076323440378031 -0.16741803889961662
7 345 1 -0.024531747224349802 0.65531884842174049 -0.72154733320455267 0.22209197695261915 -0.19749340762083442 0.92597891568297208 0.2581740471610367
6 302 1 -0.29070380207203939 0.67490125051501848 -0.66298720183129178 0.14299500593390935 -0.21214370573696184 1.0404517343987603 0.66928971267598447
5 258 1 -0.5051734383716181 0.61816709281098237 -0.50251218251273377 0.33188966382776153 -0.51854646189283682 1.0834575710751628 0.25901274194453938
4 215 1 -0.22440676526776399 0.61552666739232298 -0.68842395240598697 0.31119284565150113 0.03831931278554173 0.78952670795123014 0.049259194982824363
3 171 1 0.049590124826936331 0.43209038714882958 -0.74824025915499681 0.50097428220706774 0.25478665500637721 0.075295822254865474 -0.12884558175920385
2 128 1 0.24074475593344014 0.32500738080281066 -0.70838460311374984 0.57844914987025453 0.078659013584361656 -0.41486995335056454 -0.28986078332646459
1 84 1 0.37779124366692746 0.32647998425368946 -0.59219677108203628 0.63244571340971012 -0.26536090572798637 -0.35112814732008585 -0.1839965653307899
0 41 1 0.30938687433300027 0.37394289917861567 -0.62134053104174192 0.61512796606000131 -0.13886402353220059 -0.11795972807561025 -0.071923979885388664
