19 896 1 0.26218376697384749 0.37975136817630339 -0.69670780112936992 0.54922382554756977 -0.55047568410399217 -0.26950531888702445 -0.5795037552636696
18 852 1 0.15453184045489113 0.30606832267674711 -0.71305657140368373 0.61154919517360995 0.32627166206757946 -0.11098620942793851 -0.76195639545197125
17 809 1 -0.0075541850594558133 0.52677772184331839 -0.66218411029779745 0.53287932041576336 0.35460723570794622 0.36397123390680125 -0.65884475006940135
16 765 1 0.26222251351581394 0.17539157691260607 -0.61884220460532835 0.71938270340116972 0.83750237174062847 -0.45960619311864115 -0.3519411274253636
15 722 1 -0.64013376100923491 0.23434192783874322 0.42182257356350344 -0.59781129573240399 -0.48016799888378076 -0.97227895514395035 0.38092362133646801
14 678 1 -0.51569920592384133 0.13321792025251991 0.47624405315934387 -0.69964199170966912 -0.40740522848393962 -0.93358901816317308 0.13038631022149538
13 635 1 0.49661266342158644 0.063396204191477276 -0.40737472929406576 0.763807969162418 -0.53066623512550648 -0.78075284035454962 -0.19022617608722658
12 591 1 0.37756088495295459 0.1861898354676895 -0.52561977442649743 0.73925974870399558 -0.46590171784378159 -0.59791162429582456 -0.45776267592329917
11 548 1 0.14880430664251454 0.36788853460128484 -0.67763663120664896 0.61913156960412208 -0.42365802966108096 -0.092526572069335608 -0.8437431580238135
10 504 1 -0.071356865151484303 0.55076435114417133 -0.74450591520936005 0.37051014766503509 -0.72549810343890919 0.63499376763312709 -0.56533576934567686
9 461 1 -0.020910166364985244 0.63004582441535961 -0.74577121628948495 0.21547695244146364 -1.0325178272185196 0.82296037738492933 -0.31308286987289197
8 417 1 0.07076868272575737 0.65749570391630852 -0.73450386516384447 0.15229991771577633 -0.97968926322299177 1.0087138698897928 -0.058156330951656308
7 374 1 -0.0087341254035961588 0.64485840073885292 -0.71878532251576255 0.25967098063872007 -0.56980370258171564 0.94228599580392702 -0.11084045634222639
6 330 1 -0.06662668994289779 0.66234418114309235 -0.72605095885598558 0.17236900834385327 -0.050883242596831614 0.91844303939279193 0.36420949330337399
5 287 1 -0.41739597799339478 0.65013050562547481 -0.62278206245947265 0.12350476059175786 -0.38130107172104 0.93111310017253957 0.74796929741493778
4 243 1 -0.52669406061219382 0.66195412375495188 -0.48930966112640206 0.21209941086202505 -0.5550660494407379 0.82894535603085973 0.37637897577735963
3 200 1 -0.14291477189513555 0.58926749549099366 -0.71638760790956313 0.34514921695630035 0.097084227622090014 0.58983869518653687 -0.068083109080950624
2 156 1 0.17186338585172595 0.36386249809164734 -0.73376045251953481 0.54741452063716256 0.27110559570396286 -0.208777656203087 -0.21152097227112038
1 113 1 0.30384705061870582 0.35186301737718523 -0.64999651340964981 0.60114384251012276 -0.12943464833899621 -0.45583767316434942 -0.33917758201405684
0 69 1 0.34109779787423111 0.36829905673734681 -0.6066262169329083 0.61645172562123551 -0.2582049661430072 -0.10715945327779071 -0.20550918279381852
