18 852 1 0.51909999414617958 0.40266377447524859 -0.61017942813858916 0.44280712085426865 -0.59186112649365574 -0.30817754499835343 -0.2611331164043264
17 809 1 0.38716530432833912 0.48330406277816479 -0.61244482485893958 0.49135684235590643 -0.6862156424539555 0.086797585641647898 -0.24886202659121562
16 765 1 0.14363076019530197 0.66426888997615341 -0.69947466826385685 0.22102541707400108 -0.18532033021194308 0.7562602089348891 0.12445982707653093
15 722 1 0.023974237896096085 0.78580175014321807 -0.59770241324428386 0.15713901676896266 -0.043763348700064181 1.2929554473407145 0.53787162270903033
14 678 1 0.20120559849640091 0.68838020926493959 -0.6784728282318897 0.15913395607815467 -0.34586557350001096 1.4068953853348392 0.27924209648268772
13 635 1 0.034880555000354675 0.67453940264767021 -0.7163883323274951 0.17483620467060584 -0.90733348185473051 1.0009550755830505 0.54467014907746769
12 591 1 0.23418747948729041 0.57859271583688476 -0.65757670261591483 0.42187625414174318 -0.80812356253287854 0.40823414961540688 -0.11760808137127214
11 548 1 0.34127206961382811 0.35937568179366403 -0.73950783670128428 0.45553337231669488 -0.55686199980823015 0.077454793778489683 -0.31997364901937242
10 504 1 0.39136024055184709 0.31458775486888124 -0.63370393850302631 0.58846497340751724 -0.40922598183870124 -0.23090781632558785 -0.34606569253617875
9 461 1 0.41996531825982242 0.36279414328418524 -0.55947038377460212 0.61563173304884111 0.46876301649013047 -0.40633224062840623 -0.21906351923545503
8 417 1 0.37891315386586033 0.19575476400253758 -0.58211880716898012 0.6922734925864934 0.45723308189334461 -0.75316852672256185 0.14329135461713924
7 374 1 0.47689718392756825 0.23775845075520369 -0.53528250575810032 0.65537213404734396 0.020255116700986873 -0.73412364652053208 -0.12875743607395243
6 330 1 0.42313853100664345 0.35630392368792052 -0.57171346350634444 0.60592492372216566 0.017582742688106213 -0.127877981251971 -0.041799653759326622
5 287 1 0.30955616023834942 0.29238684662478698 -0.66203648628998335 0.61675976392767007 0.27434685822341137 -0.014931729484603974 0.098862266372636912
4 243 1 0.13818463299089301 0.40967292613790846 -0.70912495271359799 0.55696939075115548 0.56709802199007009 0.70038981027117608 0.0019629749331367776
3 200 1 -0.01414013381934039 0.58781451201888724 -0.68425395493813623 0.43135910935911365 0.19706632611302624 1.3518987017387121 0.35923556827961262
2 156 1 -0.078257827260847262 0.62770882714954368 -0.70267865152155395 0.3257300316010272 -0.15092585145690934 1.2561325692222265 0.52749129776333659
1 113 1 0.050736043245785262 0.57961775247853564 -0.70514963440733758 0.40525684204303203 -0.075541883574120977 0.97079061278651391 0.31678466076209288
0 69 1 0.17192656583153049 0.49789390844325576 -0.68244321776986061 0.50676835577647683 0.044413094173123835 0.54149620467066195 0.10284834053985158
