19 867 1 0.52281728414473505 0.39697655548337746 -0.59078379610898601 0.46909083134413593 -0.65631445554640178 -0.39691233423436972 -0.28676522929445164
18 824 1 0.43988386293071602 0.44245175614318583 -0.59412161961057419 0.50769885929581349 -0.6644997475164881 -0.12604396973101187 -0.2281552132382112
17 780 1 0.17287176029857976 0.65631686367921338 -0.65483960785379802 0.33248852149726221 -0.70803540367134121 0.49215816401080104 -0.089529712845725806
16 737 1 0.03968119849689665 0.746201195351474 -0.62040157295312393 0.23814085499798462 0.054635163423951402 1.1914122468700004 0.35558500606936505
15 693 1 0.20086146868672089 0.71053382728845871 -0.67236456528927524 0.052175109191952888 0.026303044780474721 1.4738035948679722 0.36829284473273705
14 650 1 0.014979385473078094 0.71054554243757051 -0.67985349382112825 0.18083107330365711 -1.0375863309053897 1.0887010873879071 0.55038316391115361
13 606 1 0.16959814762404965 0.61558428944404786 -0.66648417799157156 0.38482631328828987 -0.84525670361027805 0.62329648475902066 -0.13549575649225434
12 563 1 0.38756561072058904 0.40563782411764382 -0.71055102888958599 0.4246976434780762 -0.62611398915687499 0.18244721484738111 -0.25469255420559639
11 519 1 0.43630633217850606 0.30558287743411022 -0.66911477032932754 0.51820971975365338 -0.54771129079310021 -0.088773569152281684 -0.33205232491910669
10 476 1 0.46142166954055264 0.33854860257060965 -0.58488643709036392 0.57478930251322202 0.036266951974995833 -0.38852350783973122 -0.27863126367908386
9 432 1 0.35165091503711576 0.23669331771536511 -0.60672869800761942 0.67245683453767602 0.57197711402130558 -0.68528472546918084 0.084166876433283522
8 389 1 0.45345935213483241 0.28392560910452835 -0.52581997982745643 0.66126712701474433 0.17779482732805754 -0.86001246129613917 -0.087383817107633002
7 345 1 0.49218128632261304 0.22680765232837088 -0.53795903394039823 0.64569028801819883 -0.045776435476177595 -0.3056138247330249 -0.15270437193028405
6 302 1 0.30554781293527017 0.32512167275969717 -0.64756960837122202 0.61772974206067821 0.16817207154881289 -0.045242078818754833 0.11751211886877565
5 258 1 0.22791239531348895 0.36239275296670054 -0.68563273097508981 0.58875732766168121 0.56021095470040061 0.42969592115389005 -0.072850948755333059
4 215 1 0.045830024137125711 0.55400045232805617 -0.67543477064215096 0.48453171033017528 0.34238279443634401 1.1977892382954509 0.10745714829137959
3 171 1 -0.047739140993430185 0.58969792068998472 -0.71569083983963544 0.37116567529979833 0.061977146604627685 1.3227094938108921 0.43371040883034051
2 128 1 -0.017724835591939742 0.61948001677542797 -0.68611527205582457 0.38101991085888925 -0.18734914360287433 1.1050243276578193 0.31835440390464426
1 84 1 0.13484622052198256 0.53329885645211283 -0.69020656888723342 0.47013159730305115 0.018774008509263092 0.64345083011421167 0.11901232962381006
0 41 1 0.26903141392792163 0.44844899112628589 -0.65007950141869697 0.55128236187363922 0.045392770078506388 0.25185884981501044 0.14869032262143078
