19 883 1 -0.21500293578432222 0.68404694515184183 -0.6619938068392005 0.21821483482820095 -0.59660104272210235 1.0187002274170092 0.31119264169707883
18 838 1 -0.29741083638663196 0.68406849741605225 -0.61061132485815417 0.26599040433391224 -0.49265904025328472 0.87368390243465699 0.23328731604464173
17 796 1 -0.073324896434477441 0.62233722514435319 -0.66630214841647872 0.40417976789800442 -0.17655199125339299 0.70803636138607373 -0.047269237508747335
16 751 1 0.15392916216072441 0.57170008516670989 -0.68986893165920193 0.41658814528052207 -0.25800533518040103 0.66342047533442994 -0.39476487013117251
15 709 1 0.36173057444947493 0.46680451135311052 -0.68872803408529293 0.42059271837948425 -0.50981553052843964 0.47606844818627009 -0.56500504298919896
14 664 1 0.18987591852961336 0.43149799795224614 -0.77416302886863908 0.42240764441315909 -0.13240358486467396 0.40415803935205646 -0.5090132773574606
13 622 1 0.30732689767521276 0.32964980795805188 -0.68852824963854731 0.56816373654803698 -0.27509869214302635 -0.19724157832149497 -0.57804728730921207
12 577 1 0.38310854271488165 0.33290344209697381 -0.63698494825495833 0.5802183368659547 -0.43500084927041671 0.046389228360543516 -0.43821697544970478
11 535 1 0.3204858930360705 0.41187542972823499 -0.70954527307887694 0.47349015639448772 -0.47814504157686194 0.48605433703783679 -0.40306939254645635
9 448 1 0.13916503120054577 0.59423953356650505 -0.71160653928494422 0.34803534890082516 -0.42190125565464598 0.98530770316259209 -0.089863859787243108
8 403 1 -0.039224209706787576 0.64376987835885813 -0.64800533397218985 0.40510602591703038 -0.091123674329261217 0.85023904508667036 0.13698229880921123
7 361 1 0.067320022003149002 0.5008573999714464 -0.71271153898937967 0.4864690552570925 0.49823216224494848 0.42209442516198037 0.35576554688782791
6 316 1 0.20880584910932415 0.33909801979623938 -0.71848678255402887 0.57025379757013728 0.52985572740968012 0.0050474269237188582 0.17260094748291394
5 274 1 0.17129177495307463 0.3727749323439668 -0.74934270405985626 0.51979177515774433 0.50546225858653071 0.23261358520460612 0.001928385701748061
4 229 1 -0.053602535671112256 0.53824760249739545 -0.67918886933894473 0.49610358428610335 0.025339951677193242 0.66861966389398342 0.025636188621361342
3 187 1 -0.12617744206904738 0.60962846405413829 -0.67541101522160896 0.39528767934912923 -0.3729668292203055 0.75277024761757905 0.025750495497688985
2 142 1 -0.0028661650292807752 0.54321317227713939 -0.71951606205063956 0.43267524890357678 -0.19535989035936902 0.60560485252473251 0.0050797542561740548
1 100 1 0.1483158542559711 0.48188889161990933 -0.70615513339414626 0.49712214906474678 -0.069504453729162724 0.41533914588555848 0.049193996383812638
0 55 1 0.22586925253389029 0.46894614182584599 -0.65724028125109502 0.54507596674905512 0.013816092246334902 0.20801718885892473 0.075251995382123432
