18 853 1 -0.31423370074625229 0.72009317881855195 -0.56194032645305902 0.25873937589809837 -0.51827831900408328 0.8648513937312784 0.26362233121656919
17 811 1 -0.1514294373798655 0.63515868050017865 -0.64512142298274577 0.39681346460119843 -0.28243476089482944 0.78220222711118925 0.034277555361049872
16 766 1 0.096294356571939702 0.56637657032505562 -0.6797224569913175 0.45598504245305016 -0.10659464300822036 0.61334335472250756 -0.28471410112737927
15 724 1 0.24280622708271266 0.54283401666862141 -0.71535433414497629 0.3669394269593646 -0.42517427215708492 0.5217708581881485 -0.54869510906576291
14 679 1 0.24492912248467963 0.47947480575103685 -0.74738716336523181 0.38926348871395927 -0.24124114938982208 0.4524671144958935 -0.52829017652766397
13 637 1 0.2555823528313943 0.38073418889479116 -0.70798057612691279 0.53710580163948973 -0.17613121554560149 -0.063202083270614745 -0.6067906689304704
12 592 1 0.36831533714823916 0.32234824104086313 -0.64122161846208658 0.59099091358167488 -0.40912142682613056 -0.088345623630076947 -0.45110466816171574
11 550 1 0.36339753041347045 0.37086155796930548 -0.65174198193245536 0.55284385561994398 -0.49896118007176854 0.25556762300655628 -0.41957788423543607
10 505 1 0.15148438564847147 0.53147874708781839 -0.73356068441738498 0.39556484244149631 -0.63026635910005691 0.78008127605771804 -0.31759220990016596
9 463 1 0.092087134006404184 0.54986898434592091 -0.70767896033970246 0.4339983282195794 -0.57963888423777965 0.91723438430841231 -0.32800227034968121
8 418 1 -0.0110852309057385 0.60751212570841406 -0.67535922311792695 0.41796657105869217 -0.217107433946994 0.90639980352920069 -0.019247582712062714
7 376 1 -0.015717411206432875 0.51028506820006636 -0.70006587908207873 0.49926934324276107 0.36122295495325296 0.62298856843642036 0.31121632531361543
6 331 1 0.15893364061331558 0.40073351438054472 -0.70500282564107819 0.56313742920508392 0.55941626894262919 0.12056012844957546 0.27626711742742843
5 289 1 0.18226647834346882 0.36939561299571777 -0.75004043451228597 0.51746029661067638 0.52625457920612961 0.081326547216674414 0.025535435953153014
4 244 1 0.010786322995672015 0.48358061025332821 -0.69343449424586612 0.53402439159015169 0.25023961172880815 0.57374670713399345 0.046015941071348584
3 202 1 -0.11165312419391751 0.62944207856757084 -0.65184351543558994 0.40796602918729086 -0.32942658201739944 0.73793142566701986 0.053879073227751414
2 157 1 -0.046634065251209472 0.55498940986395462 -0.72346244739951704 0.40793885093198273 -0.22962741056866129 0.64978029486287336 0.0024134907870892622
1 115 1 0.084808668183823988 0.51216096002300016 -0.71358294266049682 0.47042324004367703 -0.10682809784233208 0.4754888839877775 0.049440794863114347
0 70 1 0.20905033025801462 0.47290977339570511 -0.67006114919983684 0.53260901417346651 0.011602642436965335 0.25997865997290576 0.10445416680591729
