19 883 1 0.27951561318044155 0.35514723579613627 -0.640430600362069 0.62095902361959876 -0.37599802191081222 -0.348221889776334 -0.61225165403162107
18 838 1 0.01597710850245309 0.43175263049918283 -0.68543441910427116 0.58610072100973165 0.37376668770714661 0.29443270095690394 -0.76144189637004212
17 796 1 0.062690109017467854 0.40303317116113579 -0.70836825968884598 0.57606303634287492 0.50248489951115749 0.092780438496374337 -0.57578084363831128
16 751 1 0.35812710864723313 0.029490332722716263 -0.60655381476265824 0.70920220256619582 0.62297424455678174 -0.86907127728104927 -0.14306461106982907
15 709 1 -0.6424948790390278 0.19865315620184676 0.37589388466029044 -0.63752728680007564 -0.5221629978104263 -0.94788878877908256 0.46595573389240158
14 664 1 -0.51534176509522278 0.062428640379335591 0.5052519945033197 -0.68938084689041468 -0.49413839938832854 -0.94948862616659546 -0.010459158116272054
13 622 1 0.35998566999998466 0.087898399057563595 -0.48156306471544053 0.79421735283211481 -0.41905757683581002 -0.68844668001657772 -0.39857643081902622
12 577 1 0.33884819677940692 0.20592255623849304 -0.57912909738026186 0.71231123038954847 -0.51577069315962754 -0.51946425625391468 -0.54710342808934531
11 535 1 0.083735650527965333 0.47342909669986338 -0.70415422181381138 0.52251321813940343 -0.56368123618037413 0.11433846206646221 -0.83312195956243662
10 490 1 -0.13178700744501429 0.59394512814767564 -0.72707141407119735 0.31816431015882118 -0.83857323025196751 0.72847278102275403 -0.45385527120964503
9 448 1 0.022575494375020672 0.63909505752631657 -0.73625549147390501 0.22130455434463195 -1.0758759886377982 0.85229606700813776 -0.32612302336918969
8 403 1 0.048066124437166347 0.66417352899760862 -0.72274107756479633 0.18495541587347683 -0.91583610073530131 0.94767682022383037 -0.11712508706459281
7 361 1 0.0067820971293884088 0.67354936854884762 -0.70534197414421484 0.22085730867761197 -0.45279663409757487 0.89875591606770866 0.069955656759258064
6 316 1 -0.13288169426684826 0.66389484377179764 -0.70612383812475776 0.20730464773842763 -0.0061927995288692172 1.0527774664089993 0.38526252183352044
5 274 1 -0.48143328537586372 0.61989000653233617 -0.56612577807883946 0.2519126335223601 -0.50012710442353969 1.0586003939616964 0.49382797326282996
4 229 1 -0.36970049777528424 0.67448272023300371 -0.60163600918778504 0.21547323383750083 -0.23634078640482997 0.87756516435339338 0.30080580852684541
3 187 1 -0.076327401852437457 0.51039110326807358 -0.74047381023841108 0.43055032897707174 0.16458011754836219 0.31054625048026158 -0.094763132232318123
2 142 1 0.22276983987311924 0.34600352298792869 -0.70496833969960349 0.57764591277358768 0.2226823075038909 -0.36787589476009347 -0.20800550463776102
1 100 1 0.35568018073647995 0.33195680260239502 -0.62053233104952366 0.61500887502499013 -0.2597584482234907 -0.44051036166480451 -0.26042182564788036
0 55 1 0.34453906020521985 0.40832875494849147 -0.60452453654919958 0.59085577646756926 -0.19707013518255029 -0.10142766766134428 -0.088487047646613692
