19 867 1 0.523323979897793 0.39676477238008317 -0.59081138399993705 0.46867007158361845 -0.6576376913263513 -0.39796995002270708 -0.2854640949307255
18 824 1 0.44008774190973327 0.4425259838103312 -0.59451653281244632 0.50699469946554465 -0.66539706653340303 -0.12546728792608453 -0.22754233714847066
17 780 1 0.17270047986476794 0.6560780675773219 -0.65551136245902664 0.33172423364233805 -0.70782923093952255 0.49380491446033381 -0.090119141261983324
16 737 1 0.039864456998887847 0.74627969254498994 -0.62064174807747885 0.2372367300956375 0.054658956432961724 1.1923879358780622 0.35727645335146613
15 693 1 0.20575725741577627 0.70900512475700406 -0.67217774208055658 0.05614950703726547 0.032931246795701571 1.4686974600439164 0.3490070585706046
14 650 1 0.013119682246221729 0.70869312194216816 -0.6811377396433369 0.18339387253446404 -1.0301966048320792 1.0931481374269443 0.54052728405170847
13 606 1 0.16968296591767817 0.61554381158657834 -0.667394044236577 0.38327365786392525 -0.84545933825821751 0.62575152712087267 -0.13462008389882132
12 563 1 0.38762916268232434 0.40572078113287041 -0.7109730989223999 0.42385319699609791 -0.62683396754326004 0.18343046039466049 -0.25401932194544852
11 519 1 0.4363658669244142 0.30566128002224641 -0.66958528093568326 0.51750513391921882 -0.54841610941573526 -0.088012530921028717 -0.3316724087394321
10 476 1 0.46133681249117126 0.33900972391150574 -0.5855332899832657 0.5739264054347939 0.035565045197990142 -0.38673878037050424 -0.27843365649624668
9 432 1 0.35158311326333902 0.23714108689434465 -0.6072997724238236 0.67181872985843372 0.57158647830651865 -0.68419505144443848 0.083984753748304053
8 389 1 0.45337063042385051 0.2842341191206022 -0.52663222331273563 0.66054866464591455 0.17757296878580259 -0.85859906842542955 -0.08773111894092725
7 345 1 0.49217455406656146 0.22679131089289603 -0.53860693540780014 0.64516081620281407 -0.045847783899804297 -0.30492539783121625 -0.15280237510689806
6 302 1 0.30546726425415244 0.32525124507413988 -0.64818360430999256 0.61705704205568601 0.16811720055033394 -0.04425288274438241 0.11784085707368426
5 258 1 0.22768276773754076 0.36249130900947563 -0.68624920462150674 0.58806686467128833 0.56052010306205402 0.43106571120556769 -0.071630951786287408
4 215 1 0.04584616528614336 0.55425609609078585 -0.6757741729331288 0.483763967520632 0.34196194141788 1.1992076098301219 0.10865024412533041
3 171 1 -0.047530794640812217 0.59000560222735088 -0.71590886616489802 0.37028193076039256 0.061223422080700224 1.3237869425730444 0.43521547436317604
2 128 1 -0.017667650797090921 0.61974028810028003 -0.68639998705470739 0.38008536829506023 -0.18810215395823002 1.106267567789907 0.32015195530121587
1 84 1 0.13473031924946069 0.53345029967320901 -0.69078594959030526 0.46914101366446537 0.018557281356657487 0.64511796575937674 0.12025959128659279
0 41 1 0.26901696417067655 0.44849656616758998 -0.65061466623048014 0.55061897825090844 0.045361786680005484 0.25277635416482735 0.14927376825258787
