18 853 1 0.17286977612297919 0.29282826033468173 -0.72945108555061133 0.59352233676719346 0.29392645513213439 -0.12110519533876064 -0.7858761561806844
17 811 1 -0.015305288667483092 0.53598629712245549 -0.66744376846593412 0.51672357539767477 0.32918636714742716 0.43358840633054713 -0.68822844392093752
16 766 1 0.25726972723975366 0.18983402534930449 -0.62366089543816705 0.71331789390630462 0.82978112494425182 -0.46523266863146856 -0.35367894004253453
15 724 1 -0.64571710542318539 0.21670185936287542 0.41682722448672338 -0.60195081928615246 -0.44109179038383561 -0.99327724139746765 0.39655799951038728
14 679 1 -0.51575254541896021 0.13672083005472457 0.48339873852491627 -0.69399739633195334 -0.41572361880069042 -0.93685846561608022 0.13002629374628116
13 637 1 0.51097230835959428 0.076198287179179022 -0.42384814035870844 0.74394480644406136 -0.56462667033142189 -0.78868046293981842 -0.18711038255361734
12 592 1 0.37268130568032953 0.19563996838722239 -0.51955267704299235 0.7435715587240489 -0.48093773374121529 -0.6332742515293881 -0.44559497001715936
11 550 1 0.17976176877645475 0.36223391958853202 -0.66750445460605257 0.62522803605321919 -0.46329998617637785 -0.13376393837777961 -0.81670695558279494
10 505 1 -0.064862232677036336 0.54065167056994901 -0.7512687548688719 0.37293956593508298 -0.70883818728963688 0.62867714885202675 -0.57626394767788558
9 463 1 -0.026910952475830006 0.62887842302262664 -0.74520657151773528 0.22012472705309646 -1.0404023951565695 0.79550320232482763 -0.32307671376304703
8 418 1 0.06878588323894852 0.65142393853903169 -0.74090371998374016 0.14824652535418628 -0.98342618098279722 1.0131001119195973 -0.057595251365952532
7 376 1 -0.01023251519120413 0.63858444224215027 -0.72197405879625831 0.26619290784016147 -0.5342844281386594 0.92267613920909708 -0.11550818910168612
6 331 1 -0.066378899254697241 0.6545686148657206 -0.73629597749440223 0.1581202191121342 -0.052103448946399025 0.90405656118974453 0.38983690086881478
5 289 1 -0.40209135700059323 0.65768703412378937 -0.62636883524409159 0.1158981794759307 -0.37766838714273515 0.92549379390242648 0.75997678132421431
4 244 1 -0.51943404125197845 0.66490946329918765 -0.49220657234472059 0.21404759411048155 -0.56820291032367387 0.84607050296781905 0.37303064292568389
3 202 1 -0.15431503406675681 0.59520655569039316 -0.71570504732806783 0.33118319938258178 0.088070831019853094 0.63327888929955878 -0.047617518068231099
2 157 1 0.16763652102855059 0.36883536771019959 -0.73639467489935773 0.54183147852759095 0.26346130423117342 -0.19632974227195707 -0.20982734744173154
1 115 1 0.29850333647600202 0.34108948553726975 -0.6633697199222589 0.59539426908467896 -0.10962771146254305 -0.44744260185653578 -0.33774855595589154
0 70 1 0.3407224123588446 0.36277258805857104 -0.60906049017696362 0.61753510537867629 -0.26423596803407662 -0.11645620811689432 -0.20783890964905394
