18 853 1 0.1734579444748055 0.28891124310062716 -0.72918885493413055 0.59558899330702653 0.30397423159131215 -0.13280546184268402 -0.77948886163690878
17 811 1 -0.013012721799069562 0.53737215886779621 -0.66580720383796321 0.51745782365581927 0.32910339552381479 0.42402954458674696 -0.68577476504614887
15 724 1 -0.64462919169334854 0.22456050967865723 0.41792551178326742 -0.59946980683795559 -0.43899749782037878 -0.99295802105649456 0.39684129680175095
14 679 1 -0.51731242377815267 0.13715737573934772 0.4835896575593624 -0.69261587737120722 -0.42039871578951638 -0.93558100663616195 0.13385182426108375
13 637 1 0.5132513079014116 0.081365334901792083 -0.42049046241439209 0.74373419192097157 -0.58431928824133317 -0.78807341818181686 -0.1858773428126741
12 592 1 0.37360474905007623 0.19312365251050825 -0.5243981281326322 0.74035758221228587 -0.47899526716218294 -0.62335964113809683 -0.45194357800008955
11 550 1 0.18149328886826943 0.36104893419718148 -0.66966484522058434 0.62309938877080362 -0.46345481583948023 -0.13030567030382692 -0.81734179653354722
10 505 1 -0.063037222614115151 0.54321968194537551 -0.75044873729241068 0.371167588036038 -0.71256072456897324 0.62242487872275498 -0.57255461001917141
9 463 1 -0.025388941515718091 0.63109472410120648 -0.74387561145619663 0.21845806357514744 -1.0431977459181796 0.79078262462914739 -0.3213896483233788
8 418 1 0.070796750921741203 0.65347076165992812 -0.73917793660226927 0.1469005165236999 -0.98470810055667346 1.0085093951286932 -0.056656971965101555
7 376 1 -0.006569371260508528 0.6407675685695805 -0.72112627954006492 0.2633451259988947 -0.54939714626848057 0.92107858883780491 -0.11692448163252833
6 331 1 -0.065777977162220766 0.65550452790921399 -0.73570788203027027 0.15722908105531513 -0.050059006099851686 0.90338162913160391 0.38811755543463472
5 289 1 -0.40187827516792379 0.6590067856190609 -0.62563140417612972 0.11308958645557034 -0.38029804686580687 0.93106496836732144 0.76153373504624222
4 244 1 -0.51778560123461148 0.66603028990212709 -0.49188171101820899 0.21530003820900678 -0.56263474869545194 0.84422754226393215 0.37168844411533686
3 202 1 -0.1519569617382511 0.59682313321672942 -0.71463253726306408 0.33167991516159279 0.089256945019168407 0.62472003940787835 -0.050229919135231803
2 157 1 0.16900850027659287 0.36922951412011079 -0.73616108589990714 0.54145410548222217 0.26425507804870346 -0.20219382484883025 -0.20845217161947535
1 115 1 0.30022612355170181 0.34106193002805335 -0.66294245679377217 0.59501960774658091 -0.10978992968702969 -0.45397510656668094 -0.33488225830121443
0 70 1 0.34179779489222883 0.36326851842748237 -0.60928256536908543 0.61642923881300293 -0.26425427500258991 -0.11843097205922606 -0.20429827534530395
