18 852 1 -0.37037960905440642 0.64380168920723702 -0.62367878543303235 0.24364544479918177 0.38577697365425972 -0.08179649393778754 -0.69018448514024755
17 809 1 -0.45416129215117956 0.75212430176285594 -0.47630663167353265 0.034329987374323558 0.39567783775143661 0.40369148377934017 -0.58740124219859891
16 765 1 -0.22552911203005804 0.62178651037059518 -0.63093195161384241 0.40551575503405446 0.89132590849162985 -0.41837189516956219 -0.29379689638076906
15 722 1 0.18382471192188918 0.23699644892047769 -0.74730905344250353 0.59293367009201559 -0.4024079545560425 -0.98069276697467389 0.42400625108600298
14 678 1 0.055899109592310342 0.3797770508596558 -0.70192374262525337 0.59995644902449918 -0.33270355731031714 -0.91377928980655565 0.17334424754367841
13 635 1 0.090090123815342413 0.56682866611928973 -0.63894606933080977 0.51218839633778412 -0.46030812826644535 -0.73564715973381556 -0.17609372639563037
12 593 1 -0.084087469096913489 0.65025190015655243 -0.63432376814747249 0.40955478393843731 -0.39259004355512361 -0.56014401951646464 -0.42678215934397146
11 548 1 -0.34736700805564036 0.69500675983876803 -0.59507233921472347 0.20540369177404516 -0.38194103687374398 -0.058434738319536474 -0.78520125995856449
10 504 1 -0.55631654215855642 0.66006293979473329 -0.49486069527282578 -0.099708137603592817 -0.68651680206682131 0.6444280851391978 -0.49549829086652114
9 461 1 -0.52095561761146214 0.61334652447990889 -0.52983767881051425 -0.2677374077340765 -0.96970413832647984 0.81709828916104099 -0.25282795421783871
8 417 1 -0.44587918809049781 0.5910601433988848 -0.58401051341696752 -0.33282334162660243 -0.90984627478588709 0.9934287110239024 -0.016889633455043154
7 374 1 -0.49049455005571391 0.65765256004537143 -0.51733510038378716 -0.2434596486942113 -0.4682096405393365 0.91794199893251016 -0.038217868316795404
6 330 1 -0.54230039918484341 0.60809841092193528 -0.48270876410691871 -0.32112123681336913 0.014872087823549814 0.93102324541519832 0.43510905175712783
5 287 1 -0.72876026026681984 0.56547055600495533 -0.17052128252623988 -0.34651699172319117 -0.35267915420725987 0.91887845104308552 0.83796761153280408
4 243 1 -0.71939141862109557 0.63135059482799138 0.00058839667481584636 -0.28960674545670062 -0.55936561488601722 0.82310499422810379 0.47177745619848288
3 200 1 -0.59098967694359628 0.67088424446262274 -0.42392611271079378 -0.14467958819348012 0.13934307275649996 0.60027354889489248 0.012582887099508212
2 156 1 -0.37020119553600606 0.64352312536965817 -0.65187238768378064 0.15456860002479794 0.32814085311757213 -0.18771095289073061 -0.14423755797783588
1 113 1 -0.21558536760879732 0.67032786400004429 -0.68044586289142495 0.20292099864740945 -0.060178218041088187 -0.42921414478187891 -0.28738958502770701
0 69 1 -0.15966345528404419 0.69339264015700541 -0.67335235366997026 0.20077558474567828 -0.18754119730902408 -0.06769435086486697 -0.16327206983065545
