19 867 1 0.52088346331414326 0.3968721995725531 -0.58969188547055384 0.4726905489455977 -0.65730557162620573 -0.39829795877670776 -0.27725974403585651
18 824 1 0.43767899438199442 0.44182349089460821 -0.5931081491169049 0.51132360029788126 -0.66639425043545231 -0.12627896547608813 -0.21763901780708228
17 780 1 0.17137637924400637 0.65498675941845741 -0.65535001441446705 0.33487137863764949 -0.71028427203410438 0.49016087870882508 -0.080001422929496246
16 737 1 0.037483813268309012 0.74478470079278414 -0.62101834644629528 0.24130256232576325 0.059060579955696871 1.190901587754887 0.3643936597577907
15 693 1 0.20253366365806844 0.70765439129722119 -0.67438686090392608 0.058375846059382057 0.016870224850027423 1.4860524429509514 0.35914205045421332
14 650 1 0.0081327522712792959 0.70449541405740501 -0.68570030805692395 0.18285283001151256 -1.027286216539768 1.1021817492335553 0.55776495581808172
13 606 1 0.16702836469889121 0.61395661689619285 -0.6671862028230201 0.387325920534626 -0.84792379406620422 0.62359726127320803 -0.12638230610183779
12 563 1 0.38581261222414504 0.40475167222798619 -0.70973441176407981 0.4284877790968209 -0.62963944178478648 0.18145284835994471 -0.24448105501385065
11 519 1 0.43471153343082164 0.30485725509269662 -0.66755286575017203 0.52197807247843564 -0.5516440970638502 -0.088739281931252287 -0.32212146863578406
10 476 1 0.45992256313043822 0.33820833221629665 -0.58333926848276285 0.57775570770784634 0.035881371715253803 -0.38759127894424938 -0.26933980544471336
9 432 1 0.34975936166666732 0.23603108599989056 -0.60489364085197805 0.67532318087348076 0.57224602943647329 -0.68475055968072907 0.094579221985405248
8 389 1 0.45133591708688015 0.28374250670302481 -0.52417971878826775 0.66409464856169509 0.17844635753646793 -0.85921269737498285 -0.078220593901588795
7 345 1 0.49027254776250723 0.22652547503251719 -0.53605207126055487 0.64881986326639363 -0.045782798389205896 -0.30143762112370498 -0.14383296955129554
6 302 1 0.30341417289309008 0.32398732860628898 -0.64629517661128133 0.62070491804009043 0.16667417055286382 -0.043213985460315359 0.1293513358582303
5 258 1 0.22582879366536029 0.36092351372770304 -0.68452756208006493 0.5917411511318269 0.56042766013377654 0.4325490415266145 -0.06227307855167679
4 215 1 0.043732217822643409 0.55237537240152401 -0.67480601047381228 0.48744824270583625 0.34204411709113819 1.1999185078930508 0.11738091221395995
3 171 1 -0.049505379478090701 0.58770876822890505 -0.71556140160336068 0.37432539545831978 0.061006926711329769 1.3228229369213669 0.44291992244617939
2 128 1 -0.01992003820211171 0.61757721913845798 -0.6860954542654828 0.38402421553266175 -0.18906567200863744 1.104337880993965 0.32836306527667924
1 84 1 0.1325650047067414 0.53158324328687667 -0.68989253725162369 0.47317445200287822 0.017895333413508126 0.64327707718020699 0.13034960921416758
0 41 1 0.26669337280381777 0.4471706503948879 -0.64929538883382987 0.55437221464198827 0.044744098420602514 0.25311653502909554 0.16119526515304319
