19 883 1 0.28270604207965172 0.35439351540015263 -0.63187795530693303 0.62865951007768084 -0.35026553011368627 -0.34973400124608217 -0.63590661763630785
18 838 1 0.020277578378135062 0.44006767612721098 -0.67378695679744061 0.59324564650131129 0.36432237681490809 0.29035047136300146 -0.7589054892994278
17 796 1 0.065531472257669254 0.40794164911772368 -0.70018511417193319 0.5822628641351697 0.49803361777847488 0.10025084637176601 -0.57987516685192009
16 751 1 0.36557225586179176 0.033457193684370917 -0.5969020100523873 0.71340418580935372 0.60466171417454595 -0.86612095818916579 -0.16506560418217911
15 709 1 -0.64870684764715325 0.19657944364601823 0.36927913437643251 -0.63574276957406894 -0.51304746409169488 -0.94699164313834439 0.43459649045727566
14 664 1 -0.52126922348438465 0.05690716055878528 0.50167317400700906 -0.68801453342706109 -0.47152438678958547 -0.93796002536325884 -0.033877408105815222
13 622 1 0.36617376260832685 0.093076669120186126 -0.47262725442134579 0.79616392006978842 -0.38814881971995158 -0.68244127807319122 -0.38729506228345162
12 577 1 0.33850271813946153 0.21140962348703696 -0.56401551302727793 0.72291658023166272 -0.47156925132535338 -0.54323780888073503 -0.53882609780664159
11 535 1 0.07628637501374684 0.48219392151597235 -0.69956554836376261 0.52180212205664556 -0.53163299406388786 0.14764461547197952 -0.82095833851922084
10 490 1 -0.13148107189769848 0.59920448738803067 -0.72276486188442113 0.31824151905726189 -0.82893177998674117 0.73252989802825386 -0.45594164519344882
9 448 1 0.021301038061539039 0.64287136256001276 -0.73229699156178563 0.22361527927959571 -1.0570704739979679 0.85183790374879031 -0.33622077553709911
8 403 1 0.050192619906583254 0.66960058482403018 -0.71698758397143503 0.1872019287855618 -0.90788826101345455 0.93752421851225254 -0.1249332115506718
7 361 1 0.0038242948604095368 0.67744531877558867 -0.70011205853509662 0.22560212838448873 -0.44406338931332823 0.89637352412836502 0.054402491157415279
6 316 1 -0.13327464187146326 0.66935117445133152 -0.69976983642051915 0.211019077646208 -0.02612551139214481 1.0492034231919944 0.36918007611297798
5 274 1 -0.48322356422256962 0.62134151956913486 -0.56032751767569011 0.25780375477279965 -0.5070475459891538 1.0562222683940983 0.4799788538347069
4 229 1 -0.37258532093525976 0.67649070659653765 -0.59469985377657786 0.22332171061095632 -0.24217854904303099 0.87502438698060958 0.29190737299025371
3 187 1 -0.076369152317153952 0.51588364516480789 -0.73329306699429198 0.43624889125811533 0.16167788015930437 0.32469188261916626 -0.10464822720787639
2 142 1 0.22522359152436597 0.35320676304406495 -0.69794259787819002 0.58085750957342586 0.22396368590757143 -0.34758435455200348 -0.22491115639244422
1 100 1 0.35894929344897458 0.33927103173871526 -0.61295752443963125 0.61671196274133411 -0.2489899958646343 -0.42608367486497001 -0.27822773971336623
0 55 1 0.34708785390954228 0.41537025423561058 -0.59638634686162428 0.59272329028118909 -0.19102918730011034 -0.095280546700946725 -0.11100999516088313
