19 881 1 0.53609902853442681 0.36768503068360986 -0.60675950274941448 0.45743683240303246 -0.68835498140445861 -0.3701208622626237 -0.35211228331445221
18 839 1 0.50916915569826959 0.40643982376431903 -0.53386853261171463 0.53901561241856 -0.64513915223333018 -0.31405680327975244 -0.2140731238748611
17 794 1 0.25979177389087682 0.53864454253613137 -0.66597504576150046 0.44592323267311457 -0.6904603734126713 0.38589271657775909 -0.28678116879148163
16 752 1 0.090006938093801947 0.70709631689379715 -0.65950699143385449 0.23867148547757291 0.15133481342000654 0.84995003362648625 0.20421493903058194
15 707 1 0.13105008898575599 0.77489418284882083 -0.61578146613211471 0.056374333983357325 0.053263527693181059 1.3924842741357959 0.48801182283902239
14 665 1 0.098821227406763329 0.69608480601940115 -0.69447496027176758 0.15298639612161641 -0.72163447730284958 1.267045723833645 0.54869008894258808
13 620 1 0.11395701122495244 0.61693845388782154 -0.70226640799184714 0.33648571427834639 -0.82422822978598009 0.85088249892690704 0.0089754253835736299
12 578 1 0.27936715945005891 0.54648850327918141 -0.69043502631906062 0.38288873114298333 -0.77502111492756365 0.29338777181356501 -0.098336559707292756
11 533 1 0.47382243411572061 0.26018514705145346 -0.67849681683912189 0.49743146233591462 -0.5628746031083447 0.069233514525074077 -0.22734936380813722
10 491 1 0.42830032164404941 0.28384076774494893 -0.64190023818650976 0.56917250220092686 -0.24386165640055762 -0.26423913643991104 -0.30125875105295963
9 446 1 0.37020034222636911 0.31854247579363199 -0.59068348479930199 0.64232033948497647 0.66279780463108184 -0.49637539852323009 -0.028213101120110079
8 404 1 0.38465572788299551 0.22435242497206001 -0.56165981320625535 0.6973121357362666 0.37634748434814086 -0.81767817839958379 0.065783113361716924
7 359 1 0.52404212638610315 0.19593978579065191 -0.48838706970661383 0.66967568289466217 -0.057415567747344409 -0.52868439430757841 -0.094000255011331815
6 317 1 0.3618171934925582 0.35757800550963614 -0.61927728306670971 0.5980985998532633 0.10261164203791993 -0.087401499106564917 0.065550279761383168
5 272 1 0.32228985380409519 0.2948886054509739 -0.68118376993103436 0.58750202730940293 0.47786107913901016 0.10964967545733727 -0.065804595980054989
4 230 1 0.077955472623201502 0.48016719379767753 -0.67750136895958479 0.55168315666371903 0.49921896263484122 0.94073980936330293 -0.016906572455700195
3 185 1 -0.032717111185327954 0.58517127308067962 -0.69349623473508504 0.41900733192282397 0.15138726719505721 1.3580798347125034 0.38762381693869369
2 143 1 -0.078791647470222284 0.62219578548240695 -0.69535053807324065 0.35093006428363155 -0.23553400643462405 1.1931832470262149 0.43377408720969124
1 98 1 0.072814802607762866 0.57321290019289506 -0.70050978506919237 0.41882098394893796 -0.043934982820863507 0.80144873475819411 0.25946184998608052
0 56 1 0.20236654082602784 0.47591038457818774 -0.65952924034628269 0.54550735112645787 0.018339564686123778 0.40951551615738002 0.11679983402695034
