19 881 1 0.28182605558373403 0.33694535365879863 -0.62130756660420217 0.64885962327935476 -0.30846226778049568 -0.39357678021074932 -0.63223304917950685
18 839 1 0.022593183834956145 0.42995711722484342 -0.6802682254382787 0.59317920298250293 0.37383070470229918 0.26837806611979093 -0.75463859576845205
17 794 1 0.093660760986726543 0.38018968003990683 -0.70893026386914626 0.58660152575062685 0.51829703859525855 0.049901767607247439 -0.57889787844733709
16 752 1 0.35131455840087 0.030811325399925826 -0.61590758581978078 0.70447610961078821 0.62130255336813689 -0.84354394325725945 -0.1787684835430321
15 707 1 -0.64302662596121229 0.18917218541075159 0.38359022132458886 -0.63528669486776801 -0.51577205653998859 -0.95045361277922658 0.40789099836487608
14 665 1 -0.51768332026381325 0.075264579569284298 0.50163825531325845 -0.68898351488926313 -0.46798363941848664 -0.93897121468503819 -0.016308366717637263
13 620 1 0.34723069052686939 0.090367238687021761 -0.49708144966294471 0.79004724044154584 -0.37281510744006047 -0.68209649111877713 -0.42676690066216738
12 578 1 0.34292160448004105 0.20097814523202701 -0.57070131959881032 0.7185489281378864 -0.47145068924148353 -0.53770648683328426 -0.54110713755854523
11 533 1 0.061309622113361523 0.47906962324720759 -0.7067963067462657 0.51688722859820602 -0.50789789304967037 0.1736589903188136 -0.83444229219140276
10 491 1 -0.13451478906172659 0.59241828995756163 -0.72709806810551425 0.31980422230587696 -0.81641193389724553 0.73088852349849942 -0.45010031645584836
9 446 1 0.031466832807060925 0.63951832746298276 -0.73317074191389298 0.22910000103333364 -1.0635294275892861 0.87286702673357175 -0.34450456118476169
8 404 1 0.05945251644593489 0.66489760461077818 -0.72256649423103581 0.17965031334725232 -0.91055671776680036 0.95037963657620395 -0.10461452558781997
7 359 1 0.0084804573494846602 0.67298656917835131 -0.70675700882031756 0.21797176429999682 -0.40421751410447909 0.90362817649784366 0.085365561514892913
6 317 1 -0.12580189487685259 0.66694070777854064 -0.70384589961208588 0.20967814657828826 -0.016885216080230421 1.0403228610062361 0.36279617687761673
5 272 1 -0.48590186890973552 0.61998195184111771 -0.55442469424055452 0.26857961873078146 -0.49522895838485648 1.0433339147087002 0.44638947458978256
4 230 1 -0.38436118091920218 0.67807897470733802 -0.58972945559776224 0.21141086978348211 -0.26379566743381599 0.87373444929653765 0.3137197568877273
3 185 1 -0.068415527465094411 0.4984619937290139 -0.74133349958047989 0.44416168093288755 0.18200647647249429 0.2854801071637213 -0.10358860365010723
2 143 1 0.22595948878148481 0.3489946308225943 -0.70384269420139767 0.5759778805700172 0.23413889943250929 -0.35594535658008508 -0.22606235709723099
1 98 1 0.36392623993760109 0.3339683856210337 -0.61569071951481491 0.61396070492653676 -0.25578285755220048 -0.41517576398816763 -0.26596900352974789
0 56 1 0.34122443441063827 0.41250006828080965 -0.60317174630220616 0.5912642585952701 -0.19536955799925523 -0.091816729331962971 -0.1142516776096395
