114 895 1 -0.61099871858129928 0.65464889482880251 -0.33666609415836685 -0.29115516728299251 -0.68027014144908138 1.0599925388311275 0.12535386611529567
113 889 1 -0.61351896882983681 0.64698961592588544 -0.3411550088417058 -0.29767796645412786 -0.63402211435511435 1.0451691887872541 0.17664234919674299
112 880 1 -0.59125734809792274 0.67507441544009406 -0.32499484536412326 -0.29844200847933011 -0.60808413292649344 1.0003549666456042 0.15659046783558331
111 874 1 -0.57525535579454623 0.69693945338149099 -0.2914463791514999 -0.31371273807335059 -0.60223593338571413 0.94035510547146417 0.15724592394280934
110 865 1 -0.58684079359787955 0.70759288931351716 -0.2474207473101894 -0.30612605208120908 -0.54710665699041383 0.90218239319386495 0.16425797950301357
109 859 1 -0.59793392132743117 0.71336899044582913 -0.21435122001742971 -0.29602916017402658 -0.52927894494805605 0.88398019250771498 0.15517893827510196
108 850 1 -0.60604377221138239 0.71289011478044617 -0.20883238599076062 -0.2844075684181529 -0.5054967256770917 0.87410613319560349 0.11945661598735911
107 844 1 -0.61953108787136246 0.70054773237514245 -0.22048196758690039 -0.27713139084914423 -0.49635214916111586 0.87521708884402638 0.11170825348265433
106 835 1 -0.62884972168408337 0.68404211986503527 -0.2612942807203093 -0.26145688870491834 -0.47221087598371153 0.88610989788203165 0.10442857638308686
105 829 1 -0.62223808600217279 0.68963288413997548 -0.28013780053208093 -0.24238205823488629 -0.44841967339198274 0.87878147092451719 0.07560759451241654
104 820 1 -0.56524169764391718 0.72901373031176964 -0.34251423334608866 -0.17811458170762484 -0.36648681916849002 0.85133942744749302 -0.048149618467385871
103 814 1 -0.55269344772737672 0.73165663529513725 -0.37609784206230956 -0.1332626506711396 -0.29039114073398142 0.80801547712944999 -0.077645069911301282
102 805 1 -0.53931488642421233 0.74079719979504488 -0.38096257358665431 -0.12339562222093724 -0.22698944812070712 0.69524057230118241 -0.10878955530705446
101 799 1 -0.52299837962044049 0.72801963629906286 -0.42559983816210795 -0.12379370676153743 -0.1784932361399576 0.67920455549813485 -0.13055206201795067
100 790 1 -0.46686884788274541 0.74335760551970631 -0.46684960754287386 -0.10725853406471274 -0.15248042723228378 0.615692565890399 -0.216525991100048
99 784 1 -0.43048696286443672 0.75019121850302162 -0.49523081367454891 -0.08148958014340979 -0.1230414246999261 0.57571892688728599 -0.26913596167914183
98 775 1 -0.39617846832176939 0.74438520703271294 -0.53379663355835449 -0.063201572692852162 -0.10830587912919497 0.54853925134524062 -0.31819130893727765
97 769 1 -0.38231133975127585 0.73378206621116704 -0.55913842722239704 -0.052594087193515875 -0.13038997473149638 0.54895975474548619 -0.36135289973132956
96 760 1 -0.36094132671267304 0.72505373008256602 -0.58509632104970344 -0.04099685668872044 -0.2044268588428764 0.54796821565356024 -0.4475087707292621
95 754 1 -0.35981928206542296 0.71272099179047566 -0.60051570101539553 -0.044042762732512133 -0.24525427459776761 0.56522695293369996 -0.4938658490161062
94 745 1 -0.3274735831968687 0.69945784191819749 -0.62659699875510477 -0.10438381502147091 -0.37546543409320932 0.58554334646856754 -0.51282081557875825
93 739 1 -0.31427248955392167 0.69176643031396423 -0.6412865014494169 -0.1069749094835908 -0.41330904232167365 0.56979866035801241 -0.56135810587961332
92 730 1 -0.31490146565206573 0.67191492392101126 -0.65797057941609927 -0.12822682467114602 -0.47664064241982118 0.51300646918319293 -0.60388345665992349
91 724 1 -0.29953403813219931 0.66024071264427397 -0.68231805539379975 -0.093827675292650292 -0.50553505458702652 0.45493326391651429 -0.64664777142605967
90 715 1 -0.24736675376901054 0.62376378262770993 -0.74032309216417613 -0.040622060757985183 -0.58478582973780491 0.45216021270954526 -0.63265681435038545
89 709 1 -0.20573470301434474 0.63524408811139021 -0.74430804485505686 -0.011988113244814184 -0.60023442384430792 0.40397587384663175 -0.63311055754168843
88 700 1 -0.19984166191722127 0.64570766447869776 -0.73596216531105363 -0.038530681622494366 -0.56005244350234307 0.3898522861685097 -0.61960234815163495
87 694 1 -0.23112849554870524 0.67942973328414624 -0.69388260980272454 -0.059006608851771988 -0.50944481785746365 0.34941859458365421 -0.63606965161771922
86 685 1 -0.2791374645081422 0.65147981015006051 -0.70350763946045225 -0.052281297761139829 -0.39119016561762876 0.37851058158467271 -0.64251091897741164
85 679 1 -0.31936605423066367 0.62487433956902505 -0.71145706769726624 -0.036962467137886375 -0.32092251523122289 0.40122448806453087 -0.62356144173889672
84 670 1 -0.37625656220505876 0.61538242628903517 -0.69239577289068144 -0.017987842988166788 -0.23433889938359656 0.40351020190713044 -0.59201957477052058
83 664 1 -0.38287012801727249 0.60484050116638799 -0.69819169983639173 0.010333610230702034 -0.20357711685188859 0.35515078908937542 -0.60391762939599969
82 655 1 -0.34948010324647144 0.61720795376848492 -0.7019306080097536 0.064895460386787132 -0.1978141150818864 0.19193421618204917 -0.65938075428397402
81 649 1 -0.34455427787276072 0.61580523373993967 -0.70426800757759578 0.077928410741926704 -0.20596887771803024 0.11218297291294674 -0.69000874314590133
80 640 1 -0.29524735976410232 0.64265819761957699 -0.69424228974137947 0.13359296657882039 -0.22399886972570504 -0.091777935428202992 -0.70417689038181397
79 634 1 -0.27614667858303621 0.64700732982867726 -0.69435653852894197 0.15163615814715317 -0.25056846186383624 -0.1848691906940286 -0.69522815664019122
78 625 1 -0.24540208131087135 0.63912445515799965 -0.70486909745215232 0.18562678891870915 -0.3173163234799154 -0.28033020039144763 -0.65195131476103996
77 619 1 -0.2321720893489545 0.62128673923479327 -0.72138370038817801 0.19925979371814811 -0.36494283866827415 -0.29010144048119602 -0.63102938954274757
76 610 1 -0.21094665309478217 0.60576994613987634 -0.73453624023632824 0.22136122894779986 -0.42782136243302959 -0.26670674017608881 -0.608263016439751
75 604 1 -0.19461518445760898 0.62102919141137547 -0.7248384786676535 0.22595763593254792 -0.45175720621695659 -0.25654567443049853 -0.58246012869146935
74 595 1 -0.169852439985575 0.64054269065305058 -0.71790481960634345 0.21323198650268388 -0.4825726427473257 -0.20496927837762005 -0.53388709604056028
73 589 1 -0.13825902742747437 0.6370699040484189 -0.72501491358929171 0.22221555697938683 -0.51250874979799832 -0.15157224361626978 -0.49770096999698193
72 580 1 -0.13619402176897893 0.63558340546258452 -0.73080420732116025 0.20835098679071662 -0.52448578614843355 -0.06210182196667316 -0.48049639580280373
71 574 1 -0.14905956260758518 0.64178744391122977 -0.7266565751611197 0.19457735070721296 -0.52405054137125884 -0.029058871003262484 -0.47723249488871683
70 565 1 -0.14649230453484829 0.65573290353617031 -0.71782774021136508 0.18242176217528924 -0.53140992692873701 0.016702280532804474 -0.45458144816764234
69 559 1 -0.14546598267447594 0.66252643105032116 -0.70575178011521422 0.20448178625119576 -0.5290337799842898 0.042298059691314727 -0.47282067024204016
68 550 1 -0.16713744285168156 0.65259240350761449 -0.72180058225414834 0.15872035010901422 -0.55318271246711759 0.18505626953893872 -0.48151574922438051
67 544 1 -0.19579640689109146 0.62625579393913267 -0.74525661269539711 0.11857499247306572 -0.55088381819476051 0.30555687537891202 -0.4806993508938997
66 535 1 -0.24321408767782024 0.62550933600039871 -0.73852740595115651 0.064515492638912597 -0.56701963347867135 0.41924799513547112 -0.47155900819355201
65 529 1 -0.27979741939219477 0.64659522232986211 -0.70898928946664463 0.031019509719640896 -0.59918308949445265 0.46593557166542182 -0.47084646762983029
64 520 1 -0.31174630515877921 0.66868667450551789 -0.67501417636380356 0.0053135926167807322 -0.63864876546995553 0.55401577619229148 -0.47946835025576701
63 514 1 -0.34020996491068445 0.66986777367160577 -0.65947031957776403 -0.025164323311373516 -0.65451846291236937 0.62567145710994465 -0.46184735420567746
62 505 1 -0.37505270442164457 0.66642079616114192 -0.64144425443840281 -0.061384524091350062 -0.66988887393224883 0.7163343825409404 -0.41570965889874872
61 499 1 -0.40803603870885585 0.67095362752116472 -0.61442458967683677 -0.076224959373069168 -0.68596241644211775 0.75074941344509272 -0.40551993236113087
60 490 1 -0.43079067868982646 0.67643714117269205 -0.58847296153796236 -0.10272175395121644 -0.70792276350960892 0.77864309473215176 -0.36840568520651146
59 484 1 -0.45722338250608946 0.67306863329317723 -0.559610463441651 -0.15735794410567666 -0.73413732844054091 0.79052765544598713 -0.25965786664948021
58 475 1 -0.53377788238957857 0.62538155980445609 -0.55390202140730938 -0.13104055711549628 -0.60430594198769483 0.91628155261273947 -0.21019150223915131
57 469 1 -0.49216194160425608 0.67558214088129631 -0.54320612892887632 -0.079325252301384042 -0.61460055844796935 0.86678722794390195 -0.35349609795213477
56 460 1 -0.37437148517433494 0.70834325380014984 -0.59763535229911102 -0.030459999450050304 -0.57563583213893288 0.83532956345788911 -0.45701018853621467
55 454 1 -0.31244166730199474 0.69898845595102344 -0.63996028074680611 -0.065162735111587072 -0.53581072447554812 0.8618442029841924 -0.39298668967530459
54 445 1 -0.39341266488489685 0.66583093539150906 -0.61377357722958037 -0.15867462455804446 -0.44605433207882483 0.95535710170872679 -0.14692030634050104
53 439 1 -0.42643985077261709 0.64172346722945584 -0.61966299857024987 -0.14952529378991469 -0.34519761018435474 0.98678784072682335 -0.11172732664903931
52 430 1 -0.46327129892849322 0.67528112362207748 -0.56026239812078904 -0.1244232812650176 -0.2994467792100326 0.93021450715915954 -0.12128785342976155
51 424 1 -0.47506775593574335 0.70906176535121856 -0.51085325636874968 -0.10281532300506073 -0.27891920675928766 0.88496584880354578 -0.13358990206245561
50 415 1 -0.44595495268208207 0.74476900697453075 -0.48573774977242373 -0.10247997304115351 -0.21085202708327999 0.84037549067537365 -0.12414302068178222
49 409 1 -0.45521207779994483 0.74717108004127586 -0.47010033745389546 -0.116288495134918 -0.15433391903436841 0.82776909735400162 -0.053552530186998376
48 400 1 -0.46175006431895527 0.75344378125058609 -0.44500374235498469 -0.14519302974426285 -0.055255891364242242 0.78759405137486449 0.064340397467300331
47 394 1 -0.47514267492093337 0.7478396351421368 -0.43796390986236627 -0.15219373258293181 0.039665396841573948 0.74262516117866106 0.13725112605274253
46 385 1 -0.4463099208922246 0.75528090636871636 -0.47881297801964057 -0.033111011280085395 0.23576848812120321 0.67290901630430111 0.10270581825603801
45 379 1 -0.50100911268078818 0.71107486340675119 -0.49330912310354014 0.0029183393729791856 0.30999283410535977 0.5944004156727033 0.22180568013706262
44 370 1 -0.47775922837391221 0.68332303587651744 -0.55186960362335846 0.015990276441041302 0.43255344407843066 0.45064596171883031 0.25808339398110308
43 364 1 -0.45182000829689445 0.68699730400429571 -0.56903010179646107 0.0099059397803825961 0.47970154464982739 0.37277106944702032 0.26714934342490859
42 355 1 -0.4060758966948147 0.70945386224290197 -0.57419338463990788 0.045601979210319339 0.51117382830020974 0.29071412684484976 0.27047617549460129
41 349 1 -0.37966587841915167 0.69691808003793876 -0.60420239465485981 0.071403618772302072 0.53981351898932639 0.20334647674583736 0.25283049438514898
40 340 1 -0.37045618079022036 0.68533081722250777 -0.61647746657043323 0.11419028982515907 0.53209859042457652 0.11027821752573801 0.23471742237275911
39 334 1 -0.36318027187361307 0.68412720000535965 -0.61816721937457564 0.13393787076603988 0.52747735935838924 0.066802019435777585 0.20742100712478573
38 325 1 -0.33527036851611891 0.66521764380028547 -0.64468520424496267 0.17163989571044744 0.51342428293641651 -0.020142672010639674 0.16198551680822146
37 319 1 -0.329311731273777 0.64675285530301907 -0.66117154934163136 0.19004396897572576 0.50220839236914527 -0.071178423825177986 0.12215502130003328
36 310 1 -0.33666367803097463 0.62247647050470079 -0.68332133788189919 0.17958997955887787 0.48592655863513434 -0.10640439899218362 0.052981902940517592
35 304 1 -0.33856863938410425 0.62207550078349982 -0.68540407720111229 0.16915850172736258 0.48440479022795419 -0.093359469892630401 0.004506290286237156
34 295 1 -0.3615886707594006 0.61745831883757574 -0.68262010929731154 0.14842049743768812 0.47872437982647348 -0.041319247494251012 -0.048807743597655696
33 289 1 -0.36553974141419393 0.62719208415569738 -0.67479464506172482 0.13290212193677564 0.47928978922054172 0.014447809550256993 -0.071469079210729286
32 280 1 -0.37407968844094996 0.62453616125660472 -0.67306647235427741 0.13038594161701131 0.47818927159014735 0.08993848070698908 -0.082233960091789529
31 274 1 -0.38057054754365499 0.62834278076857297 -0.66599007639913299 0.12964808651197562 0.47262412117493124 0.15524733602306345 -0.083667107577451508
30 265 1 -0.40136156404968792 0.6610743965254906 -0.62139139258960885 0.12554789674699213 0.4480101057901672 0.28471122968314805 -0.068012407120518883
29 259 1 -0.43914360841662148 0.67566810293230939 -0.58543004465926074 0.088866015309223945 0.40635205335989449 0.37634623322524985 -0.04236215494566619
28 250 1 -0.46229976883106583 0.69725735829228075 -0.54398659850288156 0.064727742856352272 0.31190504445734663 0.46642335181170463 -0.027028482935448187
27 244 1 -0.45364188039245451 0.72340776221955527 -0.51589457353832002 0.068869753217275065 0.240582394456934 0.5082190337870236 -0.060004913836576128
26 235 1 -0.46650788705177809 0.73598385923945009 -0.48819630674191544 0.048605723336294732 0.14246016569818065 0.56282657441269957 -0.09752517088130222
25 229 1 -0.49721250470014833 0.73416093753648437 -0.46236892198718649 -0.0015565814345674777 0.032523716389383506 0.60951168611240303 -0.071989592418795448
24 220 1 -0.52813721394804125 0.73171734804463684 -0.42586080427606221 -0.065600161547592364 -0.11616168824748638 0.65293670452002206 -0.038858023093583063
23 214 1 -0.52193650369072675 0.73917673264726924 -0.41598703660521619 -0.09030409406232881 -0.20303995055324525 0.67260812841752216 -0.047706709397305806
22 205 1 -0.51337240330291167 0.74606831695119158 -0.40367304246067404 -0.12991888530599341 -0.32094065460713328 0.69384276382989818 -0.048160366905157306
21 199 1 -0.52277905022638338 0.74187139110811806 -0.40294123876688126 -0.1181831705477458 -0.34506752973064275 0.71233899473600404 -0.073365614483684116
20 190 1 -0.53858497529230542 0.72274285147313411 -0.41364636631479218 -0.12831866063998137 -0.36941182298802577 0.72440002932223579 -0.078424765621552192
19 184 1 -0.54515840170788432 0.71439866149842646 -0.41990228805135182 -0.12696037959064815 -0.37347197600049292 0.71174609451364645 -0.085219466829893648
18 175 1 -0.53217081643543696 0.70865267824079992 -0.44696261091171635 -0.12177860322553921 -0.35661259632940323 0.67976198252958919 -0.092310936057433443
17 169 1 -0.52267305842547618 0.70386450039930337 -0.46639864247139279 -0.11772826922468449 -0.33265614796073234 0.65331717919080545 -0.0951494402691314
16 160 1 -0.51685160477040215 0.69881033426776706 -0.48766981826116995 -0.081894344883813835 -0.27333289916430009 0.61776336986633418 -0.12222501025977774
15 154 1 -0.51128090476556309 0.68942695371156681 -0.50912499257375288 -0.063828315463222124 -0.22928476350431282 0.60152298295701978 -0.11800732637800909
14 145 1 -0.49241917147643327 0.69170642578327091 -0.52409287062294385 -0.066273999840039205 -0.21996421579874889 0.56893524135419193 -0.093681661510799916
13 139 1 -0.47830005232021133 0.69924792134156855 -0.52974168458359905 -0.040683560125797179 -0.20765984264914539 0.53568498956633015 -0.09971518461497661
12 130 1 -0.45169506090363587 0.70689683289959426 -0.54256859920869749 -0.043448299673237392 -0.2006759055931977 0.47891301281920162 -0.065961057821508171
11 124 1 -0.43346066581082571 0.71229604488217158 -0.54996689076655836 -0.047776717139372336 -0.1932640998068047 0.44218089976857022 -0.045446186579048503
10 115 1 -0.41214669024417078 0.70194814594061883 -0.58085714358100671 0.0029807519549564453 -0.14533859325423593 0.41214834809233636 -0.055216582739843756
9 109 1 -0.39411689799503974 0.70162969966098976 -0.59321681265335202 0.021941933684036276 -0.13045459393145745 0.38387934428767811 -0.052186613992800376
8 100 1 -0.36718529015085538 0.69314802449772228 -0.61920621110891316 0.036117128289513668 -0.109421651258008 0.34013299749926329 -0.030078178357800144
7 94 1 -0.36110312523934096 0.68798358105002566 -0.62740556932295499 0.051433225939099894 -0.093238143107842925 0.31595835602350569 -0.027339347686077462
6 85 1 -0.34594859302406539 0.69533129777784153 -0.62671543018029585 0.063731678851094098 -0.073016488319944617 0.26852139206233655 -0.014528893807919921
5 79 1 -0.32255715538007834 0.70423276631596865 -0.62895106452484772 0.066585665072379854 -0.059977428447392511 0.22845294820436082 0.0041264624446660739
4 70 1 -0.29089147638183127 0.71385538622466382 -0.63266193005387672 0.074374180916083152 -0.041645179330797047 0.17607542702882406 0.025509597381171562
3 64 1 -0.28467027543846268 0.7181788225987944 -0.62992362719597894 0.079863865124727068 -0.03624530421075129 0.15085570475401705 0.023382226821186385
2 55 1 -0.27769167524355043 0.71556996406514362 -0.63579385734954763 0.081321159514745431 -0.028855778908699583 0.11625791385864996 0.014879459218340246
1 49 1 -0.26535757671677696 0.71151173170312387 -0.64599734085935367 0.077613450705827744 -0.025982752905176033 0.090879242037130187 0.013046039834003854
0 40 1 -0.25752329139234603 0.71262201712255313 -0.64756596473917027 0.080684176974572461 -0.015901869361074326 0.048151042572263533 -0.00047145319719326122
