114 895 1 -0.60972712439570909 0.65529671364481945 -0.33679306830798406 -0.29221478402389678 -0.68293418205142375 1.0575609442111273 0.12518911614805964
113 889 1 -0.6131764693121875 0.64727783234341474 -0.3409698265529541 -0.29796913031235117 -0.63443256993307429 1.0445809169634761 0.17631648021021465
112 880 1 -0.59091709056862407 0.67533748483201639 -0.3248346019361783 -0.29869508706981274 -0.60837722597153665 0.99973347567508075 0.15610218440171317
111 874 1 -0.57498041358151097 0.69715444313193864 -0.29127415784214639 -0.31389898278328282 -0.60235767031533316 0.93984550939198364 0.15674476759562919
110 865 1 -0.5866517701269911 0.70776830753424336 -0.24726527397356013 -0.30620843839411271 -0.54700498217272009 0.90187277379291242 0.16376157173946404
109 859 1 -0.59770198760409199 0.71355791775101507 -0.21425396082018561 -0.29611260071434958 -0.52919952777425638 0.88364836618488241 0.15469376121459941
108 850 1 -0.60580185522662822 0.71309088221516748 -0.20872446493565672 -0.2844988640449968 -0.50541285705692662 0.87375115000031434 0.11899403300821271
107 844 1 -0.61930091123179754 0.70074153728482125 -0.22037009806947655 -0.27724483610704087 -0.49631931937143814 0.87487966119949112 0.11126880120336914
106 835 1 -0.62863002761388298 0.68423943066838533 -0.26116738923959676 -0.26159565114608779 -0.47224157535350314 0.88575707874875065 0.10396099399649335
105 829 1 -0.62201390896664555 0.68982635565601391 -0.28005005941416672 -0.24250826855284349 -0.44842419404354078 0.87846202504655768 0.075189285950618828
104 820 1 -0.56390373256830795 0.73031762956573565 -0.34234008911015845 -0.17734712777224226 -0.36577751609607401 0.84798033034617304 -0.051728663787112564
103 814 1 -0.55231727994298419 0.73203615256687138 -0.37586145857808256 -0.13340486335599547 -0.29063975613804888 0.80717101817342463 -0.078300217509185296
102 805 1 -0.53926051806650011 0.74073357761495418 -0.38101937043241829 -0.12383900840883739 -0.22756345592394028 0.69564890558003167 -0.10802345142963758
101 799 1 -0.52264809574199478 0.72818360654011383 -0.42562982705591756 -0.12420488518512106 -0.17918039014428117 0.67884053093930563 -0.13088911632347811
100 790 1 -0.46692278995404124 0.74345188836631393 -0.46659058949652898 -0.10749706832922447 -0.15226561324229188 0.61588986870783002 -0.21665733905435491
99 784 1 -0.43049018612161144 0.75017152731958014 -0.49517249908685707 -0.082006557055307655 -0.12352375414684612 0.57619332659045086 -0.26897993192005798
98 775 1 -0.39629245440777527 0.74428535351271685 -0.53378489706438059 -0.063759601566195728 -0.10879710142514702 0.54930300589956549 -0.31792894258400872
97 769 1 -0.38250014997789394 0.73377355753166484 -0.55898911982974886 -0.052926037506844492 -0.13030137151135326 0.54935858108024327 -0.36166019877306932
96 760 1 -0.36161060538538103 0.72501324667005707 -0.5847102613799281 -0.041321573817771358 -0.20341572967989288 0.5491153421151016 -0.44752779904342171
95 754 1 -0.36040745981639888 0.71262876885564008 -0.6002476539022894 -0.044378538650828671 -0.24428562963434636 0.56627370166834157 -0.49398630011483907
94 745 1 -0.32721810256237216 0.69951512419828155 -0.62658581847611394 -0.10486713716871543 -0.37637224381741408 0.58526421303395071 -0.51285484512029544
93 739 1 -0.31402934397158744 0.69239312945856557 -0.64061126082238373 -0.10767793604496952 -0.41525102070273801 0.5687201854950843 -0.56184353829179667
92 730 1 -0.31430372667691797 0.67130401500445258 -0.65933603805705965 -0.12585736273703921 -0.47287181941576545 0.51156635136617012 -0.60681666639801235
91 724 1 -0.29901929913268899 0.65929377471749218 -0.68368286676087053 -0.092178712632549037 -0.50274861168200957 0.45448214744666421 -0.64846231364871454
90 715 1 -0.25072508967016954 0.62085400287923287 -0.74168857292067458 -0.039690015339026607 -0.57585503537422922 0.46070177579967114 -0.63281273773078361
89 709 1 -0.20760867243901315 0.63320913642322862 -0.74553444857255824 -0.011100210352554273 -0.59441438110832079 0.40926478853710735 -0.63396908823006226
88 700 1 -0.20092754263428628 0.64302469679434149 -0.73803247503528824 -0.038150068371877621 -0.55678752935755038 0.39660886795922617 -0.61859038450739912
87 694 1 -0.23213145734997731 0.67705428984415472 -0.69591371134364177 -0.058451530998953886 -0.50621113132723017 0.35541370175854203 -0.63465124261795069
86 685 1 -0.27940100806944423 0.65128177902761275 -0.70360668821474515 -0.052007204269069178 -0.38928165837376183 0.37885663776213319 -0.64241229549976586
85 679 1 -0.31933151735658505 0.62504620095423691 -0.71134113204814198 -0.036584457791319434 -0.31941444232445032 0.40017316791730495 -0.62326059370346487
84 670 1 -0.3761503126282752 0.61557402684583418 -0.69229418686186595 -0.017559003950196144 -0.23305093662411669 0.40245023109082262 -0.59194130580502646
83 664 1 -0.38276494041713605 0.60501859320600782 -0.69808886253863678 0.010744406079541255 -0.20235758110451835 0.35405647854475797 -0.60375684022407483
82 655 1 -0.3494482792181321 0.61730319613173967 -0.7018237015792983 0.065315818134335457 -0.19644741071487176 0.19099491170719324 -0.65910530708304527
81 649 1 -0.34452396417567344 0.61588264209731414 -0.70418215248629357 0.07822598923427948 -0.20480067237092989 0.11149349488465463 -0.68962841548475762
80 640 1 -0.29494440514237513 0.6428227020501226 -0.69419704455303299 0.13370577750428117 -0.22369107655723788 -0.092664799248678917 -0.7034889276842361
79 634 1 -0.27588180309607552 0.64715098477563071 -0.69429610428629474 0.15178192645128785 -0.2501274628991727 -0.18571705683421535 -0.6945532406420567
78 625 1 -0.24487424732682073 0.63933874922678025 -0.704838117373489 0.18570351378112093 -0.31750459350742477 -0.2814984241754232 -0.65103516981988108
77 619 1 -0.23155511382102642 0.62149469835466165 -0.72139120384148869 0.19930203260505724 -0.36542913336726979 -0.2912912037654492 -0.629996871405621
76 610 1 -0.21037228364368799 0.60594211264996467 -0.73456002179650648 0.22135770320942827 -0.42833854965573692 -0.26766448180758695 -0.60721958678116328
75 604 1 -0.19409645954883795 0.62113106962390363 -0.72492659807921156 0.22584106388292852 -0.45232430100629284 -0.25712939743568713 -0.58152462851708064
74 595 1 -0.16909302856517744 0.64070288463692149 -0.71793861426641536 0.21324049205955961 -0.48330114677961583 -0.20612635630257536 -0.53280583951518756
73 589 1 -0.13718222183772089 0.63729991749761505 -0.72488841145537708 0.22263567572808188 -0.51314810218107632 -0.15394870752542628 -0.4965207480263199
72 580 1 -0.13466117802141112 0.63588659336814957 -0.73069622412130875 0.20880046830262974 -0.52590310581035471 -0.064933544717924868 -0.47929057219473659
71 574 1 -0.14753397217062778 0.64210735616941461 -0.72654589504885736 0.19509723882294158 -0.52532550124180244 -0.032003146256504737 -0.47611010023502465
70 565 1 -0.14490206909096748 0.65605681401292737 -0.71769763534992626 0.18303811453762395 -0.53255822635155892 0.013629853081171732 -0.45343052429181074
69 559 1 -0.14402859267479626 0.66276600131690622 -0.70561911693128088 0.20517956480028823 -0.52978210864629027 0.039533851228536032 -0.47145973145213582
68 550 1 -0.16613475805213779 0.65266477892062291 -0.72192831926064271 0.15889440006795574 -0.55385266748943007 0.1841492159597698 -0.47990502334365287
67 544 1 -0.19474378839595066 0.62633229971408477 -0.74547840070313209 0.11851017382975852 -0.55191310406631267 0.30497666575009369 -0.47912172651051088
66 535 1 -0.24245522703141711 0.62538231510941145 -0.73894087193369917 0.063865566774287702 -0.56829410912590816 0.42008659350472088 -0.46965746678440212
65 529 1 -0.27887480259835029 0.64654240275194841 -0.70945405572866327 0.029777654871048744 -0.60160530141384916 0.4669186508700931 -0.46829019081670814
64 520 1 -0.31169907069860492 0.66833654366724771 -0.67539385937759222 0.0036177948511014251 -0.6406191996294105 0.55652918295969267 -0.47603768283498854
63 514 1 -0.34043931999328592 0.66940593363979228 -0.65973881479906793 -0.027229793570066125 -0.65667446722888245 0.62868627800940413 -0.45774471972156977
62 505 1 -0.37488136491516749 0.66583868958472125 -0.6418948510540311 -0.063982824896727963 -0.67316518524743507 0.71905953512662235 -0.41093952040626008
61 499 1 -0.40775461747148245 0.67049360473078934 -0.61476405998241446 -0.078991445737722182 -0.68988309512896373 0.75277950365344481 -0.40045660095746299
60 490 1 -0.43071919822795751 0.67597051173323486 -0.58859130620445133 -0.10538080378091695 -0.71160101174635393 0.78031127220860097 -0.36334191353057083
59 484 1 -0.45743406602521641 0.67206709906535766 -0.55993885661067389 -0.15983856371678309 -0.7366980480503873 0.7928669805901597 -0.25437888416996768
58 475 1 -0.53479791862208703 0.62319687321364248 -0.55473892748194731 -0.13372197198068025 -0.60542204683025913 0.92139235298165834 -0.20293781413178696
57 469 1 -0.49301383383706077 0.67414659489050865 -0.54382896351764964 -0.081937700005154088 -0.61688146671185262 0.871500946059515 -0.34787034808220318
56 460 1 -0.36877083321710569 0.71174713557013158 -0.59700915938796084 -0.031688344591581818 -0.58660346166111521 0.82395829119866271 -0.45467446120916288
55 454 1 -0.3128652111259746 0.69872379076525626 -0.63996973129693646 -0.065872353149532895 -0.53578116278627341 0.86436702565078427 -0.38551061603960346
54 445 1 -0.39287915191436035 0.66581787425763173 -0.61400713234278537 -0.15914701298576336 -0.44692636375876627 0.95489650221352596 -0.14679375692452451
53 439 1 -0.42596556272662184 0.64183729863337458 -0.61978146316172844 -0.14989716266531453 -0.34596429120434369 0.98614335963544431 -0.11200899375610172
52 430 1 -0.46287801542449797 0.67573691351997522 -0.56005993884800698 -0.12432389730354561 -0.29966884056847537 0.92873903872623864 -0.12280691209357174
51 424 1 -0.47463176925005129 0.70919891304216465 -0.51101234459261546 -0.10309204155673896 -0.27943762973724556 0.88426038572495591 -0.13396403890704819
50 415 1 -0.44576154487595365 0.74473484466107831 -0.48586921272426625 -0.10294544372697779 -0.21132112233654476 0.84040452908851559 -0.12411475336048207
49 409 1 -0.45546362209906321 0.74691783748923046 -0.47004975509225561 -0.11713180918317549 -0.15509951439803377 0.82890701868721695 -0.053035896885435981
48 400 1 -0.46175988561916947 0.75340524218224059 -0.44501538216709374 -0.14532604281396569 -0.055065033222446221 0.78780094392635003 0.064136842516656606
47 394 1 -0.47511657954489811 0.74784016318024138 -0.43793793645363349 -0.15234726774983443 0.039800011002487715 0.74275929063141877 0.13696325562610923
46 385 1 -0.44634339937930467 0.75527818385013545 -0.47875525298552674 -0.033553577593631048 0.23543201792687921 0.6732765000774148 0.10203140600509569
45 379 1 -0.50105173199009645 0.71110713215840871 -0.49322218483005431 0.0023842933199825656 0.30964942290682662 0.59495186801198119 0.22168308344408511
44 370 1 -0.47776057887082524 0.68345943273149512 -0.55170728859271922 0.015719440226260449 0.43269885017639081 0.45057931005182356 0.25773552036907166
43 364 1 -0.45187812181444825 0.68705593147838129 -0.56892000787112751 0.0095044563093856435 0.47963406770410533 0.37297004696377861 0.26691431121854731
42 355 1 -0.40602749319348613 0.70956260057628939 -0.57411941111509912 0.045271320008130472 0.51107283346323029 0.29071528326588908 0.27032113575418737
41 349 1 -0.37959651446327652 0.69705883049422412 -0.6041261314224381 0.071042876982249328 0.53964291166480238 0.20335287826534143 0.25266198059159256
40 340 1 -0.37043008175113679 0.68547489413778684 -0.61641165230666428 0.11376466473032892 0.53186908643773678 0.11045013373126304 0.23446365019681023
39 334 1 -0.36314476570403714 0.68429793823660245 -0.61808919217236236 0.13352138924761012 0.5273093784931514 0.066958154083950658 0.20732677539178709
38 325 1 -0.33524350523001828 0.66538654160496125 -0.64463390045582802 0.17122989468893934 0.51326478743486981 -0.020073266381915193 0.16175801160697595
37 319 1 -0.32931111724087592 0.64692191354958439 -0.66113299817140792 0.1896032292968543 0.50203728870829378 -0.071032331822365458 0.12200779208428057
36 310 1 -0.33667445228433879 0.62264597487605045 -0.68326701808750157 0.1791884068334422 0.48581177271121467 -0.10630324915597281 0.05287603983009638
35 304 1 -0.33858193258895708 0.62223722733332498 -0.68536117509701389 0.16871030648571256 0.48423665816259587 -0.093191596293536946 0.0043753968279240585
34 295 1 -0.36161631850200249 0.61759883402334137 -0.6825491694074024 0.14809439471949176 0.47871382337444285 -0.041293300124725971 -0.048971396081241444
33 289 1 -0.36559817532431244 0.62733617965122934 -0.67471917574995255 0.13244367019770553 0.47914998247529328 0.014751818935222559 -0.07168102263317648
32 280 1 -0.37412033285148105 0.62467355137011693 -0.6729995912623834 0.12995568831877982 0.47807445403446303 0.090202899921736746 -0.082355111233262293
31 274 1 -0.38062744710240959 0.62846280355743911 -0.66593578552993038 0.12917732234281942 0.47246961337312104 0.1554909968253122 -0.083798627149297117
30 265 1 -0.40131852328305861 0.66113966585856032 -0.62142740183229128 0.12516297116281783 0.44774257399370859 0.28474534467910195 -0.068241782433303894
29 259 1 -0.4391891534199549 0.67573167594591343 -0.58538637386984338 0.088444236268432161 0.40615554541647397 0.37659254280624122 -0.04270981773982304
28 250 1 -0.46222237469351157 0.69731949247312164 -0.54403678710060643 0.064187039431404191 0.31127186032241427 0.46672864219976878 -0.02725304687007625
27 244 1 -0.45349483544636643 0.72349954052236765 -0.51595449847873998 0.068423713630202082 0.23994322592567854 0.50829879493746188 -0.060324764641717279
26 235 1 -0.46589313067119181 0.7362040550947303 -0.48851465903695557 0.047964653250890062 0.14078417000838547 0.56238647009316589 -0.097488682398404566
25 229 1 -0.4970213921907527 0.73425592672377049 -0.46242216798456648 -0.0019257030498606119 0.03208564598141396 0.60941917495181475 -0.072239523274910927
24 220 1 -0.52793004843819835 0.73181945263809411 -0.42588853286591916 -0.065947784419469122 -0.1166767409891125 0.65277833583442235 -0.039249225890819743
23 214 1 -0.52173487830190468 0.73925446958931229 -0.41602055831170603 -0.090677676511573782 -0.20360752863066961 0.67250560035495588 -0.048037394772752547
22 205 1 -0.51310458338989817 0.74617100150313698 -0.40369482555914937 -0.13031888135206102 -0.32158368027191092 0.69355380783574949 -0.048449459378495
21 199 1 -0.52258589396250332 0.74193600191545117 -0.40296575272047408 -0.11854768925436121 -0.34551102532225786 0.71224000440214452 -0.073585931410699981
20 190 1 -0.53834349769843914 0.7228519076083626 -0.41365390711269862 -0.12869282529792037 -0.36991212969385867 0.72416317495160121 -0.078678644809131823
19 184 1 -0.54495252985320752 0.71447180448632852 -0.41993078413480006 -0.1273378079620141 -0.37393107556588645 0.71165411606401874 -0.085447669353191161
18 175 1 -0.53203069225932609 0.70869237891569981 -0.44696713570266622 -0.12214267952940429 -0.35694554351357871 0.6798322941724696 -0.092468380431132549
17 169 1 -0.52256831361694511 0.70388931973446911 -0.46638769378495309 -0.11808768883012964 -0.33295642736680092 0.65348740204686162 -0.09530668299144715
16 160 1 -0.51682381604313188 0.69878738204612978 -0.48767810644868304 -0.082215584619696053 -0.27344223168615756 0.61815358889509586 -0.12233582447822657
15 154 1 -0.5105279226184033 0.68992143846246534 -0.50909612548245131 -0.06473626491833305 -0.23153870625873427 0.60034487479966014 -0.11824432102228113
14 145 1 -0.49232856887579401 0.69173968176537703 -0.52409132450565943 -0.066611384295412218 -0.22020416607566878 0.56915291006876967 -0.093929231257867091
13 139 1 -0.47822964001219509 0.69926858946332582 -0.52975366945423619 -0.040998791488884793 -0.20781460660831222 0.5359324438185219 -0.099966531376229947
12 130 1 -0.45157508832276955 0.70696074585415436 -0.54255890175802512 -0.043775353233827898 -0.20088987406475323 0.47903480240791257 -0.066147638561406125
11 124 1 -0.43327382082970767 0.71238115179295636 -0.54997228962294631 -0.048139083920049133 -0.19368452968628069 0.44217002199580385 -0.045714122197389927
10 115 1 -0.41202935933130552 0.70199057777639984 -0.58089102605086129 0.0025790726565928751 -0.14573021071885059 0.41234040245133879 -0.055460649221366023
9 109 1 -0.39407106765743172 0.70165124964242609 -0.59323538599503522 0.021570681812941996 -0.13065756043326007 0.38417027964790734 -0.052413463327083069
8 100 1 -0.36716136196124249 0.69314302363238933 -0.61924835494416941 0.035731750187397611 -0.10963518610276211 0.34050282467293796 -0.030359295098373512
7 94 1 -0.36109175669551724 0.68798497394319935 -0.627439296235342 0.051081781631219965 -0.09335801783950845 0.31630954152449253 -0.027619686515170598
6 85 1 -0.34600275953892945 0.69532120161662259 -0.62672719582779957 0.063431372235551439 -0.072921810789543531 0.26893023034757374 -0.014818998370648795
5 79 1 -0.32261051397042984 0.70421888684400802 -0.62896885190535134 0.066305346849145991 -0.059872047694691372 0.2288420299570201 0.0038036372369793293
4 70 1 -0.29094951039513006 0.71382329602022876 -0.63270210549169514 0.074112955453327925 -0.041528956821816357 0.17646048055718958 0.025103322377261095
3 64 1 -0.28474663792553456 0.71814291657964535 -0.62996169719296824 0.079613840670702235 -0.036080156684825476 0.15123874696583833 0.022943924622066247
2 55 1 -0.27778051834301115 0.71553102375063593 -0.63582860846079203 0.081088336659891347 -0.028641325564006601 0.11663713017479045 0.014435935737435592
1 49 1 -0.2654596008744694 0.7114602393535987 -0.6460399857436101 0.077381295820653617 -0.025764807537598609 0.091282216299499105 0.012584789449751976
0 40 1 -0.25760853773189352 0.71257627812339286 -0.64761198647719853 0.080446280924015831 -0.015723706284137592 0.048534549906096645 -0.00092566109292345684
