18 852 1 0.16086584234421161 0.30658820351556265 -0.71485401952709082 0.60754389553179533 0.31232749189167369 -0.12748902774068571 -0.76685241461084874
17 809 1 -0.0031026465242580906 0.52772316887971515 -0.66579872676877583 0.52745680964906905 0.35566741971536397 0.36189018283561486 -0.66246946996006062
16 765 1 0.26459447840236394 0.17502390387584485 -0.62384058966603817 0.71426837656175834 0.82923817471465422 -0.50619585298718472 -0.34082221625079939
15 722 1 -0.63883648894765954 0.23823038569030286 0.42650873157360852 -0.59432695178188577 -0.49854107162466232 -0.98052699489987516 0.39234787153982148
14 678 1 -0.51701319363033527 0.13552548619467797 0.48372208550552931 -0.69306792177826204 -0.43169017472087023 -0.93595477719200448 0.1429631101522211
13 635 1 0.50214098822634634 0.060628983477474009 -0.41588690416290414 0.75578875173645699 -0.56699416077408271 -0.77280458180474687 -0.18463934715308117
12 593 1 0.3740094853223932 0.19627720343111757 -0.53039114270559296 0.73503564542244726 -0.49659235637854515 -0.61214889450077437 -0.45089784036682751
11 548 1 0.15307703488515706 0.36739153345154141 -0.68150683174426274 0.61411669967913318 -0.45627309106673736 -0.10270339134278988 -0.85331388497367111
10 504 1 -0.064809087240168359 0.55236106813933239 -0.74556930438415769 0.36718312185501573 -0.7592292199454248 0.62538468321586926 -0.58097238488458547
9 461 1 -0.014224480543856263 0.631594714971494 -0.74546519692592828 0.21252628154071115 -1.0654060288803291 0.80666332524481654 -0.31824359798597501
8 417 1 0.078438686553779127 0.65868050306894976 -0.73320283858617319 0.14966951866606518 -1.0165280119982025 0.9843663993920464 -0.055088840881928308
7 374 1 -0.00046461487258148831 0.64733076964415526 -0.71619965337134528 0.26080781298820555 -0.5443310973799963 0.9013916915944572 -0.091477650578487918
6 330 1 -0.067214724232767115 0.66376953119103543 -0.72614188566940319 0.16616302893613163 -0.042786705166896165 0.94297828266580286 0.38358372775210792
5 287 1 -0.4143346870085014 0.6532018609081317 -0.62209175724182086 0.12106172648489838 -0.3848116066828205 0.94280244238662192 0.77670620108537181
4 243 1 -0.52369100077945518 0.66475333508619494 -0.49090271331012686 0.20703928433789873 -0.56803794013404552 0.84520936422701365 0.39438265477234646
3 200 1 -0.13774651990413916 0.59203779673675816 -0.71709853922070188 0.34100854613472542 0.093587951682766304 0.58262951292988119 -0.061479957991744091
2 156 1 0.17761812776229152 0.36610353033503873 -0.73642394631758035 0.54046255842239554 0.25420171648264345 -0.22283115688158336 -0.19906010838430038
1 113 1 0.31062176720338297 0.35138739982236955 -0.65202045082461668 0.59574352257660801 -0.15514975113041382 -0.47702625729989656 -0.32148991781631431
0 69 1 0.34787717953472336 0.36831302485877088 -0.60929019159851383 0.60999380824742377 -0.28806487324629282 -0.10869425043568391 -0.18285545150021401
