19 881 1 0.53578978780684405 0.36683146286092772 -0.60946488943842492 0.45488078622757583 -0.68108692577588026 -0.36613815253764792 -0.36265494726405423
18 839 1 0.50896747119174657 0.40578785259439998 -0.53668435767788569 0.53689685432062229 -0.63765467786808971 -0.3123463146938637 -0.22604455825433634
17 794 1 0.26119618598420918 0.53887695039882999 -0.6673929436954934 0.4426904600978242 -0.6849274890154895 0.3887234081572431 -0.29597866972984227
16 752 1 0.091364652034519142 0.70806054832331566 -0.65911160303504268 0.23637820333371087 0.14572994598040054 0.85163082089590758 0.19441427643878492
15 707 1 0.13240539025976772 0.77519716202605937 -0.61535508980205211 0.053631017812551945 0.046900928465200831 1.3908055525115395 0.48024657448537417
14 665 1 0.10242140933640899 0.69704659656875767 -0.69386552892935227 0.14895141786853006 -0.72183562143937419 1.2649639022302333 0.54579241696602776
13 620 1 0.11544889420773786 0.61752119162940566 -0.70306254716084782 0.33322992886970731 -0.81826111618064223 0.85356447100988786 0.00014828416367182592
12 578 1 0.28037134812480302 0.54666138799831376 -0.69173370055063554 0.37954936641359494 -0.76904067075736326 0.29832261893226913 -0.10861161094952838
11 533 1 0.47370727465785256 0.25989373218371231 -0.68087772387551659 0.49443117927366426 -0.55577324871928857 0.068893486007342575 -0.23779351181198477
10 491 1 0.42831753173978221 0.28381514399820013 -0.64407435596515183 0.56671093163066522 -0.23856558028638386 -0.26351421536497283 -0.31069693442798374
9 446 1 0.37099043069613835 0.31895750062049483 -0.5927347558820153 0.63976380196077731 0.66046369244985204 -0.49475017284657935 -0.039888083693563739
8 404 1 0.38496736974262996 0.22554481559244696 -0.56445985982948133 0.69448882426867931 0.37691837551134527 -0.81352340472655538 0.053311927651647092
7 359 1 0.52436302675404656 0.19625613440808479 -0.49112289302029116 0.66732694373291301 -0.056160387972985108 -0.52999036334856375 -0.10445852524977613
6 317 1 0.36251863018442448 0.35811308949648452 -0.6209636324718939 0.5956000546069502 0.10400114345597912 -0.08737044941589775 0.052760975793373951
5 272 1 0.32304087573015755 0.29579677939906757 -0.68240560664045791 0.58521059963939559 0.47712992802147336 0.10780966630775761 -0.077030368721527021
4 230 1 0.079226377575687873 0.4815006212167261 -0.67806245753486749 0.54964682892373484 0.49857132860359094 0.93727308332794002 -0.028007495757103321
3 185 1 -0.031606288934280774 0.58646069507318144 -0.69401533919623593 0.41642238723970793 0.15190366733927679 1.3556535981252433 0.37663671734855703
2 143 1 -0.077938464054098114 0.62333950102208879 -0.69568938291736249 0.34841031095890479 -0.23267170387710362 1.1933915154436068 0.42395338691513135
1 98 1 0.073848260074956623 0.57437970065576227 -0.70073765508676256 0.41665469240367869 -0.042651273245947967 0.80210331123622924 0.24693573740095959
0 56 1 0.20334301553445927 0.4768535187109903 -0.66039216445244242 0.54327205786430643 0.020555819133404856 0.40897248986323542 0.10410883254396792
