19 881 1 0.28131758458645889 0.34150227463918709 -0.61863417938406118 0.64925215834567007 -0.30105515399054916 -0.38488359168395353 -0.63431219607537837
18 839 1 0.023150788893185614 0.43452288600062688 -0.67850204409789372 0.59185207499027115 0.36448030899641015 0.27781170502080205 -0.75648970003389049
17 794 1 0.092414815254873994 0.38345680695494744 -0.70688510527145121 0.58714038105609201 0.51605981779846888 0.058902828066784846 -0.58231549471728317
16 752 1 0.35191956368815092 0.035932822396740345 -0.61478331083047377 0.70491342283465341 0.62839510443317548 -0.82863916086599865 -0.18406471369030192
15 707 1 -0.64547063237689861 0.18337792221705548 0.38333872616091491 -0.63465866527421599 -0.50959964898767207 -0.94609564323775652 0.39818294363232387
14 665 1 -0.51970763249198038 0.068908853340072768 0.50024349909957988 -0.68913858422638452 -0.46025751550203653 -0.93330550112523203 -0.021218344872306536
13 620 1 0.34923090328936107 0.095561149036206772 -0.49417513894928478 0.79037761546429941 -0.36495713312362449 -0.67682078073480445 -0.42838233497877509
12 578 1 0.34394864391618146 0.20671556146414657 -0.56715790683157286 0.71923564686075692 -0.46378460609630584 -0.53347231796019812 -0.54185056481520666
11 533 1 0.058564672460816924 0.48150410932150178 -0.70324078093158604 0.51978493233336198 -0.49316383861151319 0.1777971191562347 -0.83289237933392124
10 491 1 -0.1376009363460442 0.59534027739252193 -0.72428614098977995 0.31944564858676616 -0.84427824794963757 0.72831006800556064 -0.45852725417721302
9 446 1 0.02710493636725041 0.64224030439013269 -0.73033715887076534 0.23108515359922133 -1.0882965442685888 0.86756867942990867 -0.3531244844530515
8 404 1 0.057016907909894145 0.66783970847947538 -0.72026299565603891 0.1787747551502526 -0.94032223791865421 0.9503303375101263 -0.10266431959807719
7 359 1 0.0050131862499892162 0.67540150705896607 -0.70411780721287232 0.21914786285026064 -0.40193322069887688 0.90376673339220903 0.081558037682510826
6 317 1 -0.12956710238470984 0.66880420160641385 -0.70089627946693578 0.21132371216369547 -0.018547182934939607 1.0394914591021887 0.35774873737486779
5 272 1 -0.48787676329412927 0.61894865799313947 -0.55081268408051443 0.27474389831651458 -0.48632519259651613 1.0351954001640007 0.44060533186886103
4 230 1 -0.38761181962720098 0.67876400890594635 -0.5861376275096325 0.21325847958896718 -0.26632926855453615 0.87322004924868257 0.31051536931121554
3 185 1 -0.070285466409729394 0.50162018814351794 -0.73771186671405009 0.44633881947204646 0.18130664279403247 0.29053459588322683 -0.10742225354298134
2 143 1 0.22560331101896977 0.35427321302401227 -0.70072852349874659 0.5766915752342735 0.23218933120707 -0.34589844173875883 -0.23333247451603015
1 98 1 0.36364912217350465 0.33897422798485155 -0.6129101810530041 0.61416357647298425 -0.25094230518761673 -0.40788566069923693 -0.27205066617490875
0 56 1 0.34038328726064787 0.41751380783095682 -0.6003276822509932 0.59112444708984979 -0.19252432037104267 -0.087058399074757375 -0.12286481356197478
