12 1610 1 0.52689997884698991 0.33745539111997319 -0.5296001601722381 0.5727337441085929 0.044653021043635784 -0.6351994093689195 -0.1137413119377062
11 1482 1 0.4951300096742382 0.32782631245212429 -0.52714129802646503 0.60786366423648375 -0.020971427911362445 -0.67115983069809171 -0.1006180224826338
10 1354 1 0.54525432558219689 0.43316105583911346 -0.50511044392764348 0.50983591436212794 0.2359696673897726 -0.50132730027003092 -0.095257034931351195
9 1226 1 0.54978180289004719 0.31708482388972886 -0.50349112786359729 0.58625409835022213 0.029640380336819074 -0.44598320638244937 -0.040565076732891829
8 1098 1 0.54484531992061036 0.26819002699176586 -0.52764891531215585 0.59397332343521037 -0.018033972239078273 -0.35807872477570124 -0.069096674310256803
7 970 1 0.46884042070289994 0.46964358896449282 -0.59223356177721997 0.4570371621261734 0.26464791555897371 -0.19562743982680733 -0.078341468967987479
6 842 1 0.18564487263783058 0.65950513077386275 -0.61299608695302321 0.39347777716983662 0.34271937259237956 -0.23025401130798259 -0.26836272003185396
5 714 1 0.4633430718434986 0.35063131026572042 -0.58489282870115156 0.56592513724868232 -0.068327493249158558 -0.32474748381214996 0.0094317022937365855
4 586 1 0.53515224820681029 0.40135124274591527 -0.48918949703822001 0.55966319083266436 0.068191892351857256 -0.0076765987282911155 0.051071640299752773
3 458 1 0.21721425806731848 0.58263597538524936 -0.5652136304330222 0.54211330757680798 0.2419757125379407 0.29717883750170621 0.24120685919480964
2 330 1 0.19267287763287833 0.59963077556086863 -0.59059304832628656 0.50449969920070481 0.2466315542885838 0.45289135309863077 0.28353940042835024
1 202 1 0.24455017558194228 0.54211531773256838 -0.6191686423188375 0.51277323084537585 0.12762347161910809 0.19161510383253583 0.14424579910154703
0 74 1 0.35375868991665854 0.44263792908139482 -0.60514068911955698 0.55922374718791357 0.0149383636377345 0.075227659778721576 0.029107191759631262
