19 868 1 -0.26088007408700592 0.72369668489154515 -0.592703089025297 0.23855343946633153 -0.56013000393584511 0.89930698221097516 0.30981475218713578
18 823 1 -0.22383611985186661 0.66229121529960366 -0.63743723447907197 0.3239467698346557 -0.40921855027861476 0.8733565955189978 0.13881695887783027
17 781 1 0.033555522064881577 0.60081108260768168 -0.66299071881653671 0.4453575829800932 -0.098106017955940553 0.63554174807460673 -0.17609089098465275
15 694 1 0.3113598684646382 0.52653823985269166 -0.66638783049845773 0.42630948106518984 -0.42516120366567334 0.40519717665889154 -0.57626755414210418
14 649 1 0.22293776062512122 0.39595950702819016 -0.75228653858153094 0.47705323345562556 -0.13676278065999817 0.17836709884161453 -0.59579939376341828
13 607 1 0.34718949865469872 0.29294519229286869 -0.67414130485097556 0.58238824458450167 -0.35918816251304814 -0.17372128145578092 -0.53661537541013049
12 562 1 0.3742738763007461 0.34930215113284857 -0.62803551122324097 0.58607036213695451 -0.44220907640770996 0.12776996587854361 -0.4211650038640018
10 475 1 -0.019327500744592153 0.552686162322092 -0.76477609411070346 0.33057825029699495 -0.57884653859861324 0.92465585023600261 -0.10121054402790342
9 433 1 0.073018110282140419 0.56365821753778733 -0.7461367472554864 0.3467531164502376 -0.24418243736767864 1.0018870977316656 -0.0093828267031142495
8 388 1 -0.025619812899817889 0.59501361526464114 -0.65795869501171 0.46086091014010677 0.1846871433743259 0.75532847390622915 0.2088891623343169
7 346 1 0.13868775655688112 0.45078856190243322 -0.70879347681439864 0.52456380533211799 0.56329084390193407 0.24770330290305737 0.32463608604578759
6 301 1 0.20499048198791375 0.34840472684438906 -0.74036545592466574 0.53707731313127682 0.52274641276161249 0.0060723162646338898 0.061051585965910399
5 259 1 0.072481247125587817 0.43552284783690515 -0.72972816278040675 0.52207578594710158 0.42009809058439601 0.45031094547176415 0.050563182452921511
4 214 1 -0.10168934318647913 0.60368742100701533 -0.66207329906290635 0.43229587306399375 -0.2135166637919681 0.7187455711905224 0.062981363955058808
3 172 1 -0.075675832597661627 0.60173919003967713 -0.69455427436795969 0.38701095008829023 -0.33825260650896299 0.70568012219518172 0.021770306545341352
2 127 1 0.043352053161298816 0.55204375943652828 -0.70160205441616752 0.44846721663115757 -0.17448164186441947 0.52358136261786625 0.042367742852235137
1 85 1 0.16987693838126797 0.46657886749180794 -0.69591093157489314 0.51880050263163124 -0.031766309135512136 0.34753275869968314 0.062501888336684477
0 40 1 0.2483757960174329 0.46689590812321502 -0.65174174900825588 0.54364544284870508 0.036576820016810077 0.14065413679787722 0.056781456601987676
