18 852 1 -0.60555634837671801 0.71266678149957208 -0.20337560894586956 -0.28990675944791783 -0.51668091370530478 0.87660791468838484 0.13194979341693883
17 809 1 -0.54334052727613369 0.7562540317248766 -0.34661708957371512 -0.11277191199323415 -0.27731200709442733 0.71396043979937607 -0.12472085710680529
16 765 1 -0.3758468044615218 0.73147776660867014 -0.56731226447680372 -0.042851500644151365 -0.16076532375449595 0.54555800411081545 -0.40321032662373618
15 722 1 -0.29486819122898034 0.64965128152369744 -0.69618378551755544 -0.079587052957210094 -0.52534891053263844 0.45746771321836144 -0.65668276151133609
14 678 1 -0.33013783209415859 0.62146728550839581 -0.70972960319393397 -0.032730951913688161 -0.30503395650870113 0.40448707350823926 -0.62871219548081736
13 635 1 -0.28294361222637043 0.6490928032564901 -0.68988608065881507 0.15059429197065793 -0.23880191684051813 -0.17678427457766657 -0.70173904305098989
12 591 1 -0.14754979524035966 0.64144499078093253 -0.72049016876222116 0.21833757909156071 -0.51068683650217317 -0.17421353546978441 -0.50312324033839484
11 548 1 -0.18212566569896166 0.6400734610722475 -0.73398425981367821 0.13565880977832265 -0.54386935298242678 0.23564054815308438 -0.47652733284520454
10 504 1 -0.38535933682214019 0.66686506138458812 -0.6338092071004362 -0.071239458330662697 -0.66476523483629035 0.72568468643060324 -0.40562693098046904
9 461 1 -0.37454590207407984 0.70917866981933242 -0.59625282009769032 -0.035546533422369526 -0.57765629949948138 0.8278673506158728 -0.42328033073581722
8 417 1 -0.45407195370153497 0.74253115386924107 -0.48239814437552109 -0.098783483935011046 -0.23772602203020979 0.85362600912423281 -0.13460201020724821
7 374 1 -0.47857202732903248 0.70677388142546294 -0.52059457073899784 0.020513120436543689 0.37777891235493466 0.53179169179644536 0.22115354445364852
6 330 1 -0.34908349880671041 0.67789378334957018 -0.63009537603781196 0.14690318734676816 0.51957530127851148 0.027953246450005013 0.18799877607260046
5 287 1 -0.36760037778107879 0.62474513276506716 -0.67688436766447757 0.12802747421169952 0.47416009679819493 0.032387198690782944 -0.077421784992975098
4 243 1 -0.45230666256988106 0.72617172979651368 -0.51318159388209184 0.068832794072816769 0.22545695747006977 0.51448854486652074 -0.06707054496833452
3 200 1 -0.52020790116671412 0.74475207006081223 -0.40127958565899291 -0.11705890755172915 -0.34275261682018898 0.70740689857227113 -0.075162375632305656
2 156 1 -0.51809683093984427 0.69142659272994922 -0.50023568539231378 -0.057176915761744662 -0.23607760674715922 0.61050216524425327 -0.12898751471300099
1 113 1 -0.40802339773308977 0.70232457184496 -0.58312042501120609 0.015088824337529042 -0.13938870346377635 0.40200003885783631 -0.057506685007136016
0 69 1 -0.29136303698231286 0.7137547790218487 -0.63236297652286 0.076018169058878926 -0.041172724810166435 0.17254236686423791 0.026570084631263216
