# Camera list with one line of data per camera:
#   CAMERA_ID, MODEL, WIDTH, HEIGHT, PARAMS[]
# Number of cameras: 414
1 SIMPLE_RADIAL 4224 2376 2864.7606679855116 2112 1188 0.01437275126022552
2 SIMPLE_RADIAL 4224 2376 2941.6487840956579 2112 1188 -0.0019096832444281397
3 SIMPLE_RADIAL 4224 2376 2929.9779433639287 2112 1188 -0.0013436081935080456
4 SIMPLE_RADIAL 4224 2376 2871.507689829321 2112 1188 0.013170696610000412
5 SIMPLE_RADIAL 4224 2376 2971.6242279828352 2112 1188 0.0046948221717782552
6 SIMPLE_RADIAL 4224 2376 2916.8838115188878 2112 1188 -0.0010877292576066597
7 SIMPLE_RADIAL 4224 2376 2892.1112706441345 2112 1188 0.0088434750022292532
8 SIMPLE_RADIAL 4224 2376 2887.185580435691 2112 1188 0.0067423082313289792
9 SIMPLE_RADIAL 4224 2376 2881.7341574908046 2112 1188 0.0064543021220587141
10 SIMPLE_RADIAL 4224 2376 2876.0075588955006 2112 1188 0.0054958082633136474
11 SIMPLE_RADIAL 4224 2376 2853.7118232168682 2112 1188 0.0080917956499159064
12 SIMPLE_RADIAL 4224 2376 2886.4811494805003 2112 1188 0.011337067295684247
13 SIMPLE_RADIAL 4224 2376 2904.9091230958834 2112 1188 0.010513782130089796
14 SIMPLE_RADIAL 3840 2160 2623.9437713753027 1920 1080 -0.0020428411497458812
15 SIMPLE_RADIAL 4224 2376 2874.4021342853816 2112 1188 0.012351132134154046
16 SIMPLE_RADIAL 4224 2376 2895.9576652743795 2112 1188 0.007078986575610873
17 SIMPLE_RADIAL 4224 2376 2936.8464061567333 2112 1188 -0.0046763108854939381
18 SIMPLE_RADIAL 4224 2376 2895.1782358987093 2112 1188 0.003126069795811775
19 SIMPLE_RADIAL 4224 2376 2882.9455285195554 2112 1188 0.021566141457051647
20 SIMPLE_RADIAL 4224 2376 2891.0761925525476 2112 1188 0.034261025042443723
21 SIMPLE_RADIAL 3840 2160 2657.4706324102585 1920 1080 -0.0049486364380993452
22 SIMPLE_RADIAL 4224 2376 2912.1492922171897 2112 1188 0.019244858399533278
23 SIMPLE_RADIAL 3840 2160 2669.3768616391867 1920 1080 0.020707973876356374
24 SIMPLE_RADIAL 4224 2376 2896.6429357128727 2112 1188 0.0054740341412186956
25 SIMPLE_RADIAL 3840 2160 2646.433074715053 1920 1080 -0.00062769060592208364
26 SIMPLE_RADIAL 4224 2376 2932.7606974033001 2112 1188 0.0065487245311320001
27 SIMPLE_RADIAL 4224 2376 2890.673138587897 2112 1188 0.021051462225545797
28 SIMPLE_RADIAL 4224 2376 2895.4200642957171 2112 1188 0.0058309038546676207
29 SIMPLE_RADIAL 4224 2376 2909.325961725232 2112 1188 0.0019010019955514284
30 SIMPLE_RADIAL 4224 2376 2916.0072079087463 2112 1188 0.015896459469094796
31 SIMPLE_RADIAL 4224 2376 2914.4578810506537 2112 1188 0.010401256933011483
32 SIMPLE_RADIAL 4224 2376 2922.5396267601614 2112 1188 0.010671606144971087
33 SIMPLE_RADIAL 4224 2376 2924.510306691996 2112 1188 0.0096244396175815677
34 SIMPLE_RADIAL 4224 2376 2908.5381879395227 2112 1188 0.0011439514966587736
35 SIMPLE_RADIAL 4224 2376 2906.4008883157035 2112 1188 0.005348940982663709
36 SIMPLE_RADIAL 4224 2376 2887.6627630974358 2112 1188 0.0036564119527916603
37 SIMPLE_RADIAL 4224 2376 2867.0142160065866 2112 1188 0.0057266113357643178
38 SIMPLE_RADIAL 4224 2376 2916.0415547723401 2112 1188 0.0055248488449701778
39 SIMPLE_RADIAL 4224 2376 2932.4784240252748 2112 1188 0.006882601902646359
40 SIMPLE_RADIAL 4224 2376 2924.5898472213221 2112 1188 0.0089489751559845739
41 SIMPLE_RADIAL 4224 2376 2897.9045590692222 2112 1188 -0.0068834065820640635
42 SIMPLE_RADIAL 4224 2376 2900.9802876057224 2112 1188 -0.0069121210025974754
43 SIMPLE_RADIAL 4224 2376 2897.3433501974241 2112 1188 -0.0010636764134061612
44 SIMPLE_RADIAL 4224 2376 2923.4858237806961 2112 1188 0.0060148294924052001
45 SIMPLE_RADIAL 3840 2160 2650.5087385295424 1920 1080 0.0083618374481675608
46 SIMPLE_RADIAL 4224 2376 2900.3211091386288 2112 1188 0.0047231214116245221
47 SIMPLE_RADIAL 4224 2376 2902.8402950787981 2112 1188 -0.0026039727668816831
48 SIMPLE_RADIAL 3840 2160 2636.5682088801505 1920 1080 -0.0016103799343198551
49 SIMPLE_RADIAL 4224 2376 2905.5505590431453 2112 1188 -0.00033158082123631202
50 SIMPLE_RADIAL 4224 2376 2903.7001988567972 2112 1188 -0.00086847702625986927
51 SIMPLE_RADIAL 4224 2376 2903.9192306303735 2112 1188 1.4023904330610507e-05
52 SIMPLE_RADIAL 4224 2376 2893.0591467350605 2112 1188 -0.0014374415861696116
53 SIMPLE_RADIAL 4224 2376 2909.2280701276632 2112 1188 0.00044527550764145819
54 SIMPLE_RADIAL 4224 2376 2905.1204976666022 2112 1188 -0.0098208877271202255
55 SIMPLE_RADIAL 4224 2376 2893.8297376038086 2112 1188 -0.002930326790947371
56 SIMPLE_RADIAL 4224 2376 2901.6035355464237 2112 1188 0.0024763979567863519
57 SIMPLE_RADIAL 4224 2376 2905.1577320135762 2112 1188 -0.0015697853809773265
58 SIMPLE_RADIAL 4224 2376 2907.737416380593 2112 1188 -0.0062551702367672334
59 SIMPLE_RADIAL 4224 2376 2914.7539835664838 2112 1188 -0.0065029864559633848
60 SIMPLE_RADIAL 4224 2376 2906.8925482956147 2112 1188 -0.0045283249698546881
61 SIMPLE_RADIAL 4224 2376 2924.6630415494451 2112 1188 -0.014000273590095544
62 SIMPLE_RADIAL 4224 2376 2923.3397985794777 2112 1188 -0.013499384553408919
63 SIMPLE_RADIAL 4224 2376 2928.0156465567256 2112 1188 -0.014681197829342532
64 SIMPLE_RADIAL 4224 2376 2927.2431319266229 2112 1188 -0.015867942127445411
65 SIMPLE_RADIAL 4224 2376 2878.2767772233001 2112 1188 0.001959676083020479
66 SIMPLE_RADIAL 4224 2376 2899.9877930874486 2112 1188 0.011265638050018104
67 SIMPLE_RADIAL 4224 2376 2901.9918418113539 2112 1188 -0.010950098139775865
68 SIMPLE_RADIAL 4224 2376 2909.4160372628767 2112 1188 -0.011103653406991328
69 SIMPLE_RADIAL 4224 2376 2896.097789375267 2112 1188 -0.011187973418752974
70 SIMPLE_RADIAL 4224 2376 2885.7349841578171 2112 1188 -0.0083144768792866273
71 SIMPLE_RADIAL 3840 2160 2642.3596898976971 1920 1080 -0.0082587264246919215
72 SIMPLE_RADIAL 4224 2376 2900.8927167050706 2112 1188 -0.0088061958782739026
73 SIMPLE_RADIAL 4224 2376 2888.4514819795377 2112 1188 -0.0073890119047088252
74 SIMPLE_RADIAL 4224 2376 2872.7915295924477 2112 1188 -0.008693929236030299
75 SIMPLE_RADIAL 4224 2376 2902.4777253193306 2112 1188 -0.011757278382395066
76 SIMPLE_RADIAL 4224 2376 2913.3336070861701 2112 1188 -0.011405728231708018
77 SIMPLE_RADIAL 4224 2376 2916.0223718811599 2112 1188 -0.010443176240919096
78 SIMPLE_RADIAL 4224 2376 2884.8566434868317 2112 1188 -0.012423027667271942
79 SIMPLE_RADIAL 4224 2376 2876.5026181631833 2112 1188 -0.012794307380692049
80 SIMPLE_RADIAL 4224 2376 2942.1742359068194 2112 1188 -0.0032942189063822087
81 SIMPLE_RADIAL 4224 2376 2951.7850878820436 2112 1188 -0.010896546579936174
82 SIMPLE_RADIAL 4224 2376 2926.9470484432031 2112 1188 0.010707439953353996
83 SIMPLE_RADIAL 4224 2376 2942.6966327234441 2112 1188 0.0082409405391441499
84 SIMPLE_RADIAL 4224 2376 2938.4956152895306 2112 1188 -0.0012081373946603027
85 SIMPLE_RADIAL 4224 2376 2913.5180913163958 2112 1188 -0.0061498998665107975
86 SIMPLE_RADIAL 3840 2160 2642.9374124363239 1920 1080 0.00095688865629873392
87 SIMPLE_RADIAL 4224 2376 2903.6021292451192 2112 1188 0.001885487536178385
88 SIMPLE_RADIAL 4224 2376 2890.5479345440808 2112 1188 0.0013703698915521491
89 SIMPLE_RADIAL 4224 2376 2934.1811127531423 2112 1188 -0.011700597251092695
90 SIMPLE_RADIAL 4224 2376 2938.0584089368899 2112 1188 -0.013955207766156443
91 SIMPLE_RADIAL 4224 2376 2938.8670811298225 2112 1188 -0.013534727976657055
92 SIMPLE_RADIAL 4224 2376 2928.8917736751782 2112 1188 -0.011416434588928518
93 SIMPLE_RADIAL 4224 2376 2932.3830869862841 2112 1188 -0.010780495986756528
94 SIMPLE_RADIAL 4224 2376 2922.7299777291942 2112 1188 -0.0036430080696059392
95 SIMPLE_RADIAL 4224 2376 2943.1590119441316 2112 1188 -0.015540823063208408
96 SIMPLE_RADIAL 4224 2376 2943.1370448851235 2112 1188 -0.015586653338673815
97 SIMPLE_RADIAL 4224 2376 3078.4329535641023 2112 1188 -0.018680241509735906
98 SIMPLE_RADIAL 4224 2376 2883.3418224718239 2112 1188 0.0061260958588187633
99 SIMPLE_RADIAL 4224 2376 2870.9236756554847 2112 1188 0.012332197894782845
100 SIMPLE_RADIAL 4224 2376 2880.722146651372 2112 1188 0.04278862789792752
101 SIMPLE_RADIAL 4224 2376 2868.6137862199289 2112 1188 0.070914255123294259
102 SIMPLE_RADIAL 4224 2376 2868.9519278998573 2112 1188 0.054753952413290931
103 SIMPLE_RADIAL 4224 2376 2864.9690217891125 2112 1188 0.051946391961400301
104 SIMPLE_RADIAL 4224 2376 2867.9582877221465 2112 1188 0.047643204118053478
105 SIMPLE_RADIAL 4224 2376 2870.3944637594477 2112 1188 0.044425050270483241
106 SIMPLE_RADIAL 4224 2376 2877.0294789447307 2112 1188 -0.013047577391480117
107 SIMPLE_RADIAL 4224 2376 2877.0683789237855 2112 1188 -0.01055679522377744
108 SIMPLE_RADIAL 4224 2376 2878.0051766621482 2112 1188 -0.011882968401933834
109 SIMPLE_RADIAL 4224 2376 2889.0772872526795 2112 1188 -0.015384839567284581
110 SIMPLE_RADIAL 4224 2376 2880.8962846925201 2112 1188 -0.016415278266267534
111 SIMPLE_RADIAL 4224 2376 2874.1989804298141 2112 1188 0.002806109150103442
112 SIMPLE_RADIAL 4224 2376 2875.6884098630157 2112 1188 -0.0072287686608437929
113 SIMPLE_RADIAL 4224 2376 2874.5812667987834 2112 1188 -0.017562690728012843
114 SIMPLE_RADIAL 4224 2376 2879.3322728750886 2112 1188 -0.01076301744332408
115 SIMPLE_RADIAL 4224 2376 2876.9584400953022 2112 1188 -0.013730002243167635
116 SIMPLE_RADIAL 4224 2376 2917.986653537087 2112 1188 0.0064086765425819849
117 SIMPLE_RADIAL 4224 2376 2932.8393986228361 2112 1188 0.0099056853830064608
118 SIMPLE_RADIAL 4224 2376 2942.8439724967225 2112 1188 -0.019997072675940194
119 SIMPLE_RADIAL 4224 2376 2896.9317693189778 2112 1188 0.022660344886559384
120 SIMPLE_RADIAL 4224 2376 2899.2001951116358 2112 1188 0.015477220414794527
121 SIMPLE_RADIAL 4224 2376 2909.8306891103171 2112 1188 0.0082560895366714411
122 SIMPLE_RADIAL 4224 2376 2914.0144358390967 2112 1188 0.010399280739548716
123 SIMPLE_RADIAL 4224 2376 2908.5515990972749 2112 1188 0.0094925210279035079
124 SIMPLE_RADIAL 4224 2376 2910.1128124657021 2112 1188 0.010912300796184576
125 SIMPLE_RADIAL 4224 2376 2914.0298032782948 2112 1188 0.0059919104376860337
126 SIMPLE_RADIAL 3840 2160 2618.585925500865 1920 1080 0.015134947538695627
127 SIMPLE_RADIAL 4224 2376 2875.9481572858786 2112 1188 0.017122540409587144
128 SIMPLE_RADIAL 4224 2376 2877.9692429175643 2112 1188 0.012497162847227607
129 SIMPLE_RADIAL 3840 2160 2612.4367341967168 1920 1080 0.011914569353990793
130 SIMPLE_RADIAL 4224 2376 2885.6455901334475 2112 1188 0.0036958328914559052
131 SIMPLE_RADIAL 4224 2376 2880.2705512809839 2112 1188 0.0024943476669908827
132 SIMPLE_RADIAL 4224 2376 2882.9279771148117 2112 1188 0.0024201689503013119
133 SIMPLE_RADIAL 4224 2376 2885.3929345287092 2112 1188 0.0085034465793839605
134 SIMPLE_RADIAL 4224 2376 2848.5454968597633 2112 1188 0.031924585409950385
135 SIMPLE_RADIAL 4224 2376 2852.98412520069 2112 1188 0.029909938022823875
136 SIMPLE_RADIAL 4224 2376 2859.4416729871632 2112 1188 0.018490355030513415
137 SIMPLE_RADIAL 4224 2376 2854.6148675942991 2112 1188 0.013778504622372094
138 SIMPLE_RADIAL 4224 2376 2863.1979740219722 2112 1188 0.013054360616226607
139 SIMPLE_RADIAL 4224 2376 2867.3206526349968 2112 1188 0.011267624419040667
140 SIMPLE_RADIAL 4224 2376 2848.1908922973066 2112 1188 0.019725358792077589
141 SIMPLE_RADIAL 4224 2376 2868.9664251316699 2112 1188 -0.0035226522555948372
142 SIMPLE_RADIAL 4224 2376 2865.5990409841534 2112 1188 -0.0026912877768243285
143 SIMPLE_RADIAL 4224 2376 2872.3624461631034 2112 1188 -0.011867789155478247
144 SIMPLE_RADIAL 4224 2376 2867.3278951507177 2112 1188 -0.0059512047925835898
145 SIMPLE_RADIAL 4224 2376 2866.8714381768636 2112 1188 -0.0070480020578580311
146 SIMPLE_RADIAL 4224 2376 2857.3317226133772 2112 1188 -0.0024154857871516331
147 SIMPLE_RADIAL 4224 2376 2877.2280619087155 2112 1188 -0.0045125131063170221
148 SIMPLE_RADIAL 4224 2376 2863.0502136684304 2112 1188 0.0042029650436077566
149 SIMPLE_RADIAL 4224 2376 2875.3321848937258 2112 1188 0.019553442269375779
150 SIMPLE_RADIAL 4224 2376 2858.7521412738288 2112 1188 0.0050969485321433897
151 SIMPLE_RADIAL 4224 2376 2864.4824211707082 2112 1188 0.0026070754146256718
152 SIMPLE_RADIAL 4224 2376 2904.4575646402859 2112 1188 0.019949941414725707
153 SIMPLE_RADIAL 4224 2376 2858.0605102778063 2112 1188 0.020892948352739648
154 SIMPLE_RADIAL 4224 2376 2876.0540896206139 2112 1188 0.011115835897781852
155 SIMPLE_RADIAL 4224 2376 2873.6445802839903 2112 1188 0.0012441825031040085
156 SIMPLE_RADIAL 3840 2160 2612.4119715911106 1920 1080 0.010254846796308203
157 SIMPLE_RADIAL 4224 2376 2859.9246991484074 2112 1188 0.014848138461780727
158 SIMPLE_RADIAL 4224 2376 2858.0633303328168 2112 1188 0.015865919070323035
159 SIMPLE_RADIAL 4224 2376 2865.25979772861 2112 1188 0.02916831979216564
160 SIMPLE_RADIAL 4224 2376 2877.3005688615749 2112 1188 0.00063939001571472487
161 SIMPLE_RADIAL 4224 2376 2873.9398561048283 2112 1188 -0.0012390351159324059
162 SIMPLE_RADIAL 4224 2376 2862.4943562445951 2112 1188 0.0023324892586622939
163 SIMPLE_RADIAL 4224 2376 2889.0494362116324 2112 1188 -0.010417667430351975
164 SIMPLE_RADIAL 4224 2376 2895.9308491447573 2112 1188 -0.010608140402096592
165 SIMPLE_RADIAL 4224 2376 2889.91370754232 2112 1188 -0.0092507820735366411
166 SIMPLE_RADIAL 3840 2160 2605.3543761267069 1920 1080 0.0010397379973415878
167 SIMPLE_RADIAL 4224 2376 2887.0367378984879 2112 1188 -0.0060009444994043046
168 SIMPLE_RADIAL 4224 2376 2884.6085593378725 2112 1188 -0.00095069178796990204
169 SIMPLE_RADIAL 4224 2376 2882.9530085111528 2112 1188 -0.0073805746914235
170 SIMPLE_RADIAL 4224 2376 2863.0076467999802 2112 1188 -0.0042655520099876094
171 SIMPLE_RADIAL 4224 2376 2888.0417450266846 2112 1188 -0.0079895397440316804
172 SIMPLE_RADIAL 4224 2376 2879.8762879331375 2112 1188 -0.0016006869777262062
173 SIMPLE_RADIAL 4224 2376 2884.8536157996118 2112 1188 -0.014203681134275576
174 SIMPLE_RADIAL 4224 2376 2876.3496712101023 2112 1188 -0.014293022729909406
175 SIMPLE_RADIAL 4224 2376 2867.2433972326644 2112 1188 -0.011322586410175252
176 SIMPLE_RADIAL 4224 2376 2877.6088795131272 2112 1188 -0.011491897026608737
177 SIMPLE_RADIAL 4224 2376 2878.166408700487 2112 1188 -0.015469057188117146
178 SIMPLE_RADIAL 4224 2376 2883.728465214208 2112 1188 -0.013017791761020307
179 SIMPLE_RADIAL 4224 2376 2876.6785749602373 2112 1188 -0.0093983222495134747
180 SIMPLE_RADIAL 4224 2376 2884.2667234704181 2112 1188 -0.013083867804113745
181 SIMPLE_RADIAL 4224 2376 2887.100445781035 2112 1188 -0.012160968914560113
182 SIMPLE_RADIAL 4224 2376 2888.6084723841423 2112 1188 -0.013119635816559325
183 SIMPLE_RADIAL 4224 2376 2883.2245905477603 2112 1188 -0.0086881913882690814
184 SIMPLE_RADIAL 4224 2376 2873.7124649371449 2112 1188 -0.013154328930108664
185 SIMPLE_RADIAL 4224 2376 2885.3558394417169 2112 1188 -0.0080661814235323936
186 SIMPLE_RADIAL 4224 2376 2882.1740872497544 2112 1188 -0.010139741299766662
187 SIMPLE_RADIAL 4224 2376 2879.1190411311686 2112 1188 -0.010717913924797068
188 SIMPLE_RADIAL 4224 2376 2873.4715748554681 2112 1188 -6.1091380074964735e-05
189 SIMPLE_RADIAL 4224 2376 2875.5305182759867 2112 1188 -0.013391092257640423
190 SIMPLE_RADIAL 4224 2376 2879.6664655043537 2112 1188 -0.0096535322087476973
191 SIMPLE_RADIAL 4224 2376 2878.7165276311671 2112 1188 -0.010987569381174934
192 SIMPLE_RADIAL 4224 2376 2879.2149855129583 2112 1188 -0.0086917363915175721
193 SIMPLE_RADIAL 4224 2376 2893.2877436272192 2112 1188 -0.0072459919703211752
194 SIMPLE_RADIAL 4224 2376 2889.1506182195908 2112 1188 -0.0043975108969937756
195 SIMPLE_RADIAL 4224 2376 2876.2438912159046 2112 1188 -0.014781027939573227
196 SIMPLE_RADIAL 4224 2376 2882.0341313481131 2112 1188 -0.0075497653187972958
197 SIMPLE_RADIAL 4224 2376 2923.2721909459387 2112 1188 0.00072659824552751202
198 SIMPLE_RADIAL 4224 2376 2918.5938647312164 2112 1188 -0.0026154741687888089
199 SIMPLE_RADIAL 4224 2376 2918.0694447763103 2112 1188 -0.0031922862960458297
200 SIMPLE_RADIAL 4224 2376 2912.4133709767279 2112 1188 -0.0036212896681973392
201 SIMPLE_RADIAL 4224 2376 2917.7319013213582 2112 1188 -0.0041784601518914093
202 SIMPLE_RADIAL 4224 2376 2915.5370465630572 2112 1188 -0.0054155828870757821
203 SIMPLE_RADIAL 4224 2376 2915.7221969018501 2112 1188 -0.0049793339534821308
204 SIMPLE_RADIAL 4224 2376 2914.909383546209 2112 1188 -0.0050900195765377068
205 SIMPLE_RADIAL 4224 2376 2917.8124788869127 2112 1188 -0.0028275767699638527
206 SIMPLE_RADIAL 4224 2376 2916.3048592686096 2112 1188 -0.0037841584551079974
207 SIMPLE_RADIAL 4224 2376 2907.0836110798145 2112 1188 -0.0052815071306701192
208 SIMPLE_RADIAL 4224 2376 2886.5550428970855 2112 1188 0.0064047136244633155
209 SIMPLE_RADIAL 4224 2376 2871.7112067773887 2112 1188 0.014501565824136316
210 SIMPLE_RADIAL 4224 2376 2881.2145095575052 2112 1188 -0.0020428405347991427
211 SIMPLE_RADIAL 4224 2376 2887.8899573898775 2112 1188 -0.0015062246584938981
212 SIMPLE_RADIAL 4224 2376 2887.0257439253646 2112 1188 0.0039358545102854709
213 SIMPLE_RADIAL 4224 2376 2879.4145751771757 2112 1188 0.017606613869696325
214 SIMPLE_RADIAL 4224 2376 2899.485408822622 2112 1188 0.0046044859304605135
215 SIMPLE_RADIAL 4224 2376 2878.7753469659883 2112 1188 0.0072838211677596553
216 SIMPLE_RADIAL 4224 2376 2892.5206257033619 2112 1188 0.0082672533549879596
217 SIMPLE_RADIAL 4224 2376 2878.6614157578801 2112 1188 0.0062197482251237961
218 SIMPLE_RADIAL 4224 2376 2868.339452558932 2112 1188 0.007728072046251094
219 SIMPLE_RADIAL 4224 2376 2879.9402952427558 2112 1188 0.013070710247549822
220 SIMPLE_RADIAL 4224 2376 2890.8412844908785 2112 1188 0.0051877959855057632
221 SIMPLE_RADIAL 4224 2376 2868.8411348800246 2112 1188 0.012468145624705067
222 SIMPLE_RADIAL 4224 2376 2880.0418981901876 2112 1188 0.010243585873525366
223 SIMPLE_RADIAL 4224 2376 2869.4909359843268 2112 1188 0.011098666734584458
224 SIMPLE_RADIAL 4224 2376 2871.9287799733588 2112 1188 0.011712937890264372
225 SIMPLE_RADIAL 4224 2376 2870.5770011793402 2112 1188 0.016221316478606671
226 SIMPLE_RADIAL 4224 2376 2877.6570407372024 2112 1188 -0.0042311058458615481
227 SIMPLE_RADIAL 4224 2376 2887.3663361697645 2112 1188 0.013904946537294462
228 SIMPLE_RADIAL 4224 2376 2884.796066243624 2112 1188 -0.0096385952744276922
229 SIMPLE_RADIAL 3840 2160 2634.48551394166 1920 1080 -0.010015515994296864
230 SIMPLE_RADIAL 4224 2376 2888.3830491390904 2112 1188 -0.0097627326966801022
231 SIMPLE_RADIAL 4224 2376 2874.9740964105372 2112 1188 -0.0072072188962386168
232 SIMPLE_RADIAL 4224 2376 2897.1851244284667 2112 1188 -0.010885608880855139
233 SIMPLE_RADIAL 4224 2376 2868.8465277007899 2112 1188 -0.0038875096883716643
234 SIMPLE_RADIAL 4224 2376 2874.2532829281777 2112 1188 0.00018488959786829438
235 SIMPLE_RADIAL 4224 2376 2873.5373236284081 2112 1188 0.0062936022652194277
236 SIMPLE_RADIAL 4224 2376 2852.5748536081392 2112 1188 0.0035221448891052816
237 SIMPLE_RADIAL 4224 2376 2865.2047200496386 2112 1188 0.0034462695936637714
238 SIMPLE_RADIAL 4224 2376 2867.9383074209363 2112 1188 0.0019055003397652603
239 SIMPLE_RADIAL 4224 2376 2874.6998376826259 2112 1188 -0.00076233716231272162
240 SIMPLE_RADIAL 4224 2376 2872.1835514039353 2112 1188 0.001041808898759297
241 SIMPLE_RADIAL 4224 2376 2874.5189654081382 2112 1188 0.001621670875038253
242 SIMPLE_RADIAL 4224 2376 2881.735976601864 2112 1188 -0.002836033509763356
243 SIMPLE_RADIAL 4224 2376 2877.426433742176 2112 1188 -0.00846480947223603
244 SIMPLE_RADIAL 4224 2376 2859.6904861705502 2112 1188 0.0045069439533394814
245 SIMPLE_RADIAL 4224 2376 2874.4931373554114 2112 1188 0.0058836677665721916
246 SIMPLE_RADIAL 4224 2376 2873.0579933547729 2112 1188 0.0039627838707118361
247 SIMPLE_RADIAL 4224 2376 2873.390491310292 2112 1188 0.0025226885803802633
248 SIMPLE_RADIAL 4224 2376 2876.7812506751234 2112 1188 0.00051201823288609012
249 SIMPLE_RADIAL 4224 2376 2878.974900687042 2112 1188 0.00067168320567241829
250 SIMPLE_RADIAL 4224 2376 2878.3947429798441 2112 1188 -9.9845206492716389e-05
251 SIMPLE_RADIAL 4224 2376 2869.623262659054 2112 1188 0.0044306587638961066
252 SIMPLE_RADIAL 4224 2376 2881.3503113097795 2112 1188 -0.0022299672632646187
253 SIMPLE_RADIAL 4224 2376 2881.0321851116969 2112 1188 -0.00011101494733819265
254 SIMPLE_RADIAL 4224 2376 2911.7524650099595 2112 1188 -0.016909675045249383
255 SIMPLE_RADIAL 4224 2376 2876.6308608363647 2112 1188 -0.017343106554327671
256 SIMPLE_RADIAL 4224 2376 2878.1308571294799 2112 1188 -0.015322207176821876
257 SIMPLE_RADIAL 4224 2376 2878.0632960274038 2112 1188 -0.01574896829044263
258 SIMPLE_RADIAL 4224 2376 2877.5559626758018 2112 1188 -0.014535944348909629
259 SIMPLE_RADIAL 4224 2376 2877.1912202329354 2112 1188 -0.012484497371210403
260 SIMPLE_RADIAL 4224 2376 2879.5701794599831 2112 1188 -0.011720382340514372
261 SIMPLE_RADIAL 4224 2376 2878.8788534718628 2112 1188 -0.010302338924097052
262 SIMPLE_RADIAL 4224 2376 2901.4472291662269 2112 1188 -0.015264295745104831
263 SIMPLE_RADIAL 4224 2376 2875.6129773651492 2112 1188 -0.012585560969504752
264 SIMPLE_RADIAL 4224 2376 2872.1907380967596 2112 1188 -0.011599825369434713
265 SIMPLE_RADIAL 4224 2376 2878.4227211737457 2112 1188 -0.009013509475921562
266 SIMPLE_RADIAL 4224 2376 2876.1476858144492 2112 1188 -0.010701625324681276
267 SIMPLE_RADIAL 4224 2376 2869.7990818434737 2112 1188 -0.011447779269261698
268 SIMPLE_RADIAL 4224 2376 2878.8245215499342 2112 1188 -0.0063424093306436559
269 SIMPLE_RADIAL 4224 2376 2844.6760677466045 2112 1188 -0.015478273581871415
270 SIMPLE_RADIAL 4224 2376 2891.3917528210286 2112 1188 -0.003354498534246055
271 SIMPLE_RADIAL 4224 2376 2858.9163072783454 2112 1188 -0.020590339757836175
272 SIMPLE_RADIAL 4224 2376 2879.56462553232 2112 1188 -0.0095978649423549799
273 SIMPLE_RADIAL 4224 2376 2882.0621110244338 2112 1188 -0.0070012770879346146
274 SIMPLE_RADIAL 4224 2376 2873.1089294368708 2112 1188 -0.010592022356861651
275 SIMPLE_RADIAL 4224 2376 2796.2572443306431 2112 1188 -0.040857989567118731
276 SIMPLE_RADIAL 4224 2376 2830.986109622811 2112 1188 -0.028541130365241973
277 SIMPLE_RADIAL 4224 2376 2829.8100035626385 2112 1188 -0.027817436282382705
278 SIMPLE_RADIAL 4224 2376 2854.570029075855 2112 1188 -0.02326270134815599
279 SIMPLE_RADIAL 4224 2376 2845.0395133141633 2112 1188 -0.030089274989239616
280 SIMPLE_RADIAL 4224 2376 2825.1502563817176 2112 1188 -0.034850160697988825
281 SIMPLE_RADIAL 4224 2376 2824.4082069021383 2112 1188 -0.038346595976981646
282 SIMPLE_RADIAL 4224 2376 2826.9606303627802 2112 1188 -0.037477660935394973
283 SIMPLE_RADIAL 4224 2376 2823.5882837401564 2112 1188 -0.037439354603596126
284 SIMPLE_RADIAL 4224 2376 2829.1013150982326 2112 1188 -0.033982306455871643
285 SIMPLE_RADIAL 4224 2376 2829.0728436133154 2112 1188 -0.034771736032189991
286 SIMPLE_RADIAL 4224 2376 2799.9352365194327 2112 1188 -0.040731425398074034
287 SIMPLE_RADIAL 4224 2376 2836.0314457354471 2112 1188 -0.031871678823043863
288 SIMPLE_RADIAL 4224 2376 2834.0659575260706 2112 1188 -0.033646653013526172
289 SIMPLE_RADIAL 4224 2376 2986.7293623835862 2112 1188 -0.00093654355200049964
290 SIMPLE_RADIAL 4224 2376 2995.1932109983045 2112 1188 -0.0027670493607296225
291 SIMPLE_RADIAL 3840 2160 2714.4406370223023 1920 1080 -0.0013728987148571607
292 SIMPLE_RADIAL 4224 2376 2992.8655624652797 2112 1188 0.00091369090314121079
293 SIMPLE_RADIAL 4224 2376 2978.9091384564508 2112 1188 -3.1807267799431497e-05
294 SIMPLE_RADIAL 4224 2376 2999.5764668746701 2112 1188 0.00031563060672476593
295 SIMPLE_RADIAL 4224 2376 2994.1090695230419 2112 1188 0.00023691493204979885
296 SIMPLE_RADIAL 4224 2376 2985.6609380730956 2112 1188 0.00083276642373312322
297 SIMPLE_RADIAL 4224 2376 2874.0311555267358 2112 1188 -0.010281373328587721
298 SIMPLE_RADIAL 4224 2376 2876.7029086976258 2112 1188 -0.014534186126034012
299 SIMPLE_RADIAL 4224 2376 2975.6232924665492 2112 1188 0.0053959342907112179
300 SIMPLE_RADIAL 4224 2376 2976.3061606062133 2112 1188 0.0055800748022805241
301 SIMPLE_RADIAL 4224 2376 2985.9089720060124 2112 1188 -0.0012464341955315352
302 SIMPLE_RADIAL 4224 2376 2987.0967121224512 2112 1188 -0.0008106534716813571
303 SIMPLE_RADIAL 4224 2376 2968.1265600645033 2112 1188 -0.0018813813113439937
304 SIMPLE_RADIAL 4224 2376 2968.465063083419 2112 1188 0.00095465024162603659
305 SIMPLE_RADIAL 4224 2376 2968.4704204125574 2112 1188 0.002166036426242233
306 SIMPLE_RADIAL 4224 2376 2974.0200533407942 2112 1188 0.0030018992885459317
307 SIMPLE_RADIAL 4224 2376 2981.4551049171509 2112 1188 0.0023780852547095133
308 SIMPLE_RADIAL 4224 2376 2983.7434093438624 2112 1188 0.0016774817953412505
309 SIMPLE_RADIAL 4224 2376 2979.2550159068514 2112 1188 0.0007840943452530417
310 SIMPLE_RADIAL 4224 2376 2977.3122202837958 2112 1188 0.00098575577014995124
311 SIMPLE_RADIAL 4224 2376 2940.9754416452429 2112 1188 0.00016533058503145207
312 SIMPLE_RADIAL 4224 2376 2945.5040596669924 2112 1188 0.00028361273904015463
313 SIMPLE_RADIAL 4224 2376 2954.7278785541757 2112 1188 3.6760327908168229e-05
314 SIMPLE_RADIAL 4224 2376 2956.4548546019782 2112 1188 0.0013483737098828952
315 SIMPLE_RADIAL 4224 2376 2943.5409090037779 2112 1188 0.00077390744768415429
316 SIMPLE_RADIAL 4224 2376 2962.5116301461194 2112 1188 0.0006614644167512513
317 SIMPLE_RADIAL 4224 2376 2917.5165499152513 2112 1188 0.0030076584928588695
318 SIMPLE_RADIAL 4224 2376 2926.4825578266177 2112 1188 0.003274943924076212
319 SIMPLE_RADIAL 4224 2376 2926.9090804975212 2112 1188 0.001314613023878387
320 SIMPLE_RADIAL 4224 2376 2946.357697678121 2112 1188 0.0034582501824912582
321 SIMPLE_RADIAL 3840 2160 2660.0084282027015 1920 1080 0.00069843611177129825
322 SIMPLE_RADIAL 4224 2376 2878.6094054055625 2112 1188 0.0041679988042166022
323 SIMPLE_RADIAL 4224 2376 2872.2955545974078 2112 1188 0.0035983222695180725
324 SIMPLE_RADIAL 4224 2376 2870.5058265076673 2112 1188 0.0069043788924712315
325 SIMPLE_RADIAL 4224 2376 2876.1105106512828 2112 1188 0.0047045624841291949
326 SIMPLE_RADIAL 4224 2376 2876.7470459354836 2112 1188 0.0038208379048797346
327 SIMPLE_RADIAL 4224 2376 2906.57391784623 2112 1188 0.010626517953898499
328 SIMPLE_RADIAL 4224 2376 2868.4269999893677 2112 1188 0.0044726409553532661
329 SIMPLE_RADIAL 3840 2160 2613.3370453054449 1920 1080 0.0044267544470051531
330 SIMPLE_RADIAL 4224 2376 2859.7969873697807 2112 1188 0.010881304928363989
331 SIMPLE_RADIAL 4224 2376 2900.8159410616504 2112 1188 0.0093003534126458332
332 SIMPLE_RADIAL 3840 2160 2640.0097234602517 1920 1080 0.0076835878024021521
333 SIMPLE_RADIAL 4224 2376 2904.8797936592032 2112 1188 -0.023953483684373306
334 SIMPLE_RADIAL 4224 2376 2863.0835824249689 2112 1188 0.01176484013884165
335 SIMPLE_RADIAL 4224 2376 2870.1902381004998 2112 1188 0.009764962484583601
336 SIMPLE_RADIAL 4224 2376 2871.2660640627341 2112 1188 0.010845977571991031
337 SIMPLE_RADIAL 4224 2376 2914.4864430998373 2112 1188 0.019052388590265413
338 SIMPLE_RADIAL 4224 2376 2876.6736987381655 2112 1188 -0.0067624373509646328
339 SIMPLE_RADIAL 4224 2376 2884.3700254266296 2112 1188 6.7393771656996343e-06
340 SIMPLE_RADIAL 4224 2376 2895.4628407028877 2112 1188 -0.012735896341597296
341 SIMPLE_RADIAL 4224 2376 2901.6150446774623 2112 1188 -0.013255470752269361
342 SIMPLE_RADIAL 4224 2376 2899.6584087485035 2112 1188 -0.013460597529193498
343 SIMPLE_RADIAL 4224 2376 2903.0705170330693 2112 1188 -0.014218243651966061
344 SIMPLE_RADIAL 4224 2376 2905.6008999272854 2112 1188 -0.014842517919652213
345 SIMPLE_RADIAL 4224 2376 2910.6283806309475 2112 1188 -0.016638666489590212
346 SIMPLE_RADIAL 4224 2376 2892.8193376325853 2112 1188 0.020891033737483092
347 SIMPLE_RADIAL 4224 2376 2861.9296239173154 2112 1188 0.0099239074918129524
348 SIMPLE_RADIAL 4224 2376 2869.1518158059234 2112 1188 0.00082149251261304376
349 SIMPLE_RADIAL 4224 2376 2868.534164252243 2112 1188 0.0012962234429110587
350 SIMPLE_RADIAL 4224 2376 2910.0169279153124 2112 1188 -0.0041148207198202511
351 SIMPLE_RADIAL 4224 2376 2898.6057750604377 2112 1188 -0.0081288615115373032
352 SIMPLE_RADIAL 4224 2376 2902.6739475674035 2112 1188 -0.0058779930262010159
353 SIMPLE_RADIAL 4224 2376 2912.5977620334561 2112 1188 -0.01000146906804939
354 SIMPLE_RADIAL 4224 2376 2903.9709079228887 2112 1188 -0.0076261677113464146
355 SIMPLE_RADIAL 4224 2376 2919.9410643871984 2112 1188 -0.0058545417409956498
356 SIMPLE_RADIAL 4224 2376 2837.3062329262589 2112 1188 0.015840187657413459
357 SIMPLE_RADIAL 4224 2376 2885.1944281717051 2112 1188 -0.0035391635282362266
358 SIMPLE_RADIAL 4224 2376 2887.3471831296483 2112 1188 -0.0062286796293769793
359 SIMPLE_RADIAL 4224 2376 2263426.5682932879 2112 1188 27903.734934609809
360 SIMPLE_RADIAL 4224 2376 2887.1893306571073 2112 1188 -0.003519598340031739
361 SIMPLE_RADIAL 4224 2376 2894.3226247969856 2112 1188 -0.0055711693345492008
362 SIMPLE_RADIAL 4224 2376 2890.763334342033 2112 1188 -0.0059350165248249929
363 SIMPLE_RADIAL 4224 2376 2849.2352651390224 2112 1188 0.023317419694689194
364 SIMPLE_RADIAL 4224 2376 2873.3436062617852 2112 1188 0.028939968899828666
365 SIMPLE_RADIAL 4224 2376 2903.1982835744952 2112 1188 0.00065647652794653872
366 SIMPLE_RADIAL 4224 2376 2887.0623813054422 2112 1188 -0.0034389265525310441
367 SIMPLE_RADIAL 3840 2160 2636.5114646079332 1920 1080 -0.0060319680076000755
368 SIMPLE_RADIAL 4224 2376 2871.0098160312082 2112 1188 -0.0045613688338379385
369 SIMPLE_RADIAL 4224 2376 2848.4789370611234 2112 1188 0.010217470535347231
370 SIMPLE_RADIAL 4224 2376 2880.8795741261674 2112 1188 -0.0080496066564443806
371 SIMPLE_RADIAL 4224 2376 2864.7945823397949 2112 1188 -0.0052525544990151543
372 SIMPLE_RADIAL 4224 2376 2932.6739557061469 2112 1188 -0.0013266891001895895
373 SIMPLE_RADIAL 4224 2376 2903.1760794195743 2112 1188 -0.0079874805072181736
374 SIMPLE_RADIAL 4224 2376 2872.0057966575914 2112 1188 -0.010237536412910387
375 SIMPLE_RADIAL 4224 2376 2868.454714152097 2112 1188 -0.0094392773272084403
376 SIMPLE_RADIAL 4224 2376 2893.9053901551806 2112 1188 -0.011987176030966636
377 SIMPLE_RADIAL 4224 2376 2901.4845374257479 2112 1188 -0.0090147575727456599
378 SIMPLE_RADIAL 4224 2376 2891.9735647320281 2112 1188 -0.0067235810473548858
379 SIMPLE_RADIAL 4224 2376 2878.7438268843753 2112 1188 -0.0067737957476883314
380 SIMPLE_RADIAL 4224 2376 2896.9984935415168 2112 1188 -0.0053145781555404377
381 SIMPLE_RADIAL 4224 2376 2868.1413982759768 2112 1188 -0.0083065899940627953
382 SIMPLE_RADIAL 4224 2376 2894.933092315885 2112 1188 -0.0085098370345640939
383 SIMPLE_RADIAL 4224 2376 2858.1515756262111 2112 1188 -0.014956524465981939
384 SIMPLE_RADIAL 4224 2376 2864.7503740724114 2112 1188 -0.013134600961278839
385 SIMPLE_RADIAL 4224 2376 2885.3009674692735 2112 1188 -0.0097751654866965049
386 SIMPLE_RADIAL 4224 2376 2861.1815616406989 2112 1188 -0.021419627404038594
387 SIMPLE_RADIAL 4224 2376 2877.7466867104249 2112 1188 -0.009543188291497048
388 SIMPLE_RADIAL 4224 2376 2865.8906237971314 2112 1188 -0.0096937055829835299
389 SIMPLE_RADIAL 4224 2376 2861.5312920486813 2112 1188 -0.012029926939664006
390 SIMPLE_RADIAL 4224 2376 2864.6830631156381 2112 1188 -0.013100577003255525
391 SIMPLE_RADIAL 4224 2376 2879.5994125882062 2112 1188 -0.01493526954409579
392 SIMPLE_RADIAL 4224 2376 2862.3045012914117 2112 1188 -0.013902232856598612
393 SIMPLE_RADIAL 4224 2376 2869.7787910482393 2112 1188 -0.011999462748574431
394 SIMPLE_RADIAL 4224 2376 2883.4340152150589 2112 1188 -0.0076113480684965283
395 SIMPLE_RADIAL 4224 2376 2867.4677562514694 2112 1188 -0.01090731526765556
396 SIMPLE_RADIAL 4224 2376 2883.6333533133443 2112 1188 -0.0056234585407908448
397 SIMPLE_RADIAL 4224 2376 2879.2848465913085 2112 1188 -0.014836657916372325
398 SIMPLE_RADIAL 4224 2376 2874.3650552968206 2112 1188 -0.015147376928340731
399 SIMPLE_RADIAL 4224 2376 2877.6475934879127 2112 1188 -0.016551866556416821
400 SIMPLE_RADIAL 4224 2376 2873.3788752344049 2112 1188 -0.019366222993864264
401 SIMPLE_RADIAL 4224 2376 2885.1881337325576 2112 1188 -0.013973846114792072
402 SIMPLE_RADIAL 4224 2376 2984.026699818221 2112 1188 0.0013619333745778126
403 SIMPLE_RADIAL 4224 2376 2802.8959842366562 2112 1188 0.0077413644737456527
404 SIMPLE_RADIAL 4224 2376 2809.4063850706334 2112 1188 -0.0013494286168095478
405 SIMPLE_RADIAL 4224 2376 2815.1640114263691 2112 1188 -0.0025337224613832077
406 SIMPLE_RADIAL 4224 2376 2973.7658677279769 2112 1188 0.0045909131070225517
407 SIMPLE_RADIAL 4224 2376 2850.6266345334916 2112 1188 0.011526576375725607
408 SIMPLE_RADIAL 4224 2376 2835.4532770937112 2112 1188 0.040697173712569652
409 SIMPLE_RADIAL 4224 2376 2836.2800264907587 2112 1188 0.029931459735527206
410 SIMPLE_RADIAL 4224 2376 2838.2504785511701 2112 1188 0.033421806055739814
411 SIMPLE_RADIAL 4224 2376 2837.2529668732332 2112 1188 0.027555034272173557
412 SIMPLE_RADIAL 4224 2376 2838.053834149835 2112 1188 0.025868592156246161
413 SIMPLE_RADIAL 4224 2376 2838.8794582462797 2112 1188 0.026464927055679488
414 SIMPLE_RADIAL 4224 2376 2853.2514054720896 2112 1188 0.0086937130464143017
