# Frame list with one line of data per frame:
#   FRAME_ID, RIG_ID, RIG_FROM_WORLD[QW, QX, QY, QZ, TX, TY, TZ], NUM_DATA_IDS, DATA_IDS[] as (SENSOR_TYPE, SENSOR_ID, DATA_ID)
# Number of frames: 414
1 4 0.96296366920225374 -0.15396608097931391 -0.087674547804540329 -0.20324515091798201 -0.75594763782181051 0.29256213960216382 4.5852533355075717 1 CAMERA 4 1
2 1 0.9635591710743775 -0.16293578334025055 -0.06400063585211499 -0.20226115038801329 -0.73564729621542158 0.34307920719742035 4.7808637820646993 1 CAMERA 1 2
3 2 0.9575835431504407 -0.19182185784329889 -0.13754154169403945 -0.16528901067348772 -0.99027406473309876 -0.072126065229850239 2.3121986108184154 1 CAMERA 2 3
4 7 0.95972115685004111 -0.14004870582830425 -0.11279965654394031 -0.2158654640599216 -0.79557807919163603 0.27660982205829709 4.2957151716423159 1 CAMERA 7 4
5 8 0.96730336532343364 -0.12587115988984099 -0.10237091608691472 -0.19493805703728537 -0.83957177331125477 0.29042437277864019 4.3472416004068073 1 CAMERA 8 5
6 9 0.97308619838688537 -0.11157848153271784 -0.098539090421141701 -0.17590776170137121 -0.90756153778441029 0.28770251719124718 4.3630904521116687 1 CAMERA 9 6
7 3 0.95021014132189074 -0.17812204234014764 -0.090905310961151939 -0.2389758351814332 -0.77929165376144405 0.31673776062960524 3.3054815391822454 1 CAMERA 3 7
8 5 0.9505601362538123 -0.1850837323718339 -0.097231335912775441 -0.22962035339460271 -0.90497791536663119 0.36476776320284859 3.4163002584868867 1 CAMERA 5 8
9 10 0.98629124904192411 -0.084545047486152741 -0.088218461160380512 -0.11090180395007106 -1.0652154143683941 0.31635384877173428 4.5153356503728448 1 CAMERA 10 9
10 6 0.95177300429887879 -0.1992091999337561 -0.056439937816384372 -0.22640312800162871 -0.86707279135203741 0.40670158601581069 3.5171431756142191 1 CAMERA 6 10
11 11 0.9936040814380741 -0.061755526409987625 -0.044000056038430352 -0.083673050476490249 -0.76775705414549167 0.19596847275199278 4.666949779444467 1 CAMERA 11 11
12 12 0.82220052540540256 -0.35557617564631899 -0.12594643905909117 -0.42625036518946574 -0.74471140002563885 -0.061781139917716152 2.1341188866162999 1 CAMERA 12 12
13 14 0.93023172899312001 -0.28655527778050177 0.048618646551798005 -0.22403399375559399 -0.31677718120405496 -0.0049016616906982788 2.9515297006522219 1 CAMERA 14 13
14 21 0.84403634736046995 -0.37346848341907624 -0.068937072596190377 -0.37864444568608013 -0.9551128619541206 -0.11413561513618313 1.9243609833870956 1 CAMERA 21 14
15 23 0.8745560162560031 -0.33457696576458995 -0.069793833871106783 -0.34400414120147244 -0.011281751779909227 0.14131184613483816 2.1819363256524582 1 CAMERA 23 15
16 13 0.89177312519658591 -0.30575068159846369 -0.12081640317922174 -0.31090289577619723 -0.78136653986876647 0.14583389747924869 2.2524944213518245 1 CAMERA 13 16
17 16 0.93742307831678484 -0.22197091851340978 -0.13040966136889801 -0.23443592684365949 -0.76708761440177642 0.049237641567002027 2.1386009976206353 1 CAMERA 16 17
18 17 0.96106523124316579 -0.17905657977503048 -0.13206448117396161 -0.16386377069700589 -0.98832367401390986 -0.16763101542396114 2.3108320065426704 1 CAMERA 17 18
19 19 0.94035622339695446 -0.2408784088135556 -0.15804987441215815 -0.18090882367747499 -0.94599618410891784 -0.15775705160569684 2.3860952478151991 1 CAMERA 19 19
20 24 0.69450306343741253 -0.49225472736453052 -0.11098914970897425 -0.51286663657348575 -0.49493120277495045 0.16203560065780598 1.9848743785085705 1 CAMERA 24 20
21 15 0.9076664432028706 -0.33665671790950047 0.062090230606915049 -0.24279350368787345 0.032100988847358201 -0.026095468182442631 2.7301122562480931 1 CAMERA 15 21
22 20 0.89332743391413461 -0.33019337930952319 -0.15478558511002724 -0.26264015442938571 -0.83042256532119507 0.13851736306411502 2.5177337766618573 1 CAMERA 20 22
23 18 0.90015753884447247 -0.34925009178364447 0.057848100387903605 -0.25376046960093923 0.062490317955136002 -0.17320334992933137 2.6304394109390339 1 CAMERA 18 23
24 22 0.84034416211265839 -0.37285283712621936 -0.053089580740023908 -0.38985118630953486 0.081524487532246198 0.024295468027581205 2.1320277285252764 1 CAMERA 22 24
25 25 0.67822476646199115 -0.49569688075496732 -0.10567139832932643 -0.53209897964805219 -0.48308269876069621 0.063815493437516038 1.9290282947556656 1 CAMERA 25 25
26 27 0.80368693879524877 -0.3878766642742329 -0.10329469163590978 -0.43928260197879276 -0.70588647929844039 -0.0075119190783393356 2.2398855899705179 1 CAMERA 27 26
27 26 0.65844229211582372 -0.5315855891701089 -0.064252021179643654 -0.52890659583168276 -0.48053395617695099 -0.22787618728110451 2.450642868438305 1 CAMERA 26 27
28 29 0.84634850167511444 -0.37506197894524967 -0.059816537854554763 -0.37342296054347895 -1.0206740306518813 -0.1045834057012841 2.1001302112353706 1 CAMERA 29 28
29 28 0.63268925633103001 -0.54283127884468385 -0.11022478288782339 -0.54119220695466941 -0.81955743327655473 -0.35613587114547346 2.4379950154562513 1 CAMERA 28 29
30 35 -0.49636339911294797 0.60198456364673736 0.064678317232226681 0.62213718457595435 -0.61456701830021843 -0.3693469115096179 2.0174559042277154 1 CAMERA 35 30
31 34 -0.45230016896263986 0.61683942346007081 0.059826072042504445 0.64136925707877523 -0.73326318136412361 -0.38470249477927188 2.0325508375270984 1 CAMERA 34 31
32 31 0.63855043260077782 -0.52445566957898648 -0.09551851343536219 -0.5550457722232599 -0.47740517195426291 -0.19578867829484872 2.6271702438192714 1 CAMERA 31 32
33 30 0.6964011702766062 -0.48013952330173698 -0.028327934767116127 -0.53262461106560233 -0.021565300570961374 -0.18859206334904433 2.4661529501387904 1 CAMERA 30 33
34 32 0.65210692865386088 -0.5130845460577852 -0.091716324303620131 -0.55053511972855829 -0.44905051827862391 -0.21783152603602743 2.6206283462619555 1 CAMERA 32 34
35 36 0.58927199216462212 -0.5425369693616886 -0.1119284823420881 -0.58811918092064353 -1.1175433178015746 -0.42400522446418493 2.3849000673327545 1 CAMERA 36 35
36 33 0.64869747490448748 -0.5159277748617217 -0.09451071490634913 -0.5514325361698067 -0.44584654351663444 -0.16250283210177177 2.5920261491227907 1 CAMERA 33 36
37 37 0.56328670101137224 -0.56423150729830285 -0.10949001692849981 -0.59360157919989331 -1.1027528101669781 -0.4065846783594434 2.393012420630138 1 CAMERA 37 37
38 48 0.069623642726193619 0.71683559485512949 -0.00089102818791235233 0.69375679051883632 -1.1284196293783741 -0.19128591046001198 2.9809014972760086 1 CAMERA 48 38
39 43 -0.35759390425722792 0.65434282624046014 0.13079442993764628 0.65334132157931479 -1.0048371020933369 -0.67055380825781508 2.0998306728947358 1 CAMERA 43 39
40 44 -0.18261876195345333 0.64642639395591917 -0.010321872953234784 0.74072718589131858 -0.61675081698374268 -0.18081702267693386 1.8289532514244151 1 CAMERA 44 40
41 45 -0.18680621409471132 0.65923559895476225 0.0024511591041351611 0.72835832889135221 -0.5576323896533536 -0.16995386468018842 1.8617419154575316 1 CAMERA 45 41
42 42 -0.37224567864415181 0.6134203457125964 0.17028843104790728 0.67538913557136504 -1.096852504005132 -0.7636453847853143 1.9338171328047455 1 CAMERA 42 42
43 38 0.58985456511516432 -0.54398500889396939 -0.077386764825798648 -0.59174588358621061 -0.56218140736758104 -0.57321175092135157 2.5186020348302471 1 CAMERA 38 43
44 39 0.62055311491362264 -0.54042465023464958 -0.083262627135479314 -0.56206971445920761 -0.49638986786164074 -0.54267273671975746 2.6232764787504355 1 CAMERA 39 44
45 46 0.089817254879462211 0.71782674193255724 0.064667108306646223 0.6873687470315073 -0.94657469623131063 -0.72672713902760677 3.3578835425926585 1 CAMERA 46 45
46 41 -0.36318538666935424 0.59616080668563909 0.19617653762837162 0.68862430509378925 -1.2113885523679984 -0.76409287538452331 1.9822330745024299 1 CAMERA 41 46
47 47 0.072635741871086068 0.71349233781279575 -0.00018154669458265315 0.69688786754116061 -1.1286954420182145 -0.17931250993243605 2.9589438141383488 1 CAMERA 47 47
48 40 0.63597846905168343 -0.52658833516416503 -0.090880004739211262 -0.55675572463182721 -0.5105467257649261 -0.26110839095819677 2.6466621293448553 1 CAMERA 40 48
49 53 0.13724634695942842 0.75285212170574167 -0.02394061896212581 0.64327596710367296 -0.88003684134411997 -0.089688475031057577 2.850771055066637 1 CAMERA 53 49
50 54 0.029574725517890799 0.69983579075679259 -0.028590111816379993 0.71311836821994934 -1.2761641352483466 -0.091460035859074792 2.9640913710486951 1 CAMERA 54 50
51 49 0.017777425420608655 0.69424814745108421 -0.0033051377188592955 0.71950854683652765 -0.87689219511520633 -0.51102739772415329 3.0037074733306022 1 CAMERA 49 51
52 50 0.018337016965762194 0.69119209155038241 -5.7575655878175166e-05 0.7224384008841509 -0.74916942241947715 -0.5257155268403777 3.0315959004716229 1 CAMERA 50 52
53 59 0.14686312853471262 0.70871668126428555 0.066100074789557525 0.68686437328452876 -0.60103098953661616 -0.65494887167620952 3.2033401049365851 1 CAMERA 59 53
54 52 0.2674392473156737 0.73576331783384419 -0.04155968589443175 0.62080704058001457 -0.90535372777214052 0.25807368405642883 3.0174492130589292 1 CAMERA 52 54
55 58 0.25923782381219029 0.66620971317420674 -0.075947079979703763 0.69512042828564435 -1.1260650875166713 -0.32733374155118011 3.0153840020327234 1 CAMERA 58 55
56 51 0.24195194696573497 0.72049911801541611 -0.051191037511581064 0.64785781926051145 -0.86047821627803434 0.13421261136145063 3.1811208638036672 1 CAMERA 51 56
57 57 0.10894466562144163 0.71546210802798471 0.058173182306569447 0.68764882946829153 -0.70309602466497634 -0.75903532659467798 3.206226585809961 1 CAMERA 57 57
58 56 0.093360320382399345 0.71671059913569435 0.068153458314651943 0.68772441703374398 -0.85210469632416286 -0.71936306170061959 3.3148965157039312 1 CAMERA 56 58
59 55 -0.043596910119993636 0.72949816674894363 -0.019799533852526811 0.68230470656235587 -1.167856503911467 -0.2352692870008381 2.954440299923454 1 CAMERA 55 59
60 60 0.1291789967850375 0.65791415881520598 0.052063652301418246 0.74010210277307564 -0.95269641761689983 -0.6278548757656367 2.9187903983654802 1 CAMERA 60 60
61 66 0.31252373339279899 0.68269848624806684 -0.047065758443436252 0.65881447109407743 -1.1067807284356432 -0.16167308761838386 2.861614425455183 1 CAMERA 66 61
62 65 0.40971874804993058 0.65124638456109063 -0.099067489765983008 0.631026407184337 -0.87812855922031907 0.039437315396800163 2.6985983184390268 1 CAMERA 65 62
63 62 0.56770189693176365 0.51716169023665404 -0.16212395089062823 0.61965649106521725 -0.95355396689129557 0.36612555502074778 2.5009023017930661 1 CAMERA 62 63
64 64 0.55982769334520766 0.52940083207814737 -0.15822803446011596 0.61748813905178612 -0.89036899633121236 0.36874808250872509 2.5343729149211884 1 CAMERA 64 64
65 61 0.5638355702393073 0.51912911262808192 -0.16493534814728933 0.62079847381129072 -0.8833441664224041 0.35445876827610706 2.5231262015144806 1 CAMERA 61 65
66 63 0.56804626168769801 0.51913607358609382 -0.16619427168320675 0.61660412400821141 -0.93325843592872781 0.38167137215556635 2.5330537810290759 1 CAMERA 63 66
67 67 0.72494479687427715 0.46803169540242739 -0.093193091417560728 0.49670556801356747 -1.2074662838101946 0.11429508115200707 2.4186740689881483 1 CAMERA 67 67
68 71 0.65176477357074414 0.51974366226101787 -0.088821911029323061 0.54514206734839366 -1.3054916603110636 0.13257881307902436 2.6597275397836579 1 CAMERA 71 68
69 70 0.66155924461643723 0.52049387895623267 -0.071994171883286107 0.53501619325630112 -1.1873137574177459 0.23739569812795225 2.6862679464806156 1 CAMERA 70 69
70 68 0.71415626828869427 0.4793763551152409 -0.083265015216922103 0.50323560273625212 -1.18237490207095 0.21341747697108845 2.4569783352601324 1 CAMERA 68 70
71 69 0.67570073968075084 0.50800797916549889 -0.089377096837362446 0.52665751495634894 -1.3064162963284582 0.15795103470242586 2.4183576403068252 1 CAMERA 69 71
72 72 0.63865895143915896 0.52956801737224501 -0.048295500433779344 0.55618342600343151 -1.2087361833423185 0.23173379174686007 2.7694224736006321 1 CAMERA 72 72
73 77 0.85434528557133693 0.34824594213648863 -0.1322152981270342 0.36240586605169589 -0.9827085215515835 0.47121316408776731 2.2240453867930139 1 CAMERA 77 73
74 75 0.89080622407558374 0.29364705311417372 -0.15365044006788461 0.31084919432500996 -0.95555467077301925 0.53368311355931608 2.0799166758569623 1 CAMERA 75 74
75 73 0.59748627708560531 0.55642899367959064 -0.058346529080852381 0.57444982916815179 -1.4300813992250132 0.14666757112360582 2.7913757901354628 1 CAMERA 73 75
76 76 0.88287024278662329 0.29949020605837351 -0.1419960748352723 0.33269034492809929 -0.9297422342873789 0.53141519658640801 2.1454393341691049 1 CAMERA 76 76
77 78 0.80644092683008295 0.38861362822526074 -0.13119302368958055 0.42593528854301438 -1.1857185543966464 0.26492614245796042 2.0993653604284077 1 CAMERA 78 77
78 74 0.5633392203551798 0.57953985572614752 -0.047767458573493585 0.58694186112081326 -1.5489985912028166 0.069970187671498096 2.8081384718015503 1 CAMERA 74 78
79 80 0.83144544564678091 -0.42051407516169736 -0.020547760507268632 -0.36255230387113024 -0.15919732725495406 0.05689952669778784 1.2161497680066273 1 CAMERA 80 79
80 81 0.84534583990587209 -0.39745347544035947 -0.050621921528641402 -0.35335331733968972 -0.42899473360830642 0.0063101642467004058 1.2260534007059667 1 CAMERA 81 80
81 79 0.78561653407660792 0.41009326857500883 -0.13163093912473381 0.44418855041532129 -1.2432065056542725 0.21192306668363503 2.1269555336106971 1 CAMERA 79 81
82 84 -0.16910081163875967 0.62611350535766497 -0.011967743975070411 0.7610805259734329 -0.55436236418709528 -0.10386044454528549 1.7956433112706354 1 CAMERA 84 82
83 85 -0.29873445993535308 0.54994965843372035 0.0026378197255209845 0.77993982943741424 -0.35367070873438333 0.039149154503411374 1.2902393239570804 1 CAMERA 85 83
84 86 -0.27590261603283128 0.55927081185200589 -0.0065983609105734571 0.78169710701136164 -0.37861235879994476 0.053027863546985202 1.3048734473155856 1 CAMERA 86 84
85 88 0.0052517288401141638 0.66287511608897365 0.038219987686025546 0.74773540263618643 -0.15905061430471831 -0.70238420422880277 3.0504508119039193 1 CAMERA 88 85
86 83 0.70953528598108506 -0.43517725793000062 -0.059346762180404036 -0.55105207916037136 -0.10485955459522067 -0.011785905861640836 2.4268271699821451 1 CAMERA 83 86
87 82 0.71091854505510266 -0.46722052392887076 -0.059834843222122569 -0.52222561776779164 0.0040871248973073041 -0.012950006706536147 2.4137461914384808 1 CAMERA 82 87
88 91 0.10091119684450464 0.60984726148627377 -0.035793537250836935 0.78525287054564463 -0.38550744483560806 -0.48884579554501839 2.5670578876920982 1 CAMERA 91 88
89 87 0.015746428777748605 0.66411763086521824 0.04498132905453886 0.74610756757400887 -0.29065249843206248 -0.5753394832480232 3.1670714886335771 1 CAMERA 87 89
90 90 0.049008598151267756 0.60285083995582311 0.0015125063966445677 0.79634586355189063 -0.28054365831095868 -0.45256258349863954 2.5546386967613151 1 CAMERA 90 90
91 89 0.042071460715604282 0.60490540082420741 0.00057475316886960797 0.7951849582994861 -0.3247876763553168 -0.50362306430504811 2.6071432474426786 1 CAMERA 89 91
92 93 0.25433944372134631 0.60130083449540717 -0.14765278224562486 0.74293163191357603 -0.57240453311553263 -0.34610802124758711 2.5330111949735215 1 CAMERA 93 92
93 95 0.54045729910386031 0.48731773679904344 -0.24413542262656582 0.64095649358233897 -0.86102671312499535 0.34321362175140602 2.4608778264354254 1 CAMERA 95 93
94 92 0.17609021911364758 0.61287234445263916 -0.096379917702357973 0.76425822573350177 -0.46527055502819281 -0.4848133094965274 2.5298173973010272 1 CAMERA 92 94
95 96 0.55510238895012176 0.48777273453873937 -0.22415838120672502 0.63536770248199503 -0.81957921982959359 0.418083217852114 2.5144488921951846 1 CAMERA 96 95
96 94 0.38579277234244835 0.57358997242616283 -0.17022167124376075 0.70226993597865384 -0.57384357789102969 0.10020400634065799 2.6273166194954682 1 CAMERA 94 96
97 99 0.90627740077560959 -0.12441523598251403 0.35019962086404677 -0.20135130356046516 -2.2982750090624178 1.2399088915166037 4.3370470661588874 1 CAMERA 99 97
98 97 0.96917650763845353 0.020089637794666111 -0.24399946744063078 -0.027523869344599355 -0.46972758307261053 0.46783207363792761 2.5298956697098194 1 CAMERA 97 98
99 100 0.87184305436743192 -0.16578650120768662 0.42928056655541885 -0.16769829977205983 -1.7941726121875259 1.3438785345614139 4.7080048085764137 1 CAMERA 100 99
100 104 0.88220354149998659 -0.14924996106108285 0.42258779884680109 -0.14443307361529939 -1.9275716780361658 0.98470585128530796 4.6969815557865866 1 CAMERA 104 100
101 105 0.88574182104820098 -0.14529662843571811 0.41845371969514705 -0.13873283924408453 -1.9817802987597759 0.90800878612423297 4.6882867812513389 1 CAMERA 105 101
102 98 0.91717204821428588 -0.11647575825231209 0.33722864035985745 -0.17749838262644144 -2.1578437445252252 1.0087657665874286 4.3019566548303034 1 CAMERA 98 102
103 101 0.86620662974660956 -0.14357172961141296 0.44963319474243219 -0.16402202054944165 -1.6177617840678682 1.1256147350369612 4.8386346045219399 1 CAMERA 101 103
104 102 0.87581836791500312 -0.14292640142969223 0.4332443282483337 -0.15752327522531012 -1.8082513093524388 1.0593173016702715 4.7482722614664006 1 CAMERA 102 104
105 103 0.87856650311756068 -0.14297054300635023 0.42925088787087523 -0.15304900749209741 -1.8520782551073993 1.0228195811120182 4.7312608684212076 1 CAMERA 103 105
106 106 0.1602331797999578 0.91542162740064137 -0.063434988638395737 0.36373695769718317 -3.040574180472011 0.49775433010588621 3.9502681365752066 1 CAMERA 106 106
107 108 0.16959300598016705 0.92340175518316892 -0.082315677274797536 0.33435241904619944 -3.1023125932718529 0.59114831305895843 3.9791073140490689 1 CAMERA 108 107
108 107 0.1689033363121582 0.92226321465488781 -0.061942012471463713 0.34214823244909437 -2.9646284842126911 0.54814099492001311 4.0552810092928535 1 CAMERA 107 108
109 110 0.14693942683893851 0.91917959126061155 -0.078881073172051466 0.35678489338177538 -3.0820945176870778 0.29596173707192491 3.80974764644415 1 CAMERA 110 109
110 109 0.14200643339909261 0.92090628419089027 -0.090772919758399254 0.35146275143965366 -3.2500822429177774 0.33080512321100669 3.8497406737343782 1 CAMERA 109 110
111 111 0.4577511487268221 0.82820756194735889 0.10850128704352661 0.30457115897994147 -3.1443287346313125 0.34231406651975155 4.0594042854294585 1 CAMERA 111 111
112 114 0.45494341364867802 0.83797981714862169 0.15482550917622664 0.258544731405559 -2.7361531006143962 0.34263248839424237 4.4049327667373248 1 CAMERA 114 112
113 118 0.91422020023239026 0.12218100638516198 0.36362781368875385 0.13056814419181414 -2.828948651881217 -0.17873336565949516 4.0541661910719888 1 CAMERA 118 113
114 113 0.45460722665582987 0.83782954296732937 0.15600897298625371 0.25891142645936938 -2.7209103755995963 0.31533838737114062 4.4094433559705069 1 CAMERA 113 114
115 112 0.45367444108926319 0.83654758514140304 0.12370690282244498 0.28118364371084942 -2.944628574661031 0.33226904166396509 4.2297557092692299 1 CAMERA 112 115
116 117 0.92234087228945016 0.06548858547045136 0.37273361090974916 0.077898753363551579 -2.6953572069133798 0.10534392850956072 4.398200231489958 1 CAMERA 117 116
117 115 0.45148507236617402 0.83833750645128846 0.14801525158128748 0.2672881217092799 -2.7939545139784085 0.28991658378086171 4.3091398892412309 1 CAMERA 115 117
118 116 0.92429936846392013 0.028503081415063067 0.36979075329283573 0.090072474075945777 -2.6787432824811037 -0.06447586545488368 4.3846311524555039 1 CAMERA 116 118
119 119 0.9148533332465838 -0.086069109932696133 0.38778463896592957 -0.0725159344218375 -2.3560016316859738 0.35657899841928253 4.567910040751082 1 CAMERA 119 119
120 120 0.91862783400801418 -0.090018850168600645 0.384727129814257 0.0021318501240454543 -2.3954809621791413 0.2602587388396746 4.5708044934964569 1 CAMERA 120 120
121 121 0.9236378401302231 -0.09733153484905066 0.370259790824432 0.018094195261254459 -2.571579725010154 0.34392135432716309 4.4489967777290111 1 CAMERA 121 121
122 122 0.91964072720135381 -0.095233307944992074 0.38091075532611729 0.009927054311645464 -2.4644483263679762 0.41710637590178645 4.5265598672183014 1 CAMERA 122 122
123 123 0.9229026332229614 -0.074439787170951441 0.37771819849910288 0.0061975962001240645 -2.4868004750915675 0.30578430511667926 4.5115752722307256 1 CAMERA 123 123
124 125 0.927947116166564 -0.054606252911722088 0.36360091594771071 0.061046545054443693 -2.7347109801935225 0.31061635986580632 4.3015989875516301 1 CAMERA 125 124
125 124 0.92202013041019226 -0.045159326173271098 0.38187870171779154 0.044812627152201502 -2.5494514582163919 0.37895645358317454 4.4276914507911638 1 CAMERA 124 125
126 126 0.93750715282645414 -0.21800828748032197 0.22861564422451375 -0.14590274913429022 -1.966173616828 0.35237428701876716 4.320644120983391 1 CAMERA 126 126
127 129 0.93391313579983726 -0.2225486931084531 0.25082572799109049 -0.12395478269907136 -2.51583813618076 0.22870361635712677 4.2737898885866521 1 CAMERA 129 127
128 128 0.93214740903302251 -0.2280252880006641 0.25271018490499703 -0.12346351003644547 -2.466436657464206 0.26264997272606766 4.2957050717103833 1 CAMERA 128 128
129 127 0.93801152510364982 -0.2083644816050973 0.24989768578194052 -0.11945613512496846 -2.1249862409044047 0.1142416170556 4.3533291906578757 1 CAMERA 127 129
130 130 0.94687638782800709 -0.17438018315357887 0.24473738055633965 -0.11454375782002038 -2.9256570389254244 -0.1099158394598263 3.8440702496554322 1 CAMERA 130 130
131 131 0.95233813912115339 -0.16346079092766927 0.23425206080300293 -0.10704489999110597 -2.9865088746942652 -0.24915917288932435 3.7315973366556094 1 CAMERA 131 131
132 132 0.95507002688706388 -0.17551336828186315 0.20378741939388703 -0.12452706128821181 -2.6713297408848042 -0.053730437054676845 3.6566848446879145 1 CAMERA 132 132
133 133 0.94521548742806549 -0.20604641228928028 0.19948320339380102 -0.1559455349555989 -2.3393288710398603 0.1008158152025231 4.0157780151067053 1 CAMERA 133 133
134 134 0.89184024683249608 -0.35153451199316754 0.18954386068409201 -0.21240900612838318 -2.1380062816089866 0.89809532133290393 3.8227490487566049 1 CAMERA 134 134
135 135 0.89655524736604197 -0.34606466132728675 0.18746064242821042 -0.20319066450319082 -2.1083465909497527 0.67073367742464707 3.8440415992463022 1 CAMERA 135 135
136 136 0.8977164358772165 -0.34076027397772091 0.18683899826799782 -0.20755439084911526 -2.0891805219787893 0.45890845033979111 3.8452215848215046 1 CAMERA 136 136
137 138 0.90468027950856555 -0.32695537078542913 0.18310238279232649 -0.20279865581072978 -2.134994774858284 0.14021863158193917 3.7826107111188301 1 CAMERA 138 137
138 137 0.90809172258814608 -0.32322068128242054 0.17432346955821371 -0.20126883146530206 -2.2002776292136672 0.10119619375659278 3.7236078066092428 1 CAMERA 137 138
139 139 0.89941952437196115 -0.33563374527682149 0.18565277230148364 -0.2095890177150091 -2.1259147187675209 0.24739293524712383 3.7970896666973117 1 CAMERA 139 139
140 140 0.91469308613112821 -0.30745083591030192 0.16147115598883277 -0.20673076081125225 -2.2652934864540026 0.034527164092729774 3.6416353729028401 1 CAMERA 140 140
141 142 0.67707397862239194 -0.60851057650469642 0.1920290955424663 -0.36662041980706567 -2.4051631593238385 0.057594375860068971 3.5840286187684356 1 CAMERA 142 141
142 141 0.67878461310042559 -0.60770096313030453 0.16879795180676141 -0.37610934566219983 -2.4052625585441594 0.036348472592403445 3.4105293230261222 1 CAMERA 141 142
143 143 0.69777098027005846 -0.58209625539421672 0.2201086364337316 -0.3547277783262483 -2.4434536673145124 -0.19791798821124892 3.625628953785863 1 CAMERA 143 143
144 144 0.68692753918800042 -0.59746133435257576 0.19467593799110774 -0.36506408892965647 -2.7134518282664013 0.041637117701949153 3.6094345887747106 1 CAMERA 144 144
145 146 0.70372881843335955 -0.57635704086759176 0.18603502140963779 -0.37144216556263021 -2.8117751693132846 -0.085362622575069894 3.4468122372915833 1 CAMERA 146 145
146 145 0.70034878384590138 -0.5875707207070745 0.18688723378526498 -0.35964620251217411 -2.8755010712249942 -0.099219965201834723 3.5321731526057918 1 CAMERA 145 146
147 150 0.52185527145434685 -0.76338762085047895 0.1393439087455865 -0.35424524144024472 -2.5380977354110392 -0.24119667620420246 3.7583286712557449 1 CAMERA 150 147
148 147 0.64766628122183889 -0.66738444835591559 0.11408857693192556 -0.3494426746615133 -2.4749649548750674 -0.31204159401680054 3.1887261561129301 1 CAMERA 147 148
149 148 0.54840283096299058 -0.75314427034563314 0.13401869443863831 -0.33773811241594354 -2.3649209547116099 0.09527528543307065 3.5795810287830485 1 CAMERA 148 149
150 149 -0.47472731261493678 0.82958834822778771 -0.11253135767645608 0.27157659082031438 -2.0135663223377271 -0.47280615194511144 3.5529154419960052 1 CAMERA 149 150
151 152 -0.43098682951082151 0.87068210029799498 -0.069914644744391449 0.22643978329601847 -0.72945236820025028 -0.1768094300685854 3.612141031189223 1 CAMERA 152 151
152 153 -0.48906337004304634 0.81905425109251639 -0.13149201831585289 0.26958672624711905 -2.1081347619476141 -0.72309844930226985 3.5793059197301491 1 CAMERA 153 152
153 151 0.52287509722974834 -0.75716586698482702 0.098699301995399419 -0.37889303286774423 -2.1047675225572835 -0.65675056458329639 3.5575904934083122 1 CAMERA 151 153
154 154 -0.45872739392627621 0.82389898423921626 -0.11455093610547694 0.31247035838388537 -2.0387554998997288 -0.2042817415097983 3.20666653937415 1 CAMERA 154 154
155 156 -0.44627568076780405 0.83846721008499292 -0.12389174226493531 0.28716126230061118 -2.0220826218451688 -0.2982715920794734 2.5471284235187213 1 CAMERA 156 155
156 155 -0.50881313863729705 0.76934425568774634 -0.13982355575255268 0.36009440352085897 -2.5448166250524884 -0.27798778190412698 3.8196533900784102 1 CAMERA 155 156
157 160 -0.48190064836782209 0.7922694464754344 -0.12220187912276492 0.3537620528307785 -2.4816869319058923 -0.10638364276289286 3.543856677990687 1 CAMERA 160 157
158 157 0.52798384910739038 -0.78215134954592103 0.13357056652823285 -0.30270650016569833 -2.3554519534285725 -0.54781355647261198 4.1053937346425942 1 CAMERA 157 158
159 158 -0.48158387254843821 0.81355241044023652 -0.12579334485928154 0.3006417861130497 -2.2545140667939951 0.07147273062393196 3.6213140359442346 1 CAMERA 158 159
160 159 -0.47077976643353425 0.83119462042968117 -0.142826408535249 0.25900295656703898 -2.0478797270193421 -0.58704704810078701 3.9587918880301283 1 CAMERA 159 160
161 164 -0.28314641161220322 0.874051878429978 -0.047641994576811647 0.39190772352290149 -2.8618216551725326 -0.59797659795794988 3.8453581621795259 1 CAMERA 164 161
162 163 -0.3029125853521038 0.87597259022382112 -0.063266036272743714 0.37001810153857329 -2.6310511831430055 -0.72373867642440171 3.8984792753429152 1 CAMERA 163 162
163 161 -0.37266994741421083 0.80306688143499838 -0.1026900019931471 0.45349251121402567 -2.566713357805964 -0.31825035479935954 3.9770334437750869 1 CAMERA 161 163
164 162 -0.36593893925503879 0.8258117889622778 -0.095422129728230207 0.41835176479363412 -2.5728376549680849 -0.44406441024930104 4.2027992488100292 1 CAMERA 162 164
165 166 -0.37303465716045947 0.82803351119303492 -0.083561348008877184 0.41015015545218553 -2.7968329579510902 -0.65927748157076671 4.194202372042267 1 CAMERA 166 165
166 167 -0.30209813471261121 0.88026733234791021 -0.062937120654512527 0.36042344464251264 -2.4333869344486212 -0.52093771800159427 3.948110985751216 1 CAMERA 167 166
167 165 -0.28893753233426611 0.87405632819132451 -0.064027931851567604 0.38528049717069185 -2.7720645487845341 -0.61856563044796509 3.8323610757769666 1 CAMERA 165 167
168 168 -0.34132408217936522 0.84596943925476531 -0.066241283813590138 0.40428414647388694 -2.7793866484318523 -0.53398611593346668 4.1285991760712086 1 CAMERA 168 168
169 172 -0.28619371706663849 0.82741554760810843 -0.088418333620417275 0.47503564726001735 -2.4774509808654432 -0.020112841837777413 3.4248433568794292 1 CAMERA 172 169
170 170 -0.38593715221879998 0.78200749199953445 -0.11620844342357983 0.47540760897456141 -2.8510158339665477 -0.47576524687139093 3.4232658588569094 1 CAMERA 170 170
171 173 0.13834292242217736 0.9071970539778399 -0.031602181951069876 0.39605055632526409 -2.1561790185077174 0.049729158456715536 3.5282364759212306 1 CAMERA 173 171
172 175 0.16064466623892426 0.90755981880143122 -0.072575026287534553 0.38113164663336724 -2.815324541205654 0.46617862591226916 3.7541697352307888 1 CAMERA 175 172
173 169 -0.26818337916197776 0.83811620571220946 -0.12949955830235482 0.45702162450296285 -2.8980104950596526 0.05016079980628213 3.736171780047743 1 CAMERA 169 173
174 171 -0.29101894316617105 0.8753681704191556 -0.064032646516934369 0.38070771086951016 -2.7479603013725731 -0.62008034606015083 3.8633020566697853 1 CAMERA 171 174
175 174 0.071662370232351863 0.89454564497085642 0.021022153531654968 0.44069338866977303 -2.2352699347032248 0.0069639270715262042 3.2921090687808232 1 CAMERA 174 175
176 176 0.10596519086493911 0.90564872180807476 -0.083766782700768691 0.40193892213658494 -3.028805762266872 -0.030824775221449656 3.5711729999054289 1 CAMERA 176 176
177 177 0.065915567781210591 0.89863589405587019 0.022507643978213053 0.43313055052840316 -2.2986407760257177 -0.0791369003587922 3.2826718072667385 1 CAMERA 177 177
178 178 0.087271750464602921 0.90629203923502877 0.00056320908796381089 0.41354330364011516 -2.3724065856316354 -0.032479124688364738 3.3809005033956052 1 CAMERA 178 178
179 180 0.12049993259966794 0.92311648469169516 -0.023864684179003927 0.36437096314464917 -2.3832722762725211 0.081286785050040333 3.6421937687217887 1 CAMERA 180 179
180 179 0.10463743381790189 0.9291039700935636 -0.03319455509665134 0.3531500272013553 -2.2614670762421936 -0.23649117726171701 3.7684138358872685 1 CAMERA 179 180
181 181 0.12341593797942631 0.91279636008030418 -0.066998471730879847 0.38351338446334909 -2.900991575159261 0.11650370216309947 3.7205020677992211 1 CAMERA 181 181
182 183 0.16814283131142493 0.91122611810832155 -0.031183552906995499 0.37472995074308346 -2.576185008555834 0.52513017712398846 3.7705173182219167 1 CAMERA 183 182
183 182 0.14286239907935155 0.91932979206912624 -0.047738842526196673 0.36351625996327619 -2.4817628616928089 0.25836500127257001 3.6721788319947133 1 CAMERA 182 183
184 184 0.14846629561433794 0.91705412893677907 -0.056083831398710676 0.36581974731034189 -2.9002183700535427 0.38556821471417757 3.937360464099442 1 CAMERA 184 184
185 186 0.44316452558632596 0.83530321212673087 0.077061191087437392 0.31612548125830969 -2.212644442138866 0.57980783617074449 4.2635840820028834 1 CAMERA 186 185
186 187 0.45530928015768346 0.82435741449631361 0.12794344603925475 0.31106074516538651 -2.8643491057728876 0.25117080226799238 3.9832690183277433 1 CAMERA 187 186
187 188 0.46388693242501244 0.82279114444376034 0.090005178220893767 0.31578903471093533 -3.193664836990493 0.41468318324722842 3.9287994801864903 1 CAMERA 188 187
188 185 0.42373371311604624 0.83622126312025724 0.060327680670800271 0.34284735731711846 -2.3109940535099964 0.37885868950432239 4.1741757089418687 1 CAMERA 185 188
189 189 0.45493856851721387 0.83312426657027117 0.089131702595771717 0.30164614189416578 -2.1877419997361569 0.7116712757286342 4.3112862519521054 1 CAMERA 189 189
190 190 0.45840693475764616 0.82912966478691152 0.066702066346568806 0.31298229260062138 -2.3932558534923265 0.70935751151228621 4.1566841470589209 1 CAMERA 190 190
191 191 0.45969410527717941 0.82399920805812832 0.062529435429263092 0.32526405334418484 -2.3098925909386554 0.67071684147639787 4.1331275588743068 1 CAMERA 191 191
192 192 0.43687571260149866 0.81322685982002663 0.10770414755960178 0.36905487776840351 -2.7842370164131198 -0.021592593213313204 3.6120475203434288 1 CAMERA 192 192
193 193 0.43215604851479189 0.80728948244670651 0.10376668452939829 0.38827479501608902 -2.5764116158830341 -0.066670748249445688 3.5335916015775677 1 CAMERA 193 193
194 196 0.48175524595389269 0.81011216433405342 0.075191672576839924 0.32554013050466968 -2.5792736090017288 0.84233351434076842 4.0629410872933454 1 CAMERA 196 194
195 194 0.46794687294969917 0.81507249159705997 0.051749255342516794 0.33764563096514949 -2.3525968406931743 0.72912365238861088 4.0848512578301666 1 CAMERA 194 195
196 195 0.4694536624982682 0.81786917645320945 0.069956501902362703 0.32528350221967262 -2.3200947428236494 0.73240094855729476 4.1202842485853344 1 CAMERA 195 196
197 197 0.97185570565362223 0.022902170588030749 0.23446087710447924 -0.00027400411513028096 -2.0256051418224104 0.56655909531535964 3.7247765417303893 1 CAMERA 197 197
198 199 0.9697614131516693 0.036372312857584195 0.23919383637092137 -0.032033811225457821 -2.4465952022521082 0.61209360162194271 3.5284103971486718 1 CAMERA 199 198
199 200 0.97156055074660941 0.019880203136114181 0.23478176983658669 -0.023503070195448117 -2.5435520825727078 0.68118426842494884 3.4395679771818788 1 CAMERA 200 199
200 198 0.97376518628591369 0.027968638470033742 0.22519093583323563 -0.016975266072847314 -2.3447254709128686 0.60755234788737522 3.6132514738390746 1 CAMERA 198 200
201 201 0.96680794795259939 -0.007630020566360615 0.24127996682622407 -0.083714707012430778 -2.4057425311428355 0.7280793399545733 3.4001508120785702 1 CAMERA 201 201
202 202 0.96750047585928856 -0.021284222036193203 0.23658450069826828 -0.086704008752279738 -2.4369245409984339 0.64552373000437657 3.3570814527281767 1 CAMERA 202 202
203 203 0.96495420532222365 -0.033144619962103022 0.2431874340082564 -0.092869196933125092 -2.4117305616842355 0.67203724573854096 3.4128056054459783 1 CAMERA 203 203
204 204 0.96823881952907354 -0.039824967512488513 0.22752071591004672 -0.095717731645476006 -2.5864405743127601 0.69085034101933673 3.3173421975735211 1 CAMERA 204 204
205 205 0.96364383087448546 -0.03253136885908902 0.24483188495863201 -0.10192951174857787 -2.4338331432483398 0.67468618734907326 3.4637088369848947 1 CAMERA 205 205
206 206 0.96792134181112721 -0.04276985474925122 0.23116221566590256 -0.088673815975775852 -2.4456054172227573 0.58705750589812156 3.4020972460610239 1 CAMERA 206 206
207 208 0.95745924854809283 -0.21102458827887902 0.11291841213563468 -0.16121365547687977 -1.6186251605533208 0.079443052846358178 3.4343919538337833 1 CAMERA 208 207
208 207 0.96800468493078495 -0.057539951184425508 0.23148124935842021 -0.077926344487667873 -2.5823947070036346 0.26662064459687945 3.277442247819792 1 CAMERA 207 208
209 209 0.93941663755302585 -0.2189072580112438 0.21853814644624783 -0.14770603246450059 -1.9904696167727951 0.37508516530864799 4.2891971649164331 1 CAMERA 209 209
210 210 0.94166748573623527 -0.2572072629608409 0.1556578019300365 -0.15125283100061188 -1.1857314361471416 0.30161103184443011 3.4866109233229712 1 CAMERA 210 210
211 211 0.94012021265490875 -0.25835475451494611 0.15866699183896421 -0.15572922743655107 -1.107832857357586 0.36621572238354672 3.4980552677626409 1 CAMERA 211 211
212 212 0.96157126915460966 -0.22188347043812973 0.11911210856194078 -0.10936510173109683 -1.6801512414011115 0.30002782315603682 3.7423266120165666 1 CAMERA 212 212
213 213 0.96748585946194265 -0.1909274020582461 0.14923101576020265 -0.072442686446964763 -1.5044055724326111 0.33452932686360798 4.1633936408020755 1 CAMERA 213 213
214 215 0.93151706516450083 -0.2891456351611289 0.14624412806989207 -0.16517691721199937 -1.5665483197155383 0.34126347278532332 3.4604453579800345 1 CAMERA 215 214
215 216 0.94335989409757759 -0.25525525046374803 0.13821127699530691 -0.160668946066821 -1.3478893889999435 0.21966189640049358 3.5660168039069728 1 CAMERA 216 215
216 214 0.98677795732801321 -0.10700085686858744 0.12162171379275385 -0.0053139716837241283 -1.681322551238932 -0.2583381200212051 3.8714460711859457 1 CAMERA 214 216
217 217 0.93330941972038284 -0.2799655705840669 0.13414886907627735 -0.18043527170233636 -1.4003392566993125 0.30959912399644007 3.6240696362507103 1 CAMERA 217 217
218 218 0.93102144119360197 -0.28602739248241549 0.13049091292973514 -0.1853632337608053 -1.4527532259704763 0.22925956748598525 3.6717091820970547 1 CAMERA 218 218
219 219 0.94150114003799834 -0.25814990479733574 0.12982327787449574 -0.17343628940391273 -1.5865072492079757 -0.24044384332912588 3.7381029380701043 1 CAMERA 219 219
220 220 0.95321591740882017 -0.2401212817882534 0.11578251575166194 -0.1425327817628067 -1.7404898259520778 -0.17992978117471872 3.6096167217600859 1 CAMERA 220 220
221 221 0.87070416351334023 -0.41378191951369592 0.068685975641294764 -0.25678983522386412 -1.5525869804007353 -0.27568025735179813 2.4594264709411595 1 CAMERA 221 221
222 223 0.87852538923649925 -0.3966607793671067 0.065597675417726126 -0.25797347064868453 -1.7017806068955947 -0.093033827711852132 2.4361247112300179 1 CAMERA 223 222
223 224 0.87981445622750909 -0.38970231279437001 0.07313282558894002 -0.26212634327207451 -1.6865616841109898 -0.039764682985582896 2.6520129378609285 1 CAMERA 224 223
224 222 0.86566752755102727 -0.41282249336666066 0.077028138808483387 -0.27251419512738406 -1.7220048591191035 -0.11252322345910336 2.3763644888026327 1 CAMERA 222 224
225 226 0.68234090020543547 -0.62522113612845054 0.026955702414354046 -0.3778661362869587 -1.823670115738294 0.025061618063319607 2.3744523293020365 1 CAMERA 226 225
226 225 0.87038681177402444 -0.40735028879705343 0.072470196161726966 -0.26690936809165572 -1.5458383416159811 0.15420249964216015 2.7584949666377128 1 CAMERA 225 226
227 227 0.86549043235114742 -0.41556284836914048 -0.0042862045320290355 -0.2796702683780673 -1.6080332682715099 -0.70999026819156164 2.0788683695400039 1 CAMERA 227 227
228 228 0.70391994672620695 -0.57903410042703107 0.054791928622037391 -0.40769359045919573 -1.8207863436432119 0.018154006339671496 2.4372764099359059 1 CAMERA 228 228
229 229 0.70590261971926338 -0.57506842775739597 0.048736866850321504 -0.41063671618564718 -1.8256812097559494 0.06718044158989922 2.3057110794332236 1 CAMERA 229 229
230 230 0.70787403847490704 -0.5741959453437111 0.060985580676622082 -0.40680968640582177 -1.8241879983163189 -0.055997078680487242 2.5130545464494927 1 CAMERA 230 230
231 231 0.70097641548919665 -0.5902156129283207 0.082215113719144903 -0.39181407613779268 -1.963047205822618 -0.089051900121212516 2.8007657886844624 1 CAMERA 231 231
232 232 0.69568114221228161 -0.6004039700624807 0.1279261821249113 -0.37306529325356858 -2.167237028905832 -0.12957622184137577 3.0909929319559715 1 CAMERA 232 232
233 233 0.67632671231088914 -0.6139477225946427 0.15050426953667237 -0.37815187026752656 -2.3221228468388815 0.10158886204004029 3.2824858478315431 1 CAMERA 233 233
234 236 0.56626073057957038 -0.70850232500790455 0.056983020203755813 -0.41728428663243849 -1.6447194188454128 -0.1916713805078897 3.1547846883870232 1 CAMERA 236 234
235 234 0.59916834366715266 -0.67597116826434211 0.014986407009373863 -0.42876063628492173 -1.4677162983006053 -0.24021286342542655 2.8792853786255734 1 CAMERA 234 235
236 235 0.54334847520792295 -0.70395150660251926 0.052300457533830412 -0.45441101767344994 -1.5401491617134211 -0.18123935935006499 3.1731547791526444 1 CAMERA 235 236
237 237 0.57450292025764205 -0.70710754586026092 0.055345082086547169 -0.40851222147171284 -1.7904031074682412 -0.22453314683126313 3.1355350801353885 1 CAMERA 237 237
238 238 0.58207283408009769 -0.70088830405772329 0.054433930609271743 -0.40863644998883386 -1.8341684206912272 -0.28444503947791788 3.0888875513208442 1 CAMERA 238 238
239 239 0.65828505741354038 -0.65271054726620814 0.056387736657835197 -0.37074269760590783 -1.7231075951662165 -0.21881311476377452 2.6951962297589405 1 CAMERA 239 239
240 241 -0.40571734694917577 0.7977159387321876 -0.087284756702693228 0.4375203843531163 -2.1879341229148705 -0.061349047507464866 3.8806545758778253 1 CAMERA 241 240
241 240 -0.43143037475866725 0.77977838672752331 -0.088539813288203789 0.44494291857620022 -2.268803781456588 -0.20399166282851949 3.759712953962203 1 CAMERA 240 241
242 242 0.5670779228780658 -0.73086542319137471 -0.010129956384025456 -0.37967847786153092 -1.9667988242934913 -1.2952868071772534 3.4121892676589445 1 CAMERA 242 242
243 244 -0.48996952227048862 0.76843397444030248 -0.07415190809496347 0.40489577510488506 -2.1395637300467869 -0.79545899922302821 3.4984706672410413 1 CAMERA 244 243
244 245 0.51534951216083702 -0.77483243557929371 0.06566344332236751 -0.36019146200444196 -1.6722495623924625 -0.82195217310323787 3.6276608748719106 1 CAMERA 245 244
245 246 0.52171240154647502 -0.76834101263569199 0.058871925206436714 -0.36606332074800507 -1.7439125481609299 -0.83842993879977612 3.5593498568999928 1 CAMERA 246 245
246 247 0.52908791258321941 -0.76338464569601694 0.050183555007283574 -0.36713958419207421 -1.7958272653348137 -0.9009968011297087 3.4947992870108391 1 CAMERA 247 246
247 254 0.083511251395327238 0.86132586600639927 -0.015764786102152966 0.50089429519397244 -1.8301945041071641 0.066499869866173206 3.2974125442947217 1 CAMERA 254 247
248 243 0.57852511679900886 -0.69743361043385421 -0.040199674189095549 -0.4210451691505111 -2.2580716344836889 -1.0153395637161218 3.0165295669508976 1 CAMERA 243 248
249 249 -0.49286910272168005 0.77508723590350703 -0.035519844809530354 0.39377425632777768 -1.9683652741561966 -0.73312204724422991 3.4306533507734556 1 CAMERA 249 249
250 248 0.53652751815795774 -0.75776733316288747 0.028302857280597449 -0.37030506250957762 -1.8712566327095912 -0.96879605584184736 3.4106173546523624 1 CAMERA 248 250
251 251 -0.42029217929326679 0.81012306804857681 -0.074999513475342588 0.40178373737489603 -2.1045307886098299 -0.39718038440499948 3.6946207951866894 1 CAMERA 251 251
252 253 -0.28898543352039213 0.83797880931577251 -0.13383658591513445 0.44313282728921372 -2.2194250361664349 -0.31932053966197632 3.5552399523747806 1 CAMERA 253 252
253 250 -0.39753556658246414 0.80551394451081304 -0.057788071153546956 0.43562977094425342 -2.1833444297302629 -0.57296996258155253 3.4770345735235653 1 CAMERA 250 253
254 255 0.058003759696440171 0.86314977651710811 0.0075543355945943292 0.50154856113168977 -2.1828687180915192 -0.071419899989290728 3.0555875118341027 1 CAMERA 255 254
255 252 -0.29232568256090918 0.82645738680863157 -0.13409108606058301 0.46209681209010744 -2.3180661183275535 -0.18397158979641487 3.4590411768952181 1 CAMERA 252 255
256 256 0.074846136355453355 0.89437008260006412 0.025430085700783783 0.44028799888694015 -2.1983734693485149 0.044568944696343003 3.3204936415568334 1 CAMERA 256 256
257 260 0.44221320312127799 0.78027526136197123 0.045823762296074058 0.43990701551664296 -2.2126135211359808 0.32257952025991588 3.6079904868316368 1 CAMERA 260 257
258 257 0.3688785162065652 0.80213004941774158 0.080905611421607709 0.46256924470054239 -2.0571451549227504 -0.072812951861912847 3.4920591053495249 1 CAMERA 257 258
259 258 0.39885693826366214 0.78595163223839803 0.075936186423362279 0.46629054265791364 -2.2609398837802988 0.16729708160446011 3.611325972489722 1 CAMERA 258 259
260 261 0.40220412729368815 0.82814194813718112 0.10109885860167468 0.37708324613129623 -2.0398929443432641 0.23766853679202027 4.1515072577991843 1 CAMERA 261 260
261 259 0.41372762042724709 0.78889176670859429 0.064946498940112271 0.44973457593387545 -2.3411931892899727 0.30512567359014414 3.7101902869899557 1 CAMERA 259 261
262 262 0.30506270971423127 0.77840452537741678 0.012745718509547989 0.54850768880066281 -2.08330116822111 -0.14491510661034965 2.8570800922284545 1 CAMERA 262 262
263 263 0.47144672300679991 0.76702013958486503 0.031297576336751884 0.43409509851276745 -2.2245843268203167 0.44639336079276126 3.5281675523838585 1 CAMERA 263 263
264 264 0.54091806360544692 0.74424851360555044 -0.0066703486634745726 0.39173626958704022 -2.254673509770508 0.74704560555126687 3.5407072656697265 1 CAMERA 264 264
265 267 0.58698897966329999 0.72676633278408009 0.0046341476718953336 0.35669757492976201 -2.1309132746574906 0.91961442495930024 3.9427623614050176 1 CAMERA 267 265
266 265 0.43520577807482552 0.81392928062608827 0.070156069530226045 0.37840875092663284 -2.1093095170826124 0.1497421469178023 4.2589903285390447 1 CAMERA 265 266
267 266 0.41645323054452349 0.82182911631898492 0.089998571188570617 0.37823784517602416 -1.9824642234066348 0.056754926164253088 4.2753486605677562 1 CAMERA 266 267
268 268 0.61861307886930106 0.71034872864512888 0.010924601175296521 0.33556399606223236 -2.0205838243842766 1.2058092092742447 4.0605843087372717 1 CAMERA 268 268
269 269 0.58440449650654125 0.71793709164206976 0.011216027982351202 0.37803692627012175 -2.1014663163926159 0.88205372745587796 3.9511685880987426 1 CAMERA 269 269
270 270 0.51640622032168881 0.77301874767606327 0.056927000641383764 0.36404113497292356 -2.0178790632399854 0.4621933257324406 4.2618386580340442 1 CAMERA 270 270
271 272 0.49262341305605017 0.78903376909860568 0.04919066294804144 0.36376938135278636 -2.1966065696196329 0.37854052585348547 4.2484498162040314 1 CAMERA 272 271
272 275 0.75323065055812566 0.61878431314884519 0.038331507360248963 0.21972768693131517 -1.8012971313648403 0.70067244915433535 2.9756404327776194 1 CAMERA 275 272
273 273 0.47379766472344614 0.79952254871893746 0.063512844598378401 0.36365586144541334 -2.1173983800211453 0.34822123647956421 4.3129822294959128 1 CAMERA 273 273
274 278 0.86833341593992774 0.456304077718581 0.0853735309292213 0.17462825554923533 -1.7881009235786056 0.73729844543917789 2.6777313849900537 1 CAMERA 278 274
275 271 0.51737584206483112 0.76461736481011433 0.060316640446414944 0.37953185158007691 -2.1357883021561102 0.49702305032550281 4.0783060830376145 1 CAMERA 271 275
276 279 0.84636298710543534 0.4942692278276361 0.086643389732558224 0.17849523101833636 -1.728548915965803 0.74885472943805742 2.6904474239156508 1 CAMERA 279 276
277 274 0.45750700505442993 0.80460064078350013 0.070583997544512125 0.37191806687433615 -2.1025263162779351 0.2715469928664217 4.3176277756723156 1 CAMERA 274 277
278 276 0.72263705617399598 0.62743171955199828 0.058415100439702196 0.28409997955794242 -1.905700824227526 0.56022552807957149 3.1339774249776955 1 CAMERA 276 278
279 277 0.65336049897061899 0.6886898149502102 0.063482995427756303 0.30789008827863962 -2.0202003556562378 0.60700143546200491 3.5337991430441216 1 CAMERA 277 279
280 280 0.77380520673695319 0.59331547094319503 0.048031043381448889 0.216553163998879 -1.829799113221958 0.85470497882617025 2.975615276606594 1 CAMERA 280 280
281 281 0.82904893558834014 0.52649209389657148 0.063626671241169191 0.17730082958354232 -1.8309736657271758 1.0632849663181823 2.892346981322218 1 CAMERA 281 281
282 282 0.8172553158288669 0.54391420722809891 0.056753612439423826 0.1817418812491039 -1.8656285945664919 0.98039985006117913 2.9096363206872957 1 CAMERA 282 282
283 283 0.81402370638481558 0.54793480326449673 0.059391060347633015 0.1833181899479937 -1.8485882147308619 0.95628307200466134 2.9179952073444713 1 CAMERA 283 283
284 285 0.80381315458922054 0.5628820780379169 0.066191528076211745 0.18073975861436348 -1.7827102410399276 0.91361859264417677 2.9697076384109944 1 CAMERA 285 284
285 284 0.80991675894351878 0.55281561343880037 0.058696541273468635 0.18704132474734264 -1.8501226962991018 0.91234730601887559 2.9256887455747647 1 CAMERA 284 285
286 289 0.94190453425709386 0.30156313288969916 0.099655397717265073 0.10929010446280384 -1.5619606475654313 0.82851004966864306 2.6073289120449386 1 CAMERA 289 286
287 287 0.77065103851061578 0.59383351097461134 0.025286054124812298 0.2298246147671579 -2.0455060382309371 0.67045562011699311 2.7556409226868199 1 CAMERA 287 287
288 286 0.79049729127150037 0.57920357785455712 0.055401588083000761 0.19122738279540985 -1.7967394225739655 0.80525614468529838 2.9070042833812471 1 CAMERA 286 288
289 291 0.94762504231163258 0.28595687986092028 0.105256657851233 0.095689487521212563 -1.8542468119846729 0.92668268062163761 2.6869359619445849 1 CAMERA 291 289
290 290 0.94948731935076691 0.28344876762236598 0.092695391564768456 0.097663662168234772 -1.8951481005396269 0.94588953724416047 2.6343692801124559 1 CAMERA 290 290
291 288 0.77055032634649223 0.59709873267942182 0.040266160960097046 0.21932609120092936 -1.9206979727873139 0.7765321961713697 2.9591599438158607 1 CAMERA 288 291
292 292 0.94498524657697713 0.29086912302268658 0.11690090014268179 0.093446329888840149 -1.8141160214469516 0.86184176474373142 2.7755976684716841 1 CAMERA 292 292
293 294 0.93577047398229185 0.32136107413528986 0.082586768540794359 0.11933191406978699 -1.8993818424767193 0.91020238406259679 2.680895730403535 1 CAMERA 294 293
294 295 0.93010434206020975 0.32804610053577987 0.10305833869011681 0.12911486215942222 -1.8365090002063122 1.0269601448398309 2.7013161361452478 1 CAMERA 295 294
295 297 0.88696326325492381 0.42007552309388591 0.12041761584076162 0.14944002920503521 -1.635789291372675 0.82895117620374237 2.769723617667708 1 CAMERA 297 295
296 298 0.87962074150685676 0.4353140036318805 0.10439659977277795 0.16084284040265176 -1.7229308037612034 0.74539764101807249 2.7386971649905623 1 CAMERA 298 296
297 293 0.94273042016289321 0.29766736660345333 0.11245710144855214 0.10003446452423455 -1.7995357450402441 0.82377041422572583 2.7818935631287096 1 CAMERA 293 297
298 301 0.95683573099358132 0.24683710339799403 0.082769552876666735 0.12917441463642737 -1.5428933792446713 0.65456117567012495 2.4201824858759799 1 CAMERA 301 298
299 296 0.91920283863105945 0.35685236732317405 0.11293707600137362 0.12234274090729298 -1.7318004781614478 1.0009565503532631 2.8248810707957079 1 CAMERA 296 299
300 299 0.9674617514432502 0.21654657376231581 0.1234158711081373 0.043518543688642573 -1.5429774722909009 0.97351958013036377 3.1534922631551661 1 CAMERA 299 300
301 300 0.96591908574611141 0.22216127083383957 0.12792748771594409 0.035766568462416923 -1.5803880783830153 1.0110942907164415 3.1647984054698415 1 CAMERA 300 301
302 303 0.96585247001992125 0.2241435443180152 0.12185288275675817 0.045172476806601768 -1.7131406260488271 0.98667769487750812 3.1031150369635525 1 CAMERA 303 302
303 302 0.94896487985939781 0.28047504548196828 0.10885713459837378 0.094601955066258001 -1.8428776825142101 0.89395377825252842 2.7623069532378914 1 CAMERA 302 303
304 304 0.96431818927941237 0.21972665135880443 0.13780787070118766 0.053100087385301184 -1.718811973767393 0.97113814908120877 3.1210220585256181 1 CAMERA 304 304
305 305 0.96416930495586739 0.21841431786400362 0.13957579620824218 0.056491895398871922 -1.6897241190514005 0.94720365647346205 3.1296212002812669 1 CAMERA 305 305
306 306 0.96554811620739733 0.21307343088039399 0.1312715910328682 0.07130440189009199 -1.682320342394098 0.87852490345389411 3.0575444343916378 1 CAMERA 306 306
307 308 0.97994950323369168 0.16113287625739506 0.087726712804033991 0.077712233024527566 -1.7420407073384576 0.8676550947222792 2.7948718681824034 1 CAMERA 308 307
308 307 0.97789517259985959 0.1611907202757695 0.095714077658662564 0.092614245344984553 -1.6996144785781735 0.89166693305984834 2.7920492033201927 1 CAMERA 307 308
309 309 0.9794039256198479 0.16187965121715148 0.092547998292295625 0.077445445407293687 -1.7213666640595171 0.77221469231048989 2.8209617573487193 1 CAMERA 309 309
310 310 0.97964255326013383 0.14256868623593569 0.12481435639896359 0.066302443270499098 -1.7420230152169403 0.71277498866551747 2.9073632479031635 1 CAMERA 310 310
311 313 0.98470377060777403 0.080012740229267118 0.15476248766071241 -0.0022400814503260582 -1.6641667883566735 0.8823414438880256 3.0061779462654679 1 CAMERA 313 311
312 314 0.98368198395490447 0.10640988940883596 0.14451004710875504 0.012788125866121942 -1.7317359356517734 0.45780729796933795 3.0521675982386127 1 CAMERA 314 312
313 311 0.98189420385767046 0.025124320713821511 0.1074188944731575 0.15399260387935998 -2.1271895371474177 -0.20919686880347974 3.3667794520033842 1 CAMERA 311 313
314 312 0.98232398547816524 0.021487352285448052 0.14244047133889379 0.11953490440372752 -2.1238135260463431 0.1858919389988084 3.427527259538826 1 CAMERA 312 314
315 315 0.98253387222663047 0.12096428293246377 0.14123943871731709 0.0068009655781805477 -1.8022167959687054 0.45559577886504621 3.0337986716635683 1 CAMERA 315 315
316 316 0.98277976420239388 0.12985560106023092 0.1295281749979208 0.02244793596928614 -1.7871854558136067 0.52933375467365573 3.0425054177614554 1 CAMERA 316 316
317 321 0.99428411152991425 0.0155788520324551 0.10416119034219626 -0.017517173145710992 -1.6189270888877421 0.11713193796732564 3.0448823268444341 1 CAMERA 321 317
318 320 0.98714426839060931 0.015470305775320169 0.15889439721961657 0.0077093161176291381 -1.6428933254014546 0.0036740626958803456 3.2737998460659639 1 CAMERA 320 318
319 317 0.9891471882625219 -0.093774701491427082 0.10759678904740415 0.034886620633551538 -1.6570365667550939 0.11036046390790676 3.7108209732507755 1 CAMERA 317 319
320 318 0.98935700982691432 -0.010699497016819935 0.11826110727533685 0.084098385097132702 -1.7423995764695535 0.24564113133948426 3.6988540344538139 1 CAMERA 318 320
321 322 0.96602064093526963 -0.16054354710406887 -0.041385180472046243 -0.19828554563444786 -1.2760058885035506 0.36713487533507688 4.4069028869555869 1 CAMERA 322 321
322 319 0.98870080711540853 -0.011684477369206952 0.12317348887951232 0.084631428176517975 -1.7816487351052492 0.31545451890528686 3.6829327865395212 1 CAMERA 319 322
323 323 0.96709413436014102 -0.15876520738424993 -0.031576755233311313 -0.19627901757289637 -1.1924746331418705 0.31666027312538875 4.4985677098518488 1 CAMERA 323 323
324 325 0.96592927039599497 -0.16238044164285989 -0.034775139744887544 -0.19850422267512224 -1.310574308604751 0.36593434052492646 4.6213759903937444 1 CAMERA 325 324
325 324 0.94323287361529473 -0.2579153535270049 0.10435478144712253 -0.18138769565656063 -0.41102168621003882 0.61685420188545559 4.3826360609688502 1 CAMERA 324 325
326 326 0.96443022085076191 -0.17525037616440822 -0.039778841760831428 -0.19385380706127789 -1.3911449880287834 0.47282503734138936 4.7841269150898604 1 CAMERA 326 326
327 327 0.95545594814928714 -0.22970296844918933 0.096613768137030348 -0.15813366889483582 -1.3938165525333195 0.07001564008616 3.1843492382867971 1 CAMERA 327 327
328 329 0.94893881435607152 -0.24173275354674248 0.10950480986908678 -0.17055526695689657 -0.34104073023400006 0.39726003709304775 4.2992189784388337 1 CAMERA 329 328
329 328 0.94759687444980656 -0.24664837347590202 0.10882018500938785 -0.17141444142537171 -0.35967953393542645 0.45710030857489958 4.330592267504044 1 CAMERA 328 329
330 332 0.9460085214678321 -0.24233673330821301 0.086964806600746555 -0.19692106899122033 -1.1215582196612406 0.086832833050532562 2.9591078737293395 1 CAMERA 332 330
331 331 0.94528337148993402 -0.24285069609732116 0.090291118390577768 -0.19826850715494049 -1.0737048959207556 0.08271374658951347 2.9728721399127829 1 CAMERA 331 331
332 330 0.8767863873045012 -0.40187330063287902 0.075289427104546516 -0.25313036847092496 -1.3729346213402591 0.11882914886006546 2.8050669095328753 1 CAMERA 330 332
333 335 0.85934554361734194 -0.42674896542059559 0.079614785986592509 -0.27031841045288701 -1.3279871284087954 -0.16197312738145289 2.6319295684397903 1 CAMERA 335 333
334 333 0.9144560942799892 -0.33063548706628215 0.052956661264581199 -0.22725716348299879 -0.13693153926945248 0.081373821201416133 2.7483218346772511 1 CAMERA 333 334
335 334 0.85508643789389005 -0.40830952185843089 -0.00021877041155659107 -0.31954728950373729 -1.2630409615802956 -0.034741651709057735 2.4041288779709777 1 CAMERA 334 335
336 338 0.72723270077252178 -0.57935936676975008 -0.031754653585534927 -0.36669737528229013 -1.557864931776024 -0.38896082773572788 2.582637536246164 1 CAMERA 338 336
337 336 0.87051904389620882 -0.40471696990065764 0.0061591737259317223 -0.27993362260985116 -1.3905147367409825 -0.22084802499023362 2.2576579036682203 1 CAMERA 336 337
338 337 0.75933305969590337 -0.46404295601630619 -0.066280992786297177 -0.45131393665581526 -1.2246278696383428 0.18912123703764688 2.6585432535727405 1 CAMERA 337 338
339 339 0.65479722654876549 -0.64429254911226752 -0.0013645162495519981 -0.39512762666999873 -1.4274391952658532 -0.34662371374780354 2.8056872503402834 1 CAMERA 339 339
340 341 0.71200671844948116 -0.56393384614869113 0.025314440227258695 -0.41759337778121697 -1.480983786906688 0.11922046711741582 1.8227707857284228 1 CAMERA 341 340
341 340 0.69668622463881047 -0.57974766567209923 0.016055671294854093 -0.4222122262151401 -1.5603528405231746 0.039654416114427216 1.8616645621319385 1 CAMERA 340 341
342 343 0.71379867346230019 -0.55643176185531751 0.037226965913599794 -0.42366177685851653 -1.4133738489188878 0.28963854800987737 1.765962145272215 1 CAMERA 343 342
343 342 0.70976699411398358 -0.56231581613900405 0.027119634656869063 -0.4234338937808404 -1.4610137842015327 0.24613744951172806 1.7840028779134156 1 CAMERA 342 343
344 344 0.71829490574150545 -0.55600379162621072 0.047733121976017534 -0.41549219144227206 -1.3879675487582213 0.24583254754877021 1.8302003127438702 1 CAMERA 344 344
345 347 0.64956392866494816 -0.6486797556203675 0.039989904640555268 -0.39456569130183849 -1.3997819005732641 -0.073339650666630354 3.4652489094245427 1 CAMERA 347 345
346 345 0.72929144761214459 -0.54137112542728394 0.044080575680175517 -0.41606272584921977 -1.4920215586721675 0.11226192171134773 1.921155355110808 1 CAMERA 345 346
347 346 0.75844799060351342 -0.53891315652571903 0.059279110646488123 -0.36168389833380782 -0.11176338498815093 -0.58725893220411762 3.582209534062649 1 CAMERA 346 347
348 349 0.55938052577938646 -0.68718675959437814 0.046841130112774618 -0.46116558126850027 -1.5569067615003755 -0.24593809814285952 3.0205062866050545 1 CAMERA 349 348
349 348 0.58530121856222694 -0.67631083325074159 0.020494879730426484 -0.44677298517490421 -1.5279774218737445 -0.23649136602288157 2.8840587437382181 1 CAMERA 348 349
350 352 -0.33398906299625114 0.68871722749285635 0.053474528820498517 0.64129584523904803 -1.6477573428284087 -0.50177628768130755 1.8287414705068357 1 CAMERA 352 350
351 351 -0.33375091791521722 0.68751481303732065 0.026056434451512858 0.64440264498889366 -1.7302187408946048 -0.54555947554337869 1.7771141488135682 1 CAMERA 351 351
352 350 0.64728097745535762 -0.6069114629851754 -0.02166648924614703 -0.46066948625384091 -0.95563747211131023 -0.33417993764295251 2.2558565121719618 1 CAMERA 350 352
353 353 -0.36727954360724546 0.68061614676070636 0.068610969737305863 0.63020626182859274 -1.4573418137364269 -0.70139879924318882 1.8498812267528539 1 CAMERA 353 353
354 354 -0.37257285573351395 0.68325431212493259 0.072845083772840435 0.6237360065792158 -1.3983455374102389 -0.68793304160265834 1.8284682625300339 1 CAMERA 354 354
355 355 -0.34391359645211989 0.70924186594808969 0.10320691668312333 0.60666938781399149 -0.85674144937557029 -0.78348643444699828 1.8394359974960039 1 CAMERA 355 355
356 357 -0.12724736008675108 0.80368443255506816 0.043719870955528803 0.57964473179976606 -1.368260845030502 -0.85632234839810495 3.2206522189852826 1 CAMERA 357 356
357 356 -0.13542268987072636 0.83329590710170287 0.027475373824242904 0.535279114209536 -1.0437961718202855 -1.0752287501704012 3.294321150917908 1 CAMERA 356 357
358 358 -0.076480706560202366 0.77781722483768556 0.023169933359040329 0.62338930088508193 -1.3842581329648163 -0.45077284349748353 2.6148263863613121 1 CAMERA 358 358
359 363 0.043059574628441705 0.82800970007453223 0.043910674156408584 0.55733083739411982 -0.5987308821059194 -0.87443846730896369 3.0622911132872939 1 CAMERA 363 359
360 359 -0.077394896975682262 0.76574310666665046 0.0045248865359271296 0.6384567721596095 -0.96427104383588946 -0.57648278715096513 5097.2641796994239 1 CAMERA 359 360
361 364 0.027506200565461787 0.84824577564953529 0.053826296605238924 0.52614184666963693 -0.63459355128560546 -0.78929739679054089 3.169653259509579 1 CAMERA 364 361
362 367 0.12543126317997319 0.80314289408320927 0.021702121262512402 0.58202878608659092 -1.5664490957130686 0.13026651703934514 3.3160587017246237 1 CAMERA 367 362
363 360 -0.084638605340362383 0.78831886841827747 0.0060714820584471469 0.60938723754881752 -1.2948935228565897 -0.43256934799599173 2.638172282419462 1 CAMERA 360 363
364 361 -0.086656135119347874 0.78470944214509952 0.0049911635750928872 0.61375637995923971 -1.3295164118664757 -0.44817382191014016 2.6239852474744692 1 CAMERA 361 364
365 362 -0.085087222391747208 0.78142593821492889 0.0061537564642297543 0.61813898028837688 -1.3630509123069616 -0.44046159677789576 2.5993328179322335 1 CAMERA 362 365
366 365 0.094548640889242044 0.70850398937683756 0.039082565166648355 0.69825153393537076 -1.1178265205855473 0.0062758401343081483 3.1832989817448953 1 CAMERA 365 366
367 366 0.14336813994559142 0.79673762487463839 0.0066076482976565971 0.58703583582404562 -1.6753778149443335 0.26813599319859938 3.3409235870482168 1 CAMERA 366 367
368 372 0.085340373214603873 0.85510548343353132 -0.033245961938275906 0.51030024389206174 -0.79247551198011079 0.067803821056868052 3.4579872434647383 1 CAMERA 372 368
369 371 -0.078242683490478887 0.80302103554073101 -0.020987083206307704 0.5904192081036933 -1.3755749800442072 -0.86532852051809284 2.6406884276818716 1 CAMERA 371 369
370 368 0.085065581439473847 0.79364320698203861 0.00031176078283507981 0.60240701329818847 -1.9094826899137749 -0.10566412648890409 3.3791098380814302 1 CAMERA 368 370
371 369 -0.098691885083007955 0.8244496837118539 0.0088479775860782744 0.55719327359438109 -1.3084829986120443 -1.0080961580925889 3.2870863905412073 1 CAMERA 369 371
372 370 -0.010537186512621153 0.80273903379958644 -0.0098258825378490424 0.59615640845943874 -1.5173536752589671 -0.54159914994560776 2.6476844267852475 1 CAMERA 370 372
373 373 0.090882227669782045 0.82897523139842177 -0.034413033739215421 0.55077784044982669 -1.9820874678531542 0.083510236319910905 3.1285862077338868 1 CAMERA 373 373
374 374 0.39802538678675159 0.72158048057491742 0.050212995600194599 0.56424822250440709 -1.5570063288775258 0.25886503215667767 3.7264909223731548 1 CAMERA 374 374
375 375 0.38244581296394298 0.70826286082374568 0.035316962674136872 0.5923273016429228 -1.4759685754488805 0.056628588856871685 3.7462558813107441 1 CAMERA 375 375
376 378 0.1753099315361504 0.75008367747643978 -0.019026861413303894 0.63740009666846575 -1.590679496578165 -0.57494180705629327 2.9987284427019705 1 CAMERA 378 376
377 376 0.34342451211869768 0.74033429673593742 -0.012372043880187773 0.57776436899722916 -1.7040396970969536 0.038769268328040889 2.9966318371083278 1 CAMERA 376 377
378 377 0.30159988618419503 0.75043757127985855 -0.036907515717596137 0.58695723485516682 -1.7890854247504806 0.13849782290514609 3.0654693861500721 1 CAMERA 377 378
379 379 0.51833755560932449 0.61043109894130365 -0.025624015218482184 0.59836733010279386 -1.6196200134347702 -0.060220628392204593 3.0417650061506367 1 CAMERA 379 379
380 380 0.5228260136267987 0.62329100241215296 -0.0026099533722584284 0.58151051059336745 -1.4153764676244598 0.11030551767838565 3.1288437166561294 1 CAMERA 380 380
381 381 0.47558782774190628 0.64214115219486489 -0.0018687152140501617 0.60122164520668686 -1.5517546769824655 -0.10124914546420352 3.078485327457491 1 CAMERA 381 381
382 383 0.90978489504655868 0.35181547614761854 -0.030614978083025653 0.21812849104397761 -1.4609025436750303 0.65309911453577574 2.9474794600383318 1 CAMERA 383 382
383 382 0.41680564301336187 0.71382370296637443 0.033332063148276664 0.56179867443940334 -1.5283781229077245 -0.27424316452457403 3.3869531351566287 1 CAMERA 382 383
384 384 0.89966115596502261 0.37224184045921394 -0.0466702937188807 0.22331077077340003 -1.586241516333706 0.59544382568953647 2.9247715558739875 1 CAMERA 384 384
385 385 0.89767003522476474 0.37547512592527321 0.013594189701809978 0.23026535926474309 -1.5389516446738698 0.77689466170454546 2.8428060683547121 1 CAMERA 385 385
386 386 0.90723656637728001 0.35617830401997957 0.01552128811147448 0.22319927864752362 -1.5439008281263009 0.76245279721559678 2.7755049145853352 1 CAMERA 386 386
387 387 0.89686438326111018 0.37522027886265408 -0.040905059575990173 0.23058793652094106 -1.5928048807672954 0.63708784194724677 2.9593968206340273 1 CAMERA 387 387
388 388 0.88503668399886615 0.39521096564599534 -0.042679993655333856 0.24227418094182426 -1.666882921362512 0.7499651460210679 2.9672883337382618 1 CAMERA 388 388
389 389 0.87973910310778847 0.40525309957632066 -0.043434322094672587 0.24483156538948375 -1.676722620394457 0.77859685553852431 2.9490178586805702 1 CAMERA 389 389
390 390 0.87066892787429595 0.42275739873871909 -0.037549319008651251 0.24859977571969422 -1.6555710622336539 0.79869745305167761 2.9628785909074051 1 CAMERA 390 390
391 391 0.9230844102466701 0.31823107908232634 0.013206872124805594 0.21556838913517576 -1.605502738953811 0.79156829137555451 2.7059419415669934 1 CAMERA 391 391
392 395 0.94793404178268337 0.25416830166982418 -0.012746838577041628 0.1914602960462409 -1.2351950416580615 0.69173789231296878 3.0032759182118194 1 CAMERA 395 392
393 393 0.87473903381693174 0.41523219463027383 -0.033052973099551554 0.24763147665195423 -1.6311432821169303 0.82509490536632246 2.8944661110406136 1 CAMERA 393 393
394 396 0.91867650789964961 0.33243377521377215 -0.015706600573592015 0.21277819819907751 -1.3582519763369263 0.64968940522526886 3.0207362088122096 1 CAMERA 396 394
395 394 0.88475274691166317 0.39700999687427552 -0.023389013639173728 0.24299916307498057 -1.6219057911949053 0.82956271893903633 2.8386780493058583 1 CAMERA 394 395
396 392 0.86712484039044624 0.42918307902215247 -0.037041601578460079 0.25004862649374987 -1.6448652859881323 0.83535307004032522 2.9494846646527226 1 CAMERA 392 396
397 397 0.92879256542769961 0.30699637915509326 0.023813247011517727 0.20622929680009847 -1.6092603884666605 0.71153770340491307 2.723314206006433 1 CAMERA 397 397
398 398 0.93245246310073326 0.29733908009328358 0.03348753086681662 0.20248570513273156 -1.6391165051647656 0.67082720734077417 2.750052274061809 1 CAMERA 398 398
399 399 0.93357193755940915 0.29304722705964747 0.056168072181393032 0.19852432541542106 -1.5866761984027411 0.68129196396377267 2.8027594573379182 1 CAMERA 399 399
400 401 0.93356726393454348 0.28445181374359102 0.027478367900981751 0.21629671441159273 -1.5676359140151441 0.5971375416759046 2.6802344091013088 1 CAMERA 401 400
401 400 0.93594925386087047 0.29061963822566655 0.067972508553375957 0.18686615037460313 -1.5765684946924825 0.70292059899102044 2.7985884987441501 1 CAMERA 400 401
402 402 0.9749273621923229 0.1621724636092238 0.090116252115670967 0.12286493234547913 -1.6058216500949147 0.78018013986656309 2.7909153405498079 1 CAMERA 402 402
403 403 0.98402519023628299 0.13490733957297527 0.055403476448040077 0.10210234819660419 -0.72874190732435384 0.43469751226449999 3.670174459946574 1 CAMERA 403 403
404 404 0.98177969531855303 0.15134821993839795 0.037160388975632681 0.10872649940500911 -0.89919238005506552 0.48058591746685519 3.5661435051698334 1 CAMERA 404 404
405 406 0.9821444813564475 0.13681895789710294 0.09625829733085102 0.086064689019312759 -1.5500288917805654 0.64526158283649204 3.1587681736244027 1 CAMERA 406 405
406 405 0.97832361543760071 0.1661166861751337 0.031836554541188715 0.11947628989150758 -0.94688697187938264 0.42917654843507452 3.5622695004350793 1 CAMERA 405 406
407 408 0.99789489370328377 -0.04007048709625842 0.03928858395123639 -0.032504528236652439 -0.3314968219436481 0.2457276063855324 4.9055746360748227 1 CAMERA 408 407
408 407 0.99624175461220177 -0.055995502279099066 -0.023298477731918763 -0.06183891191707875 -0.66429242973565661 0.21162790044611354 4.7437175160411797 1 CAMERA 407 408
409 409 0.99814810328034964 -0.028471118831590453 0.034855008801654833 -0.040925391528420792 -0.54232615572133536 0.33323334030737684 4.9302305193843665 1 CAMERA 409 409
410 410 0.99840791811928686 -0.025025578580765609 0.033117376043809786 -0.038191476239890297 -0.63066807219786958 0.49774638756906348 4.9973981075223906 1 CAMERA 410 410
411 411 0.9989713010654041 -0.021334008961989427 0.028546345769649484 -0.028041145705966875 -0.69636807866033279 0.48959090035647296 4.8685949347102353 1 CAMERA 411 411
412 412 0.99855881049527573 -0.0064421082799270514 0.024771806294291827 -0.047171589289399227 -0.72185255485591282 0.49179789859506684 4.6866334194127983 1 CAMERA 412 412
413 413 0.99851804130067823 0.0013528235183627594 0.040548869233420583 -0.036272307198139613 -0.64902626982097777 0.45707563789621497 4.5763373290911264 1 CAMERA 413 413
414 414 1 4.0364276343967451e-15 -1.4508935727817862e-15 -1.1376382121898975e-14 -1.1375686561561205 0.46326172171504132 4.3913171102463142 1 CAMERA 414 414
