19 881 1 0.5333229072216652 0.36731392061111989 -0.60791495988679856 0.45944157615931019 -0.68120287210382224 -0.3647233303158266 -0.35208913045399542
18 839 1 0.50544218967695631 0.40702353525529666 -0.53538181213961666 0.54057964248845369 -0.63818866514163264 -0.30601613821344115 -0.21593591294582573
17 794 1 0.25804582021317185 0.53929688216489624 -0.66595686852736824 0.44617561208447393 -0.69190962465831696 0.38850188203570729 -0.28266573151743984
16 752 1 0.087142504896624048 0.70630808079408502 -0.6605268370429469 0.23924752118122 0.15013484388014409 0.84948847175842468 0.20795298661756742
15 707 1 0.12834494551549627 0.77414251909159648 -0.61723260643913447 0.057051245766363855 0.053484595252994677 1.3892798579888772 0.49101695271511842
14 665 1 0.094266993140805402 0.69585311886571832 -0.69613926420034666 0.14930604745837947 -0.7198809531941901 1.2652084999762094 0.56959687177565899
13 620 1 0.11125837385281699 0.61736672650102153 -0.70235389445307173 0.3364207279637258 -0.82544570340972501 0.85058502437759143 0.013448140882971684
12 578 1 0.27708764637034583 0.54663352127083276 -0.69074506123754553 0.38377791758767438 -0.7740807017364475 0.29608464139499518 -0.095439219316588622
11 533 1 0.47163002387798442 0.26071555161669763 -0.67875428724864562 0.49888389357007307 -0.56002876362098364 0.07412157327467668 -0.22619795079699292
10 491 1 0.42571804776305544 0.28361319114406625 -0.64189099349159673 0.57122994852534048 -0.24097899390445121 -0.26015825360294548 -0.29948904177342428
9 446 1 0.36708885794160134 0.31759906139129662 -0.59050545599305437 0.6447324352170698 0.66469576947075337 -0.49291848952627226 -0.025300131274692127
8 404 1 0.3819514391593154 0.22444447581997426 -0.5611416756350982 0.6991836634700922 0.37675930942253194 -0.8117470946916292 0.06581923447119023
7 359 1 0.5216152189220854 0.19669374745350443 -0.48822112585844801 0.67146799280909253 -0.055498961407192557 -0.52321654727928846 -0.095402199176989111
6 317 1 0.3588461842689078 0.35741387740265834 -0.61963416414819039 0.59961507560769012 0.10386445852275214 -0.082366936075173175 0.066190316717195927
5 272 1 0.31948190959824058 0.29493934988788661 -0.68100767349210345 0.58921187867527347 0.47733968191555692 0.11405635631966606 -0.064209870198341248
4 230 1 0.074927257808587971 0.47973550806255866 -0.67738499228222038 0.55262041273559592 0.49590116585555449 0.9418960761558024 -0.014524450614267272
3 185 1 -0.035773158683423407 0.58429651350475253 -0.69358573896534059 0.41982935596251908 0.14854543174798143 1.3562894254576563 0.38958624547203341
2 143 1 -0.081822644767710256 0.62113798929990038 -0.69558558650579128 0.35164377556994858 -0.23720723935058893 1.191185576920391 0.43594837468057113
1 98 1 0.069587962865368017 0.57237041216218776 -0.70097398547760736 0.41974408678285707 -0.044713976954269714 0.80246737958906145 0.26219067955161279
0 56 1 0.19902240217362052 0.47547841864158902 -0.65988982530817597 0.5466770301502345 0.018400095073300021 0.41308314042108324 0.11912687911013602
