19 868 1 -0.26280263171923196 0.72247842200304502 -0.5936646292838571 0.23774358969001957 -0.55870672498879348 0.90337421357960801 0.31388308396386866
18 823 1 -0.22515583702863437 0.66166720570096549 -0.6378513630447733 0.32349188029027293 -0.40847894497806986 0.87589849956574584 0.14066129394145949
17 781 1 0.033648192925717933 0.60115119477911483 -0.66225687283471601 0.44598304285214607 -0.098815949698135078 0.63410301244831291 -0.17641332963848733
15 694 1 0.30383723956094233 0.53193373191651327 -0.66809120733171057 0.4223547979973884 -0.42731045909336079 0.41614508549016976 -0.57708901202893492
14 649 1 0.22508257038943674 0.39747516260452803 -0.75109827244040817 0.4766578613181815 -0.14264712375481642 0.17833580545376151 -0.59355517020586179
13 607 1 0.34913888250752401 0.29410417518907406 -0.6733221881677538 0.5815857682051202 -0.36295952274549609 -0.17080064629725461 -0.53497230297548481
12 562 1 0.37398725981823289 0.34958995898495099 -0.62666134454363187 0.58755080573965468 -0.43962073798045442 0.12627225901838857 -0.42143727509131451
10 475 1 -0.01865420495347438 0.55313631177750422 -0.76423307702696619 0.33111938210957781 -0.58075741614123133 0.92392716496201943 -0.10143096162171913
9 433 1 0.071649420998299074 0.5632574589677809 -0.74598655349575094 0.34801071447772736 -0.24213876939122969 1.002405408508291 -0.010662164134532998
8 388 1 -0.025947412722075919 0.59570902317951679 -0.65724864692822327 0.46095738152952492 0.18165869402658683 0.75463184830712737 0.20709178650002738
7 346 1 0.13850964974406063 0.45013427623967855 -0.7084359038613377 0.52565462083208969 0.56199054221125233 0.24731907441297074 0.32007443716420664
6 301 1 0.20488268466062226 0.34775220233119458 -0.73990641067381813 0.53817282980827574 0.52195097361145926 0.0062378783925151607 0.05759146696407997
5 259 1 0.07210798472631931 0.43564985636771109 -0.72929653132290506 0.52262434940010283 0.41874700168914236 0.4500482066353626 0.047664959566742389
4 214 1 -0.10214642202621911 0.60382338254098256 -0.66160299544158396 0.43271804629196065 -0.21362530684095551 0.71845915446077024 0.06270327764466925
3 172 1 -0.075370595967840709 0.60230662549365077 -0.69404635235453715 0.38709903504563953 -0.33995517182430574 0.7048800915109491 0.022257264727176252
2 127 1 0.044646480574523813 0.55307883327949781 -0.70050006634657513 0.44878742517916209 -0.17824394104279148 0.52099298014238993 0.04128257028773042
1 85 1 0.17178069068559587 0.46786480937303987 -0.6944947705118103 0.51891321836088988 -0.037368562307321287 0.34500888140293479 0.061474830982841962
0 40 1 0.25073835296934266 0.46844978201323351 -0.65023111030818392 0.54303276445290272 0.028933383994161302 0.13949067655227859 0.056785571741118944
