19 881 1 -0.21494748610650183 0.69162568442376493 -0.64544307144839441 0.24259994307731564 -0.25309505132159849 -0.34251303431279462 -0.59288977531354714
18 839 1 -0.44476401066650323 0.72186791127623784 -0.51129429065633758 0.14024921328749365 0.40486843115824644 0.31915983222140615 -0.68534227543846582
17 794 1 -0.4124188674068236 0.68109378403330556 -0.58089015127173371 0.16908154042818574 0.56291677604188617 0.093538322260379031 -0.50912273256534035
16 752 1 -0.16188116831102528 0.50378232615810936 -0.69087088459419055 0.49264112294551959 0.68614679317691307 -0.81855670624646104 -0.12351525462038083
15 707 1 0.21031945972045371 0.29514327744400959 -0.7203698954022606 0.5913741492833795 -0.42897052941809188 -0.96386447868443992 0.43824922649710374
14 665 1 0.039792946656637108 0.41789823673555948 -0.72098518293638969 0.55132381693145915 -0.39364925887755381 -0.92468266314252767 0.021998683736896854
13 620 1 -0.081347414896037737 0.60725118177776194 -0.60059820285405685 0.51372210293866138 -0.31674578065977821 -0.62799193518354601 -0.39987615569745344
12 578 1 -0.13489883339212791 0.63977536341676267 -0.65076991121847516 0.38599004102060741 -0.41516394436398901 -0.48848118076850999 -0.50787549229562456
11 533 1 -0.43458434947613456 0.70655494908995431 -0.55619934408003302 0.050584945901306536 -0.4749081332821895 0.21444250196923542 -0.77065084907829706
10 491 1 -0.58983177492368233 0.65686924066151042 -0.43677354129398582 -0.17277196412803811 -0.77060298850398778 0.74709448256278133 -0.35323173322683354
9 446 1 -0.47345465634310707 0.63051722137651645 -0.55275399458024288 -0.26972531103004055 -0.9629502977728297 0.8738065100464556 -0.26270622350003359
8 404 1 -0.44283274363970138 0.61473951445180242 -0.56601502936977355 -0.32499458004654663 -0.8331228065627273 0.93691382811484814 -0.03904098977425189
7 359 1 -0.47229509823382587 0.64689663837131162 -0.51805876774273363 -0.30012862678038166 -0.34575816523065717 0.92220048093883289 0.15888639343911115
6 317 1 -0.56918513483734257 0.63449138607638245 -0.42602741407473338 -0.30323193389196823 0.025844228247039736 1.0549645368240381 0.44826696988794595
5 272 1 -0.73008601531499207 0.64147661626318075 -0.070312872700362586 -0.22480716394643632 -0.51026109634903671 1.0293540874317451 0.53738441636722889
4 230 1 -0.6800405086245378 0.64469439275304974 -0.16547529700569338 -0.30746052212167679 -0.255750262330597 0.86666428261187844 0.40779606790901973
3 185 1 -0.55186550463458905 0.67190420965789388 -0.49364991486011012 -0.017290442360375843 0.20530627428805304 0.30838312209202867 -0.01654514602201616
2 143 1 -0.30971172022840165 0.65259114032396948 -0.66827042072503129 0.17781478765225039 0.28295949967538409 -0.31820446640588795 -0.16472031759127365
1 98 1 -0.15110098108169551 0.66551653412689149 -0.69740556583509294 0.21881890471829224 -0.18793477914235732 -0.37181544762589241 -0.23113549484185633
0 56 1 -0.15838387159043632 0.70771267533011195 -0.67207834956579915 0.14955938767603758 -0.12933673265916812 -0.042363524583122571 -0.079153572897949234
