19 881 1 -0.22021459823005946 0.68715427169239662 -0.65211826058142808 0.23252163735342654 -0.58676739038941095 1.0047326707641866 0.28723744481192942
18 839 1 -0.3047837187728849 0.68270908243669626 -0.60834885197407174 0.26632098646416208 -0.49160956775695619 0.8708229199417481 0.23598658987166357
17 794 1 -0.061097070166833849 0.61620811195104996 -0.66308835909905339 0.420557414403879 -0.1587433943140947 0.69017193573435731 -0.078917990644553557
16 752 1 0.14529781603360706 0.56499515581929349 -0.68808206297379981 0.431522992632277 -0.23805093015296677 0.6518560497932655 -0.39650176472574344
15 707 1 0.36322501156417003 0.4749483406705679 -0.68270139663814466 0.4200124613589572 -0.51544363674134841 0.46174218533291395 -0.56904911116746204
14 665 1 0.18417884650994509 0.42976344966656455 -0.77826925269969549 0.41914019150066961 -0.12416204571177228 0.4240710108775736 -0.50536981743309539
13 620 1 0.3135625218789026 0.31726482504104508 -0.68983999941685614 0.57021254885276751 -0.27970954307923451 -0.20125040290779178 -0.56790056783750475
12 578 1 0.38431424245772811 0.32804730043521457 -0.63797926890903922 0.58109378258900557 -0.4328360479325688 0.04506919774915371 -0.4441676338753095
11 533 1 0.30383292108525978 0.42348774140205642 -0.70753423085231748 0.47722007619043327 -0.49574025313633113 0.48674172164958873 -0.41495694564759167
10 491 1 0.078806814819890492 0.55293502492149016 -0.73210986839120795 0.38995831156320127 -0.6388615508752532 0.84286797205670272 -0.28556809347718404
9 446 1 0.1246616922331832 0.59358905691426656 -0.72011531481243296 0.33696502396210382 -0.39070748858137266 0.99853422241127832 -0.051448045237324179
8 404 1 -0.037175932476665119 0.64056224138005791 -0.64972928672768349 0.40761479233583087 -0.10009260651876425 0.85303544540259835 0.12403028891772304
7 359 1 0.075392603744594222 0.49911167764600695 -0.7064881197937023 0.49606252139055851 0.50583347013278157 0.40757869925678364 0.35562903122733452
6 317 1 0.20731386003334404 0.33924020704270458 -0.71374523065347462 0.57663228411450973 0.52946710962164156 0.01039842970538579 0.18245830956085632
5 272 1 0.16519314833254409 0.37176424432361699 -0.74718319130261124 0.52556621754191701 0.50334706665126872 0.25291092070126442 0.005020646772004889
4 230 1 -0.049372831155460026 0.5288277714196199 -0.68218822080462305 0.50251641079120568 0.050429433190211974 0.66184203416358511 0.024167255287856501
3 185 1 -0.12302740066340993 0.60536816082914102 -0.6805223242242403 0.39405965890050976 -0.36653256459356692 0.74736400490631905 0.02852307756911111
2 143 1 -0.0062404749665418173 0.54317196982616922 -0.72130230087749236 0.42970717752463317 -0.19180226417339713 0.60832870641661685 0.0086942177670221339
1 98 1 0.14916243719873243 0.47161874510269652 -0.70934651108061064 0.50214923460506955 -0.057039462853726915 0.40525639646899025 0.050929068555119694
0 56 1 0.21959321527904224 0.4645219304174229 -0.65951826854355244 0.54866551688801957 0.016541164785880028 0.21146044487742463 0.075719161894682016
