19 883 1 0.28207014514535528 0.35492184895189316 -0.63515223238249763 0.62533875304012432 -0.37130903824334793 -0.36410033853149648 -0.62304032553536481
18 838 1 0.016771244393259645 0.43667282089207304 -0.67918901258477971 0.58969302017216818 0.37620307481435894 0.29001228136345053 -0.75863679726614131
17 796 1 0.064909499743011523 0.40585936717058291 -0.70489044177587956 0.57809549039584385 0.50426076206191484 0.091373647090277926 -0.57680074327920816
16 751 1 0.36158566254620383 0.033479759208487288 -0.60172347803871218 0.71138159263601985 0.61429005572163742 -0.87443954472915264 -0.15100352095739483
15 709 1 -0.64417810380458451 0.19884360813631732 0.37519509401358631 -0.63617955917350644 -0.51856148467706065 -0.95183034768691144 0.45880090557308278
14 664 1 -0.51682930352497092 0.060696729493484057 0.50628034632464813 -0.68766531755795457 -0.48537960731456931 -0.94836652590755144 -0.016908246392702799
13 622 1 0.36444086557084748 0.088387763840287292 -0.48168577896986786 0.79205382963752957 -0.41518281464600709 -0.68228803814448857 -0.40129284229188461
12 577 1 0.33978951619799791 0.20830188687151216 -0.57301563129673161 0.71610508649031845 -0.50877272959771691 -0.53618415985469892 -0.54691954607719417
11 535 1 0.084325145492431253 0.47643231826229515 -0.70160583478330751 0.52311640057535336 -0.55769568383315726 0.11825843524119453 -0.83245299155610808
10 490 1 -0.13012364817173003 0.59659386285184468 -0.72480858581747465 0.31905503117685974 -0.8431202269555288 0.72331878365693425 -0.46629255938639352
9 448 1 0.023654801981932601 0.64130862827292878 -0.73385567328295431 0.22275444874639855 -1.0824875875538942 0.84651650243369791 -0.33955053114209455
8 403 1 0.050330065167800211 0.66698210007050285 -0.71965376209102949 0.18627996519748036 -0.92504625850077138 0.93959894750175998 -0.1274254576113496
7 361 1 0.006530510758648308 0.67563880488012651 -0.70267000790807688 0.22298972567328959 -0.44552616822267305 0.89551002204424301 0.064411674437444846
6 316 1 -0.1338913094766985 0.66657065404727567 -0.703327509867405 0.20757431024410911 -0.0076858617285305419 1.0566411092165866 0.37726755128378914
5 274 1 -0.4824590061231373 0.62078182645844204 -0.56338778327074002 0.25388469235240818 -0.49896326493691051 1.0612695131675112 0.49513609530555924
4 229 1 -0.37135307958984726 0.67531698128787965 -0.59922374151344826 0.21673664357922154 -0.23599596419310984 0.88379124498969097 0.30378317393679344
3 187 1 -0.075299155036084017 0.51273157943255165 -0.73749924043730131 0.43304876752838861 0.1676560783155798 0.3109130961423372 -0.095138373036185275
2 142 1 0.22534276379212595 0.34887581460054551 -0.70159963582693141 0.57902008238130165 0.22397671176036271 -0.37065369966289052 -0.2084844519488934
1 100 1 0.35827284642302581 0.334580428726587 -0.61686932977556952 0.61576678557008602 -0.25787104252931958 -0.4441174984593651 -0.26069368972602769
0 55 1 0.34655282547579513 0.41102646141591487 -0.60082074769827998 0.5915850034491531 -0.19476929764374298 -0.10427623458158872 -0.089680840340563742
