12 1610 1 0.62212641396084145 0.66116731902745085 -0.25885419648873453 0.32986513344463742 0.099780526930502295 -0.21948908613102464 -0.15211041048546206
11 1482 1 0.87560954120856216 -0.36467847724608438 -0.11523474492382146 0.29502286884299378 -0.10936978837994976 -0.14539209843981588 0.32118654015430298
10 1354 1 0.69977942088776846 0.50988232912058917 -0.27207707360840477 0.41988431569806151 0.086752341619811338 -0.19578248074014568 -0.10545065020976291
9 1226 1 0.82260019997715417 0.45855132038268676 -0.25805445829229395 0.21556320216658381 -0.015942006881657752 -0.23622195151227551 -0.031223203769424432
8 1098 1 0.90877564299680702 0.30037742024001873 -0.16955701220670352 0.23484176740355858 -0.020416774804553079 -0.27432291593263969 0.015096112818470788
7 970 1 0.8060208879572075 0.36531194482676577 -0.31447768164976048 0.34348405914649455 0.022751897800940606 -0.19010194478371328 0.06972457801918909
6 842 1 0.952494445728017 -0.16028314786248016 -0.10013563067224845 0.23882315389937236 -0.069739213855887369 -0.14375247322815432 0.16199453573931624
5 714 1 0.93227603403666248 0.085811342883632249 -0.25191691758877727 0.24502178765560551 -0.090048641189678799 -0.23802898825061011 0.1102743309906216
4 586 1 0.76390106878237696 0.39043864463298605 -0.25240276896347807 0.44755520789045472 0.089271334918736817 -0.22933594463875462 -0.0068583753373442635
3 458 1 0.8615620357699515 0.28035275878614624 -0.28219242108524012 0.31540549558145647 0.0009107618133085048 -0.24414460127306653 0.039015747517833647
2 330 1 0.84322742345639212 0.40821568388333973 -0.22764725878498737 0.26552625732765595 -0.013144595904605547 -0.24315997353590249 -0.03139195166719301
1 202 1 0.87162265741579603 0.26497496502518364 -0.308066692764839 0.27414799615948837 -0.055513163424624166 -0.26700635617567092 0.01327403240054994
0 74 1 0.90955506597509528 0.21624763839539582 -0.24431198002418697 0.25740667680562518 -0.052295447501783013 -0.27960806910821673 0.044227899011181078
