12 1610 1 0.52478253814012998 0.34262385480572455 -0.52962612028603406 0.57158407473619544 0.053842841651249237 -0.59878762916933637 -0.11155615174387994
11 1482 1 0.49312573376766472 0.33305780741612157 -0.52694643715250677 0.60681707292028897 -0.0085885066406999836 -0.63229583572074066 -0.098481303931729922
10 1354 1 0.54284361879281351 0.43804567618132489 -0.50519304869221537 0.50815034651944646 0.23454653146704926 -0.47075151907577428 -0.095537377136190038
9 1226 1 0.54786704944957532 0.32232323417176467 -0.50362526478761926 0.58507351803689711 0.039578511049336428 -0.41956413006354976 -0.042621840329464346
8 1098 1 0.54297631249962486 0.27350119792162686 -0.52784253560739403 0.59309027677352932 -0.0051787478313278157 -0.33677068353829498 -0.068733978769340717
7 970 1 0.46582569029975535 0.47426070581700974 -0.5920433539931258 0.45559617663812518 0.262239034546498 -0.17963215661706247 -0.077063005835385195
6 842 1 0.18187253987081325 0.66308132657119356 -0.61131199319211382 0.39184586328428994 0.33288446487014717 -0.20873053322371318 -0.25173963840666069
5 714 1 0.46092725457170181 0.35570748456290102 -0.5846241593607675 0.56500694129421403 -0.053396907441257746 -0.30310564580052884 0.00728007280189102
4 586 1 0.53300830547902378 0.40639756139846478 -0.48915433778499129 0.55809605105742099 0.075282096563621295 -0.001862390262569513 0.043659686225852812
3 458 1 0.21418727397297682 0.58686725103278115 -0.56341665124234297 0.54062215866177354 0.23672985897582061 0.29290564345476539 0.23065781600988428
2 330 1 0.18940489031374566 0.60367792685958943 -0.58875542588451613 0.50305645472380878 0.2412009202316571 0.44058195156406138 0.27182082248781408
1 202 1 0.24133263976364083 0.54640710530337355 -0.61766186723473371 0.51155806124310321 0.12963552718540336 0.19140600418685369 0.13900775657883979
0 74 1 0.35098074923665862 0.44741714108936148 -0.60420406992999331 0.55818263803591039 0.024317160905181934 0.079255714991138371 0.027664736294145845
