19 881 1 0.27808177799235906 0.34126147517237559 -0.62350757158415004 0.6461032723094805 -0.31159724420352086 -0.39453183480494808 -0.63216009783159477
18 839 1 0.023482165105896818 0.43392900595917533 -0.67770217507727315 0.59318965567915494 0.37225606131706795 0.25491567357116102 -0.75739240655546369
17 794 1 0.090844110655863675 0.38436150865975482 -0.70841583957138987 0.5849449345573523 0.52209649125560231 0.045070048734220679 -0.57757862741047949
16 752 1 0.34852757458145278 0.040160329682216007 -0.61585715645252637 0.70543294544725799 0.6277027442471218 -0.85333444876066111 -0.16635377378951766
15 707 1 -0.64180743266840889 0.1830102373023085 0.38820309997197167 -0.63552248236100195 -0.51628500892577345 -0.95754698827421159 0.42783180192093506
14 665 1 -0.51606277832555858 0.068834447017592698 0.50421038919436678 -0.68899412998889387 -0.47671225961565461 -0.94514706576628882 -0.0049199243034444302
13 620 1 0.34549573526234995 0.096257392952097828 -0.49887739153010574 0.78897944170790113 -0.38198222170072627 -0.68429776281645938 -0.42415995746165763
12 578 1 0.34053924101569266 0.20682156678668781 -0.57201096115860539 0.71698070068500752 -0.48149209146796573 -0.54150665602069337 -0.53776083687148801
11 533 1 0.056014348248590695 0.48145207231425202 -0.70710546715073497 0.51484769901412486 -0.50889692659575592 0.173443233682327 -0.83811813505834754
10 491 1 -0.14097403924997712 0.59605010824540805 -0.72367693298725622 0.31802874929845859 -0.86764252413944132 0.71902306365477409 -0.47283132379464049
9 446 1 0.023688414569968817 0.64381350874778698 -0.73159339046688654 0.22296667014195204 -1.1209139800550756 0.86648922492487213 -0.32824883747985711
8 404 1 0.0487263986866667 0.66811331515129901 -0.72173994005836328 0.17418896380976392 -0.96463331092387294 0.94153578910121771 -0.087808703434949745
7 359 1 0.0044633127430566662 0.67517794330055647 -0.70591457100056476 0.21400804229952869 -0.40583474984283768 0.90841448010415482 0.093970316605494514
6 317 1 -0.13027710571407908 0.66896011458517723 -0.70218678869606777 0.20604357452163685 -0.011557351941353764 1.046771804698752 0.37435346656493096
5 272 1 -0.48846362573282087 0.62103622370287026 -0.55078000235097468 0.2689956954954586 -0.49130459839096668 1.0439113973850724 0.45711240585405871
4 230 1 -0.38766064379434023 0.68020972075328312 -0.58638157260912993 0.20782351250554429 -0.26321167017236485 0.87660348653877762 0.32263567661511394
3 185 1 -0.071901249376724874 0.50259167795006787 -0.7400666847832772 0.44105908636745123 0.18097239279715521 0.28179258304059041 -0.096375565855168682
2 143 1 0.22388857722229755 0.35473370303721813 -0.70363947042273578 0.57352367046364361 0.2304523007534762 -0.36452364219478239 -0.21711867796327475
1 98 1 0.36107866214357831 0.33769494224608854 -0.61694939952846917 0.61233794929554719 -0.2575706462460215 -0.42169954916856478 -0.25961709306726372
0 56 1 0.33970318923210985 0.41555383744295682 -0.60315832443888817 0.59001422616072496 -0.19706842108420042 -0.099321316394143988 -0.10570381993520604
