18 852 1 -0.60549982307197836 0.7125568400660478 -0.20441685140252608 -0.28956254039079221 -0.51713238577551457 0.87814075446133699 0.1319216270421712
17 809 1 -0.5436336002971226 0.75595174125303555 -0.34706861337751932 -0.11199487101067657 -0.27592886601149014 0.71514560329264276 -0.1256921276239551
16 765 1 -0.37570915689259182 0.73136201606786488 -0.56765798949917423 -0.041432328415881708 -0.15907217335353016 0.54449600912744445 -0.40503294728582334
15 722 1 -0.29445680542190233 0.64981816117213398 -0.69632246815350307 -0.078527495160664873 -0.52591736165004765 0.45537201188005966 -0.65953668163812906
14 678 1 -0.3295641171625191 0.62094421593465721 -0.71042662750198027 -0.033313365371059188 -0.30836437116519183 0.40572376575627561 -0.62918787131700848
13 635 1 -0.28393356319548574 0.64818362825970488 -0.69025033972248162 0.15097742963833555 -0.23750533067994442 -0.17533825421035013 -0.70436448737996682
12 591 1 -0.14815170165287672 0.64088085357590407 -0.7206049256602447 0.21920617220181321 -0.50991515359622108 -0.17458052893061377 -0.50412463032952282
11 548 1 -0.18322729784360239 0.63968537747935217 -0.73413889400577459 0.13516826355327857 -0.53968953600558933 0.2382656167870274 -0.47532713197735882
10 504 1 -0.38623820482521343 0.66624355699243865 -0.63385056186431488 -0.071923828622732666 -0.66110110967857583 0.72542006041643237 -0.40247640375226895
9 461 1 -0.37439506412469431 0.70872011263435108 -0.59692416212967947 -0.035009749676324843 -0.5747662100272477 0.82827541851566944 -0.42238788442933545
8 417 1 -0.4541743016660289 0.74227384970366339 -0.48286296716454141 -0.097972397609394551 -0.23691713796241515 0.85457991050912985 -0.1353392861405853
7 374 1 -0.47880692188695428 0.70642524033283571 -0.52078762792484146 0.022080714985078815 0.38128061142381914 0.53108084031097524 0.21951163599735413
6 330 1 -0.34825510850383778 0.67763664087501307 -0.630863564883554 0.14675873005386331 0.5184670931475317 0.0272806929424508 0.18952045219527941
5 287 1 -0.36670414169524573 0.62451163357786676 -0.67760993166848904 0.12789868057835105 0.47309415087908652 0.031403653320858919 -0.075715129979147797
4 243 1 -0.45207754271902589 0.72569937039212185 -0.51403984163586036 0.06891560340434412 0.22499040429962491 0.5151814344778376 -0.06703095507810107
3 200 1 -0.52025503376467541 0.7445119699287075 -0.40188705420495008 -0.11629024953907119 -0.34212302785148613 0.70813187620486173 -0.075885964132276593
2 156 1 -0.51805066203381545 0.69105571372854768 -0.50087306344904958 -0.056495012174683661 -0.2356422255706655 0.61091812596451167 -0.12970784159334017
1 113 1 -0.40793214825723734 0.70188164982995804 -0.58370130210844229 0.01569401054926977 -0.13932402576005723 0.4020083822508847 -0.058010882154740144
0 69 1 -0.29123171953420401 0.71332514387302592 -0.63282149174912261 0.076735156454476233 -0.041053374235957479 0.17195586906908408 0.026327132758405189
