19 881 1 0.28306833327698483 0.3382119336717751 -0.61876287853092937 0.65009038353901771 -0.30569659357042267 -0.39588595723306896 -0.63236160580176615
18 839 1 0.025680561994531764 0.42982809123739907 -0.6791911306444004 0.59438012144825336 0.37212921796284615 0.26443896087510094 -0.75599247434890171
17 794 1 0.095020496575580149 0.38260449505763661 -0.70686078305694944 0.58730974704012662 0.51415628290619986 0.049377589642643785 -0.5808718661469866
16 752 1 0.35362772408824172 0.032781920900209267 -0.61419842766186716 0.70472198055400048 0.61883194590985768 -0.84386435235320512 -0.17811507030677012
15 707 1 -0.64569979923158183 0.18662643745529642 0.38208577550884537 -0.63423402799664053 -0.51780489792649342 -0.94868427593815474 0.40832205421509099
14 665 1 -0.52053175704470578 0.071993844805341739 0.49969212237535121 -0.68860101586776123 -0.47075681509174794 -0.93811209171456267 -0.014740346335498155
13 620 1 0.3493107222035674 0.091323624073538306 -0.49473744118019097 0.79049154286062695 -0.37067757290135944 -0.68392236738870427 -0.42536998903630113
12 578 1 0.34469287705361723 0.20260054342602946 -0.56796558549689524 0.71941290925528034 -0.46955439057294068 -0.54064749847761107 -0.54007601434416364
11 533 1 0.06088786512619429 0.47891970072311724 -0.70402405419060898 0.52084423704277727 -0.49680165162084033 0.16835021687067786 -0.83793082425378307
10 491 1 -0.13514958041566125 0.59355810213640625 -0.72512057569050692 0.32190607482923689 -0.8382263683061566 0.72495756987669224 -0.46358462121539334
9 446 1 0.029703441334460057 0.64100160277365159 -0.73052938468955009 0.23358396545912025 -1.0823958580190485 0.86063323988477591 -0.35541352756794453
8 404 1 0.059204116815891501 0.66663950677929074 -0.72053859190653125 0.18141327990659215 -0.93803956023396262 0.94217251601344054 -0.10785410400656126
7 359 1 0.0081918518008574689 0.67507215078735561 -0.70410881525050484 0.22009375520885879 -0.40455501728494359 0.89871251382317008 0.081023563957149769
6 317 1 -0.12656572640500588 0.66869587021180044 -0.70122600738327745 0.21238888066601797 -0.016967635375621622 1.0360928926304487 0.35769594884052464
5 272 1 -0.48640358126412936 0.62018273123647116 -0.55222202640952744 0.27172738094946486 -0.4907743714643843 1.0412611315504545 0.44056273642367783
4 230 1 -0.38488611278463003 0.67895710980822266 -0.58728256446142535 0.21442740661122098 -0.26209508452578723 0.87120925288694273 0.30777166206202389
3 185 1 -0.067209505201836883 0.50063132499385177 -0.73858899724389826 0.44647222981466322 0.17993438375500689 0.28172681610409928 -0.10790681829660378
2 143 1 0.22863712404593931 0.35315948215602877 -0.70056916394018598 0.57637339651256991 0.22566716359567968 -0.35679650493501819 -0.22906453610326483
1 98 1 0.36512803095835006 0.33546507781258372 -0.61304436046119037 0.61507829963623772 -0.25454797174029919 -0.41775357325523232 -0.26824647663435369
0 56 1 0.34226037455910796 0.41385610233479553 -0.60026916029622923 0.59267014246051775 -0.19431409636650984 -0.096816200025798438 -0.11772213528920938
