19 896 1 0.26087728001721472 0.38158934400847694 -0.70242157880298839 0.54123612494170903 -0.59670967358276372 -0.27647546437534432 -0.56991892315667103
18 852 1 0.14518635844220565 0.30370286892080628 -0.72112001195850772 0.60553399333524194 0.33587054670267213 -0.10581892761979836 -0.76775190297211626
17 809 1 -0.013031569132944096 0.5254499379765587 -0.66921617541113643 0.52524494424454471 0.36379745214075387 0.37352589921370943 -0.65805296118555923
16 765 1 0.26034365245577273 0.17822336154222101 -0.62402832439163691 0.71487500053054354 0.83117497200923962 -0.49981104111380853 -0.33223590385250773
15 722 1 -0.6353466368495112 0.23599791813191853 0.42957047159982453 -0.59674855978956498 -0.49122369559776136 -0.97655789409254812 0.40121626686396383
14 678 1 -0.51119049662425975 0.13357388499024075 0.48426561707529214 -0.69737300315422535 -0.42956412543317041 -0.93576390171633161 0.14259260289147879
13 635 1 0.49277005359293563 0.062377821780405338 -0.41596631829205044 0.76174713893686785 -0.56123107848624332 -0.78214393649920511 -0.18946213974918835
12 591 1 0.37355030634033259 0.18526490039965235 -0.53401893887407426 0.73550041348510364 -0.49870529929473695 -0.59964398748155412 -0.45959783752567335
11 548 1 0.14580372294368213 0.36773543611604176 -0.68269894626160166 0.61435663272532959 -0.46017602012500919 -0.10036388705394141 -0.85456922012666747
10 504 1 -0.072211722425502389 0.55072510971410327 -0.74696128916473614 0.36542598862709097 -0.76373925311897672 0.62697200819806143 -0.57938811207131424
9 461 1 -0.021005846668720424 0.62930223015127695 -0.74782001938846265 0.21048200905112743 -1.0700052061150345 0.80754280984889337 -0.3153338117401478
8 417 1 0.071369137605831773 0.65613942275021697 -0.73661488852907575 0.14760084724590608 -1.0189796468284951 0.98755594401755187 -0.052744119469697016
7 374 1 -0.0075014669350613071 0.64567701613259154 -0.71818934562343584 0.25932408809232638 -0.53084689052962386 0.89972408465536657 -0.085243586312889474
6 330 1 -0.065468279915036703 0.66149635235304594 -0.72803505817545755 0.16763482399561094 -0.051463227363886525 0.91554889865879163 0.38710329034799651
5 287 1 -0.41661732877941754 0.65100960820448373 -0.6236211441637517 0.11710320208278051 -0.38659568840459768 0.93520055735223628 0.76964790694336638
4 243 1 -0.52588508271079348 0.66334668175653255 -0.49298226127600431 0.20095907457006504 -0.57870001772018986 0.84122118692337111 0.39837691244891299
3 200 1 -0.14454394101656381 0.58971737269337499 -0.71907692842857041 0.33803674424647351 0.094097239098350494 0.58668010073626065 -0.056181483399719394
2 156 1 0.16811175652056484 0.36333315402177735 -0.73919542758591128 0.54158801347910168 0.26558992613419974 -0.2205152816115041 -0.19433166121138795
1 113 1 0.30117192994797404 0.35021254843297439 -0.65554237999969778 0.59742014324579484 -0.14549016818689497 -0.47403799681412012 -0.32135773021070035
0 69 1 0.3375465619195574 0.36826359675410342 -0.61387648720442545 0.61122819003999862 -0.27790507351351951 -0.10092406835590009 -0.18345694053009731
