12 1610 1 0.52689994736291224 0.33745544423177898 -0.52960012124798117 0.57273377777237544 0.049118414995420315 -0.6987193188201184 -0.12511544276174283
11 1482 1 0.49512997646933676 0.32782636286676869 -0.52714125863668815 0.60786369825311015 -0.023068482524072571 -0.73827577528489174 -0.11067982003354589
10 1354 1 0.54525429623742727 0.43316111052795525 -0.50511039586221329 0.50983594690128986 0.2595667139944467 -0.55146000889007929 -0.10478273991472731
9 1226 1 0.54978178424185553 0.31708487020996057 -0.50349107850206243 0.58625413317826958 0.032604498379603192 -0.4905815122318411 -0.044621569214645336
8 1098 1 0.54484530499663941 0.26819007441404413 -0.52764886550623602 0.59397335995723799 -0.019837292887715272 -0.39388657985901276 -0.076006323223149388
7 970 1 0.46884042204103965 0.46964363975131523 -0.59223348991340907 0.4570372016876752 0.29111272783766873 -0.21519020790880877 -0.0861755928294414
6 842 1 0.18564473941785653 0.65950511647481413 -0.61299611190190306 0.39347782512254442 0.37699151312204754 -0.2532792650826608 -0.29519892486455468
5 714 1 0.46334305061241732 0.35063135167314469 -0.58489278164384328 0.56592517761093653 -0.075160174334903712 -0.35722220947423533 0.010374907435664174
4 586 1 0.53515229730080627 0.40135130209235109 -0.48918939045657012 0.55966319449037683 0.075011004491539537 -0.0084443088281672199 0.056178780461856023
3 458 1 0.21721423640231857 0.58263603043465073 -0.56521356833223213 0.54211332184023631 0.26617327043843347 0.32689677676869655 0.26532752246930924
2 330 1 0.19267283821872502 0.59963083013748353 -0.59059299090718353 0.50449971660317217 0.27129471056316473 0.49818056731946952 0.31189334000172259
1 202 1 0.24455017455960418 0.5421153844366956 -0.61916857928717495 0.51277323692195786 0.14038577442083724 0.21077666173261417 0.15867034661092294
0 74 1 0.35375877334809441 0.44263802581357908 -0.60514057942155419 0.5592237365495627 0.016432057226568167 0.082750404533733765 0.032017857802966981
