18 852 1 -0.30540199300174514 0.72079322824558556 -0.56219300443517084 0.2666941516982051 -0.53153038832224242 0.8634767184740989 0.25236456886666819
17 809 1 -0.16151200118386824 0.63242453383419239 -0.62576091642966392 0.42705545067039441 -0.29674295044475218 0.74824363044490028 -0.011206235899578235
16 765 1 0.10944138400707921 0.56644715106839316 -0.67462528982465431 0.46047901889458248 -0.12959172425584667 0.62160748667053445 -0.30396154452856805
15 722 1 0.25736653737800003 0.5292671817235598 -0.71443464379024768 0.37844663499727538 -0.44040496794124462 0.52452212936453346 -0.56611750234344671
14 678 1 0.24081125208977128 0.47780185686285565 -0.74801883845399675 0.39266161483304857 -0.23034696219922818 0.46837408001107494 -0.53123963331866475
13 635 1 0.26226327319265491 0.37410761302316214 -0.70101816842697129 0.54757191029825603 -0.17517629379858982 -0.079239722865852694 -0.62018640907648304
12 591 1 0.3824455852425015 0.32202101514656639 -0.63138617641531258 0.59278101889664736 -0.42123700586530111 -0.075246836743238232 -0.45818656487134851
9 461 1 0.11803048981318388 0.54990109326712067 -0.69791169259546482 0.4433924451731433 -0.54962410052034016 0.91666307685804038 -0.32629923986428355
8 417 1 -0.0072948758865780793 0.61056723938787683 -0.66684460989206629 0.42716823059535275 -0.21863747867486011 0.90875612570682607 -0.02626897195109363
7 374 1 0.00072357677496697208 0.50237928447284497 -0.70983407555436373 0.49371055908404982 0.38291607992600118 0.59371528807831164 0.31089509493170991
6 330 1 0.17135471029644181 0.39606799290032929 -0.7021050309867245 0.56640642097548466 0.54806662867661715 0.12038503301564819 0.25262480066966259
5 287 1 0.18974675666521856 0.36934847400159077 -0.74865851406593653 0.51680586529596462 0.51603112272450369 0.10957850644100277 0.0059077206813841297
4 243 1 0.015407019647350945 0.48455040003365596 -0.68660014196202535 0.54180603414002038 0.22962399462047725 0.586942975962084 0.023420879297476629
3 200 1 -0.1081633244328274 0.62633626169723478 -0.65018923090323 0.41624217295732824 -0.34501116803348453 0.7475457447195305 0.036716562685155642
2 156 1 -0.03916156144394882 0.54648711924435978 -0.72138171782578553 0.42358779230755872 -0.22402946485344896 0.655999981392826 -0.016954652650431709
1 113 1 0.097824339767666621 0.50493690395847357 -0.70761690547773126 0.48450741650873719 -0.10839206356339652 0.47466268254487737 0.032125704008749714
0 69 1 0.21735406223373729 0.47195036463838363 -0.66405802304091044 0.53763092078412589 0.0026038920306226251 0.2643810721014534 0.08835469692933999
