19 881 1 -0.22447330665525109 0.68892495901795048 -0.65196597883152618 0.22346028257303996 -0.58567087592612332 1.0038283072862966 0.29575564344461852
18 839 1 -0.30842691093424401 0.68489695863737532 -0.60895423232377233 0.2548798532559971 -0.48856590439240866 0.87010794985755779 0.24823702378661222
17 794 1 -0.066555402831526153 0.61739064184159687 -0.66677052807706383 0.41208765646181145 -0.15034594193691139 0.68604344679334095 -0.068969103630910217
16 752 1 0.14511524979192272 0.56446685739926428 -0.69082093280413837 0.42788452878696936 -0.23399303541734584 0.63252579187386826 -0.39801322568435377
15 707 1 0.34684252523246256 0.48119107021737551 -0.69325420872414978 0.40933362764336639 -0.51678707396036183 0.4687924544008012 -0.55184859856687229
14 665 1 0.17847016570057603 0.43040363894912148 -0.78024432645445529 0.41727676495318633 -0.12467157456879856 0.40068412563851774 -0.50128009980165844
13 620 1 0.31028992052076232 0.3203407522647907 -0.69432031919771164 0.56481967211742434 -0.29692177172275069 -0.21726741639284672 -0.5588458022792141
12 578 1 0.37541627666082023 0.32874718922806379 -0.6429611457413994 0.58102398389367826 -0.4331873232340791 0.028134465548577337 -0.42806003635383766
11 533 1 0.29007341285168664 0.42850443536031807 -0.71707288721086848 0.46695592774926742 -0.50081010162277739 0.49560494514328468 -0.39656628298800606
10 491 1 0.046263913182628402 0.5702834040754895 -0.7377067193097665 0.3583647383020877 -0.66859911128498073 0.85583449680591661 -0.23835498684263084
9 446 1 0.12074092612120767 0.59382519590766858 -0.72398987283327665 0.32959358230928643 -0.39020147164590702 0.99461467326043096 -0.044268450845088389
8 404 1 -0.042043573810722462 0.64179722608086243 -0.65345289698804521 0.39915907845627646 -0.090256260701479005 0.85165775236112928 0.13688492231172295
7 359 1 0.068572747907895068 0.50014359123510133 -0.71159774714414481 0.48865408281338862 0.51895479466299987 0.4003705509703071 0.37423874671206769
6 317 1 0.19902998249110856 0.34024786229174436 -0.72022736984117741 0.57086863112904307 0.53885624167570523 0.0025206167478042055 0.20208550740244205
5 272 1 0.15746880019746895 0.37227111862344692 -0.75252324305587193 0.51992937968909825 0.51258989603596516 0.2431177719730904 0.021046586468949607
4 230 1 -0.055416697390445822 0.53066776326728715 -0.68579667004015832 0.49497842583395546 0.057201796140535451 0.65676732284403971 0.038899663522813772
3 185 1 -0.12850770163370645 0.60648704581995716 -0.68334421122983946 0.38561628966120193 -0.36203549490534825 0.74269178167198502 0.039262078759247393
2 143 1 -0.012437875151427826 0.54406645212364557 -0.7249921807355999 0.42216505398664361 -0.18774993786237013 0.60071211015594361 0.020693080364109929
1 98 1 0.14217384427861485 0.47249237782662784 -0.71449627458623199 0.49601675828662811 -0.052355005444352697 0.39719456037126266 0.068132778303735014
0 59 1 0.21108993129721088 0.46429868958147447 -0.66406427360128917 0.54670504688017707 0.022053614303202202 0.21305385904068369 0.096564009196734107
