19 883 1 -0.22246870260633933 0.68404095848189017 -0.66279872181735988 0.20807089617989152 -0.58744672368208251 1.0197179055033625 0.3215959029048529
18 838 1 -0.30346814831506286 0.68554646050665158 -0.61092070934918585 0.25437967751633911 -0.48531990669471614 0.87386194014526308 0.247325734155034
17 796 1 -0.078756487433182254 0.624599585203503 -0.66889721113491585 0.39528381548797409 -0.16809824425164352 0.70213037449555449 -0.037297588156559466
16 751 1 0.1493734579534462 0.57296007531013637 -0.69379563411657019 0.40994138634738891 -0.25296364802542115 0.65298919724650728 -0.38917333474776328
15 709 1 0.35066392234599558 0.47338711175670206 -0.69346241300667943 0.41478830472244865 -0.51839856607016732 0.46304123861573793 -0.56088919777530932
14 664 1 0.18238736632096356 0.4323686989537569 -0.77978787272044536 0.41439477594397911 -0.13250711483329758 0.39599361307115943 -0.50437602795838454
13 622 1 0.30147644645533994 0.33291048757728914 -0.69465920055476627 0.56189959474831908 -0.28336480893932187 -0.20886807014398256 -0.56773095005697671
12 577 1 0.37819098823873526 0.3353833912521868 -0.64410879138675514 0.57411969322214074 -0.44335500641378045 0.040841599511918944 -0.42456720336289605
11 535 1 0.31391235744454632 0.41497512189257085 -0.71415699971884683 0.46822479623192598 -0.48785476777694048 0.47448654420794206 -0.39477396283491811
9 448 1 0.13237890441868694 0.5954199461989097 -0.71645269700288772 0.33859481137590419 -0.41919949734198048 0.98494222829963118 -0.078658344862672841
8 403 1 -0.044392574812781666 0.64612584010285856 -0.65100910148512281 0.39590131072831763 -0.080905601426558615 0.84783440687168998 0.15035345520546237
7 361 1 0.060834390827018248 0.50395051155942139 -0.71685199734609162 0.4779709956604295 0.50865939028240981 0.41372052259698616 0.37585705024000515
6 316 1 0.20171534969219745 0.34196826732558422 -0.72338035382046428 0.56488006297573645 0.53584321687528758 -0.0065681499662263365 0.19355528274049905
5 274 1 0.16365391241990687 0.37571746630204167 -0.75449938435328345 0.51262506910582117 0.5114733314135822 0.2236997696972553 0.019022208461305347
4 229 1 -0.059631899017357028 0.54143143915357372 -0.68211171350873556 0.48787256902786674 0.031749769367723085 0.6624058673197929 0.040199590096241321
3 187 1 -0.13143308349862592 0.61223240883605634 -0.67760457313993172 0.38567974356024215 -0.36938609555309099 0.74752126607823621 0.036926730117722871
2 142 1 -0.0090339464325790344 0.54556395872803798 -0.72285429940591761 0.42398115120748586 -0.19231104256215939 0.59761547745352828 0.017808114004855977
1 100 1 0.14155913266689663 0.48417400757726642 -0.7110939351994644 0.48977745728821082 -0.065634896150227939 0.40727609643620744 0.066198980932941034
0 55 1 0.21900295364633951 0.47128849495794839 -0.6632170427745453 0.53857962734199116 0.020926593434144779 0.2001211432206228 0.094638776277056011
