19 867 1 -0.26436051850157083 0.72351525250522897 -0.58940655297689748 0.24339086046474126 -0.55512467982179492 0.89483987973858015 0.30262044151567752
18 824 1 -0.23385704727896375 0.66490037144337644 -0.6337685893628181 0.31867813327790206 -0.42296799001156171 0.87030512246646763 0.14463404217525752
17 780 1 0.035337534339840229 0.59800754461608807 -0.66332687446118954 0.44848154127741696 -0.091977788479557843 0.63122770833134167 -0.18091621515081516
15 693 1 0.29235723737620067 0.5383815269349963 -0.66938783858692663 0.42022910270567959 -0.41284421183991127 0.42519894634090732 -0.57004373665122421
14 650 1 0.22462513000560791 0.39294909155375762 -0.75078069489799237 0.48110592449639206 -0.13322344620794679 0.18617305302778564 -0.59331650939814173
13 606 1 0.34528843890678101 0.29437524794906289 -0.66987166392965691 0.58769980535674737 -0.35882554276188322 -0.17414376133664633 -0.53476473571211935
12 563 1 0.37280816956600954 0.34911296350088378 -0.62827196286085019 0.58686331296431071 -0.43505266674624204 0.12340270775617279 -0.41797015642036706
10 476 1 -0.025095129237033061 0.55513900846542619 -0.76786402516789165 0.31870951448233187 -0.59738216902101537 0.92564647984472792 -0.094467151324484952
9 432 1 0.065856508259208468 0.56819715349159727 -0.74331119069817897 0.34684778919117626 -0.24592439663500731 0.99663314056176733 0.00015302977981101221
8 389 1 -0.036754496347241074 0.60276102143129062 -0.65576444616551 0.45310180885382695 0.15584380555334615 0.76313647485809855 0.2169376827461813
7 345 1 0.14201629808296523 0.44367571376994541 -0.70957759825255706 0.52866138893215264 0.56236003828533054 0.23404262450395708 0.3252402528542408
6 302 1 0.20824325223840909 0.34429998895551062 -0.73586703767022199 0.5446025783751467 0.52330698694375888 -0.00085666006319485178 0.066253629537366271
5 258 1 0.06444700685267872 0.44279693710956203 -0.73007227656572038 0.51649968710955452 0.40870057477623112 0.46195519596618595 0.055213948931222251
4 215 1 -0.10386233716498704 0.59691762642016355 -0.66413942628784006 0.43797349764295496 -0.19092821826533402 0.7138858896143806 0.061983122658216358
3 171 1 -0.072252974074938664 0.60026342792862941 -0.69551724267051895 0.3882255658463209 -0.33199197792295532 0.69699917222142249 0.022125814599199441
2 128 1 0.039156030773874313 0.54892665071310909 -0.70220016476213498 0.45173140913484677 -0.17270826829250435 0.52713759994365506 0.037911472044666765
1 84 1 0.1714721840875934 0.46696688465308794 -0.69412238104998569 0.52032041940242812 -0.02633465930490661 0.34278649357668861 0.065022054819418376
0 41 1 0.24745732238474547 0.46550066255223732 -0.65169179248956821 0.54531808549078398 0.033995933315901061 0.14802877038646634 0.05780104238113018
