19 881 1 -0.21472261724048369 0.6916056310270049 -0.6455611449494737 0.24254207245065765 -0.25154616709219046 -0.3427480601144644 -0.59211870021919977
18 839 1 -0.44503077211926223 0.72157466947172832 -0.51212493971455042 0.13786099653661127 0.40107533442323989 0.32378003239588954 -0.686407666023089
17 794 1 -0.41332660691013628 0.68104622084457656 -0.58069444047641594 0.16772336716527178 0.56300967236774002 0.097453659465238526 -0.50999947536068302
16 752 1 -0.16063364757163612 0.50406940322658078 -0.69090094145450276 0.49271366643915204 0.68593742324384721 -0.81865310342182718 -0.12390406918222761
15 707 1 0.21083548939189453 0.29466932447325234 -0.72074099320818685 0.59097445489347 -0.42988795211133607 -0.96314835264081988 0.43776213272887499
14 665 1 0.040186663762059538 0.41720455675442358 -0.72148182019358709 0.55117091088805525 -0.39350999061232811 -0.92433571035763262 0.021464763839604682
13 620 1 -0.081133528585499173 0.60644244222043953 -0.60217170721737945 0.51286855025423583 -0.31845068277919852 -0.62446437623967599 -0.40186168178272963
12 578 1 -0.13477053960480045 0.63836799855312942 -0.652715995529913 0.38507795218279839 -0.4164208529165811 -0.48295986028736443 -0.50887567895975572
11 533 1 -0.43345678182830061 0.70724940745645015 -0.55621991619920286 0.050327912363867841 -0.47625864901405168 0.21239256992690461 -0.77071702306806988
10 491 1 -0.58876686598711903 0.65791664061094424 -0.4365230116489765 -0.1730518183198986 -0.77461243809417613 0.74403378577059953 -0.35539097361505623
9 446 1 -0.47249953037482267 0.63151642468026425 -0.55232634181736473 -0.26993853242780275 -0.96677648550917716 0.87060338070570642 -0.26339774624042789
8 404 1 -0.44173367975805289 0.6157652173105268 -0.56550382362904372 -0.32543813356590728 -0.83744205644242331 0.93348110900051295 -0.038472620684758055
7 359 1 -0.47270744384216734 0.64595470222156026 -0.51800653334367674 -0.30159480537191963 -0.34883175841970737 0.92654185969329672 0.15549939110321939
6 317 1 -0.56868713618729005 0.63549893686229575 -0.42542926889564681 -0.30289598800397793 0.027045104833657248 1.0533916763899906 0.4471569283308926
5 272 1 -0.72972618915120679 0.64206878609506912 -0.069970210561127122 -0.22439147136933027 -0.50873008319304081 1.0291691270753598 0.53614548831393016
4 230 1 -0.67959565713958836 0.64544421112396833 -0.16507220368614758 -0.30708741539465362 -0.25469784959636288 0.8663074658646891 0.40634741350343356
3 185 1 -0.55119530880712864 0.67269622120542316 -0.49332368855617714 -0.017183242833829968 0.20587852534666704 0.30659084712792767 -0.017435140279226567
2 143 1 -0.30965877735188901 0.65280584595612645 -0.66821273185658636 0.17733503342317125 0.28349669926803844 -0.31738399809998369 -0.16576628787364092
1 98 1 -0.15027276125808098 0.66573949185417913 -0.69757973847376953 0.21815484106587807 -0.18894955074040956 -0.37220633799249975 -0.22974023480855485
0 56 1 -0.15710444120139788 0.70783983737055345 -0.67233629549340412 0.14914712517588438 -0.13062156416594053 -0.043938998769647547 -0.077172873248944104
