19 883 1 0.28447563264455999 0.35168716952840168 -0.63016762723277553 0.63109310787584449 -0.3760886274913337 -0.3905422666054516 -0.61792429508346147
18 838 1 0.014798520391047707 0.43523403522134713 -0.6800042956564053 0.58986989774696519 0.37768383124782506 0.28566902840258451 -0.75797156262674192
17 796 1 0.062586138186603094 0.40800394188466682 -0.70543497456218485 0.57617467436352177 0.49836035977303866 0.092705205741499028 -0.57326984067774645
16 751 1 0.36055453679965738 0.032907017231656101 -0.60199584036636899 0.71170117492644991 0.60884447139715603 -0.87488667005533161 -0.15189545298195448
15 709 1 -0.64269458331460916 0.20040428330088866 0.37603381349407183 -0.63669487741132624 -0.51902560795912644 -0.94928793240080167 0.45772657977707654
14 664 1 -0.51539028466313996 0.060155680366966328 0.50901240196095088 -0.68677545329196088 -0.48703644208450869 -0.94182460377083554 -0.017794508203695887
13 622 1 0.36377414911519046 0.088645505388174811 -0.48277611772636958 0.79166758362525425 -0.42172299402721369 -0.67943178997324183 -0.4007359100198512
12 577 1 0.33816992555067271 0.20806606549572629 -0.57355040369551247 0.71651207126111649 -0.51335006902038105 -0.53746951751124705 -0.54546072779409338
11 535 1 0.082842357149868262 0.4769665491045505 -0.702314318319329 0.52191441173894237 -0.56486284662535646 0.11862433867537954 -0.83076446196440945
10 490 1 -0.13073403700489869 0.5974206379263175 -0.72476593100863196 0.31735081250456032 -0.73010005526920341 0.76856463069642067 -0.3575455738700748
9 448 1 0.022936025082970182 0.64201561599273893 -0.73388151807638546 0.22069844811587916 -0.90440325655829557 0.86341788123655483 -0.23733051387560911
8 403 1 0.049063335987143512 0.66738298937798524 -0.71991490805660741 0.18416096141300814 -0.7920982737710518 0.93027548845288799 -0.066140353345165673
7 361 1 0.0038845178394048001 0.67579585867694281 -0.70298411727169785 0.22158113362825088 -0.44718206983249936 0.89251417915125242 0.064485231552198208
6 316 1 -0.13681852341072673 0.66681833300286786 -0.70255857900791396 0.2074739633914712 -0.0058346197987571204 1.0522311790844139 0.38063997453311982
5 274 1 -0.48375954080464334 0.6214342697015951 -0.5616828808295633 0.25359119957902432 -0.49906696828711072 1.0543817646544218 0.49234516044072846
4 229 1 -0.37319276179963817 0.67547300941845778 -0.59828375860775707 0.21568477061143115 -0.23632062286131106 0.87833597003681696 0.30305749320649489
3 187 1 -0.078056024637787352 0.51423786920846415 -0.73749186263176547 0.43078117814223599 0.16197978229696872 0.31189864490754449 -0.095858695859810231
2 142 1 0.22225209577987906 0.35082837385993476 -0.70291126882610144 0.57744195047946212 0.22043051240908723 -0.36580365778097662 -0.20913853613601302
1 100 1 0.35608511036788232 0.33726694270637558 -0.61859276865826929 0.61383824424312661 -0.26278992835443044 -0.43849531339993619 -0.26091463187275987
0 55 1 0.34452720768132555 0.41364035752196437 -0.60242502189513003 0.58931040275143831 -0.20045701315787559 -0.099609197146623599 -0.089032155863973575
