18 852 1 0.51932240650826245 0.40230673668995831 -0.6098010833541706 0.44339166258785639 -0.59183480748302475 -0.31008616472751022 -0.25966243540308664
17 809 1 0.38711310970424173 0.4831591983002913 -0.61246368741074464 0.49151689797621939 -0.68568443949365354 0.087052725303064071 -0.24919071984585728
16 765 1 0.14603124924271832 0.66481555072529741 -0.6978102420731529 0.22306058328678 -0.19039933593676828 0.75384303802317232 0.11491680815233257
15 722 1 0.023892697076043364 0.78556572430674931 -0.59790723846546645 0.15755178834733941 -0.043532916205050606 1.2936363406288829 0.53779903393975581
14 678 1 0.20040607892232931 0.68795343879329085 -0.67904375512940551 0.15955265025445026 -0.34378704890552625 1.4079601199701353 0.28024087121472913
13 635 1 0.035069993907662939 0.67426363883302254 -0.71656917130783848 0.17512071152826372 -0.90659899767764063 1.0018065629088497 0.54443308684929503
12 591 1 0.23440368462530958 0.57826392989942732 -0.65758433246474046 0.42219496172769561 -0.80747286370321125 0.40830158105523007 -0.11813574023244035
11 548 1 0.34129390491816486 0.35919929550200785 -0.73950019769044406 0.45566851349678072 -0.55614954029754693 0.077664359564379976 -0.32037700088024251
10 504 1 0.39124216704186765 0.31449290673397967 -0.63375188235468716 0.58854254727613931 -0.40852934177979744 -0.23049665456397553 -0.34643808246106395
9 461 1 0.42026834084704706 0.36335566119593177 -0.55938113607790307 0.61517471482395314 0.4673203685274579 -0.40507299112305312 -0.22009257911033603
8 417 1 0.37900185218520083 0.19602176167037508 -0.58202407503328779 0.6922290380166638 0.45715067659784026 -0.75273771241347243 0.14289003536749725
7 374 1 0.47694430962936646 0.238010160594161 -0.5352431620675816 0.65527860214263467 0.020150958976767303 -0.73358255023654739 -0.12922086526935697
6 330 1 0.42321823929868202 0.35615132249623688 -0.57158668552737868 0.60607855789239939 0.017939810546516565 -0.12794432230049649 -0.04195431044261317
5 287 1 0.30982974920434631 0.29229736518750438 -0.66174351377690965 0.61697917208492847 0.2743132454012065 -0.015403506642065211 0.098882920463967877
4 243 1 0.13834289033971656 0.40954520456876492 -0.70887117628314977 0.55734695257274469 0.56745542564152252 0.70033841567239519 0.0023694535366913716
3 200 1 -0.014231844122001356 0.58738885445834277 -0.68435255578527077 0.43177930434560063 0.19779736798124836 1.352392366281064 0.35881608602826304
2 156 1 -0.078093468013582787 0.6275408582010209 -0.70280348771263579 0.32582378550512958 -0.15064096315251493 1.2566837121121917 0.52784169365429445
1 113 1 0.050860112964712621 0.57942825517048802 -0.70523117120410739 0.40537037531297654 -0.075175525358478781 0.97136483757373115 0.31689958782105049
0 69 1 0.17206833391788318 0.49770768659498166 -0.68244603556134897 0.50689935461942881 0.044764652103611947 0.54172930598480495 0.10284417975722068
