19 881 1 -0.22522631625723319 0.68917147136897161 -0.65179244427232441 0.22244639602796973 -0.58886132798094293 1.0075863456321024 0.29662812646508996
18 839 1 -0.30877196344103325 0.68540800553689207 -0.60780078456876574 0.25583968968145254 -0.49035587062231978 0.87185433524050315 0.24459743778894474
17 794 1 -0.066608068249884009 0.61872769867098065 -0.66578453747588506 0.41166776628654456 -0.15440405608875724 0.68775726614993704 -0.071182981811956619
16 752 1 0.14602394549819522 0.56624822919913476 -0.68908782632361998 0.42801625889979084 -0.23977625414563414 0.63160789924248917 -0.40170089974628848
15 707 1 0.34774412945464223 0.47886035414503658 -0.69114309933689966 0.41483490438595899 -0.51353951419625998 0.46077085219125363 -0.56384572870823169
14 665 1 0.17683904376520612 0.43020829185172665 -0.78074721196166108 0.41723203285021199 -0.12190800582687814 0.40548727833220954 -0.50350852602809915
13 620 1 0.30753672894061707 0.32041412805254599 -0.69409396333716378 0.56655936754742675 -0.29097261417562392 -0.21959357754684289 -0.56036931755265595
12 578 1 0.3786055017631631 0.33141864356592243 -0.64223186316749625 0.57823679463001487 -0.44478472456612711 0.031399646970303133 -0.43257356422508048
11 533 1 0.29686537287491266 0.42620276211073971 -0.71556218717131825 0.46711124183390706 -0.50587867584848312 0.49503025498953429 -0.40182663416958625
10 491 1 0.082140281927735453 0.55191465160942099 -0.73233398440412878 0.39029492273210115 -0.64859473514851673 0.85444887484498067 -0.29701838032093542
9 446 1 0.11963455230623887 0.59490917370212137 -0.72331941204748973 0.32951430484095684 -0.39291279363189507 0.99758365833805729 -0.04590551526415193
8 404 1 -0.042390444575839868 0.64297970674509075 -0.652453240455516 0.39885450472792272 -0.093661332012460227 0.85355545793230336 0.13506075123465131
7 359 1 0.068878398690125103 0.5021457282777213 -0.71056317853641038 0.48806290893137388 0.51642990817101209 0.40156604756155895 0.37577758312607068
6 317 1 0.19996734203378935 0.34258742895173927 -0.7191651162569408 0.57048089468738528 0.53538714596510606 0.0019779805897880555 0.20279424599266677
5 272 1 0.15776062789579345 0.37450297509419189 -0.75188726103560466 0.51915763754749944 0.5097487146204015 0.24544231657004351 0.02047963885244411
4 230 1 -0.055456618748164772 0.53237757513946926 -0.68506557652384903 0.49414960972127242 0.053266500790543639 0.65958539963863339 0.036734487364827928
3 185 1 -0.12911333902114869 0.60765981257823964 -0.68223984051131126 0.385523148310564 -0.36539536059880079 0.74492970865580055 0.037089813276226645
2 143 1 -0.012845560148437678 0.54547407625722166 -0.72411853746955412 0.42183571139574905 -0.1912456446643421 0.60300753825302977 0.018599307622657456
1 98 1 0.14177237271218873 0.47406907649014285 -0.71421206699306583 0.49503558297644801 -0.055828004877169858 0.40050595442162074 0.065968363857951726
0 56 1 0.21206515977047397 0.46707223881925941 -0.66561705326141885 0.54205703587673637 0.021019643783669759 0.2067478140040985 0.092526095466462108
