12 1610 1 0.00015459854289420554 0.64649242134837537 -0.74476559715419099 0.16544404049093783 -0.0080051131270944629 -0.56856024942173966 -0.14143491462615745
11 1482 1 -0.020176140078012945 0.66448258811608596 -0.72046745158525927 0.19743977478801628 -0.057530718717546711 -0.60324321675771919 -0.13208778663345125
10 1354 1 0.030112054534022558 0.6696693307263385 -0.74013932862737775 0.053197987511665622 0.14523088025439626 -0.45207945076273298 -0.12013661224812097
9 1226 1 0.034425079776688058 0.64227261285419579 -0.74193250473414318 0.18930653205511278 -0.020906155260746621 -0.41183103614002792 -0.075504260115394892
8 1098 1 0.013887968932644863 0.61212261822038683 -0.75599994043938923 0.2314673079240003 -0.057799050629678647 -0.33852132040434879 -0.10023487771410633
7 970 1 -0.082011189665818524 0.65914967532249946 -0.74747598227408329 -0.0086905819848804248 0.17043574767667002 -0.18700328572234187 -0.11462992776337991
6 842 1 -0.30016848859859119 0.74791625822292318 -0.56193331115150014 -0.1864164771595318 0.251060174480981 -0.20056641575841333 -0.28819752595548109
5 714 1 -0.083883776358859227 0.65154003384931569 -0.73825756094737716 0.15308451933307937 -0.094657640504738377 -0.30418918309466297 -0.045216078833705396
4 586 1 0.035077845972280385 0.68257394791272663 -0.7208903496363559 0.11480180379223956 0.012949901471955624 -0.045199906468052629 0.0089308579444723306
3 458 1 -0.24015013691613912 0.79952246815195627 -0.5500630288176992 -0.022856049248789576 0.18194684583085641 0.21724490321029846 0.14037281372108104
2 330 1 -0.2753844360623432 0.78554479849220693 -0.55079495928746591 -0.060890842989583818 0.18468808709688489 0.35424117697135876 0.17351733392195243
1 202 1 -0.25860158450601295 0.75033434667386689 -0.60818166015595887 -0.015448525574373572 0.08110286840516813 0.13472085967291023 0.057506536828291495
0 74 1 -0.17561314843354106 0.71180193594215324 -0.67437022598330953 0.087879601691644896 -0.013338796443044655 0.032068155969495048 -0.030805345149574948
