108 1694 1 0.54482959305612533 0.3580828519390416 -0.40323335557715345 0.64213724905777603 0.35344539544303233 -0.49783692029521459 0.096242014244725671
107 1679 1 0.51761574694606149 0.3456837873643181 -0.46865093641572031 0.6268516231642064 0.28709644633997194 -0.55375306269381397 0.043456008436597915
106 1664 1 0.50282720159522387 0.33469685996533527 -0.50754558661053906 0.61444307692204059 0.23474836961518972 -0.58628981292129589 -0.0018862291571706919
105 1649 1 0.51453879421548399 0.34032295075185731 -0.48852612260034606 0.61706753761310151 0.20764757022553135 -0.5985304434181985 -0.012641587637121832
104 1634 1 0.53455319877748109 0.33100945937653725 -0.49033527549025069 0.60353701882313349 0.13781833206486649 -0.61072391994072317 -0.031029012686648615
103 1619 1 0.52867412814063164 0.34945979636802327 -0.51935785394905165 0.57327910872331489 0.079242709666782624 -0.62690931787652004 -0.10442995350696306
102 1604 1 0.50925143775954784 0.33969472383100185 -0.55083036008839903 0.56732387764494596 0.026448724408981938 -0.63650465288712055 -0.14764868351518398
101 1589 1 0.49106584353848226 0.347785425154711 -0.54363759373182619 0.58511349500867427 0.0058839313352549369 -0.65683365530488058 -0.15291235775441719
100 1574 1 0.46864393034137652 0.33198176588496398 -0.55684009979608817 0.60007505941604544 -0.050377818738827754 -0.65927041997285774 -0.17912872817560926
99 1559 1 0.43696934171191232 0.34274752362022842 -0.55779295803341211 0.61680543563136281 -0.065907604339615691 -0.66995478409741693 -0.20708304099866548
98 1544 1 0.4378076483966396 0.32572815178052816 -0.55119313315895413 0.63119867244906425 -0.090216215162707877 -0.65460829850020286 -0.19426629342376381
97 1529 1 0.43005494721698218 0.32216464594366129 -0.55248331107426174 0.6372008115677622 -0.079494802418161536 -0.6557310020195104 -0.19489152232629137
96 1514 1 0.41451988245401195 0.34046089029120274 -0.55080479021433881 0.63943235162867074 -0.027386191680626473 -0.66880694290888676 -0.19709243480819058
95 1499 1 0.43851601660155637 0.35765979845719736 -0.52620948149250002 0.63473360816869862 0.024412216241151172 -0.68029095498815328 -0.14435606340343909
94 1484 1 0.48670731299888992 0.33101704833300205 -0.53656657225450133 0.60468174995228907 -0.023461736911220069 -0.67159384879552608 -0.11570794184093211
93 1469 1 0.49456530451505959 0.34391511116076584 -0.53818919054756909 0.58947430059584183 -0.017991072499422125 -0.6660917507938412 -0.12870954400959606
92 1454 1 0.48763162083806644 0.31332652757076757 -0.53235712080532738 0.61695849569249583 0.010714853343538049 -0.6659113123302528 -0.08558133201209206
91 1439 1 0.5143800339713539 0.30245780125787819 -0.53771761222348835 0.59564438099804884 -0.011524848962119123 -0.63918700183374422 -0.081181950438956874
90 1424 1 0.51268760483398967 0.32331068411193015 -0.54680847431834134 0.57760030626923198 0.020291783460110516 -0.61457300245753643 -0.11518355672201282
89 1409 1 0.48317609464250355 0.36822891083934695 -0.59053301184525531 0.5312429695620059 0.057872088230735169 -0.57830306855084024 -0.21265590435247878
88 1394 1 0.4710330811712663 0.40948544928009728 -0.58066624000519218 0.52275828160672189 0.11928926479005017 -0.55355671142696317 -0.21783441696228498
87 1379 1 0.49421019270228617 0.42686937668115715 -0.55186842870630304 0.51863287408170133 0.1629356359300824 -0.53643073161481103 -0.1719396231849977
86 1364 1 0.51655722660139913 0.43875914536950816 -0.53439033625457244 0.50506040482125991 0.20022235930872853 -0.51603165709228438 -0.14339208042408322
85 1349 1 0.54805990227804025 0.45255081903200234 -0.49915440065579131 0.49565409714276232 0.25592382889532433 -0.48605148347309074 -0.1072121525764049
84 1334 1 0.58390003045680017 0.4559253435105774 -0.47013381103317819 0.47975726706401206 0.29295500028981453 -0.44901345387609676 -0.079119869633455547
83 1319 1 0.59295613319007956 0.43856938573670812 -0.46060243313895405 0.49386771163265042 0.30186511609059213 -0.41869907672169715 -0.055080769416854754
82 1304 1 0.59722552507257765 0.39322850019409383 -0.47025811696897374 0.51725266771828504 0.26554108578215263 -0.39302927482560956 -0.026603103152992968
81 1289 1 0.6030070334954124 0.35335964216283827 -0.46686745873322688 0.54180647543342653 0.22355318547314154 -0.36654884520220266 -0.0065446770010612791
80 1274 1 0.59896324480316743 0.31724808632248463 -0.46474159096771867 0.56974725688183536 0.17717023336790222 -0.35402226312455887 0.012143990810525349
79 1259 1 0.57926783019980432 0.2921086967275815 -0.47945471783760535 0.59096908864591779 0.131366063277461 -0.37272654846109987 0.011055870959045472
78 1244 1 0.55503077809275325 0.29681995924862786 -0.50702810396848186 0.58886437228577726 0.096115127099265535 -0.41015373670461808 -0.024336078821381113
77 1229 1 0.55183942058240143 0.31705396974532218 -0.50514567087052598 0.58290469663640387 0.038477511639902019 -0.4420079294483627 -0.044316909104233075
76 1214 1 0.52152371716077695 0.3298245900482199 -0.52848056965746326 0.58304119900128248 -0.03567694516886321 -0.46864752876830174 -0.071223628066313785
75 1199 1 0.49800861521912543 0.31425211182846124 -0.56848248701838577 0.57450908724951621 -0.12036483001062145 -0.4663986320603638 -0.09413728865927902
74 1184 1 0.48323374870985325 0.32254307161645801 -0.58147254219784206 0.56950925693093157 -0.13641810290087464 -0.42092384329507487 -0.10811751058983046
73 1169 1 0.44398848546359998 0.29735873017973069 -0.579943942796604 0.61491221615379077 -0.10589201937188412 -0.40887429057054869 -0.11547558096013871
72 1154 1 0.51237318491079997 0.25721467365286049 -0.54906361555968075 0.60814757839733824 -0.14508196904561524 -0.37238939255526754 -0.073441741508618485
71 1139 1 0.57068554428253915 0.22148482082746143 -0.51269427458914574 0.60200254525498387 -0.17008237062123457 -0.34863923165973032 -0.031409302293472503
70 1124 1 0.57327672425018905 0.21946255753852886 -0.50541268901271763 0.60642229267776326 -0.13106160235397712 -0.34816708652247863 -0.020872499250641632
69 1109 1 0.55948160307698391 0.24946029993292931 -0.51241034290489185 0.60181852336054964 -0.06926497699001706 -0.35769902723166908 -0.043913374029295932
68 1094 1 0.53006695197942511 0.27634774183216881 -0.54529427016990228 0.5876351852326207 -0.0026922088228222467 -0.35961515993539311 -0.094272655832696714
67 1079 1 0.50416267763550315 0.29384303898137532 -0.59286868978993412 0.55496214248213038 0.047743521895585735 -0.35903682013298616 -0.16015910866046534
66 1064 1 0.5143747381540692 0.29794931813750541 -0.61347462938975283 0.51989778963314881 0.083853051363458678 -0.35917944451631922 -0.18304725446995102
65 1049 1 0.51184952972766773 0.35072820666823551 -0.58895884541574395 0.51781006399200347 0.14159536428660596 -0.33652344742290446 -0.13878006524985154
64 1034 1 0.46338206807807142 0.40178730102149762 -0.61079026750973531 0.50077866651539404 0.18571815069820038 -0.3095229468339965 -0.11348719583854881
63 1019 1 0.45125875948423128 0.42500033397760428 -0.61313827951329958 0.48969551591080396 0.20884564714576032 -0.29782269766369346 -0.086257375725548244
62 1004 1 0.44380038713202408 0.43710084206169297 -0.62330670119400988 0.47272912592420813 0.22506085061233477 -0.27003163803131258 -0.082038024861520217
61 989 1 0.4578455928350712 0.45142089328599605 -0.60252799521200429 0.4728177293758965 0.24403125966558711 -0.23999003012370373 -0.074500614938818183
60 974 1 0.46334375530940897 0.46591642628926089 -0.5991887670955337 0.45739181181581356 0.25948870689051706 -0.20739729934948814 -0.079280197612730155
59 959 1 0.45976930050658305 0.50520048594048117 -0.57329916100150335 0.4524519104967526 0.28803502751189552 -0.15431014619528799 -0.090821148547802613
58 944 1 0.433015238378472 0.54993995293952802 -0.57417347559299459 0.4247218753706547 0.30647179115585127 -0.12179721202282136 -0.11630227269991872
57 929 1 0.3825540811379779 0.5976742970888913 -0.58100770526105938 0.39858230772483522 0.32777596190059477 -0.10276253931880722 -0.13560979568641507
56 914 1 0.33238195926565917 0.63560499683250826 -0.60424284107002402 0.34701456766524175 0.33452830159136193 -0.11464991933553219 -0.16965199596103006
55 899 1 0.28389971750007359 0.66421138749444164 -0.62012519512988784 0.30605379509361713 0.33974149713633267 -0.1313389979516392 -0.21113998892256514
54 884 1 0.23833804929341082 0.68955520786299918 -0.61949292957876889 0.28971900139608053 0.34426619477246012 -0.13371346426779976 -0.25099327026256274
53 869 1 0.18174261804435615 0.68418438855234165 -0.63809381013916189 0.30281616982870785 0.33673718925951474 -0.14708637575187508 -0.28124447245965917
52 854 1 0.17195160299245971 0.67069254300645398 -0.63599017426125726 0.34076481219015986 0.33052806713077204 -0.18258448702146832 -0.28562045294899097
51 839 1 0.17929709413224867 0.66512661019483343 -0.61218082838680044 0.38819296464788317 0.34102080325631851 -0.2283675663096581 -0.27267189825746158
50 824 1 0.22786084044854393 0.59869506832346187 -0.64046047370094472 0.4236201531820814 0.28174697846738911 -0.32984686053241569 -0.24137792243782413
49 809 1 0.34234762307792427 0.49840092934904651 -0.64841154861421646 0.46255495048763234 0.13947552671326283 -0.43815880299786808 -0.139830872462747
48 794 1 0.3765477114225726 0.44941287185341483 -0.65159498844533315 0.48131472309479106 0.06956220781874578 -0.46480778075105234 -0.084814788841824973
47 779 1 0.42214470990833675 0.41162728540995469 -0.62677039609105523 0.50942682731310851 0.036350227968309667 -0.47178824505605033 -0.018676643585113322
46 764 1 0.4612975491875087 0.35984039093608439 -0.60351678167959533 0.54174436627958356 -0.014480601821507309 -0.42818704912820138 0.015389325405847986
45 749 1 0.45342773931930369 0.34897656857424969 -0.61147813225149505 0.54654655207049918 -0.056954725091702518 -0.404498914797501 -0.010761100966965422
44 734 1 0.45619724877910445 0.35215682530096726 -0.60833941252273127 0.54570394883289808 -0.076016935496593607 -0.37475749963909899 -0.015007268705315224
43 719 1 0.45869222837411433 0.35022474514569446 -0.59547904858942013 0.55888171396804698 -0.075104459003350221 -0.3366672974593346 -0.0032373363017487618
42 704 1 0.46659575531619296 0.36412647926575581 -0.57473915759384731 0.56513291263803711 -0.06296200551267149 -0.30387330295722431 0.012403005554182077
41 689 1 0.44249045978055829 0.38515944221426235 -0.57578087025679403 0.5695004710469671 -0.038351347872903362 -0.27715193117539788 -0.00048772942680246311
40 674 1 0.44094656350969164 0.39390971676388142 -0.56859167817824807 0.57193073590639965 -0.027889465861705348 -0.24362395924772298 0.01048898843379646
39 659 1 0.44939416307722418 0.40590238061874784 -0.56393271767093811 0.561487340498808 -0.02327961698654735 -0.2025191243806593 0.022290389952109749
38 644 1 0.45406016179089642 0.41204736528108654 -0.55530955174436147 0.56185197337093729 -0.015566200502025238 -0.16202217715387257 0.032934142597440742
37 629 1 0.46424347212664058 0.41141922702521877 -0.54547908572609094 0.56361758778200022 -0.0068217172498192726 -0.12050927223893262 0.041733147592089674
36 614 1 0.48896963842971958 0.39787406319331431 -0.52068974481795982 0.57574917470488818 0.011608666274979104 -0.074985504814474219 0.052178238307388866
35 599 1 0.52063952407135183 0.39115966248174777 -0.50030689742157142 0.57063264261197222 0.03964099153900924 -0.033017626694404584 0.05571672312000709
34 584 1 0.53204550852745347 0.40423832844187968 -0.48818615489550599 0.56142072355998729 0.077161483153575475 -0.0041097467995755846 0.052358308726271376
33 569 1 0.53267704907763092 0.41642859716724834 -0.48044697953354493 0.55858131431722491 0.11991482013460514 0.017750925185466841 0.055201638290123263
32 554 1 0.51581201514083186 0.43101125013527242 -0.49747593689187891 0.54834748062403948 0.15272959938217681 0.038210434705930343 0.056840133070220164
31 539 1 0.48162974667596464 0.44013956592396125 -0.52871914100379236 0.54292358537949426 0.18237094778763444 0.057423261203044147 0.070035997909559597
30 524 1 0.433755212527413 0.45601612912362388 -0.55627152179556305 0.54264878109478287 0.20322957595350635 0.08041945151601515 0.088760142307223039
29 509 1 0.39773821960866551 0.47463489558865241 -0.57217885600512308 0.53771496286856912 0.22659550558693567 0.11460227015476739 0.10974427573237122
28 494 1 0.36647511018055562 0.48529990998709366 -0.5862643382742373 0.53523276866475489 0.24979914766803304 0.1579160080086105 0.14621613829112226
27 479 1 0.32741896594514613 0.50246279948186412 -0.59607197773596887 0.53387840678771614 0.25645711458897336 0.20047875891111278 0.18896712768461355
26 464 1 0.25080428643387054 0.54955776143613555 -0.57955124388235091 0.54699527645686352 0.24236470084635214 0.26763033849817319 0.22934578103766404
25 449 1 0.17541325318536319 0.63483010714376253 -0.52700530234167342 0.53710924119263481 0.22379901631995694 0.35485016311120848 0.26070826801150682
24 434 1 0.090978250335071217 0.66500620747547423 -0.49591950069297208 0.55095694098313053 0.14769699990327775 0.41923698558794209 0.3168183338600068
23 419 1 0.039018101772032979 0.69038527387188364 -0.47855920692224602 0.54113477695016299 0.086197977671250106 0.45518739822693155 0.35729790708142051
22 404 1 0.012052321623107898 0.71442715006809354 -0.47619925188309647 0.51252596158151253 0.061855708391990526 0.46636564094849914 0.38914655187027614
21 389 1 0.013495573615465689 0.70777589848309264 -0.48731451057759129 0.51126873051240218 0.050500108698683863 0.47858428511571471 0.39968582414642051
20 374 1 0.056295953049101434 0.68641024592368671 -0.50243262317436443 0.52271713108659867 0.074151495374365745 0.51200026196257431 0.38074153147590017
19 359 1 0.11703446273669711 0.64855955490300721 -0.54929489092244721 0.51375924427930519 0.16173069694515629 0.50942691574721088 0.35753201829414072
18 344 1 0.15684718810470455 0.61647570257897366 -0.57711802699283554 0.51214397451625371 0.21457584097949936 0.48108122817906002 0.32106558887349274
17 329 1 0.19506624425178082 0.60284347365463997 -0.58821446765774432 0.50252626465054395 0.24387918172377895 0.4483333909730432 0.283207898061062
16 314 1 0.21042347530989786 0.59337936016610748 -0.60564402345972734 0.48663971561605929 0.26114802602619658 0.39941035338600345 0.26989733357651391
15 299 1 0.22365420567678046 0.58528672661452152 -0.62207406720121017 0.46951261841157266 0.25842074016363736 0.34336369932044908 0.25600305573490467
14 284 1 0.23090080270009419 0.57009191328017539 -0.6181916869376417 0.48940685316635474 0.23287856060241666 0.30658934557477235 0.2306179339861264
13 269 1 0.23731728991132328 0.59010423602896844 -0.60915675438782924 0.47369351179164182 0.22689696829969286 0.27302599423109469 0.20429089278742824
12 254 1 0.24466077661571761 0.57418391003463443 -0.61008460107618911 0.48810933342115065 0.20410856925939391 0.25075004512969173 0.18402271952635071
11 239 1 0.24175691618801889 0.55555980401706917 -0.61090008982085175 0.50961551967404839 0.1703938710437824 0.23432341087547509 0.1677119361391381
10 224 1 0.24385720494880953 0.55642384319047888 -0.6125332110102778 0.50569678240337901 0.15535401712434013 0.21132070369621497 0.16153176470682434
9 209 1 0.25215157390925003 0.54648281045905667 -0.6144885909537815 0.51007832068761272 0.13678908869526074 0.19947800547254846 0.14998902096132072
8 194 1 0.23952487031159619 0.55485551133437172 -0.61658423172932153 0.50456623274536361 0.1140591900537838 0.18086020805053807 0.1364317563025593
7 179 1 0.23807304520849915 0.55438418068087048 -0.6188023385496656 0.50305374579801809 0.095543065667019145 0.16697317793510824 0.12017614293123396
6 164 1 0.25212647603891986 0.53475077460384957 -0.62129010452682076 0.51426885493662866 0.078163315849975296 0.14972036689636101 0.10166316560287615
5 149 1 0.27412913258953003 0.52393104289906556 -0.61651163478971038 0.51986814205270204 0.067252449997897326 0.12671709966479627 0.082527754486608609
4 134 1 0.26854858357805184 0.53007308370650108 -0.63116657492012662 0.49853078028512843 0.060091333011501866 0.10254970021189043 0.067397926035643554
3 119 1 0.26686683357396024 0.53056884524455328 -0.62917536449652534 0.50141515165054029 0.055007423630555538 0.084052320570441902 0.046324840421151994
2 104 1 0.30150749611352423 0.50227841541046458 -0.61866767953118118 0.52350733089767698 0.048853871575555284 0.080686990122731964 0.034856534675920536
1 89 1 0.32665547607439449 0.46644991513662748 -0.61018477749840105 0.55081322962404489 0.032262853507167136 0.08012808264899432 0.033014033046195185
0 74 1 0.34876542180170461 0.44427077524116149 -0.60510966128472965 0.56109576423457008 0.018203173596684625 0.077064495234658817 0.029592952176650797
