18 852 1 -0.30600291856833589 0.7216275859054786 -0.56026824381690121 0.26779719202825258 -0.53233433500613903 0.86297132664322562 0.24983057196905642
17 809 1 -0.16518073781458728 0.63207521983220682 -0.6242229703060318 0.42841793108063414 -0.29168283953515822 0.75117602938771666 -0.012507174552482226
16 765 1 0.10802166923599542 0.56742284781983621 -0.67286276486872953 0.46218863075664784 -0.12781809816820461 0.61936652989487384 -0.30733091195016998
15 722 1 0.25594136505224668 0.53184042556682398 -0.71245972050929507 0.37952724018166273 -0.44250236698790429 0.52248729084184808 -0.56653732364099985
14 678 1 0.23947890228151808 0.47985434578450692 -0.74647761492923914 0.39390459835259167 -0.23089117176644883 0.46687476384403787 -0.53216868951262519
13 635 1 0.26331294368358049 0.37650680119827284 -0.69862656197934403 0.54847957959896176 -0.18037921309040683 -0.083576857018551651 -0.62016188925801452
12 591 1 0.38288574035884076 0.32504627287913068 -0.62940653220794429 0.59295096553696425 -0.42566492616083107 -0.077893533426193998 -0.45878143164668034
9 461 1 0.12947603068490168 0.54351392577145929 -0.69346158785941325 0.45490613991688483 -0.54571664425432054 0.89086057946263941 -0.33926226118250052
8 417 1 -0.0059090853852249514 0.61325743511340336 -0.66330414952909855 0.42884496756464269 -0.22314333013651574 0.9041366917206527 -0.031587087646693102
7 374 1 0.00046551974052070158 0.50521680603979768 -0.70781989554710667 0.49370715779093149 0.37930911391315425 0.59373347815697963 0.31142028062587773
6 330 1 0.17098073675026068 0.39892204360615768 -0.70041455235651884 0.56660942953029136 0.5456594139214942 0.1199203399326334 0.25258897886208453
5 287 1 0.18926410420360229 0.37220819657671411 -0.74713289170541697 0.51713885890833977 0.51355126511454319 0.10935137829600472 0.005590947565734845
4 243 1 0.014880140809371199 0.48699385312252785 -0.68489403281550987 0.54178937996612153 0.22697988980116443 0.58735800749923461 0.022625224698991406
3 200 1 -0.10994509511581614 0.62721568202821165 -0.64857769548951827 0.41696467139478982 -0.34444001798564461 0.74841146968137906 0.035107219213207884
2 156 1 -0.040997506829012251 0.54752398666318436 -0.71982716745391917 0.42471818592747534 -0.22296800376987239 0.65622896313378321 -0.018904735931280399
1 113 1 0.096246181920607549 0.50651744234599627 -0.70614411968130197 0.48532178531825132 -0.10797918845046887 0.47422399425199691 0.030733789408273045
0 69 1 0.21586570293685864 0.4736661662151867 -0.66275564195633052 0.53832826447590076 0.0032413633955068639 0.26351245544817004 0.087046679807797997
