19 883 1 0.54861063164151813 0.36169812291096687 -0.60680948761951692 0.44719468743212604 -0.70806061980741142 -0.36307752539019594 -0.36519392433662845
18 838 1 0.50573757300607036 0.40837424326831551 -0.53578152519383071 0.53888601943818615 -0.64882428765838474 -0.30699741338661324 -0.22875545647510409
17 796 1 0.28227540948930685 0.52670966586247203 -0.66306260808212458 0.45082757108235771 -0.67960807993571526 0.36541289834160973 -0.30537320871425605
16 751 1 0.086548843274847215 0.70697262282690432 -0.66188158519427576 0.23369162475738536 0.16878583579437845 0.86674753330690535 0.21749666147401847
15 709 1 0.11240993546549824 0.77457670771348075 -0.61940149465773076 0.061128705958465993 0.056868134681044194 1.3751382794272837 0.51191800017778322
14 664 1 0.10591493708288982 0.70006328287381658 -0.68610560785952557 0.16719007428185798 -0.76713287849089962 1.2400804680148902 0.49926363448138228
13 622 1 0.10685121731220656 0.62657462168940048 -0.70249773749183519 0.32013120690200914 -0.84780156939527529 0.88183814547552797 0.037529498075542483
12 577 1 0.29189812487351657 0.54120004354928708 -0.69184470048537283 0.3784823747123236 -0.76917944087857693 0.29281078393520504 -0.110220791009267
11 535 1 0.4666956704639636 0.25631667928871976 -0.68390109056105808 0.49877470807769558 -0.55362762637875274 0.073359778531658204 -0.2532175584073123
10 490 1 0.43083440111549565 0.28411659933189737 -0.64512491106168646 0.56344771356992984 -0.22828794651750089 -0.27136664027831914 -0.31009248444704174
9 448 1 0.38546517824568571 0.34423561046185214 -0.58871605774314284 0.62155598638043075 0.63692127980976843 -0.4701935600752753 -0.10670504651928019
8 403 1 0.39393906775191007 0.24273465918344669 -0.56273123513902168 0.68500033075084221 0.36140961203383126 -0.81883828510493717 0.028026233595572079
7 361 1 0.52641055026471217 0.19501429613516746 -0.48651842605142048 0.66944841323686544 -0.057507358965912254 -0.56653986685341806 -0.087901035513456127
6 316 1 0.35716872918723258 0.35997793359372521 -0.62664852724061137 0.59174150566234729 0.11149927821247722 -0.084490380046323602 0.060662773643229355
5 274 1 0.32064402633387157 0.28924391447693176 -0.6800999518480908 0.59244360221939218 0.45756424127168388 0.07974039743347161 -0.053913731003122217
4 229 1 0.074910709576505988 0.48352570369596631 -0.67901359149199025 0.54729500456811564 0.4990754901344745 0.95931534810628361 -0.019035352977787485
3 187 1 -0.030674493796090434 0.58585155397174082 -0.6949250015414643 0.41583202663076091 0.16735772462606219 1.3605053462590089 0.38995243926599593
2 142 1 -0.074508139277293495 0.6240742094786611 -0.69484176803925557 0.34953517080989299 -0.23196540569962437 1.1910261882257256 0.41977684165720475
1 100 1 0.067549781692951005 0.5782755305930023 -0.70036332659419376 0.4129475129753552 -0.054150644259986079 0.82901309168526194 0.26602081645346809
0 55 1 0.2098564474076397 0.47431753076601318 -0.65690081525158406 0.54723346974694553 0.019000074905770284 0.39430211720095049 0.10400520892648486
