19 868 1 0.28860440783574065 0.30287279540353529 -0.66280639129465235 0.62101791700496844 -0.06717692583566201 -0.38107247266897476 -0.76159588532267342
18 823 1 -0.034869715589418496 0.55088424048467377 -0.64207189900015882 0.53202850772742183 0.25524839874638588 0.52306112978379427 -0.74571468270310581
17 781 1 0.19909599775563647 0.280949558141246 -0.66814093981135625 0.6595572863716419 0.688536419224546 -0.22798868879292614 -0.54195378159647256
16 736 1 -0.54536396084715288 0.13039598064742641 0.48877310048250927 -0.66833815893215032 0.0044986300829282684 -1.1125199647506161 0.21451267261896795
15 694 1 -0.57138716110320853 0.13777879842932547 0.45502035840816318 -0.66894707433689704 -0.43818604677911321 -0.97231827279317506 0.25518232396820972
14 649 1 0.49685887783409016 0.063900216414687114 -0.48067745282181784 0.71972022634377453 -0.50841851294035978 -0.90853953052931891 -0.1844283112703696
13 607 1 0.40134193943382057 0.19375084621737379 -0.53768417018472237 0.71573807386104438 -0.49688606140418257 -0.57535942376646609 -0.44944552158672996
12 562 1 0.31755980138038559 0.27941779785734899 -0.606900705495651 0.67286922983346553 -0.58431296845332625 -0.36741969238109629 -0.61414646155181285
11 520 1 -0.056504807922175368 0.48718961947568201 -0.76992773439668583 0.40824596160109755 -0.50853034765080241 0.54833143083077707 -0.71552541271917491
10 475 1 -0.061083509375568223 0.61117712678509495 -0.74805334345950003 0.25129170283983571 -0.98765746959785494 0.76982670495782257 -0.40525314021612668
9 433 1 0.061747808925485474 0.6224640946971618 -0.75573273449395395 0.19389093047390121 -1.0317353837993009 1.0403248860388377 -0.2420605962186782
8 388 1 0.037968590922597641 0.6575611230652495 -0.70609771418902734 0.25999571833695867 -0.73656799827433528 0.88170198688421197 -0.23203019525972982
7 346 1 -0.022310317274581472 0.65904187917630253 -0.71719850390584861 0.22537159809986684 -0.18855450295226767 0.92194768917484349 0.23927274803013579
6 301 1 -0.30212036105980516 0.67883315117765219 -0.65489113474023086 0.13793636914883911 -0.23828192615474647 1.0333177638414606 0.63764420092572538
5 259 1 -0.49537907239166412 0.6174108187401679 -0.50351281164286887 0.34623446398425312 -0.50252460601619275 1.0655516193061794 0.25757489694504299
4 214 1 -0.21430465764140419 0.61391429615022963 -0.6908180603620957 0.31615369391028914 0.044550365642562637 0.78328283694428047 0.031788568790492092
3 172 1 0.04862701551926317 0.43931182632558441 -0.74668514699050514 0.49709337540942627 0.24997814294883974 0.10480813506100828 -0.1387754794407543
2 127 1 0.24943740197480507 0.3310142559201914 -0.70504162370369716 0.5754362290635826 0.071856608016816328 -0.39955101306214758 -0.31289603741180666
1 85 1 0.38508573325509071 0.32718998009497596 -0.58959757745768271 0.63010347691856938 -0.26106519758044766 -0.35249493378309676 -0.20391184539081778
0 40 1 0.30811469378207756 0.37264213854310879 -0.62258316451413998 0.61529941924330989 -0.12867934701908107 -0.10768894232096737 -0.095152395197685161
