12 1594 1 0.50776387026665371 0.3434217181834216 -0.53406280742482803 0.58224933942194101 0.025321406086987335 -0.68944629516391176 -0.16818537883504145
11 1466 1 0.49833481713411137 0.32046524082523659 -0.527533801950135 0.6088288160515819 6.405079617462029e-05 -0.70884189825543409 -0.12016063435727209
10 1338 1 0.58414065121804049 0.44884251777864947 -0.45844932590683612 0.49713610752414022 0.31736068997712436 -0.49076631013683186 -0.087556840209163725
9 1210 1 0.52102746017713852 0.32593344749033537 -0.52326337789642263 0.59033313552675526 -0.041699341910736286 -0.50073095675277868 -0.079292625199396824
8 1082 1 0.51735159765738925 0.29071786959552059 -0.56358952769021442 0.5746279570096724 0.06070221345391167 -0.39094271051602425 -0.14870929989750162
7 954 1 0.45590139733446866 0.52126811022559905 -0.56439136627572928 0.44932823063293931 0.3271756264880567 -0.14754384030538489 -0.11656856619856447
6 826 1 0.21650793416649966 0.61212870411196807 -0.63012663248233269 0.4258675745834995 0.32854323985584261 -0.30318603929657573 -0.27438495956815179
5 698 1 0.47074754779083072 0.36996074329383333 -0.55913119198296379 0.57349638605845088 -0.038209490512408191 -0.31040106748736906 0.0074955408226810615
4 570 1 0.53751409808883022 0.41496354090034193 -0.46761969791084579 0.56587602193852571 0.1397251226528676 0.011878919388805309 0.044914671936610334
3 442 1 0.14099861909238537 0.65063280304655724 -0.49933499860217856 0.55449157269049865 0.22557611188936505 0.43107858204061761 0.29156626394340385
2 314 1 0.21024248580111143 0.59085030963935947 -0.59805343038474545 0.49902515284129745 0.29851315755699154 0.4324901910927354 0.28130229559416564
1 186 1 0.23793954401368922 0.54956732651162354 -0.61064329131483064 0.51814601976432695 0.13304361335739584 0.18969322542812617 0.13128908182645938
0 58 1 0.38371544933015622 0.40539165444708941 -0.58023022690365089 0.59308763622026872 0.02502489921127753 0.079515968736658268 0.022110557606223647
