19 883 1 0.54694808153824059 0.36074202563684188 -0.60574797872788977 0.45142261054154359 -0.70727257249572451 -0.36372352055015117 -0.35763367618592862
18 838 1 0.50373063444769206 0.40719838837379296 -0.53454175510774204 0.54287202218482966 -0.64845840493191242 -0.3064095955956127 -0.22051737160349622
17 796 1 0.27979278116425266 0.52489514215703548 -0.66330613063845389 0.45412120233012732 -0.68091757732383396 0.36576391801674918 -0.29644136853991337
16 751 1 0.084300856499002375 0.7047065037434308 -0.66331064535696116 0.23727852185011664 0.17361828223062045 0.86367249432525828 0.22469476596536894
15 709 1 0.11044618355570991 0.77280833616154021 -0.62156851594232032 0.064973041228435377 0.06292705575556462 1.3737267745010686 0.51667667513100102
14 664 1 0.089169841683635662 0.69879276095048726 -0.69158968400435816 0.15950274466623665 -0.76608548703400769 1.2473927948440671 0.54665617494565111
13 622 1 0.10441251600681394 0.62442582455387841 -0.70353633235599156 0.32284213663401456 -0.84997440350884368 0.88050812087345354 0.046998144444717942
12 577 1 0.28978721771542215 0.53925662455986034 -0.69227161440462537 0.38208071556501533 -0.77009432112994458 0.29111009845777897 -0.10106020999956865
11 535 1 0.46530436606193443 0.2545053085619009 -0.68264526227097855 0.50270701281810248 -0.55488861671195588 0.074804523001727616 -0.24465364277821533
10 490 1 0.42908801082070885 0.28256667999291823 -0.64358575935622042 0.56730672539780813 -0.22919129576018465 -0.27045671533385796 -0.30196970232757447
9 448 1 0.38318382135766504 0.34266742582921289 -0.58722402234537352 0.62523366984339412 0.63904696880112344 -0.46947127386171239 -0.097770043373477167
8 403 1 0.39167723557392653 0.24110283065344212 -0.56071406576215399 0.68851877580828513 0.36177606034765286 -0.81758035837631027 0.036636130231886527
7 361 1 0.52424805018516751 0.19412606177367761 -0.48430869310383839 0.67299639211614226 -0.056334212295238197 -0.56269821476416537 -0.080900088100515674
6 316 1 0.35501811648778908 0.35812330436268119 -0.6253881970639168 0.59548252603326712 0.11165984753791479 -0.083617618954117831 0.070400456543098483
5 274 1 0.31875934252125604 0.28711358102380691 -0.67866919521531177 0.59612615830284077 0.45757729281316051 0.081050159694142213 -0.044731045188602596
4 229 1 0.072444870799973776 0.48070043251851047 -0.67871679832968845 0.55047465203802914 0.49903109806001028 0.95989915925462233 -0.010024006583378068
3 187 1 -0.032964187420221995 0.58278031232063954 -0.69549536532358536 0.4190067621561675 0.16790180553660974 1.359632724008756 0.39862997137462042
2 142 1 -0.076580973631902347 0.62097514044946978 -0.69580773357045866 0.35267099019467585 -0.23192590706768457 1.1885863956337688 0.42726797646838605
1 100 1 0.06534145263722882 0.57558082686113965 -0.70081886671049587 0.41628130198186875 -0.054064769305072931 0.82703092920495369 0.27510405875212574
0 55 1 0.20748976485632817 0.47203001009268591 -0.65638779044731321 0.55071838139239415 0.018383826563058422 0.39435740118404916 0.11383736819088372
