19 867 1 0.52304756104878336 0.39798382818632116 -0.59093443967244974 0.46778906506254286 -0.65829970802816573 -0.39486808768725407 -0.28860334075212524
18 824 1 0.44002611916392464 0.44367994847157416 -0.59416960411525122 0.5064460477911964 -0.66639369054055919 -0.12411848255474413 -0.23033303653760642
17 780 1 0.17359651581272831 0.65748751448395204 -0.65406109265746493 0.33132839459834917 -0.71122304605427222 0.49342910443457827 -0.089824299329427371
16 737 1 0.039495643599189695 0.7472097958057774 -0.61963694188555596 0.23699720555164858 0.051165751633745753 1.1924316507444683 0.35522417395918338
15 693 1 0.20022208564812222 0.71152152053099316 -0.6716737218735187 0.050026528807771149 0.023399228671462227 1.4754844825111935 0.37148964210404206
14 650 1 0.015506888692743382 0.71198131435542056 -0.6785158873158158 0.18016196899409648 -1.0413257219290557 1.0881802712888018 0.54963973948365064
13 606 1 0.16971476140479008 0.61668090676480314 -0.66602475771346781 0.38381321121838929 -0.84730985957316396 0.62514242835341738 -0.13684642559827717
12 563 1 0.38746000830946231 0.4069607485979817 -0.71055375389042263 0.42352220000093316 -0.62740415246928183 0.18502320161025468 -0.25655892616327564
11 519 1 0.4363364121774948 0.30690417173130957 -0.66934681946823982 0.51710269777844109 -0.54863942221099971 -0.086648825864855575 -0.33467506482394865
10 476 1 0.46195661378390712 0.33962818847994575 -0.58501347912434376 0.57359219818087437 0.033638114915883373 -0.38733735369811756 -0.28154060792453239
9 432 1 0.35162541542707287 0.23796389303444129 -0.6071013333504075 0.67168498857856629 0.57146160676575286 -0.68359057550373636 0.080459739362197011
8 389 1 0.45349679955035227 0.28507312994673678 -0.52631253926599264 0.66035526377196507 0.1769487484535589 -0.8583922433460196 -0.090985211843319549
7 345 1 0.49229740471479788 0.22794558048811436 -0.53858290209365867 0.64468018056970211 -0.046528573250978394 -0.30460813299453193 -0.15641264461186058
6 302 1 0.30544707489096734 0.32646033160299792 -0.64791554996867518 0.61670996135866141 0.16757827654399984 -0.043049353899027497 0.11386791328313735
5 258 1 0.22778541460294616 0.36379465829155133 -0.68582025281976589 0.58772258108305631 0.55905969957359325 0.43188832014488532 -0.076109381097724263
4 215 1 0.045758016924950629 0.55546437959594586 -0.67497541402167804 0.48350151742621394 0.33964390404863293 1.1994435242142958 0.1049498218559847
3 171 1 -0.04782604374564129 0.59105807985977554 -0.71503087154261236 0.37026189179164437 0.059426676418631967 1.3245292349711444 0.43160008174763709
2 128 1 -0.017887004237238064 0.62078603383458286 -0.68548520243067335 0.38001946334881881 -0.18992989566428081 1.1068342833104381 0.3165056384013249
1 84 1 0.13462695340572933 0.53461001371190342 -0.69002153808213162 0.46897547232069542 0.016881123135979965 0.6459589886047159 0.11680492656476298
0 41 1 0.2689011834322016 0.44974797143768097 -0.65022442425504556 0.55011554589799305 0.0439981313167013 0.25430379160720212 0.14558506052115794
