19 881 1 -0.21498250393536725 0.69162928562805115 -0.64566162630044888 0.24197627690823542 -0.25624041170231932 -0.34338218774555274 -0.59294718906662292
18 839 1 -0.44583017987647755 0.7211969961251028 -0.51133669431139328 0.14016108069693531 0.40659999980610007 0.32072865635361375 -0.68492592595741475
17 794 1 -0.41347664265885697 0.68087194289562691 -0.58033251869599811 0.1693063232636427 0.56571163479789133 0.093913005959568654 -0.50978433572653303
16 752 1 -0.16215718670764712 0.50418514880013676 -0.69103192846992356 0.49191183799902988 0.68232375580105376 -0.81922021735879991 -0.12534137028080999
15 707 1 0.20915191311041018 0.29456519934251091 -0.72090492288153163 0.59142447763322692 -0.42881430528536613 -0.96325665448764486 0.43623688156696266
14 665 1 0.038483156264274232 0.41730354812413872 -0.7214981115925807 0.55119621767142435 -0.39309029688353753 -0.92404107776019373 0.020424037679004366
13 620 1 -0.08344499762375665 0.60659260919209534 -0.60096834882416117 0.51373084641342937 -0.31497732004651746 -0.62673787469812703 -0.40371440426220984
12 578 1 -0.13675359796046532 0.63916473980847188 -0.65105261525558122 0.38587223403518434 -0.41439629487028223 -0.48689503585208832 -0.51120629080168256
11 533 1 -0.4356074799668927 0.7059343054779017 -0.55621214851973289 0.050308305332104994 -0.47579609006230333 0.2163382449976663 -0.77244886665120494
10 491 1 -0.58960135298713467 0.65695764538142254 -0.4365901911827022 -0.17368333740946193 -0.77026753454363817 0.74694301211208347 -0.35197738264213935
9 446 1 -0.47334984990333756 0.63048860352875147 -0.55256281012848085 -0.27036712314882 -0.95995313440530305 0.87200128952411515 -0.26007293488227534
8 404 1 -0.44254403918847646 0.61470424424907322 -0.56580450483623279 -0.3258200849977631 -0.83259840327010237 0.93388226555687981 -0.036910499940453763
7 359 1 -0.47241265697380069 0.64630313299598796 -0.51835891649903099 -0.30070346771607936 -0.34815261414586707 0.92355110594809831 0.16070742896182585
6 317 1 -0.56946135000382303 0.63415294644480502 -0.42582423214346171 -0.30370632967823857 0.025786417835213082 1.0564249490028959 0.44999132955610022
5 272 1 -0.72974073678209717 0.64193194433481671 -0.071171887494118541 -0.22435774636452419 -0.51063206700131936 1.0276670850480418 0.53889543694708208
4 230 1 -0.68003021367734606 0.64429993812477004 -0.16561847020500625 -0.30823208876642649 -0.25730287874842672 0.86726132847319615 0.40854820055657132
3 185 1 -0.55274624418053464 0.67129519392919923 -0.49347278927727856 -0.017859406338804947 0.20570182511887414 0.31012246163812196 -0.015707934566028457
2 143 1 -0.31095246964420642 0.65215017078081428 -0.66822055236546107 0.17745424697403528 0.28433710986232796 -0.31735720304193571 -0.16505971244641129
1 98 1 -0.15211061555791328 0.66523200255166726 -0.69741718268159059 0.21894752046132951 -0.18735719148029761 -0.37227488378321577 -0.2316113512069006
0 56 1 -0.15887765840821566 0.7073789155684912 -0.67220459011880218 0.15004648776656221 -0.12882527470110233 -0.043562979921706192 -0.078931181375914705
