19 867 1 0.26786466325544717 0.29232524118394154 -0.68607611428591808 0.60999511551497876 -0.021197864428848558 -0.35679008574503468 -0.79061100652721894
18 824 1 -0.037489899804191859 0.55105236048647432 -0.64614781578652081 0.52671510664614973 0.29050454317386215 0.31483924681340847 -1.3627174423528698
17 780 1 0.20131044332616493 0.27332806427107298 -0.67412266001196608 0.6559912453288097 0.6043104886909012 -0.25648397736976825 -0.49824237503920998
15 693 1 -0.56589359081789481 0.13334902857297559 0.46285755328924072 -0.66913777790001561 -0.43564535551816397 -0.9971664466102288 0.26435966954711965
14 650 1 0.4907138701354149 0.053288505152750076 -0.48651811536362871 0.72087471609034226 -0.51785303812907824 -0.94106780929994438 -0.16321532256030719
13 614 1 0.3734212927048316 0.18459459761929606 -0.53713656535260867 0.73346143923564633 -0.46757959431571128 -0.61295200807492245 -0.45584043262224222
12 563 1 0.31658511594960764 0.2665856861143826 -0.61215448910298054 0.67377504984168601 -0.60279170335290722 -0.3747897344544549 -0.61878014831120642
11 519 1 -0.053210561511577895 0.49354654616802346 -0.76737439399236518 0.40585340007703302 -0.55510503583850268 0.54656168638433777 -0.72130890707447082
10 476 1 -0.064813114377149081 0.60766884372882701 -0.7501027577578202 0.25275222920899859 -0.96674071066666201 0.7364385611586759 -0.41992246484888968
9 432 1 0.052536343011234013 0.62294279875353331 -0.76019538332596648 0.17687617508869763 -1.0275606109083115 1.0445310297799539 -0.19640049032377699
7 345 1 -0.026749358194903358 0.65764255637716429 -0.71975196308160638 0.22078915625103285 -0.1832741045721113 0.95794319550919738 0.2756030915617349
6 302 1 -0.28770368899166476 0.6775655564681935 -0.66196248845343519 0.14119903650192037 -0.21721202939702849 1.0603736408716675 0.69167680318061819
5 258 1 -0.49975991692045429 0.6229515010695591 -0.50101075316972188 0.33340617565238934 -0.53552147692813346 1.0932925795487696 0.2667704112782518
4 215 1 -0.22208386808207867 0.61838256266433456 -0.68810018255670824 0.30789592477948979 0.034881413421373873 0.81377881322730217 0.061109896944913297
3 171 1 0.05153735491159555 0.43424420162261124 -0.74949327329366522 0.497026868180589 0.26250388644030553 0.089811906357307639 -0.12642316497190262
2 128 1 0.24200168136852876 0.32620775529950746 -0.71113750361960015 0.57385288841561555 0.088494220074369676 -0.40752235662924641 -0.29607989479223368
1 84 1 0.37947747345000815 0.32644437722186964 -0.59591907018246892 0.62794217688978782 -0.26099417169512812 -0.34407771628929462 -0.19541168447900648
0 53 1 0.34702937741971157 0.41601152376532535 -0.60729287242776875 0.58111994493440788 -0.18463196666781742 -0.086437466664398804 -0.081113008524647548
