19 867 1 0.5188885482690655 0.39725871848071809 -0.59095889076795904 0.47297756235215094 -0.65664111934312375 -0.39528548954290732 -0.27597267462269537
18 824 1 0.43553342751225876 0.44253425376227606 -0.59425095858385302 0.51121410973158932 -0.66685570895190649 -0.1223918805448956 -0.21623335450894471
17 780 1 0.16739581449851906 0.65486737845638687 -0.65647774425096017 0.3349094343627958 -0.71007417394973293 0.49232434263427177 -0.076916434394802502
16 737 1 0.035242730190384 0.74432270869370931 -0.62231525993807291 0.23971936204611446 0.058863046622331369 1.1930715333418758 0.36944049587481992
15 693 1 0.2018442072034799 0.70716276751758922 -0.67484278557663313 0.061375491936383871 0.039667778119752167 1.4699052664865422 0.35545343250556283
14 650 1 0.0094476538225914432 0.70783954507784796 -0.68277114398382721 0.18082445964041921 -1.0399411600572701 1.0897643803626409 0.56935367838496043
13 606 1 0.16414925692300958 0.61456353999979507 -0.66794079748652524 0.38629233464774965 -0.85091290992725421 0.62655049522713924 -0.12073533820756407
12 563 1 0.38345477204437972 0.4048796324711379 -0.71102175565309922 0.42834913796389701 -0.62907372246590842 0.18545877931860011 -0.24220590674994413
11 519 1 0.43233213150051736 0.30535181466659772 -0.6687464779854444 0.52213728609830057 -0.55095236112839741 -0.084379103986807411 -0.32086570233632217
10 476 1 0.45725270828517112 0.33877324339542153 -0.5845737638068722 0.5782959147304173 0.03804303650232492 -0.38389652620241344 -0.26888566031776062
9 432 1 0.34726710771451735 0.23682628049930182 -0.60562213512162033 0.67567795451323531 0.57316184859276487 -0.68090050620999465 0.095538619512173642
8 389 1 0.44904347089240515 0.28471343604369814 -0.52516157299932842 0.66445732957802772 0.17925137444598438 -0.85557407997892831 -0.077993843627303883
7 345 1 0.48807027676056597 0.22743921304173129 -0.53704594909617887 0.64933847712360848 -0.044738308043667248 -0.29746484450417165 -0.14391682385455337
6 302 1 0.30092710296962916 0.32459316645288006 -0.64702406357532116 0.62083976688424036 0.16665697784444686 -0.039129316067947353 0.13115376085512362
5 258 1 0.22316081140785263 0.36121445113184242 -0.68539500191079061 0.59157168957026507 0.56074110611209538 0.4370636554628497 -0.059628351295686409
4 215 1 0.0411182603054683 0.55203269599794136 -0.67581059143899336 0.48667158918265846 0.34181497106492925 1.203204402780309 0.12171257768817308
3 171 1 -0.051908477189860011 0.58705136105471145 -0.71650009243900126 0.37323427899181955 0.060353030530493935 1.324865876006468 0.448030339060629
2 128 1 -0.02223256364083261 0.61701045102653684 -0.68713173494704927 0.3829540380602402 -0.18979246376159933 1.1064136074664879 0.33313209647728026
1 84 1 0.1301411371310339 0.53168690802388419 -0.69060237674971525 0.47269511684582449 0.016724824705723285 0.64607635148576603 0.13374035580632823
0 41 1 0.26422993358556696 0.44766108819655714 -0.65014005895432636 0.5541660365404093 0.04414480660401273 0.25702987240536185 0.16373508963964681
