18 852 1 -0.31273563125982867 0.72386376606354319 -0.55890561245054149 0.25659732947189029 -0.5257178316267398 0.86282160671275787 0.26334509575403814
17 809 1 -0.17114034079099091 0.6368067455054891 -0.62489370676146039 0.41796651526476686 -0.2917168305005815 0.74704156817646405 0.0028026052472270276
16 765 1 0.099807548056452589 0.57040005956775974 -0.67696224250025638 0.45431745247687683 -0.12083532078146074 0.6162507131118623 -0.29534279708130273
15 722 1 0.24705623066639343 0.53476666687288543 -0.71446552822159148 0.37752727037079137 -0.44200252930419603 0.50180098799123518 -0.56797331592500366
14 678 1 0.23417066985535406 0.4862464620033895 -0.74989109170363832 0.38261184789837183 -0.24603404456759456 0.46089554745122335 -0.51878918991553424
13 635 1 0.25409799822289469 0.38129829007749039 -0.70448849724739038 0.54197950010052354 -0.18195464123155583 -0.089348641466340292 -0.60842451466107195
12 591 1 0.37456700146834548 0.32913716871377885 -0.63659374722543449 0.58831682499786597 -0.42801446809943522 -0.080015467606388224 -0.44336066165076798
11 548 1 0.36132009850880709 0.37976074001090199 -0.66722600806570309 0.52918713223269542 -0.50326989927283672 0.30191304230855698 -0.41413066350255689
10 504 1 0.14317819037111423 0.53910446123735012 -0.73024821462956468 0.39446664080296173 -0.64205864166706417 0.78287763019279022 -0.31378390632133424
9 461 1 0.11956425534983012 0.54747763858270415 -0.69836103039578468 0.44526901455084955 -0.55529761178283166 0.89838710718075221 -0.3288428585392964
8 417 1 -0.015455125805187155 0.61565792060694591 -0.66719356125857388 0.41902173654284219 -0.21547860914469233 0.9070450009606027 -0.014241100324587084
7 374 1 -0.0086285463334800361 0.5083423800214818 -0.71068124074519679 0.48625687338600598 0.38909416645464995 0.58867534730751048 0.33085621200660259
6 330 1 0.16156906629788353 0.40277262739051239 -0.70502714250160503 0.56089783006943017 0.55500433322898535 0.11284861997705695 0.27447691171897437
5 287 1 0.17935469263007414 0.37541419972042128 -0.75172807922509344 0.51166489794043823 0.52176069987456741 0.10027751153292769 0.023510639473172733
4 243 1 0.0057123884370559987 0.49091780421433101 -0.68730966011025885 0.53532467647479554 0.2345574643208293 0.58272262847092071 0.040579469943825892
3 200 1 -0.11741038735142008 0.63096668386568611 -0.64982637786451569 0.40721189008305314 -0.34225010740659467 0.74528716706235942 0.050804252791370907
2 156 1 -0.048931877565787991 0.55119617650770614 -0.72187174313469271 0.41555942153301323 -0.22358113884250186 0.65067913183151027 -0.0036424380393398508
1 113 1 0.088378857444240178 0.51058424700893557 -0.70962680950285928 0.47741250035787897 -0.10758753721364468 0.4686912467786023 0.049172934382153269
0 69 1 0.20857583383616096 0.47836525591548928 -0.66756283038303799 0.53105806741207306 0.0050231258563656865 0.25909943180065942 0.10876811812160006
