12 1594 1 0.50406003860683857 0.34793828052456949 -0.54283946836130881 0.57461964986805858 0.00082186329085014165 -0.66282832834513339 -0.16135265143678582
11 1466 1 0.49434042309388676 0.32589148573471416 -0.53416664166322703 0.6033972858367922 -0.020115519327967554 -0.68353176432728702 -0.11418234154967444
10 1338 1 0.58113804647701983 0.45215481347005659 -0.46883041532565711 0.48788588548789097 0.28149318697689757 -0.47094039153374789 -0.076913235949294917
9 1210 1 0.51838034387293641 0.32911323686564126 -0.53108932826436206 0.58387534783522521 -0.063100929159429386 -0.48579894975948268 -0.07490787722237896
8 1082 1 0.51195976240869945 0.2953678134693245 -0.57478408653139534 0.56593136537132116 0.035992402557126824 -0.37163328856393796 -0.14618218736336078
7 954 1 0.45213239706561104 0.52460705122848361 -0.57225645258183122 0.43918821683136988 0.29089803710475942 -0.14660578286349449 -0.10859501131009028
6 826 1 0.21257720847402889 0.6144827212018199 -0.63358322318365889 0.41927820725861942 0.29983129139195186 -0.30485866210985385 -0.26875732151383724
5 698 1 0.46668334171111947 0.37389195347781856 -0.5670064864017359 0.56649369817522366 -0.058001628021154363 -0.30345675275017275 0.0066798217181585143
4 570 1 0.53432829896899459 0.41958210019253622 -0.47764575549541188 0.55704457844605093 0.11187242957436336 0.0076574219834880559 0.046038922255946628
3 442 1 0.14095490352401896 0.657774133300982 -0.50296199597517655 0.54267313858099075 0.19839781720170069 0.39278839467525578 0.27020091454216433
2 314 1 0.20794541024896035 0.59656664759629519 -0.60253496296295483 0.48766644311387697 0.26481303855360117 0.39963784027132232 0.26079947748571985
1 186 1 0.23422476455302177 0.55532934499581554 -0.61558379533056218 0.50774468897569058 0.10777151005103368 0.17010589642349788 0.11841772141617979
0 58 1 0.37967055558469737 0.41124754993602319 -0.58793944293704414 0.58399737442261146 0.0026917977430057408 0.069091656910050495 0.017351111948425649
