19 867 1 0.51983690130979665 0.39844174865215221 -0.59086674830414643 0.47105228448244335 -0.65854739796068573 -0.39649831937846841 -0.27595413338496844
18 824 1 0.43677907259088844 0.44400497156743901 -0.59411794591683187 0.50902602419680443 -0.66996330047676067 -0.12219668300275556 -0.21596520751163012
17 780 1 0.17115897468784472 0.65379814678253279 -0.655105570115884 0.33777104767974742 -0.70816104763882071 0.48943024012594893 -0.088003052239131518
16 737 1 0.035731810846625842 0.74591902779241204 -0.62100221752533313 0.23808462255984245 0.058348493820181355 1.1956732356564952 0.37152748736978702
15 693 1 0.20013934418398691 0.70875695120197613 -0.67417001309570779 0.055701171217638526 0.035753194383061626 1.4792021060946767 0.36984147678352891
14 650 1 0.006490001319920574 0.70629299323415962 -0.68469621337992415 0.1797197345156962 -1.0341220754841869 1.1041458314092185 0.56644342428646499
13 606 1 0.16523350986778393 0.616324805945062 -0.66742418978055029 0.38390958791013624 -0.85438384350740937 0.62899722955188253 -0.11988580152249967
12 563 1 0.38431393746810816 0.40680985204779285 -0.71067614263334156 0.42631908476680491 -0.6324758202125651 0.18621121885991793 -0.24203103876021131
11 519 1 0.4333828315441412 0.30711469114253742 -0.66886922607741428 0.52007100112754534 -0.55388253460832992 -0.083929044770310907 -0.32136232751266203
10 476 1 0.45854511598038311 0.34088662272008557 -0.58459998194504958 0.5759996077870877 0.035404686015013995 -0.38356957000021558 -0.26908781346045058
9 432 1 0.34883816339866869 0.23895641081899843 -0.60602169020226659 0.6737577313022346 0.57212922371520591 -0.68169167083448723 0.094776839707095578
8 389 1 0.45063736889643724 0.28640456821870858 -0.52573218032677549 0.66219639052656154 0.17747723755996325 -0.85636710009814598 -0.078819984188073663
7 345 1 0.48942654810220393 0.22888713159140298 -0.53756741726228074 0.6473743946918058 -0.046274544483797073 -0.29758815650613391 -0.14436367358914143
6 302 1 0.30213997782741564 0.32646517470938391 -0.64720476297938279 0.61907828121912112 0.16568551797574319 -0.038723981845864106 0.13139731408715544
5 258 1 0.2243804395541926 0.36341558576405159 -0.68518361600945532 0.59000503618312117 0.56022183165769091 0.43836565700537827 -0.060261965620237397
4 215 1 0.042079749535833141 0.55460104751423189 -0.67473891218208415 0.48515396851149867 0.33980247980368977 1.2063741571221758 0.12183647292205627
3 171 1 -0.051377253377812057 0.58977771646112931 -0.7151051411711149 0.37168166496598626 0.057258272184286654 1.3281624187194019 0.44979826009149027
2 128 1 -0.021604337159236531 0.61963701579210639 -0.68568392067416573 0.38134076913577875 -0.19330811220080538 1.1092634839427833 0.33459148180230103
1 84 1 0.13095314465613667 0.53379179408258781 -0.69012577340915804 0.47079083609515243 0.015222619960495573 0.64858219410925055 0.1348805593021413
0 41 1 0.26536758252290277 0.44951182201960749 -0.64997581954028116 0.55231386187882625 0.042863745029279976 0.25816433692852297 0.16440534193436768
