108 1694 1 0.11915982431393451 0.70117956969301731 -0.66795667720088403 0.21904799633263333 0.30294445599141523 -0.59234570696595701 0.11208675297111328
107 1679 1 0.054475382573425601 0.68158299718962523 -0.69724617959888313 0.21523200428897207 0.22965828106029709 -0.64672934328532927 0.04455563856829392
106 1664 1 0.017247574544389022 0.66513886481587225 -0.71532280227148148 0.21355584804510439 0.17297130139819589 -0.6780508541816751 -0.010599318705294762
105 1649 1 0.038920311307651029 0.67093781135084252 -0.70962765766674252 0.21155673031569888 0.14501380116729845 -0.69135103358307615 -0.017169274300165689
104 1634 1 0.052211014003442906 0.65483417337989402 -0.72467603700308791 0.20811260601919976 0.069257653231912908 -0.70050261349902387 -0.034545704182163718
103 1619 1 0.027984536140031397 0.64754473310603289 -0.74149189190465148 0.17347178042357361 0.0071277602204800226 -0.71491448997606311 -0.11602918936847247
102 1604 1 -0.0077530122485883375 0.63658812138561049 -0.75080648666377647 0.1760257767925168 -0.047413490438271672 -0.72334145040915754 -0.1681447406103028
101 1589 1 -0.016029633209381049 0.65470714218989301 -0.73312289902993377 0.18339144948078023 -0.064900991503830344 -0.74823797182488005 -0.17429603098593582
100 1574 1 -0.041202168478386127 0.65350328289020421 -0.72756332542650515 0.20466423248513582 -0.12178633281736713 -0.75150033546374939 -0.20604301110807918
99 1559 1 -0.06627859989369965 0.67213130808796495 -0.70646872027586949 0.21153864695574526 -0.12800826350550296 -0.76716667989221998 -0.23753538812890113
98 1544 1 -0.061151008347904226 0.66977708829791138 -0.70228478455345822 0.23335656741113817 -0.1530247251411907 -0.75153030323226444 -0.22352724028581214
97 1529 1 -0.067599433517440757 0.67137090329703941 -0.69785455301325472 0.24018836281741207 -0.14076288274482485 -0.75348930301041572 -0.22491403507016733
96 1514 1 -0.077839751563711132 0.68619845092803367 -0.68620131832359632 0.22847408989079096 -0.084624939086198059 -0.76787803662966614 -0.22926192735811921
95 1499 1 -0.041821340222016661 0.69611315311000344 -0.68450366810458285 0.21244336167706945 -0.035493873760051385 -0.78171256158581615 -0.16750156110844641
94 1484 1 -0.014133839574203208 0.65589673850661767 -0.7252301330990627 0.20890418148133869 -0.094738007297537383 -0.7648682413735729 -0.13496626906131506
93 1469 1 -0.0096018811900442924 0.65477119184381527 -0.73173674426796709 0.18906038003018447 -0.090228890926002253 -0.75801433622544123 -0.14788875144512617
92 1454 1 -0.010623335836271815 0.65147351189283687 -0.72288645502490589 0.23000995886971576 -0.059414409301742022 -0.7591551264562677 -0.10298376953793967
91 1439 1 0.0050217540078870849 0.62881826149113462 -0.74518755940517678 0.22194115731361702 -0.087509890492384113 -0.72644957459532378 -0.096924868916695772
90 1424 1 -0.0023564814322039303 0.63151190820839032 -0.7505572884140701 0.19455311252913887 -0.054966116959256822 -0.70044682930536417 -0.13373152325628704
89 1409 1 -0.053930787239529349 0.63235870062298094 -0.7617830979936836 0.13000175208544543 -0.015552084647833576 -0.66018037249914441 -0.24470001770230859
88 1394 1 -0.056045928242599526 0.65648594045488062 -0.74615340731783808 0.095604166543496474 0.05099776031387282 -0.63783874201850532 -0.24975823172157849
87 1379 1 -0.01944179496605836 0.66617250418850826 -0.74117534529076989 0.080593540713991454 0.095621622906630024 -0.62169909598841433 -0.19510410978477885
86 1364 1 0.008608997772678352 0.66535047271093295 -0.74383772419302185 0.062770006277156842 0.13294669193299499 -0.6001492894810645 -0.16022725362526469
85 1349 1 0.056122632708021265 0.66857437949685361 -0.74007466171661507 0.046346998428757974 0.18935574397956484 -0.56986764961705694 -0.11302780819850476
84 1334 1 0.10153176011218638 0.65982685735714508 -0.74382934499846254 0.032213747342917771 0.22647076616162662 -0.52878707699118288 -0.07519368909467096
83 1319 1 0.11465665403800852 0.65697623562329244 -0.74314483605462311 0.054514494920195306 0.23576844233540223 -0.49724533749549171 -0.047705197841905495
82 1304 1 0.11097463661907039 0.64025808943047791 -0.75317198950050279 0.10240196862343046 0.19575537095004056 -0.46779910768524213 -0.019813017984958981
81 1289 1 0.11768448103350984 0.62857037813846672 -0.75458772532860985 0.14712922019141228 0.15056280095735436 -0.43863871014876588 0.0013978395448323033
80 1274 1 0.11617311261363782 0.62157454387344568 -0.75043543641849475 0.19234227325671377 0.10261663917175345 -0.42571765122347921 0.020084136258227261
79 1259 1 0.091379794516936272 0.61762593975859992 -0.74795624324539889 0.22527625236934887 0.056101995763308293 -0.44594402148192958 0.014047319149036291
78 1244 1 0.055160659720599227 0.61980400407420044 -0.75109943956021141 0.22056729142171805 0.020423278144726831 -0.48612654497133923 -0.029462271386472838
77 1229 1 0.054043985181439283 0.6302391446131258 -0.74763567371679163 0.20228387886597116 -0.03800953758169321 -0.5201772536356486 -0.049961873145265956
76 1214 1 0.016169703322932015 0.64027796273786475 -0.74318093868009605 0.19355816570031237 -0.11171788331158683 -0.5501501105630684 -0.084695210791485037
75 1199 1 -0.028149800821992747 0.6230497642422389 -0.75605102340369146 0.19850297227397773 -0.19983015166676735 -0.54578940658154595 -0.11714144880269428
74 1184 1 -0.047992783031992926 0.6256346399060575 -0.7553246341811003 0.18911025124421205 -0.21509990566107212 -0.49870093242708013 -0.13557709759921616
73 1169 1 -0.075389111373692169 0.63876111588945317 -0.72752272043476218 0.23877062207304436 -0.17742517077771203 -0.49134184129412417 -0.1470715742200813
72 1154 1 -0.0031307805168566565 0.60446075064656846 -0.75206292271611785 0.26271421624425451 -0.22785371694657502 -0.44869644789537655 -0.090565243394523515
71 1139 1 0.062366596974420818 0.57426561281529476 -0.76610013834216173 0.28181552752079686 -0.25910927321349986 -0.41600942951143294 -0.037644488509464329
70 1124 1 0.06968907363378922 0.5759908428123891 -0.76238608082926951 0.28661026808215467 -0.21881868533986903 -0.41646717759286617 -0.025411606717272269
69 1109 1 0.054881649463773614 0.5946386389869952 -0.75795629049485813 0.26247886633994677 -0.15287636169059279 -0.4290654155431326 -0.050966036364165544
68 1094 1 0.010738017911987205 0.60431899169351366 -0.76163396298957231 0.2336599188364484 -0.081897102410734862 -0.43231056502231185 -0.11111659641405472
67 1079 1 -0.040861365865642645 0.59449775577913688 -0.77836308755346406 0.19762001691985115 -0.029920898421577882 -0.42815747818724914 -0.18999535549649052
66 1064 1 -0.047893444185895667 0.57312468053353782 -0.80036248665000453 0.16927554026132718 0.0041806145407990662 -0.42206043173329527 -0.21597671105748101
65 1049 1 -0.032702303058633739 0.60980219232209787 -0.7808993121941008 0.13140818021951614 0.066184884229508939 -0.40420268873836557 -0.16552095776257519
64 1034 1 -0.082525552961196791 0.63551566257652259 -0.76306097181020272 0.083948371207792 0.11654483708549723 -0.37922732085727329 -0.14817664892193994
63 1019 1 -0.092813566150098697 0.64480298169389361 -0.75631883094256414 0.059971515729042919 0.1416319963489393 -0.36786846525052541 -0.12172114101950859
62 1004 1 -0.10511759689208533 0.64190569649438378 -0.75853004787792255 0.039236897150636947 0.15779593138427453 -0.33737172140155447 -0.1196378209698948
61 989 1 -0.080447137249499104 0.65230262634191893 -0.75309821352327999 0.029540185575578214 0.17707086704440997 -0.30886643669447594 -0.10691255135092168
60 974 1 -0.07418879721193522 0.65216708103652044 -0.75438919761479573 0.0084296680038713559 0.19215647972058025 -0.27456097744911678 -0.11047281111880607
59 959 1 -0.058623884937978467 0.67727044151944971 -0.73306397659162847 -0.02202715102996191 0.22427170843538288 -0.22465931711882633 -0.11915237214881651
58 944 1 -0.078638307671364163 0.69072503795925411 -0.71510572088601509 -0.073066726071883664 0.24551193862926787 -0.19151225718013043 -0.14957169151787647
57 929 1 -0.11999524214494028 0.70771994982816477 -0.68494292762795261 -0.12484710797710293 0.27228720393605954 -0.17174567048427092 -0.17792550733938073
56 914 1 -0.17194213899202737 0.69986476515410811 -0.66723607702533927 -0.18820528380060692 0.27912235243448369 -0.17876851787355214 -0.22241568468850675
55 899 1 -0.2186606298592457 0.69220794969699018 -0.64520241801022782 -0.23822158407583999 0.28530752344058907 -0.18841379171220624 -0.27352927164291613
54 884 1 -0.25046170583221289 0.69953751688185206 -0.61352005990290526 -0.26741228932703581 0.29279781515364151 -0.18984020715933841 -0.32088108635216156
53 869 1 -0.30426309728756268 0.70439939441868915 -0.58821471720508534 -0.25543865650074288 0.28997926656495404 -0.19792023965648772 -0.3616390681763258
52 854 1 -0.31016615055557284 0.7210821584221383 -0.57992982313471664 -0.21798825677945258 0.29035646765840456 -0.23830315396528845 -0.36795977818804909
51 839 1 -0.28832705626154581 0.74978500800690029 -0.56791448057073379 -0.17934071805844201 0.30714918523312479 -0.29427393844669036 -0.3519908352167353
50 824 1 -0.27285479995886835 0.72592793605714356 -0.6220482799121263 -0.10786485641573297 0.24118865938023717 -0.39996758074709426 -0.31542077849746752
49 809 1 -0.19587584964364591 0.67979401773177373 -0.70668515678683497 -0.01043236117277823 0.081325018536014301 -0.51289825679250423 -0.19586380078975052
48 794 1 -0.17355158357803432 0.65727726306947287 -0.73242480136438803 0.037687632398393407 0.0061569727005854119 -0.54020510530840704 -0.13455006174074441
47 779 1 -0.12358460571520903 0.64907591708919277 -0.74584945275220804 0.084474214493369032 -0.031421851419922424 -0.54983332533233309 -0.056996975931510777
46 764 1 -0.079148676039569502 0.63353368717299496 -0.75626132180330041 0.14296631576178306 -0.087965076281982635 -0.50477251224694408 -0.014030606864235205
45 749 1 -0.090206132163435732 0.6291190820488205 -0.75655364140668813 0.15394356757085545 -0.13125610943218408 -0.48013730229619622 -0.043189425216406771
44 734 1 -0.086003279394911161 0.63084275668737066 -0.75616651409530733 0.15117227004100717 -0.15113712657109346 -0.4496657558880271 -0.046682856510679188
43 719 1 -0.075357753129994348 0.63848374570254884 -0.74859457842819144 0.16206749416450034 -0.1492674052675452 -0.41240874120202736 -0.032235752261270539
42 704 1 -0.055295463395132791 0.65282646106317055 -0.73898846703001841 0.15702251131693756 -0.13598027137745822 -0.38108367626637291 -0.011762927293742056
41 689 1 -0.073411435239684839 0.67115711961903701 -0.72312773376655926 0.14575720434464698 -0.10660650886570605 -0.35641728206174145 -0.027908477771378989
40 674 1 -0.069556981311590563 0.67915899643263022 -0.71684539511860357 0.14155410065658502 -0.094733097886114767 -0.32316421466612638 -0.015563628639075937
39 659 1 -0.060196309404702601 0.68063528460680212 -0.71923288760145665 0.12576194605182156 -0.090979518901339554 -0.28036594566387119 -0.0017480007335650557
38 644 1 -0.050923648675854062 0.68533491580209194 -0.71614350123974968 0.12190701710791935 -0.082670455879873803 -0.23937513060998658 0.011225407062926681
37 629 1 -0.036824638731901504 0.68605719865766457 -0.71600029310489199 0.12374589458229053 -0.074026084355717017 -0.19688049725429912 0.023242984240626565
36 614 1 -0.0016982005373724286 0.68455957529188993 -0.71499501750440753 0.14197686056183326 -0.056210929759547376 -0.15052630150691565 0.041030711331973155
35 599 1 0.034954056438472221 0.67607244901963415 -0.72208102436420896 0.14248947985105853 -0.030011491798673715 -0.10470483807579828 0.051707469808914497
34 584 1 0.050702302881876576 0.67897656634823089 -0.72129502925816169 0.12709673323854029 0.0097065402166856066 -0.074131647227522121 0.050876757962381898
33 569 1 0.056783553707273622 0.68582936712175413 -0.71611238506247687 0.11660514217597051 0.054551256781532768 -0.052709789193621542 0.055213356650266818
32 554 1 0.032819170719751774 0.68942884396244619 -0.71679154069564954 0.099099234775198261 0.089101195920213636 -0.031755712378747213 0.052101977771996717
31 539 1 -0.013440787740797959 0.69243025722575402 -0.71588104821479326 0.088735612411657575 0.12121272274145396 -0.011883094461673132 0.056590991473764285
30 524 1 -0.066620205613913422 0.70398238852219341 -0.70280652448411429 0.077675826336818493 0.14690104398843817 0.010304089249676452 0.06582852939566454
29 509 1 -0.1034569978233727 0.71425932310845697 -0.68947204199666678 0.061307195817211904 0.17475735603436582 0.04504460249624008 0.080434501209970269
28 494 1 -0.13591615795325093 0.72027555636163321 -0.67825654366916577 0.051942101277516632 0.20206028594129311 0.0904895724922887 0.11218217961494188
27 479 1 -0.17078137501767157 0.73193795908677273 -0.6584561463098112 0.039192465880519098 0.21393728438548726 0.13418924224469084 0.1498648405090626
26 464 1 -0.21475758240248941 0.77536987054651707 -0.59363370759714906 0.016726202610811713 0.21409864437927317 0.19985886580074516 0.18429202172375928
25 449 1 -0.2329434889581827 0.83045793401703283 -0.50364291810125927 -0.049201238059616376 0.21023308115726183 0.28771627895783469 0.21125304140469581
24 434 1 -0.27276227599422515 0.8621277263438557 -0.42283527780239699 -0.059555454069243043 0.14886986016543582 0.35653276834798464 0.26320993454481695
23 419 1 -0.29838771124963054 0.87390906753539777 -0.37442023080847098 -0.084007179550026873 0.093554946317178589 0.39792351419737798 0.30018634105067621
22 404 1 -0.31628198387843265 0.87172574100536304 -0.35406271605586581 -0.1212416275118291 0.069306671790886148 0.41427064209526837 0.3283973761024323
21 389 1 -0.32296315383191393 0.86600818577218375 -0.36315586587493809 -0.11765390143611146 0.056207471958001479 0.42765144586513426 0.33858182984542068
20 374 1 -0.30232617704306342 0.85832555754442474 -0.40362374032941362 -0.094678382871027228 0.074577038287532219 0.45787486152017692 0.32290954787586534
19 359 1 -0.2906672537226912 0.82456887127083611 -0.4794927859631441 -0.075401540791620661 0.15102944341156946 0.45475278844386202 0.30125765011894368
18 344 1 -0.28098196158602168 0.8001505283746202 -0.52709343246434193 -0.054596544378246979 0.19716949031976216 0.42575314501720579 0.2658663368953289
17 329 1 -0.26095833675490177 0.78358431903361236 -0.56139726191311268 -0.052244384953842676 0.21994823839561012 0.39210062311315869 0.22994986070469903
16 314 1 -0.26188218253545553 0.76574262225704415 -0.58460632771270316 -0.05737072884005906 0.23265180778266706 0.34433981478548614 0.215892197064876
15 299 1 -0.26358761938797293 0.74813423521871614 -0.60555109346251124 -0.064223097133702126 0.22525401440369763 0.28936918865908029 0.20128697807447296
14 284 1 -0.25574784562337882 0.7507678653121288 -0.60777828909962717 -0.039321790050806112 0.19979246809229603 0.24922063781288117 0.17687037584648355
13 269 1 -0.24506887217463655 0.7543173269260689 -0.6056208188701746 -0.064575861908154064 0.19208090835280681 0.21473564491084973 0.15085017580166046
12 254 1 -0.24028689367485123 0.75272235060148773 -0.61139727153576007 -0.043181570046606922 0.16842762056949059 0.19050391964017677 0.13113275566307156
11 239 1 -0.24302681398055753 0.75403579307734592 -0.61004140217756431 -0.014747137820897966 0.13567581673743923 0.17215544286363282 0.11451068152669606
10 224 1 -0.24273209206866733 0.75193792346480526 -0.61265016041229359 -0.018173378392462049 0.11947667267807505 0.14891969057362398 0.1081197555864554
9 209 1 -0.2380927169814403 0.74772569679072842 -0.61979953469101101 -0.0081656154710923034 0.099174351573479008 0.13651091094395879 0.09714579950565469
8 194 1 -0.24874587189951813 0.75002095814498726 -0.61259593236614662 -0.01789629024896601 0.077115585189597519 0.1181486342397535 0.081193781691077827
7 179 1 -0.25133592882804989 0.74864931530521239 -0.61319347189401219 -0.018660643068914656 0.057904285828868057 0.10420091950044488 0.06392674498296512
6 164 1 -0.24299335629373175 0.74207880050936259 -0.62471138093580691 0.0029955234885317536 0.038515066662536526 0.085753933294018911 0.046633539955790844
5 149 1 -0.223875579035759 0.73800655856028596 -0.63640751601388679 0.014543665096572568 0.024687865347425026 0.060911599854131179 0.03028863045541769
4 134 1 -0.23804992982262593 0.72778476741886178 -0.64314473750008017 -0.0051390515145325142 0.015615314122686569 0.039373888968575271 0.011803625669695131
3 119 1 -0.23798177349864919 0.73013475828189256 -0.64051315056549085 -0.0032884926256111229 0.011155681431263205 0.019714454928520763 -0.0098506108047830034
2 104 1 -0.20583749813486246 0.72474654269397065 -0.65676110433061252 0.032221499858814298 0.001821086877338034 0.013624434794939796 -0.01569152505182932
1 89 1 -0.18187487997718313 0.71754849734241399 -0.66794265085075599 0.076800372195674371 -0.017050207313058615 0.010860464313286135 -0.01256803246431666
0 74 1 -0.16365494721252188 0.70832630853884126 -0.67936319681382418 0.09978249194876905 -0.032798099684617332 0.0083736017077753883 -0.011666771031500043
