19 868 1 0.51862312735186866 0.39718848222429054 -0.59092485375631021 0.47337002289669267 -0.65030690913439948 -0.40560813161275627 -0.29437854730115098
18 823 1 0.43527117333840576 0.44381875191539538 -0.59550831136065596 0.50885535489886358 -0.66277458217992913 -0.11606954029863242 -0.22715105995931639
17 781 1 0.18751581540634163 0.63994592839534314 -0.65805195495978686 0.34967792649282281 -0.71399947316460033 0.49456486513070785 -0.12203147757283134
16 736 1 0.03667595222008635 0.74359207728051036 -0.62245236913783208 0.24140991133154788 0.050684639864679581 1.2084151643465004 0.36015997855278775
15 694 1 0.20188617098467923 0.71389475800939239 -0.66863006207437647 0.050299985509654227 0.045991309061879419 1.4681287260429245 0.36829290750539206
14 649 1 0.0086786985450895901 0.7107701924805695 -0.67990476812614098 0.18016636742754263 -1.0448219085022279 1.0806423820621898 0.55195961902044277
13 607 1 0.16499742269367906 0.61532937452125613 -0.66942831879381048 0.38211429880680431 -0.84459510607836197 0.64597954706289662 -0.13135455908734578
12 562 1 0.39074155997305815 0.4061288332174009 -0.70388248508027285 0.43235384968392876 -0.62009636113803235 0.15490879454142648 -0.25916443993324967
11 520 1 0.43599107581801111 0.30374605088059708 -0.67517661168391496 0.51165091753706748 -0.55002509848449221 -0.072404436695554367 -0.32992615527284491
10 475 1 0.47378766615240814 0.33341771713927254 -0.56671436222069693 0.58582651438141586 0.061583783546053504 -0.40736499760497158 -0.25537544510021271
9 433 1 0.35149784715518861 0.2461891714453445 -0.60737693250416047 0.66853078999411764 0.58364480078086167 -0.67247059125870945 0.069353659126107386
8 388 1 0.45851041897596417 0.28355174283702023 -0.5224050884401662 0.66065083697547566 0.16326946438983939 -0.85784507121061471 -0.086351435158776468
7 346 1 0.49227963934101537 0.22223872935389322 -0.5351045537178547 0.64956433126816815 -0.046626150028415692 -0.321264689889389 -0.15240801781328012
6 301 1 0.30682712856173461 0.32134961177361171 -0.64610125537560126 0.62060028036859771 0.178238032092532 -0.040388928627078644 0.12276915312249499
5 259 1 0.23793239523268303 0.35930379537129736 -0.68169681716309682 0.59125156016734737 0.55739864479971213 0.40498993674840172 -0.084630194132605654
4 214 1 0.040627429023331253 0.55647774591331189 -0.67666674203620236 0.48042070161089578 0.32860193504216256 1.213275107480899 0.12539573543152446
3 172 1 -0.046609898057204682 0.58469977189743627 -0.71469433299226559 0.38100617388032387 0.07312914438454271 1.3298026931521376 0.41598871512058783
2 127 1 -0.010428556658629179 0.61739199578495829 -0.68552511893757384 0.38571191328802545 -0.18067271382156752 1.1000505959832632 0.30612797062457303
1 85 1 0.1307781997765666 0.53680475203765832 -0.69075527492151889 0.46647065376193347 0.015920402213862993 0.65256638170381354 0.12418094863980483
0 40 1 0.27099107184930732 0.44613873344039917 -0.64927725537057435 0.55313932707828162 0.048653807947200957 0.24652600544483652 0.14906718202576691
