19 896 1 0.48132972268679136 0.17000208290513788 -0.67734115679240947 0.52974517192825077 -0.54882145167249297 -0.41816663191593212 -0.68489330695833694
18 852 1 0.5223008688396269 0.39950275619518189 -0.61053863856105262 0.44140901783475184 -0.59030269400044777 -0.31350839979545897 -0.27078413032368837
17 809 1 0.38793393870471859 0.48276508316016459 -0.61518258846255758 0.48784784158066197 -0.6783632143843088 0.091531957204707748 -0.26259397961071629
16 765 1 0.1458146359461486 0.66304900522462329 -0.70084646429435327 0.21890258587013853 -0.18254312954831239 0.76273407636241863 0.11415337661025129
15 722 1 0.026100432638356364 0.78647243910071429 -0.59784983472916087 0.15282488365897406 -0.052048573364147734 1.2923013676499908 0.53007567253821197
14 678 1 0.2024651037968121 0.68851019981967443 -0.67902153987243585 0.15456822078966984 -0.34812720081073079 1.4066141830801711 0.27186949031930013
13 635 1 0.036363808244822458 0.67463495908225946 -0.71717618226460178 0.17089081024555666 -0.89945559435428191 1.0071617557115156 0.53427047030390251
12 591 1 0.23551829974577568 0.57817231190768437 -0.65969723112174961 0.4183867486889124 -0.79880325265059859 0.41410962503175791 -0.13056058914146662
11 548 1 0.3411631578909658 0.35913994683465184 -0.74204528309841089 0.45165805219974392 -0.54475721972419866 0.084075952048238187 -0.33201522166771952
10 504 1 0.39131905819801127 0.31478177962521448 -0.63697269699016712 0.58484836427579845 -0.39990915548069883 -0.2257168903007099 -0.35920062090996091
9 461 1 0.42135700438651097 0.3637056317445464 -0.56213529599812817 0.61170286682736996 0.46286055374690149 -0.40101236809122942 -0.23283944466907106
8 417 1 0.37951733399620369 0.1968486808487431 -0.58540425086363301 0.68885343369639396 0.45728102930184045 -0.74728266785394526 0.1273057687914933
7 374 1 0.4778288203296151 0.23872017164348752 -0.53840583632958927 0.6517756159286322 0.020128462912069579 -0.7288314099243639 -0.1426914581640249
6 330 1 0.42419152600564702 0.35613336160056047 -0.57433823805635453 0.60279861174890514 0.018848800757286156 -0.12708171221997469 -0.057188781269519276
5 287 1 0.31069407047952302 0.2928660948464879 -0.66421226496460162 0.61361283569432212 0.27642277957561751 -0.014306571946156605 0.083440980506588353
4 243 1 0.13965806066432482 0.41047402236164632 -0.71020069156313259 0.55463653031600701 0.56702646363014875 0.69887827067583774 -0.0095567770277966164
3 200 1 -0.012780780687352904 0.58929258720495725 -0.68563598168581186 0.42716998832788211 0.19438383644765411 1.3509874877616879 0.34652790762730978
2 156 1 -0.076774611930689865 0.6295440431386774 -0.70337838630389504 0.3209965769163714 -0.15210315422130202 1.2576946864146756 0.51777523718834062
1 113 1 0.051750628827921516 0.58101220155918376 -0.70664349050248676 0.40050177451008506 -0.075367722359835368 0.97427394383642529 0.30570838322551619
0 69 1 0.17335804828793239 0.49845113658607637 -0.68444429336144474 0.5030203383709253 0.046460315926634452 0.5446636854900675 0.08884943033035228
