19 883 1 0.28388328357886949 0.3483751820981944 -0.64034299688262764 0.62290116402676943 -0.38321651538962587 -0.36815336064638271 -0.62956601682880287
18 838 1 0.020194913286536127 0.43610644581411528 -0.68735011732376405 0.58047665724965825 0.36361196313100586 0.30219712168977103 -0.76284016924173204
17 796 1 0.063551141401725589 0.40590740300853445 -0.71275325363128028 0.56849206858796986 0.49879572829676694 0.11021248480077077 -0.57851838440002135
16 751 1 0.36248997340787464 0.026580547990470226 -0.60591856726185955 0.70764198822188329 0.6132309798391441 -0.88267811451443989 -0.15211552065727482
15 709 1 -0.64290736590736997 0.2064329146555601 0.37702431587439067 -0.63396232999154234 -0.53048166902663163 -0.95486474922420816 0.46422050233615531
14 664 1 -0.51727656899946117 0.065291604995342409 0.51049034058438081 -0.68378473926471972 -0.50268879549541601 -0.94910465338969419 -0.016294756405439814
13 622 1 0.36411113693604163 0.082114973424481194 -0.4907903028966667 0.78727700949617352 -0.42676456027423898 -0.67137465578792821 -0.40819599969404807
12 577 1 0.3402786549153563 0.20135737519525843 -0.58131518956212136 0.71115279289884437 -0.51973138560812748 -0.52701284358198475 -0.55034540719225511
11 535 1 0.088147191947539907 0.47044310009294127 -0.7075376915279421 0.51990746983864089 -0.56627193361540684 0.11658697530286923 -0.83399287893881457
10 490 1 -0.12509291041599679 0.59563902854800921 -0.73033617779065407 0.31012091004022546 -0.81178187216097597 0.75383456880531885 -0.42066341618982483
9 448 1 0.029565715637438518 0.63870176492773512 -0.73851597790109391 0.21396278723608328 -1.0214522005729971 0.8641012035532486 -0.28904167580311568
8 403 1 0.056291116166950539 0.66384120987737127 -0.72429714444896476 0.17759449555744192 -0.88498341803602498 0.94460004366304329 -0.093891811247313384
7 361 1 0.0088615897614236772 0.67206985779312289 -0.70831023421196482 0.21573175608478079 -0.44886457923801376 0.90661481619108997 0.074433952193778657
6 316 1 -0.13113487410241687 0.66584957941609357 -0.70697500042821337 0.19908372900637139 -0.016103303798719493 1.0691136982475362 0.39430284818870287
5 274 1 -0.47920919399514644 0.62381167628958878 -0.56614572257466989 0.24636672203384236 -0.51659532066968372 1.0661501844913024 0.50382819437647441
4 229 1 -0.3666182955483332 0.67838304806080874 -0.60105092330304799 0.21006011775088329 -0.24997283313110477 0.88214380060377873 0.3104990076957086
3 187 1 -0.073254597197216942 0.51296214584718147 -0.74203585240057468 0.42530741196160782 0.15595644837728009 0.31618973744751649 -0.088035016793549234
2 142 1 0.22519319375294752 0.34699091244186381 -0.70832809001848196 0.57197609133676175 0.2183338012093182 -0.36287568669072684 -0.20505004474204211
1 100 1 0.35857139728207527 0.3320845739456928 -0.62428549731126193 0.60943745097041602 -0.2702154959131477 -0.43434197032726374 -0.25901714146425525
0 55 1 0.34781767119464246 0.40869391123509013 -0.60830327511305804 0.58477284479601743 -0.20775712693326245 -0.089220530511821883 -0.082587897187228781
