19 881 1 0.2784865061233941 0.33624705746422601 -0.62628508417002537 0.64587164018865129 -0.31718849312264746 -0.39519412325020387 -0.62650650086749482
18 839 1 0.018216255826158462 0.43183585700021859 -0.68443384312276112 0.58714246569360873 0.37367836707976065 0.27921629489011329 -0.75279772941848433
17 794 1 0.089853733070410988 0.38102385697656549 -0.71352165546071267 0.58106279717137044 0.52272164143581878 0.055500093949200517 -0.57283284446731175
16 752 1 0.34617542715617133 0.032246363422491472 -0.61924193038273878 0.70403279563890075 0.6181459149733699 -0.86554959266071918 -0.159834691805711
15 707 1 -0.63874150410810349 0.18918170277129939 0.38800392996343225 -0.63692426912404687 -0.51651923484933782 -0.95933072372063333 0.43110927067132354
14 665 1 -0.51258997485308688 0.076694336243301367 0.50581748816724892 -0.68957825163826492 -0.47321620606618026 -0.94816443923709315 -0.0019942264284050697
13 620 1 0.34141230533874534 0.089485392490502677 -0.50360997317423772 0.7885473969353699 -0.37932382020340166 -0.67836635954500957 -0.42650711406955172
12 578 1 0.33871406120623437 0.20395236952850981 -0.5743001186406399 0.7168372126461019 -0.48919221841471661 -0.54079106555386369 -0.53278402540133862
11 533 1 0.057140716839854222 0.47643819417401506 -0.71196742686446701 0.51268310747987511 -0.5165425236466995 0.17818275501175526 -0.83447171924229713
10 491 1 -0.1369700410897437 0.59155041142040765 -0.72999894640619645 0.31370185979375931 -0.8361018909730592 0.73847245143485019 -0.44097806536239614
9 446 1 0.028430307959120538 0.63693223341930139 -0.73631876113706451 0.22659154798541975 -1.0717785337059578 0.87874719785187738 -0.34003591277094042
8 404 1 0.060633641569532055 0.66297163554447136 -0.72520468894929657 0.17569954780664754 -0.92658270061998649 0.95239025922080378 -0.091518525956052213
7 359 1 0.0056709893427342372 0.67128770515827907 -0.7104683084320107 0.21112896413558063 -0.40337337808947843 0.91897810413981651 0.10792850012456141
6 317 1 -0.12758913939522926 0.6656025466298513 -0.70709099314736734 0.20178351973863209 -0.012319846295937452 1.055321131671358 0.39307671025538221
5 272 1 -0.48760290543706258 0.6203119187569377 -0.55575857360857706 0.26189489861007464 -0.50496000938217933 1.0522442157721628 0.47198621859991491
4 230 1 -0.38508528032982936 0.6789811665607568 -0.59118838143526187 0.20295368926197441 -0.26928764687832213 0.87864737921038638 0.33701717248513824
3 185 1 -0.071502322120486766 0.49869056581469984 -0.74486136567718586 0.43746620831820898 0.17990662040769498 0.28554068426797202 -0.084215878888510232
2 143 1 0.22274800618147761 0.34999621987286056 -0.70830017031771497 0.57113644652112727 0.23353992813835533 -0.35872234288516119 -0.20939256405730339
1 98 1 0.36146280793726382 0.33328863595288138 -0.61995148764152874 0.61149282628157797 -0.26261058037237672 -0.4189756864754261 -0.25045151426930656
0 56 1 0.3395098415038183 0.41187805238492159 -0.60781288663045341 0.58792264145175732 -0.2002200624872463 -0.087729998729423428 -0.093510469359994408
