19 881 1 0.28029003890708026 0.34363653156612667 -0.62103615509383014 0.64627047149699035 -0.30951549750675483 -0.39529965142048146 -0.62741477730212336
18 839 1 0.018661524068300576 0.4360769293882083 -0.67721771072527848 0.5923384433369262 0.38054210014197837 0.26747297647513185 -0.75224188534716263
17 794 1 0.092671096440100659 0.38582991275777734 -0.70703216422081128 0.58536558240398073 0.52091951429043348 0.044282256025353656 -0.57644609946213254
16 752 1 0.35043257802994221 0.038598287851820574 -0.61644244157649331 0.70406384416003653 0.62585036346596801 -0.84859941697031049 -0.16990108442412161
15 707 1 -0.64315923507995287 0.18288767633452152 0.3876730876653367 -0.6345138873786399 -0.51381477017631094 -0.95391433700898076 0.41953316538372915
14 665 1 -0.51754820594181006 0.067078394689365925 0.50423674936951357 -0.68803317076837067 -0.47068152871193775 -0.94135709347275398 -0.0057709851258606034
13 620 1 0.34707581828353123 0.097417074703113379 -0.49842241099160967 0.78843096726372708 -0.37501397068601783 -0.68027940908907714 -0.4223238686085658
12 578 1 0.34226387213802434 0.21131572079266828 -0.56917654188619793 0.71710471490670769 -0.47956860750516056 -0.5433095840338622 -0.53196553922853351
11 533 1 0.057540781476277121 0.48386135986298756 -0.70467272601532405 0.51575536071743544 -0.5045036356842395 0.17018630143150998 -0.83341933429609405
10 491 1 -0.13858267748582762 0.59828039984037329 -0.72281533886871041 0.31684916058562201 -0.89005681853570595 0.71364076723817438 -0.47470874394215268
9 446 1 0.02578848172847293 0.64433186318708147 -0.7294392308962675 0.22823192748050422 -1.1336949900825783 0.85211041534511156 -0.34846921322814617
8 404 1 0.057441894228844569 0.67026782561509446 -0.71843292362834354 0.17690563863101255 -0.98955098201894098 0.92314005337956007 -0.093604094299501769
7 359 1 0.0035520604971907171 0.67694094960601647 -0.70371511936822639 0.21569275459618878 -0.39727315592763152 0.90492208885032155 0.092540269679114495
6 317 1 -0.1307133145701215 0.6703369055219931 -0.70062867211308966 0.20659604619241775 -0.009675820524441223 1.0450654290894192 0.37158272130562142
5 272 1 -0.48866524906773545 0.62160001664388109 -0.54937072244895802 0.27020640809907692 -0.48822014441220513 1.0425302663594267 0.45721975193928344
4 230 1 -0.38802082027418205 0.68104596629974612 -0.58467553426272245 0.20921461338825301 -0.26010845865141152 0.87538354676461128 0.32211430204988251
3 185 1 -0.071623444422964366 0.50394069154075394 -0.73866837048837763 0.44190824846167104 0.18410247214539982 0.28255548363083477 -0.096235307410455828
2 143 1 0.22438919343167493 0.35597731650514169 -0.7027152509630229 0.57369061005811872 0.2343247000784974 -0.36108972054191524 -0.21800300109684564
1 98 1 0.36309910221022429 0.34088213643186344 -0.61510793716515022 0.61122879241100148 -0.25770492744878487 -0.41898245542181572 -0.25702373288236491
0 56 1 0.34043124286338494 0.41905197037395392 -0.60203877432384467 0.58826127632102443 -0.19581523645055429 -0.094376287765745762 -0.10383471445066821
