19 867 1 0.26852033112222873 0.29053245122414628 -0.6812235998305034 0.61597251042044721 -0.01944155944753689 -0.37272884760403213 -0.78025591212500445
18 824 1 -0.036826456253171373 0.55032269203923234 -0.64608238055081457 0.52760430654830515 0.28911007049590698 0.31443089918696115 -1.3518127699656806
17 780 1 0.21250671459575501 0.26080881951640672 -0.6702343957183774 0.66151758155788887 0.60618380270773797 -0.30182537831218109 -0.48741006464847281
15 693 1 -0.56598794888364423 0.13447978087603069 0.46292345636519372 -0.66878599252744719 -0.43247857261604583 -0.99031425202573409 0.26152730527807427
14 650 1 0.4892089790851189 0.049716660836562933 -0.48807118550968892 0.72110286803820489 -0.50882039957363279 -0.93534126191862987 -0.16893465805193253
13 614 1 0.37240817486951483 0.18264171857307315 -0.5381026541430054 0.73375724019002653 -0.46261006315178521 -0.60698755505207735 -0.45729162800965228
12 563 1 0.31747437548186791 0.26669573652165929 -0.61095149356039247 0.67440468381372742 -0.60501635445591873 -0.37399025108637457 -0.61315672649474395
11 519 1 -0.053238697344158425 0.49028928703162133 -0.77128861862851383 0.40236292436212417 -0.55491160840142861 0.56165651642953074 -0.71294461910253837
10 476 1 -0.061195087094232069 0.60512784771756811 -0.74814966292345531 0.26523108999465611 -0.95839313259553749 0.72052128224172196 -0.43884328941586132
9 432 1 0.046697821549378016 0.62548024185042328 -0.75861684151155762 0.17633566937039935 -1.0335096282015208 1.0675871456946966 -0.19526913849653435
7 345 1 -0.020856799188336023 0.65721291402666349 -0.72092930177366021 0.21885410987308743 -0.20180001279684998 0.94765426726456337 0.27564149398535404
6 302 1 -0.29258984592265069 0.67777679559177373 -0.66114421213400254 0.13378388610746647 -0.22833564291342426 1.0834218053119842 0.70286709651639423
5 258 1 -0.49719093507553536 0.62303652695403866 -0.50079983493984415 0.33738136505146393 -0.5289267546989691 1.0743089378763435 0.26236392366198841
4 215 1 -0.22077568737117212 0.61833046484582599 -0.68827163212764653 0.30855743795552365 0.031497227130977606 0.80769252008398895 0.063231877402392417
3 171 1 0.053178342512654006 0.4341487656397407 -0.74906266875942817 0.49758620504601975 0.25677742865817454 0.087852390634905408 -0.12200969370505878
2 128 1 0.24385747349646525 0.32601291524820747 -0.71023205672519896 0.57429917056459312 0.082843231147604904 -0.4070023130304985 -0.29064686299429099
1 84 1 0.38051122353784306 0.32030035181942307 -0.59215076277049072 0.63401606252240461 -0.25202713116356229 -0.36025582517809773 -0.19252497862002835
0 53 1 0.34874149681521904 0.40991179667105765 -0.60380506151890412 0.58802307355505912 -0.17551933777424644 -0.10557241204563772 -0.081912195973923532
