18 853 1 0.169858494428584 0.28831595370301494 -0.72982843781994555 0.5961312389567196 0.31080743558526042 -0.12859837995846443 -0.77944419129876641
17 811 1 -0.015777688769603115 0.53801291505321247 -0.66564636009646183 0.51692174558956805 0.32895910236616333 0.42978565860307655 -0.68683040602326673
16 766 1 0.26359959561671664 0.18406181555181109 -0.61977923630850806 0.71589817675931899 0.81773600477254149 -0.47465170634865023 -0.36639658587027857
15 724 1 -0.64270557047073851 0.22630620015520533 0.41857164989628187 -0.60042720404750094 -0.43751651448680734 -0.99272867036048207 0.38966147644344024
14 679 1 -0.5161089169878047 0.13537249671987001 0.48394873116442366 -0.69361336387201233 -0.41779312658557199 -0.9353375105666597 0.13148523781771904
13 637 1 0.51272190659417294 0.080812006454800994 -0.42266030301049223 0.74292929298168364 -0.57992360918098484 -0.78291329452956504 -0.18922839899150928
12 592 1 0.37121030834348906 0.1963170015587514 -0.52031297683935851 0.74359730231562726 -0.47885334127911588 -0.63394481135230685 -0.44759585252032208
11 550 1 0.18001868813294286 0.36503660504168323 -0.66484816825012594 0.62635330451510252 -0.46832498880288098 -0.14352780109154359 -0.81474044510576926
10 505 1 -0.066457677637769455 0.54348214553911101 -0.74985821316333434 0.37138012159334854 -0.71317614193898182 0.62575039020164991 -0.57244059385978363
9 463 1 -0.028914589622160897 0.63104668329348801 -0.74373452655689254 0.21863893527563963 -1.0439112001632651 0.79385268141833354 -0.32166929916543052
8 418 1 0.067737716814272264 0.65348349790465088 -0.73934324061842627 0.14745335614673347 -0.98541539457905813 1.0108309672735447 -0.056587977733934168
7 376 1 -0.0098116400356175887 0.64085214873515184 -0.72071992143446695 0.26414967353537666 -0.54441063001912604 0.92244588153857709 -0.11453704486285245
6 331 1 -0.067934194821770849 0.65572769901971129 -0.73525150066485467 0.15751622355272427 -0.050561135268269275 0.90317375716605786 0.39112887100089183
5 289 1 -0.4028445222915723 0.65873261645296821 -0.62497389825212224 0.1148706114907015 -0.37961370070527961 0.9246807414047723 0.76094169104198195
4 244 1 -0.52007325088261258 0.66570381278284452 -0.49034201971388053 0.2143057420268695 -0.56635071950928728 0.84397768286704111 0.37340787116231139
3 202 1 -0.15495218029606492 0.59668572348519466 -0.71431964697029249 0.33121505274169283 0.0885474998671342 0.62944620905086257 -0.046717288964723873
2 157 1 0.16611299225160325 0.370424823267123 -0.73607326245878524 0.54165309599966271 0.26590522678326844 -0.19821526343444332 -0.20666769474741509
1 115 1 0.29777419029619484 0.34304066869461403 -0.66294420325004233 0.59511227057771576 -0.10955145099159351 -0.4502110381214981 -0.33507036586343547
0 70 1 0.34027730850653337 0.36479065738276484 -0.60893171282844283 0.61671816797757684 -0.26517538848655953 -0.11634488634949938 -0.20469862973366371
