19 883 1 0.54820258018308987 0.36242867922634558 -0.60740315382485999 0.44629675360511317 -0.70919277641126166 -0.36039994031597883 -0.3676879387633416
18 838 1 0.50551129662054739 0.40908367000197671 -0.53628620109710246 0.538057608848314 -0.6504305051442435 -0.30541439205282683 -0.23136867085638499
17 796 1 0.28160819305232021 0.52767616185815425 -0.66337641008050452 0.4496514565317859 -0.68119618144876282 0.36838377902540453 -0.3070305200176382
16 751 1 0.086090932693205419 0.70771116773532583 -0.66150687557708021 0.23268413769521271 0.16509016791312733 0.86849928068141036 0.21683211984361725
15 709 1 0.11191431495947693 0.77502946137387341 -0.61903251160099393 0.060027241237957912 0.053352184770778084 1.3761345322331544 0.51265580194697213
14 664 1 0.10587500872301567 0.70034634867740209 -0.68592284173910012 0.16677928409334816 -0.76884157067520997 1.2421697643594256 0.49605883606046913
13 622 1 0.10630792772334888 0.62744399899656611 -0.70235474038383949 0.31892079155601294 -0.85008930301535002 0.88432229558526854 0.037052811537107926
12 577 1 0.29126773737548656 0.54204046851283527 -0.69203713141248169 0.37741203532072776 -0.77067443122257007 0.29581233552527925 -0.1117187372485829
11 535 1 0.46628330882622154 0.25718049987937303 -0.68448148160595335 0.49791883648882507 -0.55376869941592111 0.075768622750448239 -0.25652800436345535
10 490 1 0.43048546210949729 0.28504049646612811 -0.64557049759514307 0.56273698556383811 -0.22905169259088595 -0.26943492057874918 -0.31328592366332991
9 448 1 0.38519492498127672 0.34516738336219793 -0.58923573321377654 0.62071378100988328 0.63524936236654828 -0.4682347316968839 -0.1102127504798269
8 403 1 0.39372929129611944 0.24362399400553278 -0.56319930255344663 0.68442029508450364 0.36061305547312017 -0.81778244124648214 0.024372692070455969
7 361 1 0.52624526238932401 0.19591551003716554 -0.48721191585376433 0.66881057541711575 -0.058615045422449295 -0.56586182983661637 -0.091488069467730027
6 316 1 0.35683835047320595 0.36093427833240471 -0.62702687390633483 0.59095696776963114 0.11023915710583526 -0.082599943949995341 0.057258729093455737
5 274 1 0.3201802510787588 0.29028258011386082 -0.68054235936063379 0.59167789177680552 0.45684511382219462 0.081988536320971014 -0.057432157895585402
4 229 1 0.074620965439719592 0.48459251732698472 -0.67887024069628588 0.5465683854418466 0.49703857076060465 0.96087831687074965 -0.022062161630776841
3 187 1 -0.031074524167191534 0.58675982836446983 -0.69462134754978089 0.41502826565621659 0.16491476029370566 1.3621969483185616 0.38770631463367833
2 142 1 -0.074984208776779443 0.62489280066645936 -0.69445939256573819 0.34872984986458344 -0.23439583190563429 1.1928737232529503 0.41800915925511323
1 100 1 0.067137094193945882 0.57916209368107519 -0.70015960877890437 0.4121169761860321 -0.056423546760795876 0.83106118482416835 0.26390366662641973
0 55 1 0.20956315227283492 0.47531192524490101 -0.6569562228743332 0.54641594061314491 0.017208407676654693 0.39611785419695145 0.10093794480478864
