19 881 1 0.53346822418719941 0.36813457704768199 -0.60803768647871959 0.45845256983256893 -0.6857562263626733 -0.3653744745646707 -0.35047657242629315
18 839 1 0.50644770152832141 0.40704369634864584 -0.53516298813872609 0.53983954190661254 -0.64328473319043056 -0.30861283910861959 -0.21306304447606517
17 794 1 0.25729391990568484 0.53828408102443137 -0.66692529679170909 0.44638630735556989 -0.69033969046667298 0.3888453453084994 -0.28318712822773379
16 752 1 0.08746634514510461 0.70663296074730664 -0.65998745786763846 0.23965819975512004 0.15156695942182802 0.84862440268167583 0.20723997862609617
15 707 1 0.1288954264546224 0.7740104514959989 -0.61729053107264831 0.05697534784526341 0.056950183495741158 1.3912251629164401 0.49125022201675717
14 665 1 0.089916875650215347 0.69618175959438611 -0.69755892507788275 0.14372702990584935 -0.71991659887134785 1.2685985680723111 0.59035194566066351
13 620 1 0.11169777628052233 0.61612510087001593 -0.70330401783451635 0.33656637584542742 -0.82450665700887871 0.85218729221049672 0.013415541686361429
12 578 1 0.27688646612509354 0.54617758176976439 -0.69143449680859448 0.3833304979674011 -0.77458973671743747 0.29611220801017885 -0.094472016798083328
11 533 1 0.47133876467357122 0.26059551752033377 -0.67919647591165755 0.49861998783992473 -0.56120825104025163 0.073706811648562479 -0.22517898798201461
10 491 1 0.42594318462185243 0.28475806671224396 -0.64209207904827281 0.57026573537252467 -0.24409016667164565 -0.25967411088689696 -0.29937956728552412
9 446 1 0.36685112588717339 0.31944218883008685 -0.59283109587391947 0.64181635316941266 0.66416593444105676 -0.48681302634701357 -0.026806402521965415
8 404 1 0.3824976391204391 0.22547491784894574 -0.56158084643454509 0.69820023661279407 0.37556618281401899 -0.81316708482853861 0.066186847082653585
7 359 1 0.52185522083416513 0.19735787054891801 -0.48845057782091006 0.6709195424541905 -0.056816804768788233 -0.52393942731778476 -0.093877764292737226
6 317 1 0.35922300263093887 0.35822140210066145 -0.61969868788798044 0.59884037746945906 0.10235551579459286 -0.082567225548455025 0.068498264167521333
5 272 1 0.319308929011489 0.29555616768553999 -0.68141238506843937 0.58852826701180105 0.47821746936608328 0.11500626808625317 -0.062671739061243736
4 230 1 0.075563095338161135 0.47991441457287282 -0.67682770565402994 0.55306114505287252 0.497469733014827 0.94075923868009037 -0.013738345161019716
3 185 1 -0.035256520641204429 0.58443147600249445 -0.69373804767885661 0.41943336635579054 0.15060293586137938 1.3573972435933188 0.39260679070184423
2 143 1 -0.08168315208827602 0.62106891095962857 -0.69581515366932756 0.35134390905276081 -0.23571402218804896 1.191811028194804 0.43876631600765625
1 98 1 0.070153288558195526 0.57301502724968634 -0.70021818273005354 0.42003189310424194 -0.045484787907492538 0.8010458622933867 0.26289433819413183
0 56 1 0.19985526414190943 0.4760856228154931 -0.65904133911012486 0.5468682350320645 0.016917421757205175 0.41029365122173678 0.12061009345847598
