114 895 1 -0.11311256858136245 0.49795934079871762 -0.8155710014854719 0.27218740469797231 -0.70965211629286229 -0.60002787061692275 -0.75817463062618373
113 889 1 -0.038965161911837382 0.56909237692421288 -0.81365299737347319 0.11218013437813702 -0.85277292998291376 -0.56090096832468728 -0.5380449332493632
112 880 1 -0.032532631189626481 0.58547605300856875 -0.80617494560419756 0.079002381872046126 -0.84024414473998388 -0.54106483518786019 -0.42732613342302195
111 874 1 -0.021407055156499155 0.60249176450705222 -0.79379310196730035 0.080236668424333399 -0.82428373970475866 -0.57193807528415108 -0.36734272803204604
110 865 1 -0.025930353386186586 0.60273634530031017 -0.79446333762976085 0.069746110927229682 -0.82436941334243097 -0.54835366688605858 -0.34264177425034487
109 859 1 -0.031062036730542905 0.60286252998647938 -0.79498843740433511 0.05987740981259479 -0.7832762557155788 -0.5322467469657356 -0.33819554154964643
108 850 1 -0.029644167359591363 0.60280672479855146 -0.79523684829549057 0.057824138491247554 -0.74873592690712731 -0.48720535462655395 -0.32180274428510325
107 844 1 0.0011923515123789558 0.65084829642514597 -0.75426557960937035 0.086478371601787091 -0.74340066538825988 -0.53083136360164762 -0.27325588740288065
106 835 1 -0.016167196982665531 0.67295011867600107 -0.73249596664192318 0.10161898626238278 -0.78694796254235722 -0.4812099945265369 -0.28594611595740954
105 829 1 -0.069932437460867428 0.67452405872788235 -0.7326095564096553 0.05839508750994786 -0.78488279543834216 -0.38856942482783202 -0.31848163994085266
104 820 1 -0.085860799834415108 0.67268479426673744 -0.73205201404631515 0.064984146873258056 -0.78487763143847533 -0.26549870290268152 -0.29882438297433728
103 814 1 -0.13912035558038385 0.68657344449887625 -0.71237018698059895 0.042321964431756197 -0.76409951003086585 -0.1931784918838324 -0.36872806274313663
102 805 1 -0.17683433426820422 0.68812613721888805 -0.70370918031012653 0.0023296024087844087 -0.77331613651210451 -0.006322610133266013 -0.4238739686963926
101 799 1 -0.22653589384385953 0.69094657736941945 -0.68607362935289407 -0.02402688345158676 -0.76417696206521235 0.13509372410112938 -0.46191932889119486
100 790 1 -0.29495538441071972 0.70673777613204913 -0.63750495075625868 -0.084323631066922727 -0.77399554446769747 0.25976792368101004 -0.46079450113269299
99 784 1 -0.31093516174235736 0.71179427053950772 -0.61610992097147621 -0.13067825718116138 -0.776353805623613 0.32938808289558752 -0.41607003988910241
98 775 1 -0.35411302872400685 0.68006822999504191 -0.58606688031149901 -0.2619862157466849 -0.68205416742895286 0.50119089885578405 -0.20567882619248198
97 769 1 -0.33976852009864716 0.66237702949106125 -0.59914773340607363 -0.29467951592694286 -0.49098923660989813 0.62469092622609501 -0.14908284573722552
96 760 1 -0.37208469391748056 0.64153440312370935 -0.58259836998696646 -0.33251425450583416 -0.10980334605508121 0.70575321661016777 -0.063913845871154062
95 754 1 -0.37683776988846329 0.67890170670567074 -0.54428478776555467 -0.31755288949184846 0.028425565344191051 0.75818829069762017 -0.061805827215578778
94 745 1 -0.39314628299839488 0.67299829331100125 -0.51438271062715768 -0.35765867020510406 0.09873618794844892 0.93052197327354513 0.086956437106491272
93 739 1 -0.41010807185663206 0.70022608684311127 -0.47923762843533596 -0.33440408519348835 0.034585876950573753 1.0797881472859241 0.12188852936817017
92 730 1 -0.40062268086007613 0.70355719503444414 -0.45839719784818656 -0.36657980018091729 -0.065433239433898768 1.217556529585851 0.16985298167458848
91 724 1 -0.40264295373659914 0.69260667388651564 -0.4363404443477652 -0.40961160105704947 -0.14870909406070865 1.2325669832524044 0.26626353995612623
90 715 1 -0.36380351538045447 0.63774734771396435 -0.49006997573795952 -0.4698475726880188 -0.11936826733480906 1.2909436394072116 0.3022303676396117
89 709 1 -0.34526313177511941 0.60402956176034561 -0.52378806941460743 -0.49151573392452014 -0.094695150706910258 1.3288951985477611 0.30284174487478954
88 700 1 -0.32639786955223343 0.556450755278452 -0.58802179082852601 -0.4879112226754132 -0.051132738633180637 1.3972305769143514 0.24806910913532279
87 694 1 -0.31744091897462945 0.55330903245038665 -0.61597171261923001 -0.46223287077218178 -0.13653720395380026 1.424417132613619 0.1980086349120781
86 685 1 -0.29812032775363267 0.57512698795986072 -0.65873886135560522 -0.38264386894370284 -0.28195329656382595 1.4084113830535712 0.033726740457487192
85 679 1 -0.32018373419335106 0.59955310301209042 -0.64149331996860859 -0.35567509536405245 -0.43027994283273091 1.3527757407206615 0.040362176699292693
84 670 1 -0.38076221230034291 0.60757073977305909 -0.59434315429696871 -0.36418971539033895 -0.67855771992624947 1.256324896853664 0.21549584827898285
83 664 1 -0.41067862491701118 0.61299909906696615 -0.56317795365777645 -0.37202925166336076 -0.85604251487825145 1.2124832369902423 0.31637469536893076
82 655 1 -0.45390573053640187 0.62882860681483277 -0.50902388428592515 -0.3734151259175249 -1.0711271743576178 1.0888394029071107 0.3429983378059388
81 649 1 -0.46069299444807055 0.64028702827565553 -0.49827026141026554 -0.35989058459835488 -1.1043064199712929 1.0512435435650187 0.30384247500314354
80 640 1 -0.47347692630259952 0.61396902940139642 -0.51896261085133233 -0.35991587869017211 -1.0222700054243441 1.0062231700914865 0.34216792171125293
79 634 1 -0.47025769070547657 0.60891529226985053 -0.54480015411277127 -0.33357557352266604 -0.96307203270252795 0.97717974442861488 0.26458801674253885
78 625 1 -0.43005896621917056 0.65945886269430709 -0.57380859789613636 -0.22562576751980146 -0.91751914970595028 0.86032802369795047 -0.11635835512801648
77 619 1 -0.39582136927230072 0.6793325245388866 -0.59198161482843958 -0.17717373517577847 -0.85303854019494829 0.74205439282505248 -0.24501416051109326
76 610 1 -0.34779629271214302 0.71082368858187517 -0.59170266999720678 -0.15380303262524861 -0.88985849632311942 0.54602206646340412 -0.3349072393561851
75 604 1 -0.33331622850518816 0.71242288573529422 -0.59931182894794821 -0.1489270135963866 -0.90006002917429351 0.45772647256503363 -0.33717496750972042
74 595 1 -0.29545060959130315 0.70980776691467085 -0.62930103676585614 -0.1134110948944333 -0.86757971215883767 0.31507486822290909 -0.32111800862854323
73 589 1 -0.28797203791874776 0.70391696669581871 -0.64327994510565945 -0.088113118203483012 -0.85010267406229301 0.24246884790733014 -0.32467666204569651
72 580 1 -0.27668239839099162 0.67030064149912216 -0.68033967360327463 -0.10621595430001891 -0.86139700508550643 0.16644965637517015 -0.28924496883205797
71 574 1 -0.2516668116054625 0.64728717282576764 -0.71599482772235878 -0.070954481933103566 -0.85833528426097416 0.11628397610085342 -0.31902756799302157
70 565 1 -0.22286534135203848 0.60724288151355876 -0.7626180271683729 -0.00093118900787655381 -0.77795274979035478 0.037784292482047115 -0.38772441974667232
69 559 1 -0.20172709409349668 0.57940995081976243 -0.78809596387175007 0.049950376662158645 -0.73175088813366129 -0.01121728071826268 -0.42721312502169528
68 550 1 -0.26164739174104035 0.58605429611873838 -0.7620028845369452 0.086212576537623598 -0.65391971388454728 -0.083175710926244553 -0.51019547460658266
67 544 1 -0.23752700788062386 0.55974913321786435 -0.78867988747284257 0.090806737002009127 -0.67772787062935524 -0.058555203847534217 -0.44933718564794051
66 535 1 -0.13263548749653456 0.53002743003792296 -0.81670720567965704 0.18565584034680319 -0.70972549823787501 -0.085307062707820222 -0.36167975241529909
65 529 1 -0.12760174416604819 0.53734387793653215 -0.81490523178998908 0.17580902972036502 -0.71271463616553754 -0.12995558183 -0.36072608082792718
64 520 1 -0.14975828083882781 0.57449578334779028 -0.78857369837571989 0.16024535708046822 -0.68846913217787709 -0.24286472238690551 -0.44340942030919095
63 514 1 -0.1424869154607194 0.59061673568853101 -0.77704652838411559 0.16452368575165074 -0.66148066786413162 -0.29782637974939768 -0.44907942275913681
62 505 1 -0.15839477850496447 0.6291603595947014 -0.73377651688492951 0.20159454190342097 -0.52057651393071935 -0.41222394902598841 -0.46533547647607154
61 499 1 -0.15094671848164101 0.61899186446443333 -0.74333692417457575 0.20375077193755572 -0.45609490010643605 -0.42217884411253209 -0.44778154061409603
60 490 1 -0.13192418230466441 0.59518267303098771 -0.76313374015186297 0.21443061928923093 -0.35565203698362724 -0.46122707440121358 -0.40700398335748295
59 484 1 -0.13561662740640873 0.60336910646466835 -0.75646651913725993 0.21286675916943074 -0.246055469313296 -0.51749903791572704 -0.41479419398551187
58 475 1 -0.047166104360312336 0.64479276573884514 -0.73767865635577101 0.19454523331983048 -0.069482675091043694 -0.61263097466472261 -0.31644643574439185
57 469 1 -0.018214031048194225 0.67271583316243966 -0.71200896842359329 0.20041179049624419 0.12992332404300391 -0.64574088770237514 -0.27152153738955248
56 460 1 -0.088393390491857085 0.68619780290563792 -0.69353355999991417 0.20082426386937172 0.38729008619742289 -0.61924457718293469 -0.28999686703601668
55 454 1 -0.11863810116826574 0.69075449230195107 -0.68252619581835561 0.20722264436491006 0.50907459406555089 -0.62731373599441442 -0.24426599070547281
54 445 1 -0.14163246684819641 0.67645536988242316 -0.67409688704087145 0.26065640942346907 0.58280376834647585 -0.70490522806459588 -0.087149641452820989
53 439 1 -0.16570349166489673 0.6540845246281588 -0.68556119378403291 0.2733525874569856 0.54377126381300545 -0.79763539559973617 -0.081947166687525969
52 430 1 -0.16080721523412955 0.62371745816822677 -0.68999673560978525 0.33018491296946167 0.44502386783044162 -0.91692196070142795 0.0030993464460175686
51 424 1 -0.15236230219810529 0.60821962449608591 -0.69256059587000596 0.35667133091253034 0.38622471445634743 -0.95298230247456761 0.045360237384172254
50 415 1 -0.1366101386651237 0.61819345253786717 -0.68106447292385208 0.36786642816946885 0.3505192587071666 -0.97092651629531801 0.056495338256518479
49 409 1 -0.12213407787481274 0.62783405359376487 -0.67993754418611729 0.35859810955419547 0.30093634601231661 -1.0032066363576224 0.024758607284303905
48 400 1 -0.088957231956426658 0.64705147109417516 -0.68822327461122412 0.31584763561077689 0.21214702148452569 -1.047640318171565 -0.06378730708762155
47 394 1 -0.067959045980041252 0.63741391455567054 -0.71196333302684489 0.28669370768401037 0.080272973709107631 -1.069704856649111 -0.14087888710796195
46 385 1 -0.024976427716029675 0.67198441042353885 -0.6833810754268862 0.28425945182995649 0.059266150453833037 -1.0521612835663767 -0.11776437549486055
45 379 1 -0.024012474535847872 0.65584049205514605 -0.69601384271283528 0.29130976777245504 -0.015244835203990725 -1.0024899494856121 -0.14989696439696035
44 370 1 0.0022647974755589809 0.60934064608559546 -0.72175877289212176 0.32827293746765429 -0.15467391247820733 -0.88864163626601089 -0.13448187153098665
43 364 1 0.031162793789557549 0.60776163164439789 -0.71728189765672767 0.33935432615208061 -0.18176468218042022 -0.80728274656123367 -0.10380995220360152
42 355 1 0.042394887515063248 0.60411792287696287 -0.71985891528108648 0.33918630700803187 -0.20806402405954277 -0.67030571038821551 -0.11913534719383975
41 349 1 -0.0031119037471837637 0.60698534101696033 -0.72903918559809044 0.31632416554551379 -0.19175307623422405 -0.56980359984119655 -0.18426908018637758
40 340 1 -0.03435109389997168 0.62754713076461521 -0.72892578523888207 0.27142549738529265 -0.16103029078317141 -0.43012721497401912 -0.18052991774880922
39 334 1 -0.080910449027212714 0.65359674464853745 -0.72074395384097856 0.21631677610560587 -0.11735358071653539 -0.36051596564322347 -0.16670991983380204
38 325 1 -0.11552429020496945 0.68265002391768248 -0.69859929095560724 0.18056055464621393 -0.044750812976938135 -0.31464396954916263 -0.09727832226448406
37 319 1 -0.15004480579645846 0.67239907962750656 -0.70281755569734294 0.17723858883775143 -0.0018082598167180716 -0.29103890462711351 -0.065385225702102326
36 310 1 -0.21389995519947461 0.66061474475048221 -0.70281863762375973 0.15453456180608999 0.055278096070849811 -0.27148556238408617 -0.058249305338455348
35 304 1 -0.23818831630779122 0.66473504546958107 -0.67616875854255709 0.21021288083757073 0.099580592028187531 -0.25199545298849063 -0.023758656803045997
34 295 1 -0.21172383291689489 0.65278401470836322 -0.69093226026102272 0.22728541626511078 0.14714640135710993 -0.2333449112466153 0.0080941385924048152
33 289 1 -0.21025458390870611 0.63719080545807094 -0.69625905992429504 0.25495922979646868 0.18169076971706832 -0.22302454393871599 -0.015850337852314923
32 280 1 -0.23298521025459215 0.63549283496939091 -0.6959157440923267 0.23993337748136095 0.30071010717211394 -0.16760233617245512 -0.1136786171257296
31 274 1 -0.23782706877577126 0.61785508435261671 -0.71319125297481045 0.23032936585977359 0.37264578804761134 -0.1124650774536803 -0.18964963179058014
30 265 1 -0.2594066082717506 0.64411019838697536 -0.69072822480769414 0.20180382397974891 0.46716137678191288 0.054925765869451117 -0.24522958106189363
29 259 1 -0.30007331272149029 0.66812726356949381 -0.65689534654770942 0.17902645154126184 0.51321679334317483 0.21357330523401735 -0.24070260872122051
28 250 1 -0.37302340161112896 0.6646941921893067 -0.63270736398227123 0.13680849492218505 0.5561285078818422 0.41645881513679178 -0.19457352438472483
27 244 1 -0.38984050242802648 0.67527089251614458 -0.61376410773070045 0.1238031681688741 0.56169486279228853 0.51374532820878382 -0.19624154578894351
26 235 1 -0.40120867517336012 0.71575689771721707 -0.56654975422916787 0.075796031022290072 0.53256357816005984 0.68655278454447655 -0.21886285083263873
25 229 1 -0.41503186385059404 0.72718208974192489 -0.54308753332103277 0.06333002051590822 0.52127400477008057 0.79937388700289147 -0.2167300707481179
24 220 1 -0.42931136813589554 0.72642534054821883 -0.53655367558459077 -0.010398414078867621 0.43890911140287031 0.97424815939390053 -0.15430153930854543
23 214 1 -0.43913820061558817 0.73466847468167562 -0.5159297347820444 -0.035162221726349911 0.35379898398882925 1.081799674263112 -0.08921583261024911
22 205 1 -0.47182153046562908 0.72415775948597294 -0.49649027047942162 -0.08048225944018958 0.26031038128837009 1.210801949463312 0.060148700505127474
21 199 1 -0.4826228930514338 0.72159674376307958 -0.48615791048367873 -0.10011877230234192 0.21661694912086479 1.2555191205966676 0.11797716274007983
20 190 1 -0.49872050564876907 0.71214135204172591 -0.48127278990632189 -0.11184388071505827 0.19613522737250044 1.2704665158023039 0.16021077556939695
19 184 1 -0.50241197060906073 0.71139435699573461 -0.48082373925488187 -0.10153232190932621 0.17951790908410217 1.2711632432822961 0.1335171374676741
18 175 1 -0.52195339423914688 0.69565273211735312 -0.47849641471521942 -0.1211326200681578 0.11162484722078288 1.2653503237085004 0.15984988115552243
17 169 1 -0.53498272214005327 0.67848400268847053 -0.48122207158727498 -0.14791302486495775 0.060156847544628141 1.2542786344667731 0.21065631760024062
16 160 1 -0.53698735341376957 0.68630299479845003 -0.45435956506764269 -0.1849058334285229 -0.098908754780591066 1.2295842922131417 0.24175451547149709
15 154 1 -0.5462855879916273 0.67756376210022295 -0.45225560561041961 -0.19479289472459516 -0.14593728006894394 1.2108540849298373 0.25718505464312225
14 145 1 -0.54130331471664506 0.68807606448923364 -0.4464042177782262 -0.18510895522256826 -0.21164142309099676 1.1614640007800974 0.19874533999112706
13 139 1 -0.5300337698775861 0.69656928532327178 -0.45524403758420234 -0.16312050691931457 -0.18790097683464352 1.1185277238504909 0.13961934365223394
12 130 1 -0.49800674801365474 0.70591725664595129 -0.48019127411360579 -0.15194224549963153 -0.16391730466566493 1.0451732625921157 0.086420642268917422
11 124 1 -0.48233204867534762 0.70874331615066233 -0.49617497224207235 -0.13729203747116289 -0.15054920877788572 0.98174745762807969 0.072330250492692885
10 115 1 -0.46289747160539202 0.69318450736021175 -0.54017482042710363 -0.11589794180080321 -0.081852187739197127 0.88696602131676372 0.087916685105228196
9 109 1 -0.44257345370534146 0.7046707975794857 -0.5459333511403448 -0.097593961015477473 -0.076079348226359284 0.83199522979157581 0.053458578656328873
8 100 1 -0.43539775857898533 0.70326274356108109 -0.55351964221778827 -0.097294969152718583 -0.057129841102788792 0.71896022299339202 0.034251006590439136
7 94 1 -0.4171834841952019 0.70595745427779 -0.56695829876097281 -0.07836007102113686 -0.035472757146723384 0.63483023515990045 -0.01787878257393629
6 85 1 -0.38278510693032125 0.710887673405593 -0.58907176043875531 -0.03329772914046078 -0.0014891639011119203 0.51152778677434296 -0.086734484954054641
5 79 1 -0.36733007257850558 0.70785182879056074 -0.60332914008006777 0.0028904995371573194 0.023704778826302723 0.45540543970400904 -0.1093929309604567
4 70 1 -0.35372743108384552 0.70708920096445038 -0.61195374865883922 0.020356224617369863 0.025132319720975887 0.38981624832938766 -0.10104661633990238
3 64 1 -0.33229828354152707 0.7140834970029668 -0.61494745998280864 0.03875863160717772 0.015850567063575363 0.33357387634575475 -0.093787731441189764
2 55 1 -0.30268532686213351 0.72064608879814318 -0.61980105752059722 0.069981831203903125 -0.0075775818353536134 0.21281281053454257 -0.067659302154442755
1 49 1 -0.29659176392703929 0.70604167760726155 -0.63902331304556226 0.072025554051631843 -0.0088625352334945617 0.13316379774366213 -0.034023176284236213
0 40 1 -0.25326749607522753 0.70513065026815336 -0.65593101576019963 0.091656118442735593 -0.0045457829157496826 0.056382829405201312 -0.0057896110475314259
