18 852 1 -0.3055345971120294 0.71885181101107731 -0.5639017854857532 0.26817058022770501 -0.52407769654351011 0.86367235847633572 0.25087249883234425
17 809 1 -0.16360280664721627 0.62963672567661211 -0.62719728256695262 0.42827010644804359 -0.2876740818400137 0.74866025514322676 -0.0098429910802649481
16 765 1 0.10969325667671639 0.56484546938086144 -0.67558809930405772 0.46097473383939513 -0.1269159961157641 0.61896563294580464 -0.30298342113866711
15 722 1 0.2606090438712273 0.52916867720156846 -0.71096619321350274 0.38287140064095565 -0.4449951306094701 0.50639245512531317 -0.56961371868455701
14 678 1 0.24145563528698427 0.47651634680572735 -0.74772411338207712 0.39438559517567268 -0.22918895236715539 0.46151190665374958 -0.53030888499226536
13 635 1 0.26323883299729017 0.37238663198186456 -0.70057703162157658 0.54883999115200099 -0.17558827353368278 -0.085777627318881888 -0.61591959350840442
12 591 1 0.38306542055923776 0.32035526357196825 -0.63116290667710329 0.59352066005187998 -0.42196485581148169 -0.07906147029902913 -0.45428901205031336
9 461 1 0.11812773235331325 0.54773169035340341 -0.69903591754206285 0.44427988950412084 -0.54658958617409192 0.91916838216768237 -0.34013782691210653
8 417 1 -0.0035955371666508799 0.60880223378267229 -0.66728327355685213 0.42904538814088555 -0.2159126070465055 0.90074454053199016 -0.030264998527493595
7 374 1 0.00054273918819123395 0.50158760425029103 -0.71058524358937547 0.49343509430284244 0.38405175144633302 0.59180092109962368 0.31383378359310071
6 330 1 0.17082585964313066 0.39439854648056383 -0.70260903993934531 0.5671056772830928 0.55094356256538835 0.11650639947496301 0.25567006491443828
5 287 1 0.18935236222999458 0.36753643317923962 -0.74916151628634642 0.51751297154694187 0.51834891888095636 0.10536697177380723 0.0075814252088489591
4 243 1 0.015278462607361829 0.48330731513101871 -0.68739725487797543 0.54190923751807862 0.23146293984633542 0.58452070658930078 0.025923300046867742
3 200 1 -0.10830231915601102 0.62466853296968894 -0.65148251176368122 0.41668977483136216 -0.34083547637552958 0.74606072396899858 0.038057697087004558
2 156 1 -0.039252263348977932 0.54464093220313436 -0.72242874642073163 0.42417239553730213 -0.22034889041143865 0.65309784524960002 -0.015854672659764903
1 113 1 0.097793830350798625 0.50319004858900207 -0.70842662693142555 0.48514725187398489 -0.10568986397332178 0.47117727421028216 0.033966881469753955
0 69 1 0.21719460852328185 0.47024906713243647 -0.66489263875363391 0.53815434200675305 0.0049087701791646603 0.26151368349168491 0.091052421574006392
