19 868 1 -0.26694127567128667 0.72504287801152323 -0.59336114155045228 0.22578249729706207 -0.5605185076791227 0.9043941686439313 0.32253210211163774
18 823 1 -0.23073456829427078 0.66460952500745707 -0.63859527344514266 0.31185223263100476 -0.41049445409733454 0.87644974963920097 0.14956848706966766
17 781 1 0.0262624509033338 0.60338274248080281 -0.66708351207086103 0.43616411781816783 -0.095437386653609901 0.6338918864226526 -0.16750741784002934
15 694 1 0.29432426415463969 0.53325488093838957 -0.67649946654890047 0.41395764426359732 -0.42969563172732933 0.41687331192698501 -0.57490973401384315
14 649 1 0.21388606442931316 0.39821390086735547 -0.75790261757258182 0.4703850155729587 -0.14372858271511046 0.16982849694853111 -0.59384338945438386
13 607 1 0.33935858417388659 0.29665353415970552 -0.680482109274678 0.57773396210984229 -0.37409926192321541 -0.18408408372717708 -0.52882335130662017
12 562 1 0.36769112789441882 0.35184089067981572 -0.63544090276706378 0.58071170231358638 -0.4532468381030379 0.12721424599993669 -0.41209617474825594
10 475 1 -0.023525689426658718 0.55636052889012066 -0.76528073766137494 0.32288526815970958 -0.59719809255700707 0.9185919678214608 -0.098825483861682786
9 433 1 0.065953625680847061 0.56502041811479708 -0.74916511515913853 0.33934300729722627 -0.24755193103456891 1.0027319838626865 -0.0027095846408470427
8 388 1 -0.033546311903043004 0.59826891954409922 -0.66114535414356235 0.4514817444367199 0.1928584329329357 0.75659897030533496 0.22582087450406299
7 346 1 0.12986315248747671 0.45418839980727893 -0.71353508357202566 0.51741293336983774 0.57330252924463654 0.24023913646295031 0.34681708518402804
6 301 1 0.19536898555009752 0.35164074934026851 -0.74559843008755111 0.53128403320589224 0.52863381266038167 -0.0044864478626850572 0.078290380861391382
5 259 1 0.063157079618247999 0.43841994029506748 -0.73368309523819186 0.51527493147587733 0.42738559694635231 0.44498101415719976 0.065123146202064178
4 214 1 -0.10921585501591134 0.60649288838733684 -0.66439409993962273 0.42286966468895282 -0.2127272513979408 0.71729961234785655 0.074708826001083667
3 172 1 -0.083092856013536553 0.60401437333770192 -0.69696346258001252 0.37749721311482076 -0.34086506794944443 0.70275353646889127 0.031455140683928802
2 127 1 0.035523346468528588 0.55467066933554532 -0.70542895652587168 0.43982783873847153 -0.17633532265766652 0.51869132189435085 0.055727611385060945
1 85 1 0.16095034663377555 0.46916556369503876 -0.70181008251556842 0.51131327759082812 -0.032069660095335163 0.34444672838937829 0.079476266207623186
0 40 1 0.23996115595575718 0.46963657066495873 -0.65812680692825676 0.53733531535611079 0.03963872196139441 0.13345190727616302 0.075108523969676544
