18 852 1 -0.37176475260962843 0.64324754443855181 -0.62452527476557873 0.24081475550691131 0.38324315998037245 -0.072071980516513742 -0.6940829561831986
17 809 1 -0.45501378134711151 0.75046660138551524 -0.47830593897097956 0.0313969382928787 0.38964478008867143 0.41206709842983963 -0.5869974544344515
16 765 1 -0.22452477176819088 0.62156353835607914 -0.63138043414489109 0.40571682492561417 0.89411004258010929 -0.41839595428197734 -0.2938956637083911
15 722 1 0.18485338352900138 0.23657907652333951 -0.7471427249541468 0.5929901480609403 -0.40458624671346594 -0.98362094822214619 0.42834678674781695
14 678 1 0.05727425478092002 0.38024589280671184 -0.70178182750485452 0.5996957456301184 -0.33620311208121273 -0.9165198480886092 0.17662933932795963
13 635 1 0.091117764915418245 0.56645777203132253 -0.63893052049422738 0.51243627448015883 -0.461094110173487 -0.73804079708073633 -0.17293717108346587
12 593 1 -0.083086796797174498 0.65015024168161917 -0.63519935496837077 0.40856214568543048 -0.39619671762393077 -0.55937027548616791 -0.42563312417755578
11 548 1 -0.3462001998286825 0.69539642021974557 -0.595596655953334 0.20453328286943742 -0.38561654826379127 -0.059423959443111893 -0.78450900760104758
10 504 1 -0.55431637294186398 0.66175303597163648 -0.49470512688340118 -0.10041471757753591 -0.69047505698704348 0.63832313227219795 -0.49903071273658239
9 461 1 -0.51910371037336656 0.61507927250355121 -0.52923892115108473 -0.26854234442996544 -0.97350830840441027 0.81014786290672947 -0.25572119424017659
8 417 1 -0.44401945569638807 0.5926678147587745 -0.58323026718969984 -0.33381737484135504 -0.9146774120531177 0.98526359242825667 -0.018878198800596879
7 374 1 -0.48803440968995127 0.65909040009710451 -0.51727165474649894 -0.24464728621883047 -0.46293779640770716 0.90871646061946532 -0.03379952153699111
6 330 1 -0.54139756578652809 0.60773766382973993 -0.48284949346380845 -0.3231098487897508 0.010799823628055526 0.92833459826088649 0.43436902230949775
5 287 1 -0.72961628736133954 0.56439074520158328 -0.16777973798765394 -0.34781190242522014 -0.35341148716693499 0.91751057249997303 0.84426966819583871
4 243 1 -0.7201183474752274 0.62971921779272322 0.003590617577130935 -0.29132521318533944 -0.56003986119439098 0.82330761577031741 0.47472238989188181
3 200 1 -0.59011950332180252 0.67102529901697261 -0.42438013838401473 -0.14623788162981607 0.13403025964436055 0.6014446038338408 0.014762645505843892
2 156 1 -0.36923191740780692 0.64338909091605379 -0.65314790279110535 0.15203975117431992 0.32101267399430922 -0.18396305575988955 -0.14481842122654831
1 113 1 -0.21693980246552513 0.66933757293783558 -0.68189258633029848 0.19986704647760983 -0.064537007252850109 -0.41967321995845408 -0.2910611335281762
0 69 1 -0.16051080673313026 0.69280012381970202 -0.67364934734231852 0.20114876629637507 -0.18629597970168121 -0.066388715659153857 -0.16719131773769014
