18 853 1 -0.31345382754352369 0.72305110043443366 -0.55932168572004137 0.25710514588813821 -0.52629095122398917 0.86816422625614031 0.26671290030923739
17 811 1 -0.15087157261934006 0.63758375079082119 -0.64347766863786504 0.39580452153462481 -0.28647715309060323 0.78677372588994132 0.035519207414037628
16 766 1 0.097028743714201199 0.56826124842394554 -0.67811598663826744 0.45587639234611815 -0.10706960274495642 0.61514529255144323 -0.28649728349194226
15 724 1 0.24264138097386401 0.54693189406560105 -0.71442678835832329 0.36274650593620056 -0.43322617916594602 0.52874224236204315 -0.54721337959149963
14 679 1 0.24569152342398243 0.48367232631741602 -0.74681636324886436 0.38465838825644 -0.2499530660188754 0.46061832927697277 -0.52781614091994289
13 637 1 0.25853720889469828 0.38334563101800456 -0.70656955416003564 0.53569030598885714 -0.18231914480716754 -0.063908562820159012 -0.60746788486404346
12 592 1 0.37164281713153496 0.32433381095562214 -0.63984503155886097 0.58931106483331841 -0.41611786114561522 -0.088691987858412313 -0.45045155448385099
11 550 1 0.36520302947906225 0.37206754031537442 -0.64962097947418185 0.55333992782916641 -0.50457647610329448 0.25339231130233764 -0.42275017215160215
10 505 1 0.15383135802404685 0.53502200921734855 -0.73073174333101398 0.39511831421730642 -0.63948980528992494 0.78269924493481136 -0.31717595639207513
9 463 1 0.093503419188828901 0.55098459184449833 -0.70668404989371492 0.43390176742641551 -0.57771136122723432 0.91641601430172737 -0.34138105105741678
8 418 1 -0.011529869385275827 0.60889463038124436 -0.67261679607328362 0.42035822442882859 -0.21425867944629298 0.90736522249863372 -0.02201514430820279
7 376 1 -0.014898699557644434 0.51191588633470986 -0.69869622287341804 0.4995435338507131 0.36373237364228578 0.62467219760961135 0.3124694775806392
6 331 1 0.15991772111608193 0.4025552171266944 -0.70388343921493657 0.5629597886493064 0.56227705492107349 0.11973354876188999 0.27787250756987208
5 289 1 0.18322135066252448 0.37130735279233668 -0.74898246654787048 0.51728720381197879 0.52877547791421153 0.080108235066528935 0.026148370128916271
4 244 1 0.011574625682076364 0.48513447036116725 -0.69211479436827383 0.53431047633774853 0.25232558932378352 0.57516166316671558 0.045760077613390682
3 202 1 -0.11026952792584091 0.63174058849027026 -0.65029133399461581 0.40726605676938332 -0.33372091061067927 0.74112072243685889 0.054853681657312081
2 157 1 -0.045472682984625 0.55751250416341269 -0.72205365586583248 0.40712474851623376 -0.23342031434081675 0.652860775625141 0.0028310597787401838
1 115 1 0.086532841775044361 0.51466854485558966 -0.71211388945691156 0.4695978754989365 -0.11033906096308703 0.47703327353755304 0.050145615834849146
0 70 1 0.21113620190203816 0.47528611608547883 -0.66854078253489868 0.53158050584120198 0.0084333641161418674 0.26011993126339056 0.10603013629506934
