19 868 1 0.51943784163794959 0.39724186885751239 -0.5871092879040064 0.47716444791911117 -0.65164533081059217 -0.41076744889355571 -0.28406044302897054
18 823 1 0.43504027992305055 0.44438388702909859 -0.59259166816062203 0.51195510605910977 -0.66483904028549978 -0.11639428880190765 -0.21672242279145543
17 781 1 0.18905971658248591 0.6395169604526959 -0.65468791129624426 0.35589074118562863 -0.71602373976080824 0.48448021051184892 -0.11429309777962998
16 736 1 0.035275281438069898 0.74361593264482406 -0.62104577973996622 0.24513901913691918 0.053260558856632292 1.2044139987114275 0.36778784878975607
15 694 1 0.19142462305670535 0.71093762490571455 -0.67516703422063684 0.045538808534364185 0.03091995106994418 1.4958267686854045 0.3927359088951099
14 649 1 0.0072551365053739837 0.71103141230239797 -0.67873517007428952 0.18357631279054215 -1.0479935434622758 1.0748347573943295 0.56125455388998158
13 607 1 0.16398990560283561 0.61575445907528958 -0.66754159760665621 0.38515188231920089 -0.84889044098759203 0.64316297840225534 -0.12040104140421613
12 562 1 0.3909389548114412 0.40683215159421776 -0.70121507527342752 0.43583454687465834 -0.62379156613264641 0.15308532454671808 -0.24927003332434611
11 520 1 0.43664193843992904 0.30449525444901043 -0.67198193330362277 0.51484632554479703 -0.55464413514839794 -0.072468978514839064 -0.3201586712063148
10 475 1 0.47375643081233426 0.33406795009378948 -0.5630301459877125 0.58902504504744679 0.061407089242915797 -0.40707204979786343 -0.24363268697425428
9 433 1 0.35229588906710568 0.2463545601934819 -0.60388197475787553 0.67121054653575152 0.58059831099323422 -0.67214899984393417 0.079322991004167884
8 388 1 0.4589068022913777 0.28406357262580345 -0.51879498334351926 0.66299637915705467 0.16148031993516701 -0.85646679858676245 -0.076551303443924051
7 346 1 0.49291616781775177 0.22288648678461903 -0.53148667245103198 0.65182603700650166 -0.049014223501466579 -0.31710918209099698 -0.14325431882797235
6 301 1 0.30732900933701213 0.32147282433330099 -0.64297521404592939 0.62352784810118356 0.17404737757914221 -0.039668917954409098 0.1336428318006693
5 259 1 0.23710583758947784 0.35880909471718136 -0.67993613145494547 0.59390547435708319 0.55673860728382829 0.40805028158962975 -0.071932534440514631
4 214 1 0.040104018212243651 0.55598593796434703 -0.67439620634472097 0.48421179392594904 0.32675241753345829 1.2115391478871469 0.13440504822387644
3 172 1 -0.047153216459400391 0.58410787213671922 -0.71298326670931145 0.3850317250279075 0.070859022710226607 1.3262718945368901 0.42394949775856255
2 127 1 -0.010941863663284286 0.61693677704805516 -0.6836960363663962 0.38965243307595532 -0.18302876896428527 1.095872540229462 0.3144846797015724
1 85 1 0.13082294968617278 0.5364896328667782 -0.68830081270162646 0.47043195139803079 0.013324741772638465 0.64861914009242727 0.13347852374312247
0 40 1 0.27106282703008799 0.4462031877550921 -0.64643986967334544 0.55636602514564015 0.045703078169613477 0.24561413723728343 0.16046580830556728
