18 852 1 -0.30661284568143332 0.72137609031837036 -0.56131975484623642 0.26556587130028031 -0.52795121456080685 0.86080950709343107 0.25196540280815505
17 809 1 -0.16327972733711604 0.63328447489412321 -0.62520491546437906 0.42592172775989068 -0.29412227152686976 0.74529351107184005 -0.0096134979021389056
16 765 1 0.10810399676509021 0.56735147675229558 -0.67460785901923992 0.45970649795263946 -0.12778390004477805 0.61750384735672892 -0.30240532257398778
15 722 1 0.25585386591635678 0.53033551197130357 -0.71405850357369594 0.37868654255450429 -0.43929651915069634 0.51792312189428491 -0.56545640777200579
14 678 1 0.23913440786798867 0.47877893735781368 -0.74820704629173085 0.39213732288007591 -0.22949713784236689 0.46411828575352237 -0.52900092106309771
13 635 1 0.26364238053592493 0.37624939027076221 -0.70077040619115027 0.5457562911345325 -0.18324987228720144 -0.082241020842979753 -0.61549316594444536
12 591 1 0.38069206768496783 0.32315198231704689 -0.63187784214410436 0.5927703927606518 -0.42034287262260989 -0.078630249216621817 -0.45651481252482151
9 461 1 0.12821398198474396 0.54418719677461003 -0.69523575785279168 0.45173964923732574 -0.55510049269573181 0.89245687631427417 -0.33799924739550363
8 417 1 -0.0086256502351717487 0.61172043180149149 -0.66634723649595762 0.42626877892805826 -0.21706765540719022 0.90469070516900163 -0.025411887937439419
7 374 1 -0.00027277223455295449 0.50381859952594066 -0.70931692368227861 0.49298706488602367 0.38266413605011423 0.58931091333855345 0.31348764110950456
6 330 1 0.16999950105767095 0.3978930668432103 -0.70210022526790661 0.56554093634059988 0.54689659499450505 0.11784305663444515 0.25635713280257005
5 287 1 0.18829359316107169 0.37101747239003219 -0.7486938079094313 0.51609024400184111 0.51469957572254221 0.10659492008019109 0.0094548819522135129
4 243 1 0.013683448358183024 0.48593036311220161 -0.68640094786979788 0.54086799148231712 0.2300506599355667 0.58403541300880091 0.025843710870342203
3 200 1 -0.10994558134739946 0.62717022678450796 -0.64979474367520307 0.41513403482408967 -0.34239982052344253 0.74441781095691384 0.038014979773131917
2 156 1 -0.041050744873750128 0.54735526085601305 -0.72109765026791972 0.42277089958586439 -0.22214599828070575 0.65226256287208118 -0.01572907801667885
1 113 1 0.095879075634247635 0.50599330442739276 -0.70779689858652084 0.48353027731619108 -0.10695988526692529 0.47182579114569856 0.034311243884613422
0 69 1 0.21525844660536053 0.47296388608645779 -0.66451374320551981 0.5370199704983345 0.004871032072591085 0.26195430371942324 0.090775649934438277
