18 853 1 0.16930389257509787 0.29542257050908666 -0.73268571729945009 0.58926508165520364 0.29213077519624286 -0.12678879202212448 -0.78567859818212982
17 811 1 -0.015105152845023648 0.53977070180830566 -0.66771014011172403 0.51242813410163157 0.33041594814259129 0.42457268659969766 -0.68481599243162361
16 766 1 0.26179705062748992 0.18634685537580614 -0.62562843559903925 0.71086300673490865 0.82520518412546606 -0.49729410867792972 -0.34865591048226935
15 724 1 -0.63985455082401466 0.22673556038566955 0.42520178014942306 -0.59864896692816294 -0.4433978485343103 -0.99983166378936406 0.41014134140041764
14 679 1 -0.51406240054016339 0.13236628315256557 0.49001526310222565 -0.69145069047772012 -0.43581038650849763 -0.93877663587183524 0.14608543959640172
13 637 1 0.50776477924952923 0.087957656136858894 -0.42654635737846824 0.74330113997473946 -0.60794374802949214 -0.78243215330777938 -0.18942694583980804
12 592 1 0.36873276218286161 0.195401949839625 -0.5309294736604494 0.73754194598714728 -0.49766464796771759 -0.62462622920129696 -0.45692144921268329
11 550 1 0.17941825947353271 0.36619593085401031 -0.67386327243156596 0.61613141330504662 -0.49906969830001852 -0.12507695572802527 -0.8206634814655418
10 505 1 -0.0626339408049503 0.54613656451572434 -0.75207460515014612 0.36358717062962481 -0.75190547372831729 0.62863028659847031 -0.56944338283981388
9 463 1 -0.024421048515559235 0.63192959469749199 -0.74363547977053335 0.21696744677788163 -1.066303538740853 0.77584620147661965 -0.32670473916705278
8 418 1 0.070883611449297085 0.65489095211508075 -0.73803297059956652 0.14628974254433388 -1.00620966831322 0.99306019432731918 -0.05329868335174736
7 376 1 -0.0069326209027547412 0.64168611473163772 -0.72071467970551883 0.26222360569751513 -0.55757649093730555 0.90819291326106377 -0.10613545879029954
6 331 1 -0.068105827208832612 0.65747782582076764 -0.73502407225916688 0.15107653045310515 -0.052825234199071494 0.90646681868079304 0.41275333138026243
5 289 1 -0.40255686236295307 0.66188626099904246 -0.62302998478889482 0.10811192403778264 -0.38892174155869613 0.92917296202399746 0.78074435723280933
4 244 1 -0.51931721575110623 0.6688182938145989 -0.48970988368451368 0.2077882313923195 -0.57940625785588051 0.84992775720270264 0.38886097099370603
3 202 1 -0.1545216341582874 0.59965057235336727 -0.71472262513293017 0.32513662478475813 0.083500652213886542 0.62486374340617079 -0.037375978734926735
2 157 1 0.16515154103335553 0.37304592696892019 -0.73970801993393964 0.53515768714615075 0.25722649208036391 -0.20474102707142272 -0.19313171038413976
1 115 1 0.29683139111831175 0.34501196665953227 -0.66742191336532908 0.58941145023510755 -0.12523146236948288 -0.45786996350844883 -0.32375574944399765
0 70 1 0.33927604867608957 0.36668912658219266 -0.61417889488948296 0.61091335908904609 -0.28284574180045347 -0.11000574482510016 -0.1886504577899632
