19 881 1 -0.032331114671296998 0.57932590860795996 -0.8110057378287131 0.074872450531407064 -0.85193746855669183 -0.52710879225656693 -0.43157456336357475
18 839 1 -0.0013641493946718287 0.66398972320673166 -0.74001884610150725 0.10718159350779691 -0.77148907952307011 -0.51311625795754867 -0.27316168598613172
17 794 1 -0.2717491889228929 0.69527242972988712 -0.66334151922833717 -0.052217388340385806 -0.75334595259575521 0.22978567516966533 -0.47325205375354101
16 752 1 -0.38870261500647274 0.67539844414731243 -0.53998553471956301 -0.31806106492959368 0.070430613622798094 0.78291481003894359 -0.037035731267853936
15 707 1 -0.32936410070113464 0.59748565944923671 -0.53701437321156709 -0.49613076792921396 -0.098269849979308252 1.3455896265523066 0.27610296280227825
14 665 1 -0.40208855300373264 0.60701271482131847 -0.57390690135458089 -0.37482159511719787 -0.82489737515022232 1.2237497508569866 0.32106083672908498
13 620 1 -0.40197851983473448 0.67656760709401231 -0.58834712698042058 -0.18578805342767082 -0.86288261038321723 0.76034584416757212 -0.22764521462676912
12 578 1 -0.27479996593407907 0.65734747246384917 -0.69407514054160313 -0.10314542379656097 -0.86195065538162663 0.16220167313568262 -0.29307358738773687
11 533 1 -0.12755482112780223 0.52933759843278372 -0.81970711106256 0.17779686883052576 -0.71170880557819982 -0.085776859721173757 -0.34777678207725798
10 491 1 -0.13491595821991278 0.59640014930428864 -0.76197537094174628 0.21330278996209381 -0.36499564390795453 -0.44836559471103887 -0.41092878298757551
9 446 1 -0.14143139012434189 0.67230812193472633 -0.68471666306286194 0.2432324863009801 0.5747939301483036 -0.70984512079602191 -0.12389623522447199
8 404 1 -0.11130229711447029 0.64243037317578522 -0.6740946881752089 0.34711866220678972 0.28449609462047087 -1.033018983133511 -0.0033443772778821465
7 359 1 0.03988655344095661 0.60251602230644563 -0.71762493558537221 0.34698408831632449 -0.19798551357071592 -0.72946861092009552 -0.10540757606876475
6 317 1 -0.16672203970150717 0.67012208227992343 -0.69976262281722068 0.18295471578112668 0.016207286013182387 -0.29204955800704613 -0.057255349754255336
5 272 1 -0.23757119724999309 0.61775492185866965 -0.71695473595998838 0.21889424236634686 0.39024055359705173 -0.083922622480061007 -0.21271722058195283
4 230 1 -0.41064618523360208 0.72777521362760067 -0.54542415764108643 0.065003363327612348 0.52084221662309471 0.77634124075011968 -0.22252386839520824
3 185 1 -0.50185222652900185 0.7116939276495331 -0.48043688280780988 -0.10400239282141202 0.18352251075248746 1.2690050207903532 0.13885729495878715
2 143 1 -0.53648342789342485 0.69144469603396264 -0.44961013301759289 -0.17871903147153667 -0.20405918063104084 1.1463474402002036 0.17605192132953043
1 98 1 -0.43014294902427197 0.70319215771169097 -0.55803193370176407 -0.095384452121658886 -0.05138848389208045 0.69104689921448992 0.018880981928900066
0 56 1 -0.30857733412313482 0.72003119680294969 -0.61830648893066853 0.063499529464402377 -0.0067438525874152543 0.22805528194234972 -0.069714810321293133
