19 883 1 -0.22744519755676113 0.68095548147510121 -0.66371265396993495 0.20989003625128222 -0.5843955551227259 1.0260491858082226 0.32280060259491256
18 838 1 -0.30772739333804433 0.68289760661046939 -0.61171425622265718 0.25448060635149877 -0.48569152722171455 0.88007123842812418 0.250864756877199
17 796 1 -0.07902467970487434 0.62278218500857341 -0.66984574479532699 0.39648975801788716 -0.16842717340527286 0.70377588310414674 -0.039432420377383572
16 751 1 0.14700794544609264 0.56875973622436071 -0.69639703850189993 0.41222832410145932 -0.24289644922097881 0.6579053583200084 -0.38829855914311184
15 709 1 0.34875671309491013 0.47206894661852317 -0.69496036457765886 0.41539108846459394 -0.51771613871165534 0.46951281635579384 -0.56177640218538705
14 664 1 0.18150568800849251 0.43067304010443652 -0.7803634841511512 0.41546269429545923 -0.13337753463035379 0.39868248150425584 -0.50821685705512953
13 622 1 0.29978760424578393 0.33124569924544406 -0.69392796997770601 0.5646836738870622 -0.28205169728969115 -0.21301586245402782 -0.56952917187701857
12 577 1 0.37557469862751364 0.33435195552287655 -0.64393999342796671 0.57662266730754774 -0.4416593768892022 0.039836440493309082 -0.42653225607426676
11 535 1 0.31037630657469606 0.41658830181541234 -0.71548041119462491 0.46712794425550247 -0.49099013439295736 0.4842095700219769 -0.3931045820560724
9 448 1 0.13182182105795695 0.59369204774665418 -0.71585993504726153 0.34307042036508939 -0.42163592529739308 0.98419848695958423 -0.088061578967753643
8 403 1 -0.045357965067442739 0.6449159975452271 -0.65152951871103204 0.39690716466619291 -0.081818024699464087 0.85080334504224664 0.14972313370318327
7 361 1 0.059766588860648291 0.5028756482168375 -0.71702690579777417 0.47897437681835098 0.50991422559406341 0.41514071989783347 0.37569160647056482
6 316 1 0.20061661942416181 0.34110385367709495 -0.72348645729445327 0.56565756348605256 0.53721113292809519 -0.0059241270284868088 0.19285128201563112
5 274 1 0.16274447971696701 0.37461266616757161 -0.7543495404072379 0.51394197683772269 0.51299494358238895 0.22410007217015934 0.017846290131586531
4 229 1 -0.060312542784649842 0.54031275073377993 -0.6824086020813982 0.48861337311074271 0.030486924794177989 0.66464483791904683 0.038996749939881746
3 187 1 -0.13211787681446222 0.61106791914272485 -0.6779251668220696 0.38672772464602018 -0.37178673151502967 0.74945114182885497 0.03513209286040752
2 142 1 -0.0098309602833694248 0.5443474986589818 -0.72307187837284137 0.42515433859951068 -0.19398912442000452 0.59939517310498791 0.01642007162337351
1 100 1 0.140493657821957 0.4830138732132444 -0.71124493849731352 0.49100892849040917 -0.066560415953914306 0.40872821131979947 0.065494941733603027
0 55 1 0.21797082203407633 0.47039901955325547 -0.6632742813901038 0.53970428087200362 0.019833970607666555 0.20057656032422932 0.094313298658884021
