19 881 1 0.53325725709531835 0.36872938123168586 -0.60820795269995065 0.45799391638340597 -0.68616945639528815 -0.36514195203647792 -0.35112810391292304
18 839 1 0.50635668307145232 0.4075068688373823 -0.53524885640888076 0.5394902437229192 -0.643560724998538 -0.30877746194902966 -0.213470384380511
17 794 1 0.25719724392760518 0.53893803831429377 -0.66672265186871915 0.44595546196803948 -0.69166193127124787 0.38950762594840971 -0.28338958099467537
16 752 1 0.08732115144995381 0.70712461133187965 -0.65963447906649986 0.23923242795419619 0.15133866956731415 0.84978869916693112 0.20759167899215786
15 707 1 0.1286150696800108 0.7745685641125627 -0.61669779994590712 0.056440472018640199 0.055762749605907901 1.3928522439713633 0.49204815120733136
14 665 1 0.096393887953392432 0.69577612820499524 -0.69536255581650497 0.15190363311531799 -0.72253067280036842 1.2663893381669995 0.56244634172809049
13 620 1 0.11184299619864371 0.61678567328762457 -0.70294656156452395 0.33605462206768505 -0.82652620071914007 0.85338521020087388 0.014091478641580047
12 578 1 0.27688346063859404 0.54676888514483424 -0.69118130118296295 0.38294613767121016 -0.77607537433146911 0.29643932403005929 -0.094452858175217175
11 533 1 0.47141812543839268 0.26125050876396028 -0.67922341762528315 0.49816530552433502 -0.56233444085228379 0.074094409628159053 -0.22553234319994836
10 491 1 0.42605491595771688 0.28554456745950135 -0.64205214449870951 0.56983379359883313 -0.24503619855642314 -0.25959339632615536 -0.29995620524468336
9 446 1 0.3665607257766913 0.32082737984171339 -0.59380510591172886 0.64038935254665719 0.66414529851662873 -0.48304037632823493 -0.028273839930924721
8 404 1 0.38284270978850171 0.22638673037348983 -0.5616440417776557 0.69766501862158525 0.37502113531642539 -0.81369956041512204 0.065699670673251137
7 359 1 0.5221419472167016 0.19787014552380988 -0.48841631033222771 0.67057042901442543 -0.057428977241133078 -0.52471152067719951 -0.093814189575810336
6 317 1 0.35944137129028264 0.35882069210847461 -0.61952704490609234 0.598528071313018 0.10196801080378327 -0.082929414713665148 0.068266701229532253
5 272 1 0.31940631403772535 0.2962551981986864 -0.68131558262135383 0.5882359568833041 0.47839964856789696 0.11525249509938869 -0.063198849826914205
4 230 1 0.075535808643473853 0.48056344204092538 -0.6766230609966194 0.55275161972980213 0.49777069898796344 0.942167871396 -0.013903943453112038
3 185 1 -0.035302816552516596 0.58502540936823355 -0.69334932819594186 0.41924418973579869 0.15041862327347483 1.3591570512774742 0.39272678388381399
2 143 1 -0.081718356833367839 0.62166323253422462 -0.69537034606651804 0.35116522789547922 -0.23645765898976009 1.1933598893415591 0.4388717495343582
1 98 1 0.070078779594942034 0.57358938785160074 -0.69997184181581484 0.41967082274025835 -0.045838118925535749 0.80227489598558499 0.26316984123286641
0 56 1 0.19990451347973148 0.47669975834910555 -0.65887306547032098 0.54651789492941449 0.016620080381010014 0.41092581192554695 0.1205301746530463
