19 867 1 -0.26561291895875738 0.72733268486685843 -0.58805745264216913 0.23372072051612952 -0.55371378420006778 0.89921013560678953 0.31118986347929439
18 824 1 -0.23592771491512615 0.66937529667645101 -0.63300952827305323 0.30915006493573116 -0.42227098440071886 0.87223405253365693 0.15194158311556064
17 780 1 0.03288154361093866 0.60233359042890189 -0.66588943884891105 0.4389809849643514 -0.089759075687386378 0.62944173423599037 -0.17332046582820088
15 693 1 0.29688497832901872 0.53856872324332983 -0.6710400872935397 0.41413553485749866 -0.4260174099441969 0.40721562419061752 -0.57089203197232574
14 650 1 0.22170006149560556 0.39796531507871213 -0.75457619264717657 0.47232135270093084 -0.14579033509301922 0.17588934095213055 -0.59177676682317304
13 606 1 0.34258821911271925 0.29952837576094582 -0.67583996344866015 0.5797899689067576 -0.3762340883815859 -0.18304729408898804 -0.52797381442325408
12 563 1 0.37088174586687245 0.35490421763300922 -0.63247015058963085 0.58006140666499439 -0.45112456720878019 0.1161931830266712 -0.40375248317398171
10 476 1 -0.029666228562356931 0.56118030384230622 -0.76581562663433622 0.31260679369617334 -0.6075543115394979 0.91891380066117467 -0.089677986079668884
9 432 1 0.06271228934885209 0.57159891143373065 -0.74503468674231599 0.33803131328795449 -0.24864795043916299 0.99899258919068712 0.0070440403450402868
8 389 1 -0.039758428098020368 0.60733542301484489 -0.65758313985629691 0.4440127988282408 0.16477471808386526 0.76374759147467197 0.23183975733933504
7 345 1 0.13750255509677295 0.44684196363796064 -0.71368292172976555 0.52161479475307804 0.57626418781882904 0.22470829025629313 0.34629561438902395
6 302 1 0.20291028301828315 0.34731897068780754 -0.74051934529141739 0.53835680444754541 0.53264728625573787 -0.014123231498870346 0.082339726317930323
5 258 1 0.060143397379609817 0.44726305350847967 -0.73314087084159185 0.50876615081935384 0.41616662393779152 0.45614123439229648 0.068892545840359337
4 215 1 -0.10669804667415975 0.6018989043829438 -0.6652986237332329 0.42861518521535935 -0.19024834327165191 0.71290326000848525 0.07280637491219713
3 171 1 -0.075294947040182969 0.60462144374643267 -0.69673756644109119 0.37857673491901417 -0.33441821524307624 0.69495729751827551 0.030717122393938156
2 128 1 0.035874742815528014 0.55330058674176474 -0.70477842235360666 0.44255941852354674 -0.1743259012723975 0.5226038073235405 0.049919531531920809
1 84 1 0.16879036022588711 0.47223945726188865 -0.69680362493286874 0.51280056316293765 -0.029621749416721906 0.33274244785792545 0.082500599549109821
0 41 1 0.24444995582321533 0.46992310068349807 -0.65593208634707467 0.53774491782108824 0.034993361697386025 0.13832946061124374 0.076349154662025853
