12 1594 1 0.50482049251144767 0.34700461316081083 -0.54481860253290149 0.5726401654789085 0.0028593625256631734 -0.65083583742230533 -0.15473013115301279
11 1466 1 0.49529825094594504 0.32521647066918735 -0.53598624740927236 0.60135898796267406 -0.018715308504884346 -0.67110599659370285 -0.10813380021465775
10 1338 1 0.58217113135539489 0.45086218931329969 -0.47065408060139302 0.48609134581604646 0.28382871115255515 -0.46051775653801008 -0.071459119707931118
9 1210 1 0.51887615842404022 0.32797126081566713 -0.53330167553765429 0.58205816476261407 -0.060063169580794211 -0.47465915955492222 -0.069253765121865027
8 1082 1 0.51241910753722231 0.2942740756842202 -0.57687284166990827 0.56395669262332493 0.038378523247314299 -0.36163838872145798 -0.1395437101091066
7 954 1 0.45330357841717667 0.52363746176760562 -0.57382901948335396 0.4370811490175876 0.2921134875157303 -0.14039304271831701 -0.10016974090266699
6 826 1 0.21366388948767973 0.61437536409783966 -0.63498924435247139 0.41674850194730284 0.29813108832255036 -0.30029556844085481 -0.2573856065897196
5 698 1 0.46735637906480038 0.37293946684159118 -0.56903364007643242 0.56453067718301508 -0.055793622156827982 -0.29418943329183422 0.013032778869314691
4 570 1 0.53526539054910816 0.41843977635267021 -0.4796372436847906 0.55529022116069604 0.11391029613009694 0.015541238918629269 0.050888178284853834
3 442 1 0.14256750202462679 0.65778734172972253 -0.50461799805415841 0.54069491995617702 0.19497677541589487 0.39346138039389161 0.27756744463326188
2 314 1 0.20930005196735949 0.59635004852562046 -0.60408104028854903 0.48543403736641216 0.26227532074631621 0.40015343632387018 0.26847953116218337
1 186 1 0.23545197824421502 0.55505385739330948 -0.61720911897087671 0.50550023223821317 0.10616050605750128 0.17271476162676264 0.12676396461129871
0 58 1 0.38049956378857536 0.41059679784636643 -0.5899110022912134 0.58192384461438773 0.0028035745753329038 0.075385759327826221 0.024443398603604994
