0 0 1 0.34087308505668656 -0.60633583971282912 0.65020872122183482 -0.30559942442802773 -0.036039908632632456 0.031843761575261295 -0.021743383009289598
19 19 1 0.22556038621187974 0.32854931663626646 -0.63641924678674833 0.66041532464743591 -0.44656109124575227 -0.48826165796944354 0.35161817788159577
18 18 1 0.38367327721415817 0.18837354141436535 -0.59187163236835094 0.68337266264051111 -0.6213138189045434 -0.45254741800169229 0.48558017590317465
17 17 1 0.37078586154725107 0.15966474291346586 -0.58596561205940911 0.70261605178851527 -0.59146580487803324 -0.35582561723941508 0.48637937278502597
16 16 1 0.10210312152852428 0.38263097790345751 -0.6901741654133452 0.60566336253629183 -0.4721708502993916 -0.41656016087114334 0.18330155675764895
15 15 1 0.10872833096530908 0.40441664626602875 -0.70141706642185275 0.57674901404388912 -0.33524419444945791 -0.39019962150846149 0.27856893779377478
14 14 1 0.014107049494800256 0.37795539837386299 -0.73771305293632305 0.55922281741893887 -0.16474318890034315 -0.35305973063607099 0.34739832255411607
13 13 1 -0.072142351730150406 0.39058176579554577 -0.72538955321120779 0.56218445496733649 -0.024030007076848676 -0.26377312605712783 0.32519649106308207
12 12 1 0.15361188655479402 0.19143993865813821 -0.72303575786793617 0.6457347993100454 -0.16438881856426982 -0.38356241523213658 0.35088534970467394
11 11 1 0.21968967307474466 0.10179087048509855 -0.72213851794913075 0.64798998998783208 -0.26750751768508402 -0.41891614702152324 0.3457672522925524
10 10 1 0.42887864489686162 -0.10083061367242058 -0.59570194117324415 0.67159176035766233 -0.48078243313361729 -0.30790392256019045 0.42647844078311664
9 9 1 0.49776700955862641 -0.0050897268800664999 -0.51562781178026895 0.69737368647952314 -0.47395836455496748 -0.30051942462041348 0.69913255806051755
8 8 1 0.41055641329203013 0.038504868809258068 -0.57511950058234695 0.70653971341508992 -0.41276320097527119 -0.25701379315360096 0.68490610993262846
7 7 1 0.19742503493853145 0.23963318005310474 -0.67941129545107326 0.66483049434472419 -0.22235958716021231 -0.3727138706592974 0.52542395361598448
6 6 1 0.05380083942193379 0.35765111321245252 -0.70648889928296155 0.60832934014835938 -0.080652688161901728 -0.33752500630855481 0.37218520645320696
5 5 1 -0.068138804878521933 0.42286549756539504 -0.72195395574530052 0.54343754012969181 -0.036185717904118404 -0.2626436328908538 0.26965767897401288
4 4 1 -0.13628796779564853 0.46814772574957558 -0.70770186424639314 0.51129381773283011 -0.020706167625719255 -0.26724282937445176 0.049296820487000396
3 3 1 -0.23806311101786576 0.49453967642301755 -0.7054988278593961 0.44836131356856662 0.020775437041999266 -0.20655374305385499 -0.0098062970943630038
2 2 1 -0.2779793129231426 0.52251226295509567 -0.67406324746606339 0.44198096685697585 0.028227722171240918 -0.16066486151084838 0.01130408648510463
1 1 1 -0.29616721653953271 0.57778187026908279 -0.65949561326001938 0.3788385227592061 0.022087223703028201 -0.089097612552052605 -0.0099813507521679841
