0.8408203125 -0.4931640625 -0.22509765625 0.09246826171875 0.164794921875 0.62744140625 -0.76123046875 0.403564453125 0.5166015625 0.60302734375 0.6083984375 0.1697998046875 0.0 0.0 0.0 1.0
0.962890625 -0.1844482421875 -0.1982421875 0.140869140625 0.1597900390625 0.97802734375 -0.13330078125 0.07550048828125 0.2183837890625 0.0966796875 0.97119140625 -0.0220947265625 0.0 0.0 0.0 1.0
0.93994140625 -0.09259033203125 -0.328369140625 0.1673583984375 0.0889892578125 0.99560546875 -0.02593994140625 0.004512786865234375 0.329345703125 -0.004878997802734375 0.9443359375 0.01120758056640625 0.0 0.0 0.0 1.0
0.9521484375 -0.1072998046875 -0.285400390625 0.1458740234375 0.11962890625 0.99267578125 0.025970458984375 -0.00946807861328125 0.28076171875 -0.058837890625 0.9580078125 -0.00798797607421875 0.0 0.0 0.0 1.0
0.9248046875 -0.26513671875 -0.2734375 0.26904296875 0.09307861328125 0.85302734375 -0.513671875 0.31494140625 0.369140625 0.44970703125 0.8134765625 -0.133544921875 0.0 0.0 0.0 1.0
0.9130859375 -0.3056640625 -0.27001953125 0.2130126953125 0.11041259765625 0.822265625 -0.55859375 0.315673828125 0.392578125 0.48046875 0.78466796875 -0.09698486328125 0.0 0.0 0.0 1.0
0.91455078125 -0.26123046875 -0.30859375 0.2183837890625 0.0477294921875 0.828125 -0.5576171875 0.28759765625 0.4013671875 0.4951171875 0.76953125 0.042144775390625 0.0 0.0 0.0 1.0
0.9326171875 -0.233154296875 -0.27490234375 0.151123046875 0.050811767578125 0.83984375 -0.541015625 0.285888671875 0.356689453125 0.49072265625 0.79541015625 0.05242919921875 0.0 0.0 0.0 1.0
0.95751953125 -0.2666015625 -0.10791015625 0.0814208984375 0.156982421875 0.79931640625 -0.580078125 0.291015625 0.2408447265625 0.5380859375 0.8076171875 0.04150390625 0.0 0.0 0.0 1.0
0.978515625 -0.2047119140625 0.01776123046875 -0.00205230712890625 0.1717529296875 0.7685546875 -0.61572265625 0.353271484375 0.11273193359375 0.60595703125 0.787109375 0.054443359375 0.0 0.0 0.0 1.0
0.962890625 -0.268798828125 -0.0218048095703125 0.005443572998046875 0.191650390625 0.73876953125 -0.64599609375 0.3525390625 0.189697265625 0.6181640625 0.7626953125 0.050750732421875 0.0 0.0 0.0 1.0
0.98388671875 -0.177490234375 0.0091400146484375 -0.02899169921875 0.1448974609375 0.7724609375 -0.61767578125 0.32763671875 0.10284423828125 0.609375 0.78564453125 0.01287078857421875 0.0 0.0 0.0 1.0
0.97119140625 -0.236572265625 -0.0240325927734375 -0.01251983642578125 0.1536865234375 0.701171875 -0.69677734375 0.4189453125 0.181396484375 0.6728515625 0.71728515625 0.07568359375 0.0 0.0 0.0 1.0
0.97314453125 -0.2308349609375 -0.0103912353515625 -0.01406097412109375 0.161865234375 0.712890625 -0.68310546875 0.390625 0.1650390625 0.66259765625 0.73046875 0.0838623046875 0.0 0.0 0.0 1.0
0.9833984375 -0.1798095703125 0.022216796875 -0.040924072265625 0.14599609375 0.7138671875 -0.68505859375 0.45068359375 0.10711669921875 0.6767578125 0.728515625 0.1265869140625 0.0 0.0 0.0 1.0
0.97216796875 -0.23388671875 0.0001277923583984375 -0.006473541259765625 0.16845703125 0.69921875 -0.69580078125 0.43359375 0.1624755859375 0.67626953125 0.71875 0.1405029296875 0.0 0.0 0.0 1.0
0.9736328125 -0.2266845703125 -0.024017333984375 -0.00359344482421875 0.214599609375 0.947265625 -0.237548828125 0.11993408203125 0.07659912109375 0.2259521484375 0.97119140625 -0.03375244140625 0.0 0.0 0.0 1.0
0.98388671875 -0.1463623046875 0.10284423828125 -0.0726318359375 0.162841796875 0.970703125 -0.1759033203125 0.11114501953125 -0.07415771484375 0.1898193359375 0.97900390625 -0.036468505859375 0.0 0.0 0.0 1.0
0.99267578125 -0.10748291015625 0.050872802734375 -0.050933837890625 0.1090087890625 0.99365234375 -0.027679443359375 0.03125 -0.04754638671875 0.033050537109375 0.99853515625 -0.03814697265625 0.0 0.0 0.0 1.0
0.99755859375 -0.069580078125 0.0140533447265625 -0.022705078125 0.069580078125 0.99755859375 0.00199127197265625 0.005268096923828125 -0.01416778564453125 -0.0010080337524414062 1.0 -0.0298919677734375 0.0 0.0 0.0 1.0
1.0 0.00031447410583496094 -0.0010061264038085938 0.000675201416015625 -0.00031447410583496094 1.0 0.00025153160095214844 0.0003657341003417969 0.0010061264038085938 -0.0002512931823730469 1.0 -0.0005640983581542969 0.0 0.0 0.0 1.0
1.0 0.020263671875 0.003452301025390625 -0.0086517333984375 -0.0204925537109375 0.99609375 0.08770751953125 -0.04315185546875 -0.001659393310546875 -0.08770751953125 0.99609375 -0.0213470458984375 0.0 0.0 0.0 1.0
0.99609375 -0.0295257568359375 0.082763671875 -0.0755615234375 0.028564453125 0.99951171875 0.01264190673828125 0.004230499267578125 -0.0831298828125 -0.01023101806640625 0.99658203125 -0.0159149169921875 0.0 0.0 0.0 1.0
0.99560546875 -0.03973388671875 0.08612060546875 -0.0821533203125 0.039398193359375 0.9990234375 0.0056915283203125 0.011932373046875 -0.08624267578125 -0.0022716522216796875 0.99609375 -0.01517486572265625 0.0 0.0 0.0 1.0
0.99365234375 -0.055908203125 0.095947265625 -0.0902099609375 0.057708740234375 0.998046875 -0.0161895751953125 0.0119781494140625 -0.09490966796875 0.0216217041015625 0.9951171875 -0.02691650390625 0.0 0.0 0.0 1.0
0.98388671875 -0.0926513671875 0.1541748046875 -0.118408203125 0.12054443359375 0.9755859375 -0.182861328125 0.1204833984375 -0.133544921875 0.1983642578125 0.97119140625 -0.048248291015625 0.0 0.0 0.0 1.0
0.99072265625 -0.059356689453125 0.12371826171875 -0.10540771484375 0.08331298828125 0.9765625 -0.1986083984375 0.12298583984375 -0.10906982421875 0.2071533203125 0.97216796875 -0.0704345703125 0.0 0.0 0.0 1.0
0.95947265625 -0.278564453125 -0.04510498046875 0.00927734375 0.1944580078125 0.76806640625 -0.6103515625 0.262939453125 0.2047119140625 0.5771484375 0.791015625 -0.0021514892578125 0.0 0.0 0.0 1.0
0.94921875 -0.30908203125 -0.0631103515625 0.03790283203125 0.203369140625 0.75146484375 -0.6279296875 0.317138671875 0.2413330078125 0.58349609375 0.77587890625 0.0246429443359375 0.0 0.0 0.0 1.0
0.97705078125 -0.2066650390625 0.048675537109375 -0.0050811767578125 0.142578125 0.46826171875 -0.87255859375 0.49560546875 0.1571044921875 0.8603515625 0.48681640625 0.273193359375 0.0 0.0 0.0 1.0
0.96875 -0.2479248046875 0.0212249755859375 0.0079498291015625 0.1417236328125 0.47998046875 -0.865234375 0.50146484375 0.2044677734375 0.84033203125 0.5 0.26220703125 0.0 0.0 0.0 1.0
0.953125 -0.290283203125 0.08587646484375 -0.0380859375 0.2108154296875 0.43212890625 -0.87744140625 0.495361328125 0.2174072265625 0.85498046875 0.47265625 0.25634765625 0.0 0.0 0.0 1.0
0.958984375 -0.251708984375 0.12939453125 -0.07415771484375 0.22216796875 0.38623046875 -0.89599609375 0.47119140625 0.1751708984375 0.8876953125 0.42626953125 0.303466796875 0.0 0.0 0.0 1.0
0.9609375 -0.1070556640625 0.255126953125 -0.144287109375 0.27490234375 0.2607421875 -0.92333984375 0.51025390625 0.032867431640625 0.95751953125 0.2802734375 0.417236328125 0.0 0.0 0.0 1.0
0.95751953125 -0.078125 0.277587890625 -0.131103515625 0.2880859375 0.2890625 -0.91455078125 0.492919921875 -0.00904083251953125 0.95556640625 0.298828125 0.414794921875 0.0 0.0 0.0 1.0
