19 883 1 0.54852604338913669 0.36158349780736776 -0.60680192939673538 0.44740135484556559 -0.70754296368797687 -0.36304284955172034 -0.36498264846067613
18 838 1 0.50578260306695588 0.40818100821043346 -0.53573731866004981 0.5390340883154503 -0.64858857047269458 -0.30715089139640162 -0.22860417245946521
17 796 1 0.2823434886576856 0.52650795338350365 -0.66314429144537901 0.45090040824990163 -0.67934953866219816 0.36520438293115209 -0.30517367076315133
16 751 1 0.086611215745104733 0.70678432812625136 -0.66204440409307141 0.2337768547810678 0.16887596723205947 0.86641211183741973 0.21724428682258135
15 709 1 0.11246037700210111 0.77448120494306205 -0.61949763385549694 0.061271595718805381 0.056769952902795025 1.3745094056593303 0.51150862673045439
14 664 1 0.10277028743630384 0.70032834372060848 -0.68692389236829976 0.1646634297450206 -0.76727715736120849 1.2411035760029772 0.50961215205500088
13 622 1 0.1069204046694551 0.62643910050527818 -0.70260603399709021 0.32013566095381818 -0.84756146647064745 0.88152825797678669 0.037700451785333162
12 577 1 0.29199503646976371 0.54099249854464115 -0.6919151841094161 0.37857547886026727 -0.76888698669087274 0.29256238261724454 -0.11012426932357068
11 535 1 0.46672455939865681 0.25599824130748117 -0.68392233669911273 0.49888207370643395 -0.55335907289313435 0.073098789018150145 -0.25293960499503954
10 490 1 0.43087005472953804 0.28380273703983416 -0.64509362890919808 0.56361441813249036 -0.22809196862935421 -0.27170691375164646 -0.30983049154094
9 448 1 0.38540790621389487 0.34403167085320174 -0.58878095839652922 0.62164293473620391 0.63678248880586164 -0.46998071525004481 -0.10666897418342977
8 403 1 0.39384480226629542 0.24237978211858774 -0.56268612389604 0.68521722024684917 0.3616387123450725 -0.81890120919448595 0.028358195760088085
7 361 1 0.52633849698647639 0.19478070489797591 -0.48645763383722357 0.66961722952068248 -0.057335130527435198 -0.56653415857379874 -0.08767627081788916
6 316 1 0.35712863894468111 0.35970107970149717 -0.62668250345815502 0.59189805572118293 0.11173180480017172 -0.084708984117298727 0.060729433307557978
5 274 1 0.32062431506919786 0.28896858692454286 -0.68011263774297359 0.59257404966766436 0.45756094207877385 0.079428031723806428 -0.053831376669437721
4 229 1 0.074905986085115048 0.4833216605345057 -0.67909463803345937 0.54737531758473523 0.4990016205495672 0.95880142531304025 -0.019102240868412227
3 187 1 -0.030666950093773775 0.58566699505503217 -0.69501464300300253 0.41594273053698605 0.16742106008460836 1.3598311827662537 0.38962745281773609
2 142 1 -0.07448610681744583 0.62389878352042039 -0.69494711396498354 0.3496435851044028 -0.2317251249555303 1.1904642664905218 0.41943073389608687
1 100 1 0.067557312664399558 0.57806662461434466 -0.70047143564235936 0.41305538958071369 -0.053924968072839315 0.8285705682455633 0.26584689198913686
0 55 1 0.20983413753974511 0.47411333304765885 -0.65695296407916071 0.54735636027819767 0.019140555203550375 0.39400490072112321 0.1039279600910484
