19 867 1 -0.029381752846146445 0.61049412879810327 -0.78876161165706515 0.065488558381462281 -0.81307611292919268 -0.57040381571548571 -0.35348223511744337
18 824 1 -0.092395764635272715 0.67028342837592025 -0.73377026468413442 0.061354274402533909 -0.78135700384810225 -0.31815850643129739 -0.32264973689135984
17 780 1 -0.32786680314022326 0.70376670008277864 -0.59304405894302237 -0.21334135887256261 -0.77200800305770689 0.37815569143335392 -0.30079262383075067
16 737 1 -0.4000431736997978 0.70349154052273943 -0.47630470310526268 -0.34380072918617255 -0.0037562970665477226 1.1255948262426223 0.11717246187704501
14 650 1 -0.45631515294747227 0.64130413246931195 -0.50202174030510327 -0.35844059916441373 -1.096244913073237 1.0538704900391771 0.30044344657386485
13 606 1 -0.33782906636822607 0.71048707763996377 -0.59957547690275037 -0.14693155522295548 -0.89126523172008665 0.49511881604052443 -0.34447095600994809
12 563 1 -0.21061423159815884 0.58637424342517463 -0.78172576759808654 0.026678012839297077 -0.75553490192067663 0.038374245424848151 -0.40493135842936501
11 519 1 -0.14684041214080354 0.57856797521163594 -0.78547116967397279 0.16349933649048123 -0.68186673027040112 -0.25836821876783667 -0.4447918219253767
10 476 1 -0.071065975852856691 0.64145971106998545 -0.74200989506695803 0.18138462385994603 -0.090999152755653304 -0.58381395186372276 -0.35109695441177086
9 432 1 -0.16530977264325544 0.63548622170440172 -0.68182450662856176 0.32240546405608161 0.48389349116314029 -0.89603706495035795 -0.0039873403188638865
8 389 1 -0.03614227466598454 0.6617699135278492 -0.69382554507502914 0.28170983392961341 0.067512165727193763 -1.0705747074717911 -0.12576923021099576
7 345 1 -0.016290953929384996 0.60965367741168519 -0.72927382271952923 0.31018815247285658 -0.18076693464116722 -0.50801404508374171 -0.18563551689679686
6 302 1 -0.22721847796471331 0.66128214525540774 -0.67961524009770558 0.2218125629100908 0.10228259313695494 -0.24810759913061697 -0.010004348966859989
5 258 1 -0.30928770622916385 0.66836767124240659 -0.65329649521142164 0.1755832001017687 0.51909568338644163 0.23832028599380056 -0.23088017497521707
4 215 1 -0.43392683943765448 0.73475714330529229 -0.5203498012282407 -0.03279516335108975 0.36179946452167366 1.0655512748924376 -0.10889674541688017
3 171 1 -0.52923302029832819 0.682191658849296 -0.48483459713793503 -0.13950757771695207 0.084364655332188759 1.2603184767818323 0.18773259765030842
2 128 1 -0.487072857573706 0.71055127131431395 -0.48423291690818426 -0.15295556358363777 -0.17157712351415472 1.0279191211181311 0.076868405933995299
1 84 1 -0.37993287308080564 0.70967264733000957 -0.5926037915307717 -0.028922168790288978 0.00030801598188509051 0.50266554949824516 -0.089203344585590927
0 41 1 -0.25500623420062102 0.70462465251663942 -0.65620308654187476 0.088732343581921835 -0.0080625869193181703 0.062289430719354638 -0.0073642341353541384
