19 868 1 -0.032372221237702219 0.61452998730528097 -0.78518880044852601 0.069162718605570037 -0.80261393611164566 -0.58031309598441605 -0.36305592707128537
18 823 1 -0.096169052962502222 0.67278826676398162 -0.73090421836759611 0.062341678911193368 -0.7761444469764972 -0.30941587539871235 -0.32339835620563617
17 781 1 -0.31931831985897408 0.70474919338499642 -0.60513790660238187 -0.18754332571042295 -0.77501249236434877 0.37183030140829382 -0.33143394425752343
16 736 1 -0.40341286033095564 0.70492523758510617 -0.47530667979983993 -0.33826326089723496 -0.0045010941738620877 1.141216339299062 0.11939632346602014
15 694 1 -0.31852029059142239 0.54626443368757571 -0.61949238855808408 -0.4651549994229322 -0.12257975343940185 1.4291365536878367 0.2142512755324798
14 649 1 -0.46448258138610765 0.63721515028589271 -0.49746576828659117 -0.36158068700921631 -1.1019947226058211 1.0600520388501073 0.31284135055875367
13 607 1 -0.34336840812440295 0.7090902299313675 -0.59755827603391654 -0.14904123208484152 -0.89049266300762386 0.52065946715269595 -0.33948177051951844
12 562 1 -0.2031317132245766 0.59275610768473952 -0.77864311901558558 0.033054456500849566 -0.74723125207485952 0.0056963788690577739 -0.40621876070602625
11 520 1 -0.15050023193592241 0.57336391485245031 -0.78908647474497939 0.16107773498173686 -0.68439629073670583 -0.24009333794881857 -0.44508965391943073
10 475 1 -0.047631353445180984 0.64587168894595814 -0.73567463460694371 0.19840324489033914 -0.060367074273929122 -0.61828827214849891 -0.30653922267667899
9 433 1 -0.1648887858772011 0.63995232195770602 -0.68159006240787012 0.31417781707135078 0.49656980111886323 -0.8840202016009574 -0.018480505960498946
8 388 1 -0.028899384390733043 0.66159634321604532 -0.69397601555051081 0.28258165911047828 0.052055600454644739 -1.0694022342489069 -0.12034904450412759
7 346 1 -0.013182041437456792 0.6095513354864629 -0.7264794779348015 0.31701888166131192 -0.18075770021149976 -0.52482654053200439 -0.18180279054338724
6 301 1 -0.22408390876686607 0.66113770953435413 -0.67875747321564117 0.2279728567556871 0.11248431536843979 -0.24660828854794906 -0.0014937671440628777
5 259 1 -0.29903847380945481 0.66816159141980236 -0.65699143158163453 0.18027295349381611 0.51308150288190557 0.21167249500161178 -0.23857707920397822
4 214 1 -0.43775856276804165 0.73459611199949293 -0.51714208953126273 -0.036056236544131932 0.34951958709640929 1.0812395105671593 -0.093361044786471392
3 172 1 -0.52714346042939919 0.68635895764995103 -0.48456788267936252 -0.12737786485818842 0.099231990885498209 1.2610562905194227 0.16974424684425565
2 127 1 -0.48069462113795314 0.71329617641531518 -0.48853068610865796 -0.1465572060682632 -0.16511720169866256 1.016666502858808 0.064211448184474385
1 85 1 -0.38217933149322342 0.71074348515890995 -0.58967764187685945 -0.032602692436449782 -0.0016525919017625961 0.51094080006824427 -0.086282695353305558
0 40 1 -0.25183946554286091 0.70507215515884103 -0.65637700618209371 0.092840537321716904 -0.0053021202578955717 0.053925257975028888 -0.0057853242125809482
