18 853 1 0.16991562424398221 0.29519516100293164 -0.73151537381158904 0.59065536096400761 0.28892741347288398 -0.12805941915990704 -0.78922756464968147
17 811 1 -0.017706184512041232 0.54190841734282225 -0.66601068737085112 0.51230022696738053 0.32521471515415595 0.42984513346951858 -0.68742231991688907
16 766 1 0.26384197720499925 0.1860629631662804 -0.62164888680396857 0.7136670416501848 0.81955408929658824 -0.50603837565140264 -0.35294600625273398
15 724 1 -0.63982026472335773 0.22693625637436926 0.42413686576463183 -0.59936456642970948 -0.44376490044240907 -1.0004952401489222 0.4075798253063791
14 679 1 -0.51388958549900576 0.1331168575896631 0.48883493273105666 -0.69227003740082294 -0.43588805602356356 -0.9398952134324714 0.14274322621143398
13 637 1 0.51371205846087942 0.085536582911601988 -0.42804290578464321 0.73862215291929323 -0.60645874725860471 -0.78102563761266719 -0.17025572901489106
12 592 1 0.37000569196733651 0.19638898010704514 -0.53061893832963136 0.73686545494426725 -0.5043380769377479 -0.61940672953717513 -0.45686826072324288
11 550 1 0.17896384897055609 0.36696063244191274 -0.66893406743966244 0.62115943880625757 -0.50024000620556286 -0.14215575729511951 -0.82128149230692293
10 505 1 -0.060135831509755718 0.54627258602906581 -0.75131880274149954 0.36536283358988064 -0.75795739149445163 0.62547550728994572 -0.57073072889867604
9 463 1 -0.022216081296322392 0.63200508793498089 -0.74272795792583046 0.22007088646947012 -1.0662113964724851 0.7651479409710078 -0.32630052479024102
8 418 1 0.065366491869138454 0.65453345266430696 -0.73893532248037253 0.14590329082954603 -0.99380771207368479 1.0081126713324884 -0.052816774958383106
7 376 1 -0.011051683211400834 0.64172795664895943 -0.72151946381482679 0.25975517952431809 -0.55941478891615248 0.92696400068239104 -0.1047585183372681
6 331 1 -0.068535723196514797 0.65714402659138815 -0.73514685664137414 0.15173556646842828 -0.056469157552142504 0.90729222028957068 0.41437348606896707
5 289 1 -0.40298084840908927 0.66199106111120953 -0.62240112855016416 0.10950390862351746 -0.39844762482064466 0.92717673190079364 0.79171880606608136
4 244 1 -0.5194172619279136 0.66885767997669021 -0.48901474055015615 0.20904472122532144 -0.58087851769335086 0.845623593654934 0.38471716816012913
3 202 1 -0.1554923449622955 0.59929613690303341 -0.71477609140709608 0.3252097939853934 0.079920187077513499 0.62798521658935769 -0.037207447320244613
2 157 1 0.1652941301597774 0.37331101852714732 -0.73909871619819667 0.5357703068434494 0.25314929868501379 -0.20285797575066886 -0.19510198277354937
1 115 1 0.29582236815233515 0.34473022000977704 -0.66796080730496787 0.58947312221784176 -0.12603776229815841 -0.45281744870509588 -0.32705808809840248
0 70 1 0.33809140265099114 0.36579984392821774 -0.61322967350870916 0.61305305248728592 -0.28124344298600529 -0.1123074500411978 -0.19234480164176834
