19 868 1 0.27603793656056591 0.30927659977968719 -0.67162080645345679 0.61406557853938426 -0.066820468340230935 -0.36369798434190437 -0.76281006115205574
18 823 1 -0.042042214118173354 0.55352207944125842 -0.64291808965540798 0.52773297205775171 0.25929614771729015 0.5223456309791914 -0.74659067571440574
17 781 1 0.19188755493385257 0.28563085541825378 -0.67084935506279897 0.65692870504063916 0.69002903442194441 -0.22900812458198427 -0.54065505637040068
16 736 1 -0.53837620123175234 0.12776396872267071 0.49441057090520563 -0.67036230623498583 0.007491062944076231 -1.1199617781165414 0.22780572794451104
15 694 1 -0.56499404105373729 0.13447120133172535 0.46126515774684562 -0.67077096227769739 -0.44077718198076188 -0.97611824578154271 0.26781257208898201
14 649 1 0.49127280578369692 0.07052067951503016 -0.48529984024741629 0.71983465401020019 -0.52258512865366469 -0.91271716724394714 -0.17428697849016697
13 607 1 0.39490747909850543 0.19870534577207244 -0.54217661541688278 0.71456895133273057 -0.51088494457046063 -0.57690759894091959 -0.44398528659959785
12 562 1 0.31055335851315791 0.28384286687564991 -0.61040128705982477 0.67111854928598103 -0.60077078646098447 -0.37128454473855871 -0.61001176233941368
11 520 1 -0.061966662600729965 0.49114386547247091 -0.77061102259901448 0.40136826977700679 -0.5331147701440957 0.54534179872635868 -0.71444399147702498
10 475 1 -0.066680434112219467 0.61231846915554811 -0.74926631275964495 0.24335119601345284 -1.0178100857301917 0.77927789959755933 -0.39783210113015471
9 433 1 0.060868408401650975 0.62087794191489742 -0.75707575833608787 0.19401524229299258 -1.0541786867925369 1.0429362293134914 -0.23231178454794779
8 388 1 0.03746302732393865 0.65647024699429679 -0.70717886743507585 0.25988725603271939 -0.77002947088871154 0.88033296529324534 -0.22853614720242058
7 346 1 -0.02780702236244937 0.65896211467789889 -0.71926801328950074 0.21828702660749322 -0.19223075232516804 0.92607484147243979 0.25369282863831855
6 301 1 -0.30830089341167838 0.67679313215897008 -0.65432779581023415 0.13695528837592319 -0.22827014591758421 1.0249889722715742 0.68576831500080837
5 259 1 -0.50051077661898213 0.61891284220031184 -0.50149709007474796 0.33902289730098673 -0.50813932530893358 1.071957021622284 0.26882101614414372
4 214 1 -0.22067590261891848 0.61494953677463027 -0.69061820009817709 0.31013821905264677 0.047064953530098388 0.7825161294526094 0.040917599306742831
3 172 1 0.04147846911656812 0.44179496168228877 -0.74814141817747393 0.49333676818101552 0.24902658938986494 0.096224551407667086 -0.12641613738144228
2 127 1 0.24233565647238448 0.33420253006338252 -0.70797572182910462 0.57302048462676347 0.067393369062938316 -0.41051108294961342 -0.30091140694514257
1 85 1 0.37884444433466696 0.33124884685441286 -0.59370888695336133 0.62790193980189302 -0.26881401002346383 -0.35603197714138612 -0.18900971192686655
0 40 1 0.30226439447740966 0.37658262661878633 -0.62554366612116408 0.6127943235179274 -0.136327417323273 -0.11113647535568537 -0.077401741199425403
