19 867 1 0.29274465636318192 0.28450518292612831 -0.6737469567475366 0.61597273099740879 -0.035725574346838256 -0.37247082745098309 -0.7578847366875614
18 824 1 -0.013719113411743093 0.54867508038191126 -0.64082377446497008 0.53676096372181192 0.24748712358239927 0.46478633304649547 -0.85193933369519381
17 780 1 0.22354053059430989 0.27915337458346329 -0.66666735596656623 0.65395539689555793 0.71038483977955269 -0.36540578624122599 -0.52766228264439929
15 693 1 -0.58452568078479616 0.1403370719956234 0.4546501741865549 -0.65721263974371424 -0.43851007275055653 -0.95461444708442311 0.25100052675797457
14 650 1 0.5098591854778699 0.045123812024389337 -0.47669442127671285 0.71468166430648727 -0.51758187307783898 -0.90971167628882266 -0.16067191036595363
13 606 1 0.42335036632370993 0.1790875903594312 -0.53292452134533996 0.71041787481852792 -0.5150642761977926 -0.5663796392150714 -0.43422800883336699
12 563 1 0.33991272640104903 0.26161934287855643 -0.60268676238037744 0.67289176270322737 -0.599116955793904 -0.36917831131973694 -0.59506536367001006
11 519 1 -0.030926771077649417 0.49776680633440618 -0.76051223218247821 0.41580390335250683 -0.54573103013760094 0.51182151388204256 -0.7068936815238005
10 476 1 -0.045467130375133308 0.61427455095538697 -0.74194597632725801 0.26479366366248347 -0.97536634713644688 0.74206696258467719 -0.4108834387859191
9 432 1 0.053323575077227604 0.63557269209871026 -0.75082316585837794 0.17166398285541484 -1.0318623385411945 1.1223770266563713 -0.15923398194929589
7 345 1 -0.0053061365976146109 0.66136208226410154 -0.71434943483179514 0.22864147920531408 -0.2035246710050255 0.92013296789448029 0.24900618317980303
6 302 1 -0.27268810252618036 0.68465625725174073 -0.65846873079796298 0.15266282687029464 -0.22679656736560971 1.0338785603141529 0.6539563433026151
5 258 1 -0.48138608326076304 0.62441301846915764 -0.50229079468309157 0.35507714483718283 -0.50256579231801057 1.034323808160053 0.23189683766659777
4 215 1 -0.20204731997093667 0.6215721244579695 -0.68492743944019352 0.32202387689621498 0.026548367658640309 0.77540756834566305 0.040843870231344594
3 171 1 0.075363250961164793 0.43385926487009729 -0.74324219879356135 0.503664126798262 0.23885377085066739 0.077079398168250199 -0.13488515336346557
2 128 1 0.26623040384481006 0.32328091686168436 -0.7018722792294052 0.57618237087836888 0.066622760745610757 -0.40282754877525334 -0.29256795761635129
1 84 1 0.40236189429843694 0.3212880960937684 -0.58300397939900805 0.62847850029252084 -0.27391038401502898 -0.3421740734761774 -0.18574840406888721
0 41 1 0.33468863027069007 0.3700487659829419 -0.61260628355395386 0.61299345258513493 -0.15029563932886258 -0.1143618116362683 -0.076119037862856426
