19 896 1 -0.27917876105064116 0.6556821976192545 -0.68661659807307052 0.14386703011453827 -0.49299011523886738 -0.24381464816967918 -0.52464359301764063
18 852 1 -0.36976556776903224 0.64325516768327284 -0.6253812227286788 0.24164962321425787 0.37939568505161292 -0.078444580861320543 -0.69436276881349601
17 809 1 -0.4543195407506917 0.7512187608704668 -0.4777606929225231 0.031762375643387124 0.38951459576009551 0.40932189828832094 -0.58767659286825291
16 765 1 -0.22547237324723163 0.62115734580224347 -0.63136849999900602 0.40583195767112579 0.89633794288527802 -0.41532491188974496 -0.29326398409392768
15 722 1 0.18523297692051297 0.2372461981920104 -0.74686491709150615 0.59295512589276067 -0.40572216863308785 -0.98351331381736884 0.42976966171660663
14 678 1 0.05758868803444811 0.38068788332770714 -0.70133202447732312 0.59991138507322939 -0.33738729231269055 -0.91693151830124398 0.17752882075999465
13 635 1 0.091196674113518422 0.56653027159157188 -0.63880872898613428 0.51249392754659273 -0.46030993571660189 -0.73848248853832166 -0.16937743868853003
12 591 1 -0.078704394084310902 0.64029014766933867 -0.64127507581047705 0.41545206979104715 -0.40124325513028597 -0.55169325768084465 -0.42959122363623981
11 548 1 -0.34766370899752946 0.69436677524480661 -0.59621453737701402 0.20374727557079717 -0.38739637903281149 -0.053749404633636387 -0.78575852256439138
10 504 1 -0.55434352630491934 0.66131133235961614 -0.49525164303845548 -0.10048077728743315 -0.69307967135689197 0.63887001576041103 -0.49893469061541484
9 461 1 -0.51905098860430265 0.61448677998991952 -0.52978148898924937 -0.26893055306314767 -0.97644910370120774 0.81065487902838762 -0.25369005738637784
8 417 1 -0.44411915272421509 0.59194728328529633 -0.58367171565489884 -0.33419144264799738 -0.91711638184450872 0.98588649060007738 -0.016387194979079207
7 374 1 -0.48792859516695691 0.65893072130805863 -0.51751841147363997 -0.24476659151248933 -0.46315440164623106 0.90733496354502918 -0.033155466493486156
6 330 1 -0.54219383619678096 0.6076331466076218 -0.48222918363177458 -0.32289753419277023 0.013219548379706802 0.92874115519994316 0.43417365684775844
5 287 1 -0.72973219529018185 0.56421641973541325 -0.16771211172854933 -0.34788417963091484 -0.35264093785740119 0.91646456328741299 0.8418948143817917
4 243 1 -0.72026478759612833 0.62956649100277928 0.0037298137676279671 -0.29129153376782263 -0.56013517926336953 0.82280006423258834 0.47547561936489724
3 200 1 -0.59024024179055701 0.67108892751966298 -0.42417396618466319 -0.14605668332091307 0.13430447284636091 0.60075854721414801 0.015303743639029367
2 156 1 -0.36985556931313379 0.64309045455086167 -0.6529262488136941 0.15273781039317688 0.32271643581005316 -0.1848199456971866 -0.14302073584090563
1 113 1 -0.21855659169069783 0.6696941450532008 -0.68135149231890124 0.19875339550511958 -0.064116872359339647 -0.41636390402740853 -0.28997033499064073
0 69 1 -0.16061669950282048 0.69279473711576944 -0.67385049231237526 0.20040768966255337 -0.18921831463718955 -0.064415286603804384 -0.16472610513437924
