18 853 1 -0.041300644205104403 0.59563788583901656 -0.8011091527991322 0.041640017326204641 -0.75540183579748377 -0.48398841798810527 -0.34310622291838899
17 811 1 -0.14529016276654561 0.69125763436136467 -0.70736708818540572 0.026181178210711017 -0.77203556018034236 -0.14812138207988509 -0.37674257756799945
16 766 1 -0.36018526070208001 0.64652369160434442 -0.60097214647776742 -0.3018379918518711 -0.35153500206971605 0.66939820534341354 -0.12611774727243322
15 724 1 -0.4037143491179418 0.6913589975148613 -0.4389534013048248 -0.40786930793386256 -0.14188132548830959 1.2381574369296828 0.26414135917155579
14 679 1 -0.3194913683885488 0.60000226405325441 -0.64145266509417731 -0.35561359240017654 -0.41970476409744645 1.3511548286802271 0.040915254024058961
13 637 1 -0.46732699244217135 0.60326103089505312 -0.54348763456373272 -0.34971817484184492 -0.97324465266324245 1.0171242081578351 0.33220082052795008
12 592 1 -0.28547936598998752 0.70932724165568894 -0.63714733583715566 -0.096951886390628877 -0.862714683764918 0.26770522257991303 -0.32023869515104886
11 550 1 -0.26427133704935196 0.58347627797498014 -0.76310483415403807 0.085948272497761741 -0.64954323473562003 -0.07613574740595265 -0.51421611971993209
10 505 1 -0.15934219873790717 0.62797799834962964 -0.73441975587908437 0.20219129423560298 -0.51836183024184157 -0.41188763069288831 -0.46892226243090818
9 463 1 -0.0602548131215375 0.68397697051052797 -0.7000740105267691 0.19606437996712794 0.29761200276229233 -0.63241743060259326 -0.29992492797641029
8 418 1 -0.13273885356959683 0.6192007620480352 -0.68673443078804175 0.35688462365642193 0.36694300290860155 -0.95190271364753432 0.053071984527020478
7 376 1 -0.028851105013938023 0.63679242334374409 -0.71096822994136555 0.29696329625985446 -0.069873098305956088 -0.95690539906972549 -0.17737595858980773
6 331 1 -0.089744175560096243 0.67019681239341711 -0.71106931915439653 0.1927761369258251 -0.091141237479467563 -0.34494872611551247 -0.14462558757678318
5 289 1 -0.20906121537347186 0.63687883335206419 -0.69662796430045981 0.25571124185158112 0.18169669985299644 -0.22620791289071104 -0.016117556859996177
4 244 1 -0.38865726068224327 0.67552049778618928 -0.61377426240007382 0.12609022803103792 0.56525854435370282 0.5102510447577624 -0.19428358933648912
3 202 1 -0.47821578422826266 0.72273751929490115 -0.49143534626032215 -0.086321737496398834 0.24219962360687486 1.2384881215319541 0.089119660688664795
2 157 1 -0.53921433203341951 0.6792421010625076 -0.45732470411767862 -0.19680494728949607 -0.11806434735159582 1.2243346090153053 0.26004988496153364
1 115 1 -0.46269414426648814 0.69288304377472454 -0.54091755050804124 -0.11504529570284966 -0.079676016475939401 0.88841599950018757 0.08737479823059098
0 70 1 -0.35332156325749731 0.70691590960342099 -0.61235501523777214 0.02133319010354803 0.027268235670599064 0.38985088512282778 -0.10250236963036155
