12 1610 1 0.051256730589529863 0.93178491728927559 -0.28791969887787011 0.21506246180951008 0.42668518571946817 -0.46980746783357757 0.24275862221122504
11 1482 1 0.79813535481289788 0.29751601626904406 -0.22239918418804996 0.47434457763695087 -0.206000617494978 -2.0816943017588008 1.0401055569209976
10 1354 1 0.18196344314798754 0.87889372887329464 -0.2686412460546711 0.34966698389055639 -0.11370924912780893 0.69614685307556579 -0.53851576333373286
9 1226 1 0.32073631331362085 0.83478641683262156 -0.39816015191014981 0.20427517965877764 0.21821432359799861 0.34181637028990686 0.51776185240995554
8 1098 1 0.49756131925988356 0.76497792444428103 -0.33616079582262776 0.2328893042653134 0.18312215643557805 -0.25297972978893457 -0.48733631310758674
7 970 1 0.33056220071044762 0.7895304234177597 -0.36632861108062176 0.36492970646822043 0.14744538879743752 1.2798510871221607 1.434726325779057
6 842 1 0.78801810641708658 0.42766353213634822 -0.26318391038906769 0.35618197112123912 0.0030069994789798703 -0.49175247680928785 -1.1357272598723598
5 714 1 0.59723455968808292 0.60425915353168314 -0.3898747717349258 0.35521742419537228 -0.16479092096107795 -0.28223030865759224 -0.17675465007593924
4 586 1 0.29506442925663301 0.82836300760887249 -0.25218840558960254 0.40392167347001151 0.16612429747813384 0.39887595599496789 0.0068985665394956071
3 458 1 0.42729520724440134 0.7445906714688133 -0.36795888203763316 0.35722513763339964 0.3077658681266025 0.31304968194393135 0.11342051706166113
2 330 1 0.37002503548458454 0.8235397719007983 -0.35210607392490079 0.24674892080291941 -0.075544527316806748 0.35080542068169834 -0.11170733900168185
1 202 1 0.43731330857661233 0.72208497493267421 -0.41159932617211703 0.34341862764403902 -0.19544209179339858 -0.12895309253275611 -0.28091258466021013
0 74 1 0.5142982120550541 0.70130355547776246 -0.37882861031000814 0.31647994590781203 -0.035260224641451399 -0.49279429031704758 -0.41509497336355416
