19 896 1 0.26365578840368031 0.38053685810419846 -0.69639286074070694 0.54837424116637101 -0.55555310004680591 -0.26826949996204075 -0.57949157360505321
18 852 1 0.15574785134697328 0.30390751905095109 -0.71277582380615034 0.61264463734089825 0.33008999928851146 -0.11499269063618001 -0.76531854830897117
17 809 1 -0.0072709446692050192 0.5267830514301528 -0.66240646289243688 0.53260156590821739 0.35475412645864579 0.36697026446041231 -0.65970192166055175
16 765 1 0.26350525308711348 0.17820025953588325 -0.61832792549500115 0.7186655867995132 0.83219038269770573 -0.45887450292414744 -0.35368944279799669
15 722 1 -0.64097078607644764 0.2344799753731443 0.42260500101895193 -0.59630579878056023 -0.48039323580347193 -0.97137785633616303 0.37867431002449597
14 678 1 -0.51686671403467188 0.13300338797976724 0.47709591787121747 -0.69823948890013721 -0.4090111214729803 -0.93181648135786932 0.12786648914705701
13 635 1 0.49823055645552028 0.063749769906098264 -0.40793080891870021 0.7624268716315532 -0.53516156954259786 -0.77846625302189676 -0.19264779584123076
12 591 1 0.37901718655758643 0.18626081395172447 -0.52559455264361699 0.73851421632313152 -0.46969335777746968 -0.59731437034715462 -0.45923969423456873
11 548 1 0.15035330914751197 0.36858627877092276 -0.67735157807656832 0.61865408525878085 -0.42866182364141731 -0.091747546867483959 -0.84534423886022214
10 504 1 -0.069747695064383705 0.55167266735577736 -0.74358628717324526 0.37131113726048653 -0.7280342778827229 0.62907537932493374 -0.5695409634449643
9 461 1 -0.019580937539197887 0.63109785803763863 -0.74465662228770613 0.2163760507737752 -1.0349066205778883 0.8162745801258986 -0.31700261304134086
8 417 1 0.072180057141084011 0.65864386323721857 -0.73312181103158491 0.15333202848991159 -0.98338662170478464 0.99944300445451273 -0.062016651353260746
7 374 1 -0.0074795515844197002 0.64567655475484853 -0.71758276416060029 0.26099965426727584 -0.55997328471991048 0.93261348846040948 -0.10751062702781657
6 330 1 -0.066895754738231658 0.66273483411831924 -0.72565846633682274 0.17241603138297976 -0.050265449879585693 0.92175330506132336 0.3649790861143406
5 287 1 -0.41738276027453147 0.65063548426589357 -0.62225002085798553 0.12357188022335726 -0.38272245511953112 0.93416911069092468 0.74864859854403121
4 243 1 -0.52683979260003844 0.66172958025236117 -0.48959167976762241 0.21178711635626057 -0.55910398340960044 0.83404944398708969 0.37990810971625416
3 200 1 -0.14209604167817388 0.58991375412823355 -0.71601097206657971 0.34516483817156174 0.094984515643581249 0.5911096207795361 -0.067978806781131648
2 156 1 0.17292370922863284 0.3644978316787153 -0.73370840187574271 0.54672726519268244 0.2688611029883215 -0.20697948321097215 -0.21225999867631887
1 113 1 0.30507429506021905 0.35213921440039264 -0.64960972962062125 0.60077853436787187 -0.13181851074184397 -0.45592889869313463 -0.33923041695470635
0 69 1 0.34186071065854012 0.36863685515550576 -0.6065072177054992 0.61594408707303194 -0.25989332676913895 -0.10549423246507218 -0.20557310192803305
