19 881 1 0.53443188654373663 0.36757621566127252 -0.60840076305153401 0.45729508617931974 -0.68759355856252302 -0.36839783855901331 -0.35342097094325042
18 839 1 0.50715313682672147 0.40670919377910869 -0.53578037285319391 0.53881603499492936 -0.64393752586337161 -0.31115911545609781 -0.21582369251491137
17 794 1 0.25894082549091801 0.538519325120278 -0.66695125419417511 0.44510966052749207 -0.69256481493122346 0.38822801090799081 -0.28634061868801286
16 752 1 0.089365223265198176 0.70743621006593682 -0.65907911725705359 0.23908697738264198 0.15007803931440808 0.84899652817255933 0.20390097675124041
15 707 1 0.1305312187830244 0.77442008318419964 -0.61649752820728299 0.05626662774954707 0.055786559993116838 1.3937236279477103 0.48947621363958854
14 665 1 0.10035132629581864 0.6958185149399807 -0.69425575209217294 0.15419194617204027 -0.72541927261056638 1.2663739638314131 0.54536026117987757
13 620 1 0.11337018491078595 0.61661232549741707 -0.70307013801838203 0.33560217854593077 -0.82656172773638792 0.8531544121518625 0.010055187266227819
12 578 1 0.27834016831821184 0.54632572397360435 -0.69141752077782215 0.382095231567677 -0.77689616353434932 0.2956800998587461 -0.097546974996188515
11 533 1 0.47227941198419493 0.26010503230367871 -0.67973844179946463 0.49724559316921174 -0.56329507524715916 0.071714388005825372 -0.22701686617299979
10 491 1 0.426749150062949 0.28410139845194948 -0.64288265497733255 0.56909880534709745 -0.24407615332049093 -0.26275853830530155 -0.3011144963415513
9 446 1 0.36928483795810241 0.31853488021797471 -0.5908952845449057 0.64265620765800879 0.66451406982081318 -0.49860756612543139 -0.025887242547088414
8 404 1 0.38350156142311759 0.22533340137002286 -0.56260497568440448 0.69686946550139328 0.37611096292071228 -0.81710042531364346 0.065776338305764182
7 359 1 0.52294533203704097 0.19684177887964791 -0.48940363141294074 0.66952638435538236 -0.058190605401907652 -0.52728672129707188 -0.094579370783904951
6 317 1 0.36091846644331238 0.3584021100811865 -0.61934554377399986 0.59807765839968385 0.10080773020918109 -0.087016093780321255 0.066707508268464569
5 272 1 0.32180158162389211 0.29549789056914599 -0.68087280752136903 0.58782391811793044 0.47641517770830549 0.1093295139565158 -0.06493500178367663
4 230 1 0.07768808449966845 0.48060512342809159 -0.67678656252479574 0.55221664738335452 0.49825603185156014 0.94008559554626425 -0.017546721379044932
3 185 1 -0.033449835297275111 0.58529367533967558 -0.69361996618280619 0.41857348773963532 0.15107946718658619 1.3591836169750875 0.39002944672426137
2 143 1 -0.080073316108695808 0.62196512078746014 -0.69560941723387359 0.350535577690408 -0.23602239788453699 1.1938337503016705 0.43658382379193306
1 98 1 0.072001977839029244 0.57346381465615326 -0.7000400045437345 0.41940310025760336 -0.045389639766852855 0.80080574886147649 0.2597030747467996
0 56 1 0.20162818044376857 0.47631038074459575 -0.65908569848380849 0.5459675265984083 0.01671604187309127 0.40856652784157016 0.11792681706947869
