19 19 1 -0.21972443790764187 0.7552660016177315 -0.61187047939648631 -0.083120121689334664 -0.42327822067100307 0.32444188164072524 -0.0027453158990611479
18 18 1 -0.1400125838334389 0.70192532783878792 -0.68575369543314169 0.1320574863704598 -0.094034852570665878 0.14508305856322332 0.0046971954141448767
17 17 1 -0.2531606522473217 0.65519705824566465 -0.6737446114742186 0.22955325641208435 0.1815089331448366 0.043336859665926604 -0.017398916809349352
16 16 1 -0.46123220896775896 0.7379812914219589 -0.48354450915451153 -0.093984948733411858 -0.096329252813765268 0.70649829288237675 0.11433027187642145
15 15 1 -0.27564899325209152 0.72905413376602046 -0.61235803004437084 0.13234555375215162 0.12521614393790717 0.26561084244447936 0.0036521226200771418
14 14 1 0.043001721745301057 0.46095080204198158 -0.75131651884142037 0.47031765705723122 0.099106904903876886 -0.54911202026045114 0.094554062320854268
13 13 1 0.17884584434644096 0.47610795498413933 -0.71718152318451633 0.47643052165406735 -0.17046079344843221 -0.7769980196694426 0.17672085922040379
12 12 1 0.098620258792912918 0.51929665960436266 -0.69873374911359543 0.48205411701283984 -0.08330127822653853 -0.72484754131146545 0.037863606284858485
11 11 1 -0.31855420744604129 0.73482260373879171 -0.54470480113080422 -0.24870793629882063 -0.62783814199467991 0.68586810360790307 0.12305848221059647
10 10 1 -0.15646471452536714 0.74860831130499939 -0.64427326027695264 0.0040441866523154109 -0.27804339850866405 0.21054767289168749 0.004226784988933429
9 9 1 -0.40663275417282463 0.68476310161635057 -0.58618519933381441 0.14878242497202165 0.33104359914646247 0.40356349831853722 0.096079033030274125
8 8 1 -0.52825326797260186 0.7343494591774774 -0.41689400277683836 -0.088762306925398743 -0.085930133234657535 0.8198199445353902 0.1523217613688071
7 7 1 -0.33060718806154776 0.74591112004425197 -0.57394908267697686 0.069985274812796622 0.024441512913005996 0.45310604747558036 0.011718282666879907
6 6 1 -0.219981326712992 0.66907205268518599 -0.6563503405149248 0.27047187417394475 0.23576845325867321 0.013041762512561606 0.056028330839471452
5 5 1 -0.014277471794953199 0.55475430778123258 -0.729026195150979 0.40070515167763532 0.15733285497662286 -0.468634917664981 0.01969194047281253
4 4 1 -0.11442419303682116 0.65084985782167792 -0.69772899119793386 0.27654262142260744 0.24973436268114657 -0.15148590382948154 0.10136225966980096
3 3 1 -0.10172406349527664 0.66624360495606272 -0.71856605900236969 0.17156483500694913 0.34387122289397021 -0.055347620955629936 0.044346961131893202
2 2 1 -0.14730548447931383 0.66040385742707786 -0.71511353852913839 0.17544362727122606 0.32438161351044181 -0.015658127530629676 -0.071804969486253312
1 1 1 -0.24364987040952077 0.67762364798780106 -0.66008366457848022 0.21389363733821723 0.21909257003097377 0.12119615022097924 -0.2065117830364383
0 0 1 -0.12971929008074901 0.69476626174527856 -0.68224059734382103 0.1871376890350637 0.02615957963469916 -0.043925992708703163 -0.18162991917167581
