19 867 1 -0.59037057982067342 0.69904097982637281 -0.25453105923103547 -0.31307862733235853 -0.55682166006231082 0.90368369256144376 0.18491686155977036
18 824 1 -0.59816499792829581 0.70687664954729712 -0.30803968448909846 -0.2182557911215334 -0.41530435517687753 0.86607013827072155 0.025922936151095661
17 780 1 -0.41999400856894953 0.74474280970538909 -0.51284754481882411 -0.077139976222526524 -0.11074748510973496 0.56632606980871214 -0.28223782118602636
15 693 1 -0.23638404062490337 0.68272858861766428 -0.68893577614636781 -0.05806682329504536 -0.49381753447536825 0.34294843966492955 -0.65065796289561761
14 650 1 -0.3385711249240661 0.61641126382310241 -0.70596461871562255 0.08378964328223322 -0.20460112943404149 0.11227083551458701 -0.68460195607805707
13 606 1 -0.1966402416148543 0.61493241919228203 -0.72848043830141951 0.22914402941414586 -0.4464198995133748 -0.26564403531046077 -0.59102014526618196
12 563 1 -0.15016953724141724 0.65395503317403192 -0.71572544462706245 0.19372406299797426 -0.51785894485485828 0.031346587933711444 -0.46150062603304864
10 476 1 -0.53606731761035797 0.62514192319437223 -0.54863650819165943 -0.1443169731325474 -0.62326037035594894 0.9064186876416056 -0.19038980456358123
9 432 1 -0.45228115487922849 0.65371767368318578 -0.59199506193867635 -0.13280363961721076 -0.29367720507230116 0.96338568295611626 -0.10386332330769558
8 389 1 -0.46860785947525613 0.75160236718359563 -0.45783388446977208 -0.076737799768781811 0.15940412099753284 0.70833669169398983 0.1165620770003532
7 345 1 -0.37366172425961719 0.6851029364582566 -0.61913634739710832 0.087641688775210447 0.54032633676696684 0.14986406764861243 0.24826691218158239
6 302 1 -0.34294669424032959 0.62258369607673092 -0.68341962878511309 0.16647737768323079 0.48293708594404017 -0.086895130606188115 -0.010911277430371881
5 258 1 -0.44468967364906115 0.67657268534707871 -0.58168440520448905 0.078382066405741843 0.39647290461633028 0.39161741107612524 -0.039400472505207139
4 215 1 -0.52299298833434338 0.73720557675949527 -0.41933037985544952 -0.084665838908604046 -0.18685788808979367 0.67005638204422135 -0.046745903672764308
3 171 1 -0.5210937647358862 0.70587929730605126 -0.4635751636428469 -0.12366799764532541 -0.34599669651722387 0.65900831652292469 -0.0907150747182736
2 128 1 -0.44369887732206009 0.71081282376773358 -0.54416213054595131 -0.042000137025675705 -0.19805980871728154 0.46476676833331687 -0.061125773141957253
1 84 1 -0.33861743822871987 0.69809851561098546 -0.62764840943975808 0.06367234216596511 -0.073414023170858128 0.25404070295550307 -0.0091221150478654409
0 41 1 -0.25471330473853465 0.71282072764659021 -0.64818859749830393 0.082820798714706378 -0.020728008175571626 0.049412276285898622 0.002202219225085302
