19 881 1 -0.21476593991015006 0.69159125396816901 -0.64586062283056711 0.24174611551410172 -0.254672754181264 -0.34197573416688731 -0.59257369100075852
18 839 1 -0.4444570271865198 0.72232934696953099 -0.51116387212813263 0.13931891946920266 0.4035336814611758 0.31903172821837356 -0.68603939875797015
17 794 1 -0.41179923035897209 0.68156793027375473 -0.58126417195592606 0.16738731343354576 0.55936034207245999 0.094222578961968645 -0.51040035867843581
16 752 1 -0.16184495041363739 0.50373246260724436 -0.69105944711491507 0.49243949749636912 0.68574356074823439 -0.81800263419985153 -0.12475066887047051
15 707 1 0.21019264981468008 0.29476152098547942 -0.72061489572587312 0.5913111429426976 -0.42940704728127987 -0.96350200152885823 0.43723564691375899
14 665 1 0.039647263170028688 0.41751844184685261 -0.72105033150719722 0.55153682077832678 -0.39297477682136245 -0.92561221983576192 0.021805637146462529
13 620 1 -0.082053148290946926 0.60692213695726993 -0.601165134963067 0.51333544688790222 -0.31600012039032149 -0.62685405049124621 -0.40180944003211178
12 578 1 -0.13577406652331539 0.63881181843483315 -0.651780441177923 0.38557375427486806 -0.41412675351454159 -0.4852591655796748 -0.50981207579273702
11 533 1 -0.43447211482156584 0.70670001134883831 -0.55617959159148989 0.049732658275538619 -0.47618006514249062 0.21440288913870004 -0.77096101769162217
10 491 1 -0.58878562366697274 0.65726836770203545 -0.43719331118799165 -0.17375785114312295 -0.77465434873205008 0.74505253909957614 -0.35274402308294234
9 446 1 -0.47266524316437547 0.63092745289420171 -0.55299812957942762 -0.26965011731955812 -0.9638589286960364 0.87161566971675442 -0.26235287148091213
8 404 1 -0.4415107895075005 0.61545806719997864 -0.5661284003446474 -0.32523564471032518 -0.83417626150939839 0.93405528044335007 -0.036967850596557938
7 359 1 -0.47289037418171309 0.64512285622283472 -0.51861074105459137 -0.30204981981120083 -0.3501312093573104 0.927916075168285 0.15699163388894188
6 317 1 -0.56893865183239667 0.6350305566572586 -0.42545899170501428 -0.30336388865529085 0.02681219933247506 1.0543197218134133 0.44789844319723482
5 272 1 -0.72966850808816153 0.64218262666835679 -0.070386319948214107 -0.22412297578310447 -0.50872682998376373 1.0284883964306246 0.53832013333177831
4 230 1 -0.67985986402983944 0.64497064651507774 -0.16514691799904552 -0.30745719359069745 -0.25461938078732238 0.86683145410319207 0.40759098743847505
3 185 1 -0.55175069413766387 0.67202008601631913 -0.49360960352616612 -0.017599284529956835 0.20557280948668191 0.30810531212657138 -0.016819239416098954
2 143 1 -0.31032487552539612 0.65221229434336436 -0.66851789129600858 0.17720446877731383 0.28369371485128581 -0.31624014519240995 -0.16621611788506296
1 98 1 -0.1513896530908648 0.66527403290311027 -0.69772889480974565 0.21832549880724023 -0.18759316519662997 -0.37102707308874255 -0.23098867761835792
0 56 1 -0.15759295178649624 0.70744999240478224 -0.67249828774228815 0.14974986737016968 -0.12973285167505896 -0.044353475064506646 -0.077295128163663879
