19 19 1 0.22709167966027355 0.32447780872595589 -0.6340335976294047 0.66418741161707673 -0.44726345581680138 -0.48323939278379957 0.35791482191581703
18 18 1 0.38546805562468534 0.184773028460298 -0.58845646276660812 0.68628878577079067 -0.61919228321122721 -0.44241382019034148 0.49015325426669842
17 17 1 0.37225728321404827 0.15577686021784412 -0.58296786512810939 0.7051996548090057 -0.59017599032322776 -0.3464636065473814 0.48948820183126407
16 16 1 0.10409925049711785 0.37881533280353835 -0.68850691397970376 0.60960685616307475 -0.47285213198353337 -0.41667507849626456 0.1908334526629839
15 15 1 0.1106545887837254 0.40041006421243508 -0.70015978964717729 0.58069235522754969 -0.3373494601164812 -0.39051684651079699 0.28437567451143902
14 14 1 0.015853464922742297 0.37324218506199314 -0.7370674884549262 0.56317888490500034 -0.16960226547371177 -0.35517397572373532 0.3495747812764744
13 13 1 -0.070015613266724522 0.38608292569356029 -0.72514087296613172 0.56586968706646745 -0.03147722034989104 -0.26860440561107851 0.32673448244028508
12 12 1 0.15597681971778457 0.18684558074063004 -0.72074658834340022 0.64906418485367967 -0.17202316748048321 -0.38002877567228682 0.35454759452865786
11 11 1 0.22228216089140593 0.097334261873038258 -0.71913465485822115 0.6511236676676907 -0.27397969395267791 -0.41262517162373541 0.34948445676984669
10 10 1 0.43111228056752027 -0.10471595749918279 -0.59188918600784224 0.67293681819014406 -0.48059544756793643 -0.29452237294042594 0.42717333577449362
9 9 1 0.49925024661895967 -0.0089432526607932765 -0.51184199363949856 0.69906150160761749 -0.4718598956235775 -0.28689618973546388 0.69662138650290073
8 8 1 0.41215630186209384 0.034431023690400908 -0.57169328941576847 0.7085961263512327 -0.41394133561334706 -0.24626113888542928 0.68287762128425267
7 7 1 0.19923333587408576 0.23529792659924659 -0.67725915794841318 0.66802769148410734 -0.2279463343614799 -0.36846076522292365 0.52739974765759423
6 6 1 0.056019039790150757 0.35358807992063296 -0.70525992981638819 0.61191974009212413 -0.087903274468837791 -0.33881272641056343 0.37617427743726684
5 5 1 -0.066163199624833816 0.41839328000122761 -0.72181378200673263 0.54731559302687138 -0.042500144263714498 -0.26788173025874806 0.27229420967330331
4 4 1 -0.134281007594408 0.46388823649298294 -0.70800465322845507 0.51527247748129912 -0.025985573948798728 -0.27413035384003048 0.054456988381646289
3 3 1 -0.23559999086883851 0.49091074660317563 -0.70616392151931107 0.45258347198785798 0.0159858276255203 -0.21701625268575059 -0.0061232670010479481
2 2 1 -0.27630905650616916 0.51799921049480802 -0.67522294117357884 0.44654686532583315 0.025662415187362377 -0.17130143445200255 0.014023323934701317
1 1 1 -0.29557188403535245 0.57260243789438769 -0.6619417475724616 0.38287965773322524 0.021718455095164728 -0.098409709162852022 -0.0088252028587332779
0 0 1 -0.34686783115674968 0.60058897042200388 -0.64487096753619311 0.32111840735931696 -0.014477590646491336 0.011093028085687991 -0.030170197627500561
