18 852 1 -0.31313517679895808 0.72389376927361948 -0.5587621924334093 0.25633763704326878 -0.5254556756164398 0.86259624709391969 0.26312968762182032
17 809 1 -0.17064472440218886 0.63745000744612546 -0.62488166353165964 0.41720591153834524 -0.29404794771191345 0.74625600883408905 0.00317516224095327
16 765 1 0.10098212426608558 0.57078695894471987 -0.67696284114099614 0.45357046838573822 -0.12373109532596242 0.61505301560417747 -0.29505842644090058
15 722 1 0.24641047292687696 0.53299965943028171 -0.71818095138527727 0.3733756325023026 -0.43912648145143329 0.51478059607872706 -0.56316138252959547
14 678 1 0.2300434154529942 0.48103902045040864 -0.75188410245650983 0.38775222021801625 -0.22750093663112431 0.45773665634620958 -0.52673027348650359
13 635 1 0.25423247480856048 0.38146014329729999 -0.70468147364289135 0.54155150127462581 -0.18352761952737182 -0.089428138282056271 -0.6078520344482029
12 591 1 0.37459099976412957 0.32937695573048315 -0.63678713335006576 0.58795794979678173 -0.4294325595311263 -0.079802316029310663 -0.44278822347638824
11 548 1 0.36113275044732657 0.37987573340696623 -0.66756361739359904 0.52880656241695911 -0.5027486337695759 0.30258282678206477 -0.41275566832152139
10 504 1 0.14301510611845525 0.53922744119477461 -0.73044612904457606 0.3939909880292411 -0.64162072809416038 0.78200247037162429 -0.31213281985206237
9 461 1 0.11941601544438334 0.54763035816629169 -0.69856825174779458 0.44479568761407284 -0.55515399948774102 0.8985244759898301 -0.32787084452726789
8 417 1 -0.015997336529024995 0.61575673702667644 -0.66750279803225854 0.41836316837090676 -0.21588046827394275 0.90770262807166247 -0.013078293136439174
7 374 1 -0.0091866032122205205 0.50838945932795421 -0.71067228560072293 0.48621051659203773 0.38922362395484467 0.58832065098438735 0.33052890762469717
6 330 1 0.16104323701795495 0.40287093756559811 -0.70507120915567667 0.56092305487967509 0.55571752826177945 0.11237499755090896 0.27560067745159517
5 287 1 0.17878781107576477 0.37534223017186297 -0.7518975203135706 0.51166712597806452 0.5222961497026708 0.099975017892183354 0.023401006593227844
4 243 1 0.0056879875034192926 0.49123642369459442 -0.6874604301180407 0.53483883540354893 0.23352738292965783 0.58270560928753534 0.04109794879618061
3 200 1 -0.1174127734616615 0.63130318101140337 -0.64980378649784243 0.40672542743967988 -0.34339284918903051 0.74476153327789174 0.051208922392266279
2 156 1 -0.04915668092955526 0.55142558733852687 -0.72192434425774588 0.41513694549675317 -0.22441240688593078 0.65058991105587105 -0.0030729083618937464
1 113 1 0.088206473904102536 0.5107914084359847 -0.70991967154668678 0.47678697022929684 -0.10865364707705594 0.46914460429660093 0.049844231289201422
0 69 1 0.20839580027176927 0.47852562190564152 -0.66792792453944527 0.53052493553963809 0.0042553745959806504 0.25963317345283127 0.10955223350450355
