18 853 1 -0.040853258841916817 0.59609427770037782 -0.80076885216626281 0.042093571185942723 -0.75602085595196067 -0.48682159181635204 -0.34165326790824807
17 811 1 -0.14565158684140095 0.69121786918838057 -0.70732741545069833 0.026294484537484203 -0.77135874347965872 -0.14782753154341147 -0.37742276833705823
16 766 1 -0.35989779816540202 0.64660353689386585 -0.60094728506162909 -0.30205926823902596 -0.35250265488169574 0.669415911712817 -0.12601659890048139
15 724 1 -0.40339579376707546 0.69141921239117732 -0.4389392499193786 -0.40809758782380523 -0.14274063152757521 1.2383200497903641 0.26423866425744358
14 679 1 -0.31900048120467894 0.60055203813297464 -0.64145779681963766 -0.35511665320681596 -0.42073213196639542 1.3506753477170663 0.038241597250880666
13 637 1 -0.46708191778147323 0.60451397736810197 -0.54287077848255283 -0.34883900458223704 -0.9729897226795623 1.015181997230741 0.32821478615247807
12 592 1 -0.28605358794992231 0.70929097795060736 -0.63690073331754338 -0.097144785338291434 -0.86211324125246269 0.26866026263200515 -0.32077878540629845
11 550 1 -0.26489159257602773 0.58335527911487628 -0.76298214151915023 0.085949486526633936 -0.64831489329749914 -0.075322839045815534 -0.51473332568421237
10 505 1 -0.15996312626144552 0.62795863955931164 -0.73432821618122568 0.20209358267788352 -0.51735368573637408 -0.41110838851085785 -0.46966144792327968
9 463 1 -0.060069832584644031 0.68390032981332571 -0.70013147062791115 0.19618327637919522 0.29770279037659486 -0.63333819766765143 -0.29957634825256013
8 418 1 -0.13253583664391946 0.6192224330370385 -0.6866818954745787 0.35702353543740889 0.36695255539673233 -0.95299654621273711 0.053715284783976157
7 376 1 -0.02853808782425854 0.6368479976509176 -0.71089476897989534 0.29705021943835197 -0.070184137993731549 -0.95808192367004053 -0.17658256099833564
6 331 1 -0.089827798754953891 0.67010750741653424 -0.71125278767807898 0.19237039038012199 -0.091764491773838885 -0.34419892478874742 -0.14493571084017953
5 289 1 -0.20907990200729773 0.63685241360795974 -0.69680205089056291 0.25528709276624301 0.18107333127448474 -0.22553683459750304 -0.016449586601280236
4 244 1 -0.38845584309816822 0.67559894799737119 -0.61388266329889651 0.12576245516365475 0.56457872919062813 0.51062388033153805 -0.19465940862233011
3 202 1 -0.47797226293702605 0.72280667099060292 -0.49151887984041676 -0.086615373893799363 0.24144730069909756 1.2389770488522884 0.088927528317843896
2 157 1 -0.5389763956903213 0.67934043858978044 -0.45735208421827006 -0.19705350655727874 -0.11888863573768972 1.2247716039966134 0.25994406863432118
1 115 1 -0.46243072766094551 0.69297726121194025 -0.54097008220688714 -0.11528966872725643 -0.080556392408297095 0.88867526136980524 0.087139735194826567
0 70 1 -0.35313336565199094 0.70691965005238611 -0.61246937180861427 0.021040509249318641 0.026456168015841483 0.39009366208879137 -0.10271297886490013
