19 867 1 -0.030374006652853267 0.61057030668701973 -0.78870080813538768 0.065056556614668595 -0.81175574641374759 -0.56816677359646839 -0.35528967967059427
18 824 1 -0.092672901433037622 0.67028241403794075 -0.73372798329081812 0.06145295198313843 -0.78091562878835552 -0.31792956067479933 -0.32308183909868426
17 780 1 -0.32669746083154511 0.70373014280908319 -0.59329987670381468 -0.21454116502752263 -0.77525456003292914 0.37747846923084333 -0.29877620805157468
16 737 1 -0.39987784864165532 0.70362523652610209 -0.47624314192588346 -0.34380474467038896 -0.0040795649063406769 1.1255047777072449 0.1167302079461584
14 650 1 -0.45621993213334538 0.64151643189622198 -0.50198900275181879 -0.35822769609233235 -1.0963444434291725 1.0539150255558061 0.29956502743278929
13 606 1 -0.33750140546886992 0.71078938838692096 -0.59950552059293716 -0.1465072607131663 -0.89106898441108695 0.49406573113454905 -0.34564803223968837
12 563 1 -0.21084878048356051 0.58634767168298785 -0.78167821754711575 0.026802311335003177 -0.75504271142464929 0.038601274095528236 -0.40524349687428918
11 519 1 -0.14710068124794287 0.57856658046399989 -0.78540603195870506 0.16358320974191265 -0.68133407825054659 -0.25820622776913027 -0.44511608204781661
10 476 1 -0.0709531206978017 0.64149893489472487 -0.74194178504654584 0.18156860630109467 -0.090698192657263879 -0.58466984378065623 -0.35083560302969624
9 432 1 -0.16534127806982601 0.63548304100155972 -0.68180107302961312 0.32244513204778713 0.48442078968387142 -0.89645012131686541 -0.0035621776416861488
8 389 1 -0.036034649852727897 0.66180502464703916 -0.69377811523267607 0.28175794609224231 0.067597976051794989 -1.0713569918096419 -0.12531839961073596
7 345 1 -0.016346568003284441 0.6097116338925499 -0.72925153082592509 0.31012371402173677 -0.18064677462244996 -0.50793911072052467 -0.18556618845768086
6 302 1 -0.2271523922686875 0.66133953703732862 -0.67953629852799491 0.22195095498946624 0.10248018909557476 -0.24847166266240692 -0.0093582648589096915
5 258 1 -0.30948960598199271 0.66826489300076197 -0.65343894974506722 0.17508785088593326 0.51881929184346265 0.23945384893546429 -0.231482224313137
4 215 1 -0.43373817307049034 0.7348797878679697 -0.52033501609558364 -0.032777517133089039 0.3616878716821067 1.0653385157182094 -0.1093196138457886
3 171 1 -0.52899093560705568 0.68237433317355933 -0.48484423983584479 -0.13949882640909222 0.084085164800428019 1.2601470993227561 0.18717444142416176
2 128 1 -0.48696362111936059 0.71067806908707409 -0.48416441573385038 -0.15293113601254313 -0.17171806645119764 1.0278815663225003 0.076541997843224546
1 84 1 -0.37974430408377541 0.70980082656553711 -0.59257325356719448 -0.028878872547230025 0.00011550564635781471 0.50233404923636193 -0.089438761090039509
0 41 1 -0.25480800384708252 0.70474722803056811 -0.6561450820540955 0.088757292967508561 -0.0083009897265579509 0.061961080007770321 -0.0076622516093582723
