19 867 1 0.26616557206032782 0.29069553069897131 -0.68115481478863882 0.61699279977297727 -0.012712082163101988 -0.35112619422613589 -0.776537972352076
18 824 1 -0.037002860412055118 0.54768167228582021 -0.64466310508137636 0.53205737952815924 0.25518667092821634 0.52476294161408532 -0.73493501773973369
17 780 1 0.19759595954431 0.27824579391256349 -0.6673643819211128 0.66193647481067386 0.70058461947239403 -0.22778291414750998 -0.52772782016852138
16 737 1 -0.53793747135667846 0.11397001125798582 0.5016910019052333 -0.66778758003691607 0.03552098243798938 -1.1354258567790567 0.14997969142714987
15 693 1 -0.56605239767821258 0.13071796232029276 0.45741750704904216 -0.67325086086437103 -0.41931618720308389 -0.9727731152822503 0.24429311450294405
14 650 1 0.48894084623880374 0.055407161052170834 -0.48008961186050136 0.72620992830383058 -0.49358090815948802 -0.92044565607306328 -0.16936395256157255
13 606 1 0.40025734810521596 0.18754021434400492 -0.53695799988928794 0.7185393723704222 -0.48819512486728767 -0.57188203703386087 -0.44525158481867499
12 563 1 0.31546620749450544 0.26750714491999739 -0.60672775125851652 0.67882430362986357 -0.57030169213910697 -0.36951496905223524 -0.60586004572776919
11 519 1 -0.056113229144779148 0.49207024846793246 -0.76520061310927645 0.41132249851526509 -0.52204085225217134 0.53339202240041017 -0.70368253045857276
10 476 1 -0.068406457303241838 0.6062484837533002 -0.74916493986681121 0.25794422928300065 -0.95071034044845137 0.75810038414406311 -0.40868182411193432
9 432 1 0.032100413506626589 0.6262549632872908 -0.76089954930074399 0.1667517924481241 -1.0070031055414785 1.1373769533060314 -0.16463944108309547
7 345 1 -0.027942795384760147 0.65423820351707584 -0.72226498762399594 0.22254181831139938 -0.19154165960793962 0.93746336270080255 0.2434130602489234
6 302 1 -0.28697622665748163 0.67597142582228498 -0.6628663346492929 0.14599828490031119 -0.22326733113976052 1.0267488507076052 0.63893920977837726
5 258 1 -0.50157133587192126 0.61821499858069229 -0.50028158093077069 0.34052129205519571 -0.50382087670425724 1.0513718537194245 0.24158084883926689
4 215 1 -0.22540822772016211 0.6146418674430375 -0.6880138264217488 0.31311895553398689 0.034798501797382038 0.79546668073507065 0.042845403800288819
3 171 1 0.049769990104954587 0.43192831002113213 -0.74659132199997136 0.50354968076802198 0.25852584613024943 0.090650841481873579 -0.14333863650277726
2 128 1 0.24115501949969825 0.32516989853161798 -0.706367907053156 0.58064892451840577 0.089021184875464024 -0.3961495789769568 -0.30523251901353338
1 84 1 0.37830659412106693 0.32703541094503047 -0.58973078755037722 0.63415263071893446 -0.25128147367830034 -0.34253757513868416 -0.20500093316515666
0 41 1 0.30998600794798403 0.3743435464909905 -0.61894117679171567 0.61699870644005927 -0.1279862131277639 -0.11185455869794368 -0.095614299555577209
