19 868 1 -0.59149547843213091 0.69620594217498166 -0.2587513250377404 -0.31381226372754206 -0.55940808966690658 0.90765903934448167 0.1901105553055176
18 823 1 -0.59416121572160707 0.70941653484537381 -0.31656915336072933 -0.20852961650728541 -0.39627812992434197 0.86388980745740462 0.015960807238416402
17 781 1 -0.42238881785966653 0.7452005660524077 -0.50984301871725612 -0.079522947427520918 -0.11503235833141373 0.57029068245188475 -0.27742625856187858
15 694 1 -0.22890623063778187 0.67724741153060664 -0.69751750825690129 -0.049063294073874122 -0.50661263191659878 0.33881482753230402 -0.65687356399767471
14 649 1 -0.34399064115947275 0.61522003792827751 -0.70470603655355968 0.081019416013674225 -0.20301789645373744 0.10870555455684301 -0.69068844290900744
13 607 1 -0.19987185871957094 0.61051049539731028 -0.73157826086075117 0.22830116806024753 -0.44547086471180464 -0.26397968993685222 -0.59653343901530731
12 562 1 -0.15067435010725824 0.65477776191604997 -0.71450363864002864 0.19505864013194416 -0.51957489619748076 0.036903563491383441 -0.46632156418158238
10 475 1 -0.53008429692643899 0.63227050204720292 -0.54937260672305555 -0.13203934782971319 -0.61993417817743912 0.90205343021121476 -0.21892111678437967
9 433 1 -0.44991488071647084 0.65154236417558087 -0.5974171789743713 -0.12712931235825414 -0.29113557123851241 0.96606594586905803 -0.11380128817542279
8 388 1 -0.4626196894540226 0.75128653815253787 -0.46614104113857513 -0.065300002193600742 0.18583968040842586 0.69860494574417764 0.11281758927125916
7 346 1 -0.37594256431682871 0.68841839387073134 -0.61507542109389324 0.080184348107968428 0.53949167310223323 0.16367216530304471 0.2476942427586494
6 301 1 -0.34850857961757326 0.62144948279594858 -0.68350303117682831 0.15863768983970175 0.47995195724776807 -0.078408802742856804 -0.016467688513116127
5 259 1 -0.43917867484101908 0.67561795480053188 -0.58542820514519467 0.089085842514446678 0.40717192067722491 0.37718009754753423 -0.042743173658742716
4 214 1 -0.52168531952228492 0.73858643746903507 -0.4172368983678349 -0.090817797936966496 -0.20689882705382648 0.67441019601579089 -0.045842465283622777
3 172 1 -0.52413332817275016 0.70657008672811183 -0.45913209923352555 -0.12345315829496158 -0.34990684920195519 0.66677152088828451 -0.091028759499372239
2 127 1 -0.44149205401819319 0.71145354996022214 -0.54492323178534086 -0.044466661089116767 -0.19884064718015679 0.45995444510385486 -0.055766729262313623
1 85 1 -0.34501611056929293 0.69568465704455884 -0.62670982918757068 0.064973312984008783 -0.072788824498901644 0.26580599234984176 -0.013917454209543533
0 40 1 -0.25748951380654017 0.71255797692729084 -0.64735018372580322 0.083054316125816513 -0.012294601320384365 0.045698867681743562 -0.00078016077558361969
