19 896 1 0.26379321872123551 0.3806750627655624 -0.69633745251490875 0.54828257912336864 -0.56472225577694468 -0.2826644297994983 -0.57749601669178663
18 852 1 0.15317884403249604 0.30308447345975692 -0.71373513014471557 0.61258322510969587 0.33442644532248417 -0.12354377528599088 -0.76615959508760334
17 809 1 -0.0088355529624680497 0.52714850645023825 -0.66321417792320048 0.53120931783317193 0.35938004017213093 0.36239290598507817 -0.66263616479024678
16 765 1 0.26646540111185507 0.17876760878415038 -0.61711077937004077 0.71847937899789172 0.84622651408142002 -0.39917300071256251 -0.38387452924295234
15 722 1 -0.64213910715052192 0.23353036431889093 0.42411763980616646 -0.59434431402534982 -0.4937551398053967 -0.96596126521401404 0.38653632688869044
14 678 1 -0.5183561581397238 0.13189237254225752 0.47830078362811046 -0.69651967363782019 -0.42656354068686303 -0.93069391832938997 0.13311896453823191
13 635 1 0.49805124423556035 0.062763150642705157 -0.40853351619484707 0.76230316225389361 -0.54714462671539732 -0.78591773014449506 -0.18852590428321225
12 591 1 0.37898399548159989 0.18554976809436974 -0.52589577189685754 0.73849580352899535 -0.48050131868933521 -0.60816978079258477 -0.45733311534490023
11 548 1 0.14974158454353614 0.3670613918326523 -0.6767422471377682 0.62037353539878781 -0.43136151518290222 -0.10809204329269485 -0.85307770856651532
10 504 1 -0.069945994656813115 0.55014002764234748 -0.74358275923165962 0.37354810666174959 -0.72792987579117296 0.62162359689667845 -0.58594833230318721
9 461 1 -0.019609447893122942 0.63006028027363925 -0.74480409815897486 0.21887523418702817 -1.0347196600020503 0.802008996018298 -0.33002498270709635
8 417 1 0.072470547660754128 0.65790402852482621 -0.73316744788852417 0.15612751944863273 -0.9910545593751926 0.97450276633981181 -0.076633168571194676
7 374 1 -0.0081742939247954876 0.64489246016011748 -0.71639260375489755 0.26613630536388799 -0.52376266942220417 0.89955937245578932 -0.10672788888218243
6 330 1 -0.067361401293566658 0.6630495851427155 -0.72548684242643202 0.17174554062322955 -0.050439282185572927 0.9221319019460682 0.36468797277905934
5 287 1 -0.41709312990195752 0.651047706794605 -0.62202723185327957 0.12350031295110563 -0.38059624131192799 0.93955117603447791 0.74989426697492789
4 243 1 -0.52696968751600204 0.6615726867251962 -0.48968089977428664 0.21174783355382323 -0.55373622896959895 0.84081178782227795 0.38008880812542589
3 200 1 -0.14339235924346541 0.59025536133492273 -0.71638164042536701 0.34327042544826536 0.097489854371763912 0.58919003096010369 -0.072614011387936425
2 156 1 0.17219136947287225 0.36494918638159712 -0.73368538144988349 0.54668819695069892 0.26671735246632139 -0.21995308693083218 -0.21239596064780963
1 113 1 0.30499939362079387 0.35185002518963199 -0.64895093698942408 0.60169727525189287 -0.13600728377280674 -0.4736408191130469 -0.33306703214398015
0 69 1 0.34155191454483563 0.36984955321496765 -0.60688526376239738 0.61501534475612196 -0.26718959707487461 -0.11322625234836699 -0.1984006973855513
