18 852 1 -0.36922050491369024 0.64370857253960623 -0.62532600585100528 0.24141847236019587 0.379655631117223 -0.07799493859850519 -0.69414758932668108
17 809 1 -0.45293965154254406 0.75220785544279711 -0.47741646695183682 0.033204387569910156 0.39187305204524497 0.40615015006894278 -0.58776636427664231
16 765 1 -0.2254518957764591 0.62049183609279168 -0.63189638171917517 0.40603976012603887 0.89359547754184931 -0.42111203235672867 -0.29197474899316966
15 722 1 0.18489551920434563 0.23618354626054733 -0.7470136179204695 0.59329725609960327 -0.40435904663019634 -0.98318035799571046 0.42693426520877137
14 678 1 0.057045427149427126 0.37923578357566251 -0.70168477514015437 0.6004702457521135 -0.33460013900123392 -0.91640775580067635 0.17450382311204876
13 635 1 0.090470538494807101 0.56542476228737426 -0.6386647838228563 0.51402063554027688 -0.45858465755953126 -0.73897932861879689 -0.17643222415506019
12 593 1 -0.084013366504223433 0.64939006518810716 -0.63521757982064231 0.40955210141130888 -0.39327634536111966 -0.55891325194720354 -0.42840125492197462
11 548 1 -0.34706516671064802 0.69481147655549591 -0.5950052950658733 0.20676431255527339 -0.37947366835051799 -0.060649573776195918 -0.78715820806588022
10 504 1 -0.55423844665214306 0.66106355673088002 -0.49576627966924131 -0.10015245457729749 -0.69042331458890216 0.63995259717972064 -0.49842615443322175
9 461 1 -0.51871028020975141 0.61439463313341669 -0.53030456764774647 -0.26876745620240622 -0.97433259651931392 0.81141473772758832 -0.25396042355445037
8 417 1 -0.4435413338278143 0.59169087793265474 -0.58447024493185062 -0.33401724947497902 -0.91594657222514864 0.98606827926894558 -0.017796897366604572
7 374 1 -0.48790232967861691 0.65876436675797767 -0.5180223891314778 -0.24419997981706429 -0.4592545743043871 0.90782013669446227 -0.033880124392655933
6 330 1 -0.54128822652157038 0.60805963448922962 -0.48290738276537432 -0.32260036640502143 0.012704787440200489 0.92771943302025883 0.43403750207762476
5 287 1 -0.72985887546460959 0.56406647187463643 -0.16776589468300729 -0.34783565342507033 -0.35269947306806421 0.91785619416217867 0.84368680028413079
4 243 1 -0.72067623136871639 0.62900818542895165 0.0035304418597641093 -0.29148243203293889 -0.56051382551542805 0.82492515632680086 0.47570253288785191
3 200 1 -0.58985637514072364 0.6715027742283286 -0.42437610247945828 -0.14511514240026369 0.13672128926183716 0.60060873370403689 0.015993492782618562
2 156 1 -0.36982437438572052 0.64273142017553975 -0.65339349779831613 0.15232593562563851 0.32365770152864587 -0.18238276283432761 -0.14347397697165812
1 113 1 -0.21566528888309433 0.66967887666605652 -0.68175061207801457 0.20058611180615882 -0.065145023287637438 -0.42313836483862155 -0.28917676658966956
0 69 1 -0.15941693770546764 0.6919913300267978 -0.67536582996775951 0.19903576274708518 -0.19331665165601564 -0.061040202666718203 -0.16460633144831674
