18 852 1 -0.6064630035051839 0.71208222506353225 -0.20396222381460538 -0.28903449860637953 -0.51471173771282908 0.87686673306223895 0.13243990469723782
17 809 1 -0.544836243144184 0.75547791166907785 -0.34617844185374308 -0.11210298627768676 -0.2744561055490205 0.71530456407200971 -0.12471722460385944
16 765 1 -0.37684526584998768 0.73149906069050041 -0.56674096955184172 -0.04124855448141744 -0.15702221653871712 0.54427938749764526 -0.404221622127725
15 722 1 -0.29566493128658661 0.6497420830808337 -0.69593552777536138 -0.078046236687659226 -0.52134841925250297 0.45582210195923656 -0.65812148087903222
14 678 1 -0.33107365515968562 0.62120761519054679 -0.70954493252036133 -0.032207490171618405 -0.30289962377757496 0.40512622795551656 -0.62825958607280918
13 635 1 -0.28407772881801097 0.64887385177536339 -0.68956171407099087 0.15088807427786147 -0.2363803340344551 -0.17417465821555667 -0.70177372581135078
12 591 1 -0.1487711633587544 0.64145569675555347 -0.71998197996807201 0.21915218131240471 -0.50656023330029387 -0.1733253721849885 -0.50434673261482066
9 461 1 -0.37569030273844928 0.7088191308136802 -0.59599436713708098 -0.034970710054296174 -0.57389558188249146 0.82749943791009239 -0.42333738120317443
8 417 1 -0.45494817394505932 0.74215311610843293 -0.48227179838182949 -0.0982080636208401 -0.235946184881793 0.8532255863659155 -0.1356877050171785
7 374 1 -0.47748810191064089 0.70708843907087693 -0.52118774401529899 0.019859188158823215 0.37501803151153074 0.53097314384623295 0.22679272963283978
6 330 1 -0.3495490636515266 0.67802974089915991 -0.62948691152995095 0.14777466213476148 0.52012037736361538 0.027788037855043256 0.18651534792951857
5 287 1 -0.36791932524336235 0.62488463999112598 -0.67635620998346291 0.12921622975631042 0.47515723015517486 0.031120670100774968 -0.076837271762759812
4 243 1 -0.45279251573196189 0.72563156321233035 -0.51360374394902453 0.068183329111270008 0.22311960752410478 0.51619185420244862 -0.066567423650370217
3 200 1 -0.5214083643142694 0.7441258614432088 -0.40101562593239048 -0.11660397811641635 -0.34059509997990844 0.70830846072190812 -0.075553689539304969
2 156 1 -0.51918667728529644 0.69088103446791282 -0.49992672102946745 -0.056585015178271504 -0.23364196865976328 0.61121582270057229 -0.1293446192393225
1 113 1 -0.40894529549262815 0.70204938139798723 -0.58279013579020289 0.015686586588144494 -0.13741470130298736 0.40246892933933737 -0.058857077531912966
0 69 1 -0.29214153786221742 0.71379665139768012 -0.63186383064217733 0.076783864419232864 -0.039370365849229587 0.17251665412432615 0.024554901219239023
