108 1694 1 0.11917449452092502 0.70105033629639602 -0.66812185207644281 0.21894989520969418 0.27526363016325017 -0.5384377588825795 0.10182757616904438
107 1679 1 0.054471943057001947 0.68149134411499146 -0.69735615140387186 0.21516680370149388 0.20881334573395771 -0.58789656044589456 0.04039856877608259
106 1664 1 0.017307296124365604 0.66497195006374521 -0.71551351979671463 0.2134318769945108 0.15703915895889076 -0.61639554779770367 -0.0096991282875375159
105 1649 1 0.038999438557992608 0.67077009238634722 -0.70981892281394299 0.21143231486087027 0.13160710329353942 -0.62849116090617696 -0.015649462198242588
104 1634 1 0.052338067525052046 0.65464160361057089 -0.7248890994358016 0.20794444216923974 0.062623356170380715 -0.63679573351744445 -0.031442055268381862
103 1619 1 0.028136834879541855 0.64738698576181708 -0.74165617031904063 0.17333359229210193 0.0062171012108145447 -0.64992810674741308 -0.10548156050872648
102 1604 1 -0.0076672831103114149 0.63642520141653247 -0.75098980377450497 0.17583654454738062 -0.043355185425418469 -0.65750467457139949 -0.15297126556092375
101 1589 1 -0.015812674508965497 0.65447370665838711 -0.73340028738415919 0.18313422695536144 -0.05958891632791604 -0.68017370304184777 -0.15848956831278019
100 1574 1 -0.040997665401881635 0.65335275458758058 -0.72776240298085915 0.20447800446977571 -0.11110773928621495 -0.683255795353781 -0.18724664165105895
99 1559 1 -0.065797004465785958 0.67240633600411504 -0.7064847146472617 0.21076010408667889 -0.1174148857562646 -0.69716012785414405 -0.21634841772427485
98 1544 1 -0.060701799653295425 0.66975561413660467 -0.70249686624982688 0.23289667614743639 -0.1400975836488644 -0.68326161647216843 -0.20330754464678255
97 1529 1 -0.067200633418700764 0.67133932778183147 -0.69808391748961263 0.23972155928059541 -0.12891349232610733 -0.68499948714442727 -0.20463471871090153
96 1514 1 -0.07740110607800095 0.68614591908990763 -0.68643510423781362 0.22807826324354052 -0.077843454899607312 -0.69821242052408083 -0.20853007034966781
95 1499 1 -0.041681012102022089 0.69590133591656422 -0.68479218347941739 0.21223498614786471 -0.032693670030466908 -0.71064950361642398 -0.15237052274084389
94 1484 1 -0.014007021363863182 0.65569842155444746 -0.7254557931897716 0.20875170765988441 -0.08644500853504819 -0.69532774144879472 -0.12277910102259192
93 1469 1 -0.0094630188863984513 0.65457594969427324 -0.73195271944654927 0.18890736843807085 -0.082344063920989252 -0.68909775427461184 -0.13451118754711364
92 1454 1 -0.010503263118926203 0.65129298387200818 -0.72309730878916134 0.22986390026453252 -0.054295973184854317 -0.69014475406387787 -0.09371260672311961
91 1439 1 0.005156384551425407 0.62865450263385603 -0.74537021625826472 0.2217885676306261 -0.079819915262649477 -0.66040976847506472 -0.088173091666755826
90 1424 1 -0.0022093562733543821 0.63132450670731322 -0.75076604976679062 0.1943574657511101 -0.050315370739234623 -0.63674972341620328 -0.12168294253434055
89 1409 1 -0.053810510993142699 0.63217668211354117 -0.76197586772628234 0.12980696630516705 -0.014450705425692897 -0.60010637265622147 -0.2225533177973977
88 1394 1 -0.055962752968379596 0.65638643084219428 -0.7462787275774122 0.095357665931397939 0.046190238420807127 -0.57971510814523441 -0.22717050980960379
87 1379 1 -0.019418996984507789 0.66600455417255522 -0.74135103313048967 0.080370903030184279 0.08671540034926821 -0.56499953086741839 -0.17747968910732764
86 1364 1 0.0087253442536175674 0.66518983530566977 -0.7439967543121182 0.062571406782217801 0.12055802565881858 -0.54551451210871649 -0.14570412787946332
85 1349 1 0.056040805987479639 0.66849554145957446 -0.74015806423138186 0.046251260157942418 0.17226928649625806 -0.51790842359631051 -0.10293454702746618
84 1334 1 0.10172750353230425 0.65964066306839253 -0.74397651407728349 0.032010266371742362 0.20547662301147998 -0.4806974789973647 -0.068374025521649687
83 1319 1 0.11485215866802746 0.65679487146353777 -0.74328946149153885 0.054316248987824688 0.21393084878411392 -0.45203425453538842 -0.043422376462136481
82 1304 1 0.11113982017076948 0.64011652055645063 -0.75325982452478168 0.10246178429057 0.17806236722806559 -0.42561731442410383 -0.01758287815434988
81 1289 1 0.11761451987505274 0.62824195753305434 -0.75486299026790971 0.14717585886750031 0.13699747399498843 -0.39873175012468481 0.0015060860849515681
80 1274 1 0.11587890403246345 0.62115029944154387 -0.75077494734261341 0.19256521894311954 0.093684898907843303 -0.38694744973650558 0.018430339459726726
79 1259 1 0.091424946831223125 0.61743433333151565 -0.74817505442798327 0.22505646192024581 0.050654539346018074 -0.40532397421732913 0.01241403812370034
78 1244 1 0.055244325884850565 0.61966908559708334 -0.75127729067703508 0.22031958906501439 0.018236178554462378 -0.44184960030584469 -0.027091600279760458
77 1229 1 0.054261852571638104 0.63014462858387843 -0.747771174195063 0.20201898293308132 -0.035030585039772764 -0.47289438781566767 -0.045604055282321469
76 1214 1 0.016397941320380319 0.64003516790416737 -0.74340935600324654 0.19346477915418059 -0.10203598801109159 -0.50016925242118881 -0.076869542645412278
75 1199 1 -0.028146942821785356 0.62288786608414959 -0.75627818095256938 0.1981458273847686 -0.18194345606541679 -0.49591308509357124 -0.10691208853747065
74 1184 1 -0.047874489446984962 0.62548979044801101 -0.75549384418626742 0.18894339549756642 -0.19576483832930594 -0.45337079767000638 -0.12329451583945113
73 1169 1 -0.075337621351984393 0.63860457806972171 -0.72765154326586623 0.23881303829611383 -0.16131334877053813 -0.44682577853858846 -0.13373427272361643
72 1154 1 -0.0037468002992200287 0.60381904394438368 -0.75265590781363034 0.26248353870452162 -0.20726640242507105 -0.40749622033894445 -0.081763580325613788
71 1139 1 0.061970936431282368 0.57386453529855685 -0.7665843296722531 0.28140284942648303 -0.23577838072263846 -0.37772168457871391 -0.034939584829363449
70 1124 1 0.06947387275488269 0.57567459137153476 -0.76258028687640944 0.28678119171442895 -0.19876243163903468 -0.37854012952383254 -0.022893260459165021
69 1109 1 0.054845466663905891 0.59437880233802809 -0.75815128416318345 0.26251179866692786 -0.13900718114674149 -0.39008127270945547 -0.046057765074056477
68 1094 1 0.010870312921115616 0.60421551462738554 -0.76173456497459258 0.23359345175652685 -0.074640669153250738 -0.39312535779605906 -0.10093651657913591
67 1079 1 -0.040780910857106792 0.59429854708016894 -0.77857594610513736 0.19739718942921985 -0.027531866144053077 -0.38913204776358296 -0.17280861415964494
66 1064 1 -0.047707856814806826 0.57304525195810008 -0.80046001177544313 0.16913565311569578 0.003538540157287049 -0.38377438669868047 -0.1963922117200376
65 1049 1 -0.032534988160278361 0.60968177133720969 -0.78102240974088344 0.13127683621673922 0.059884467497964007 -0.36750958949559542 -0.15056556710637758
64 1034 1 -0.082414144266861139 0.63537907124761417 -0.76319875478202559 0.083839163548104473 0.10577557415174345 -0.34479009992075499 -0.13473830727813993
63 1019 1 -0.092670692773065486 0.64466501438609058 -0.7564631760268129 0.059855035234880782 0.12853900571903262 -0.33447396200426655 -0.11069294014652013
62 1004 1 -0.10496570383933419 0.64177734117037055 -0.75866699929080661 0.03909513479815991 0.14320999625705666 -0.30673140375586627 -0.1088167898976819
61 989 1 -0.080332289461501907 0.65216527368098809 -0.75323527389562139 0.029390495638279727 0.16076229522901861 -0.28077015334141442 -0.097257758510512909
60 974 1 -0.074036731127905819 0.6520230843824143 -0.75453037552880142 0.0082687532738101432 0.17440502867926308 -0.24960929481888688 -0.10048463387327262
59 959 1 -0.058423460933593373 0.67716682526879324 -0.73317270181061256 -0.022126438657206832 0.20365572977337237 -0.20436422622122449 -0.1083447578748549
58 944 1 -0.078461393914610503 0.69066863048554761 -0.71517044112735539 -0.073156631045302928 0.22303899256282828 -0.1742106751295748 -0.1360819489537444
57 929 1 -0.11990565193376732 0.70763272864231841 -0.68504598047704013 -0.12486216649095884 0.24752391845657931 -0.15623228531376177 -0.1618318915937452
56 914 1 -0.17210939439212794 0.69982069024295723 -0.66719071637230354 -0.18837703112762524 0.25396690669577143 -0.1621086383974365 -0.20242018758051653
55 899 1 -0.21863787171654611 0.69197969923562552 -0.64529066525893031 -0.23866615643345734 0.25889754208172017 -0.17075908869811429 -0.24880051980609377
54 884 1 -0.25025959172166418 0.69928914367840167 -0.61367308788884845 -0.26789955484434752 0.26540950688888998 -0.1722467178497448 -0.29179217071805447
53 869 1 -0.30401160296342344 0.70410902080417392 -0.58837858766616147 -0.2561602421566827 0.26251649429521529 -0.17937307717173845 -0.32894247198895499
52 854 1 -0.30993859855091743 0.72083956515398373 -0.58007978075736577 -0.21871404708750544 0.26290980667550795 -0.21606865569607639 -0.33486742441786749
51 839 1 -0.28811861863559834 0.74952696162335342 -0.56815167836171054 -0.18000184935147293 0.27822361064636397 -0.26705523571534989 -0.32032339895630135
50 824 1 -0.27283144095344836 0.72577551418913 -0.62218066847413223 -0.10818559796872737 0.21899172206126122 -0.3632706135771242 -0.28697817346888815
49 809 1 -0.19581547667148824 0.67967235121828462 -0.70681656957576333 -0.010589195364945877 0.073817421309977774 -0.46617773481584568 -0.17818206767336078
48 794 1 -0.17348528258313231 0.65711631376665658 -0.73259435095014125 0.037503651351742218 0.0054132785632227398 -0.49098736768650342 -0.12250597611095372
47 779 1 -0.12359809788731557 0.64889990473497228 -0.74602259694666717 0.084277569249073717 -0.028724933114941967 -0.49968984094453178 -0.052086146684351291
46 764 1 -0.079031980214009673 0.63338738293825003 -0.75643860648312966 0.14274103775700908 -0.080260663206908472 -0.45881638787802087 -0.012917978323416563
45 749 1 -0.090090833714128751 0.62899170528515802 -0.7567160108089962 0.15373339048001614 -0.11956804053927013 -0.43644364970511096 -0.039401997061954762
44 734 1 -0.085892678091541053 0.63069641341035232 -0.75634169056516409 0.15096929845041507 -0.13764607439722004 -0.40874423466552673 -0.042578536141520906
43 719 1 -0.07524132682060268 0.63833744866471342 -0.74876819742747502 0.1618957408078095 -0.13592655946556179 -0.37492667001504681 -0.029395463841513977
42 704 1 -0.055150138151528152 0.65267469642628018 -0.73916659825019737 0.15686600312993915 -0.12387344143499847 -0.34649850050244907 -0.010786002034361872
41 689 1 -0.073239879126585014 0.67101336689241586 -0.7233128041456105 0.1455869805863195 -0.097199265343140565 -0.32409453458987997 -0.025470257219681873
40 674 1 -0.069380134050448267 0.67900966459040923 -0.71703615699233669 0.14139102502500958 -0.086409755981594741 -0.29389095277032989 -0.014243726711351981
39 659 1 -0.05999919335509999 0.68048804458536405 -0.71941584641739498 0.12560636089254551 -0.083006092835149356 -0.25501732192886117 -0.0016761859339813772
38 644 1 -0.05069985592081392 0.68517899505013102 -0.71633444901841337 0.12175478019851016 -0.075478498985846618 -0.2177807241310567 0.010121212135334933
37 629 1 -0.03653855494572935 0.68589301682785475 -0.71619859502957939 0.12359318729978164 -0.067683252793011128 -0.17916193083672141 0.021022967778791077
36 614 1 -0.00154187555053097 0.6843560281304647 -0.71522474383758017 0.14180273334371768 -0.051418159305979941 -0.13691783746511652 0.037215648911362767
35 599 1 0.034985321602905919 0.67582822277910382 -0.72233837147490931 0.14233593243645595 -0.027510881833227866 -0.095163522289586952 0.046866543831638109
34 584 1 0.050821161193024267 0.67884031374688858 -0.72142113104071592 0.12706136192782286 0.0086953811702333312 -0.067572425790219146 0.046325601180008884
33 569 1 0.056994276961332482 0.68571850402518719 -0.71620502067146496 0.11658539357956051 0.049419231289229835 -0.048190883050499837 0.050290539711452205
32 554 1 0.033036984717741948 0.6893309432719954 -0.71687241697263293 0.099122883696532119 0.080871969756013143 -0.0291897329381418 0.047437066987563253
31 539 1 -0.013267332678755041 0.69232044815893723 -0.71599476796154582 0.088700998846077239 0.11005056735769216 -0.0110325012928394 0.051448065800226983
30 524 1 -0.066443644772306756 0.70388364115061075 -0.70292879374653272 0.077615544267719744 0.13339818101397519 0.0091566522858958898 0.059848965584133919
29 509 1 -0.1032964144238056 0.71415563165144169 -0.68960667718343549 0.061271651942287168 0.15877317809554489 0.040757682272708151 0.073077092088087575
28 494 1 -0.13590950583574432 0.72018332749066216 -0.6783559047297677 0.051940808101335029 0.18379431997552542 0.082165502221434691 0.10197284317625473
27 479 1 -0.1706927973684263 0.73186332982740687 -0.65856373503891663 0.039164298437137347 0.19449305635606756 0.12183341459747699 0.13621440879378552
26 464 1 -0.21467212548046369 0.7753201707533014 -0.59373073798538889 0.0166829894232766 0.19465569657282689 0.18155995045568568 0.16749302740332994
25 449 1 -0.23292605648675935 0.83042071864831346 -0.50371583374668183 -0.049165446016799577 0.1913306736920026 0.26152089256816013 0.19211811344291552
24 434 1 -0.27278405921874982 0.86210019468582022 -0.42287873831845019 -0.059545646667141863 0.13554665241207858 0.32417802938967516 0.23936758967477564
23 419 1 -0.29842851449931179 0.87386794560545655 -0.37448126635534706 -0.084017953592840103 0.085234348064369692 0.36187101459492654 0.27299655898148162
22 404 1 -0.31634079416067012 0.87167312563512345 -0.35412480577054767 -0.12128514308546845 0.063147163376211762 0.37678201222141688 0.29865638434719111
21 389 1 -0.32303170221200528 0.86595389980463122 -0.36321386822854035 -0.11768622988959071 0.051261382145217652 0.38894623419466789 0.30793527768784656
20 374 1 -0.30240308755367074 0.85826662002067899 -0.40368257054863005 -0.094716227920756485 0.067952268057038231 0.41642793082250085 0.29367537813561467
19 359 1 -0.29073568235058966 0.82451573270272172 -0.47953922225051043 -0.075423496718242819 0.13749242015731319 0.41354731102648096 0.27398563714212254
18 344 1 -0.28103116045626075 0.80009850532071825 -0.52714428524465551 -0.054614752311637496 0.17944203773554554 0.3871468972609271 0.24180254687123842
17 329 1 -0.26102845489369969 0.78352868256708752 -0.56144359683035949 -0.052230612754214568 0.20022193641803468 0.35654222889732728 0.20918614409440997
16 314 1 -0.2619234008743031 0.76569151730820817 -0.58465487145395278 -0.057369971952713601 0.21172278738205802 0.31307923324831682 0.19634936101484679
15 299 1 -0.26371783624597417 0.74800847619816035 -0.60564895598212232 -0.064230557363400928 0.20504233296065943 0.26319148176258522 0.18306631606055809
14 284 1 -0.25588103154359199 0.75064465769218203 -0.60787142390512638 -0.039367849495856394 0.18184309347019581 0.22670644165202058 0.16084796355305439
13 269 1 -0.24503894179226021 0.75424513823258588 -0.60571625307061017 -0.064637521796069963 0.1746801847742796 0.19519347970363646 0.137136692308134
12 254 1 -0.24026459993071753 0.75267137910826187 -0.6114698265165408 -0.043166750528978358 0.15328396773966801 0.17310222113920729 0.11926494706305062
11 239 1 -0.2430111687834717 0.75395503949609155 -0.6101468384277593 -0.014771791412955657 0.12344362915254195 0.15644267451999963 0.10411963176499647
10 224 1 -0.24270137536828046 0.75186382636687321 -0.61275308912898818 -0.018179129742416561 0.10872816181684468 0.13528576422351496 0.098320564744942995
9 209 1 -0.23803980090946017 0.74764008034751905 -0.61992271134012944 -0.0081972803808706314 0.090211813836342303 0.12400377803561313 0.088321629230480203
8 194 1 -0.24867954278510263 0.74993639868409168 -0.61272527034259328 -0.017933934663746754 0.07014213855303246 0.10730197112122772 0.073812885598899633
7 179 1 -0.25127198966090686 0.7485559998795388 -0.61333217027689757 -0.018706981574371277 0.052665206419869513 0.094627573158653278 0.058111291151849563
6 164 1 -0.24290207244107268 0.74198360186863388 -0.6248602440012897 0.0029314209061786986 0.034989451141018105 0.077841154477439958 0.042386334870029033
5 149 1 -0.22375856914337325 0.73790889263624548 -0.63656345515012291 0.014475374627200268 0.022381845044301969 0.055232603719774113 0.027510221230944182
4 134 1 -0.23792234146200231 0.72769150070414723 -0.64329685213854892 -0.0052152914413803797 0.014122555004061815 0.035649598038583391 0.010696361915826656
3 119 1 -0.23784991382181969 0.7300312338682996 -0.64067971726245276 -0.0033639203594801807 0.01005965457164071 0.017779124959867595 -0.0090019681086818387
2 104 1 -0.20572553230603133 0.72462619647273041 -0.65693361129839523 0.032126485791526514 0.0015548707895628674 0.012270084104379941 -0.014304242479343478
1 89 1 -0.1818182652235546 0.71739608257202747 -0.66813166366640442 0.076714139164620249 -0.015572978585801027 0.0098030029633487531 -0.011460623974872911
0 74 1 -0.16361733881855245 0.70827956523632418 -0.67940374368311218 0.099899834714331934 -0.029691006533813107 0.0073426412728562103 -0.010664261016042292
