18 852 1 -0.30539107880709132 0.72069620276493895 -0.56232198653054477 0.26669693618334062 -0.5309135981287646 0.86349801398564552 0.25243089018580156
17 809 1 -0.16132072637797507 0.63241506900471767 -0.62601789978916811 0.42676503240096864 -0.29670730468339851 0.74848068827641956 -0.010617993638671124
16 765 1 0.10987338409776297 0.56606342486057493 -0.67466924183791033 0.46078352034320963 -0.12881686906949458 0.62058987257760745 -0.30405416108053657
15 722 1 0.2573499664412498 0.52904134627045141 -0.71488110772771984 0.37793021911858837 -0.43977495755290985 0.52550912029606311 -0.56585938480313192
14 678 1 0.2407379702145129 0.477561693542012 -0.74848433516919888 0.39211128339363593 -0.22980441575901714 0.46956154497474994 -0.53101984463929919
13 635 1 0.26340633841629968 0.37424595839738634 -0.7011962279749312 0.54670002138198959 -0.17778536516701404 -0.07816812901361618 -0.61936300734205874
12 591 1 0.38233711638712276 0.32125023065912567 -0.63178840499067102 0.5928406447381811 -0.419955036533601 -0.07522760101074169 -0.45951068027033654
9 461 1 0.11818299081058452 0.54974686385721583 -0.69805279285240551 0.44332095004993582 -0.54926912138068418 0.91651350413551669 -0.3262440793895886
8 417 1 -0.0069260847875381778 0.61069614983485077 -0.66693818074376265 0.42684388831586362 -0.21913483788180821 0.908874064764851 -0.025951793960162728
7 374 1 0.00072013754951490584 0.50210532254024276 -0.70977268099055701 0.49407739049479449 0.38377769923610072 0.59297137831194169 0.31048753445966748
6 330 1 0.17137158613583769 0.39597920236439693 -0.70222274792731487 0.56631745783928822 0.54822937056244136 0.12053200336636402 0.25280151967127085
5 287 1 0.18976516511921088 0.36926050024143348 -0.74876060308492653 0.51671406438824763 0.51623238184337561 0.10965055313022473 0.006228403027574398
4 243 1 0.015344970817351197 0.48442689132661715 -0.68677313143084018 0.54169897985405391 0.23002636155728556 0.58717256372842697 0.023642156460044483
3 200 1 -0.10809433094441503 0.62628969008988855 -0.65040940172448602 0.41598611738036023 -0.34478345751270378 0.74779672266070762 0.037185810820224548
2 156 1 -0.039008816289231397 0.54645187359166703 -0.72156743398160339 0.42333095837308449 -0.22391820491955691 0.65607669582541606 -0.01663099468013645
1 113 1 0.098016654854562971 0.50491203530628892 -0.70782434740642486 0.4841913518358742 -0.10845699187494058 0.47497761782864223 0.032382641256483581
0 69 1 0.21754316256872328 0.47183521971661585 -0.66418900211844534 0.53749369049271167 0.0026986533215314539 0.26449311488888222 0.088402301249353055
