19 881 1 0.53588670932086047 0.36758350536832535 -0.60658704648935791 0.45799558555264647 -0.6883072444595697 -0.37056353477031218 -0.35189518477763998
18 839 1 0.5090031510598525 0.40632775823418571 -0.53368362739920572 0.53943983069991042 -0.64530808050365995 -0.31455448685428217 -0.21390673650176359
17 794 1 0.25998705883418521 0.53862088942348918 -0.66581897182398009 0.4460710296294273 -0.69119693518026581 0.38501373997603439 -0.28672129142199243
16 752 1 0.089637236789480185 0.70670104292081781 -0.65983104255027658 0.23908533414325156 0.15180606496415394 0.84950150201176389 0.20381406940796504
15 707 1 0.13081531116955211 0.77451561484563625 -0.61623821317173644 0.057126012908350288 0.053781544087824269 1.3919295008332682 0.486798873460695
14 665 1 0.096090129752348513 0.6959787961232804 -0.69551420198344927 0.15046659812161559 -0.72036517635342912 1.2676556571628121 0.56000128987825026
13 620 1 0.11380597083907301 0.61698664336534015 -0.70219376611308271 0.33660005606367932 -0.82466797124450797 0.84991596279189063 0.0087217147956414956
12 578 1 0.27931430418094072 0.54630126331929096 -0.69035998254960973 0.38332954969551492 -0.77506086080189218 0.29256174072240326 -0.098930469039505031
11 533 1 0.47378147974870827 0.26011403820590606 -0.67828112873269941 0.49780167434474948 -0.56334487632473207 0.068812860071352913 -0.22759622719741152
10 491 1 0.42826529743796382 0.28366181372661681 -0.64157672731929682 0.56965262520764282 -0.24450777769357643 -0.26502044829761584 -0.30110238152529845
9 446 1 0.36877747587411702 0.31863499607366974 -0.59303826475466159 0.64092162477312897 0.66406010901658818 -0.48967909718961722 -0.02897221307236034
8 404 1 0.38430534536389971 0.22380574973934553 -0.56122188557326713 0.69803322489830666 0.37662000374651566 -0.8187688666413645 0.066781748275847735
7 359 1 0.52370468150723515 0.19572212770617517 -0.48804201462907154 0.67025461374791773 -0.057324526342641478 -0.52915285820794888 -0.093310290887147929
6 317 1 0.36137439803378651 0.35699481112246667 -0.61938424982266704 0.59860370893351866 0.10350445038389429 -0.087919311973960648 0.065895177472592339
5 272 1 0.32180054348096943 0.29451235861786174 -0.68114906593002644 0.58799900579792586 0.4782200922231909 0.10930930595241725 -0.065552200772296051
4 230 1 0.077458748632316263 0.47968025710538198 -0.67758497096283132 0.55207390839354953 0.49966388075463364 0.9400835083468535 -0.016696968282187773
3 185 1 -0.033066387842613669 0.58463431286718981 -0.6936053391607685 0.41954852842195256 0.15204777007411199 1.3571788371335354 0.38692044288241118
2 143 1 -0.079123240801842229 0.62163350288922525 -0.69553130824583231 0.35149324332129955 -0.23464872424812636 1.1925147403908933 0.43283499740041348
1 98 1 0.072376849248608405 0.57277436020979611 -0.70067689451853465 0.41921714357474155 -0.043350854729515033 0.80091977281139293 0.25925961454419205
0 56 1 0.20190495139104664 0.47549249958117601 -0.65958619927765594 0.54597373487035128 0.018935442960157256 0.40896598304421589 0.11684799822031661
