19 868 1 0.51683595191728016 0.39773068375353315 -0.58963609928699745 0.47646633923533377 -0.65400620654197439 -0.40963920311202895 -0.28402632508658621
18 823 1 0.43189712459404705 0.44548495836048657 -0.59505722862633881 0.51079831665882658 -0.66759059044139779 -0.11254609576918637 -0.21640838433664084
17 781 1 0.18427306890075859 0.64109205943499181 -0.65769059968994437 0.34998211738141505 -0.72193913058690196 0.49540376330146801 -0.10729896348860392
16 736 1 0.032540585319167085 0.74354247074525459 -0.62242954397078321 0.24221306178125715 0.05259838736260971 1.2106915169386707 0.37393792371611534
15 694 1 0.19746950176061706 0.71428440949203675 -0.6693451732734248 0.052731558355458091 0.049339920107300636 1.4715456919974865 0.37873487992547689
14 649 1 0.0034932596232298664 0.71051229229714286 -0.68031511037568348 0.17980942752365908 -1.0528515504463971 1.0815922727973979 0.56981345742739198
13 607 1 0.16026803625586833 0.61645275666947741 -0.6694524666151197 0.38227418208953384 -0.85397357414501296 0.65013975776992372 -0.11683015388210899
12 562 1 0.38747569585365221 0.4074829232635569 -0.70346490455738775 0.43469228245665892 -0.62588172620989335 0.15790649375372673 -0.24826440546318487
11 520 1 0.43317834098007324 0.30545799408071828 -0.67428125349848766 0.51419522551113162 -0.55607618779495571 -0.068399522029956486 -0.32047320880874286
10 475 1 0.47056556992452497 0.33322689707049746 -0.56505528142688977 0.59011897817470138 0.065956697177695048 -0.41041459468982594 -0.2400487655313302
9 433 1 0.34892747284983144 0.2482942073274168 -0.60580931635391699 0.67051821564897085 0.58268659487295915 -0.66999970431306344 0.079032520543258197
8 388 1 0.4559182519950275 0.28609080913915408 -0.5212170726436669 0.66228646340437092 0.16180803086336029 -0.85513210682015361 -0.078176808574703258
7 346 1 0.48983579523975634 0.22467440857310245 -0.53385079279693737 0.65160235946798395 -0.048565011084581909 -0.31409469503563503 -0.14504111506125075
6 301 1 0.30382466338327263 0.32293084109971704 -0.64478312508051649 0.62262425860070181 0.17444144887186799 -0.03532232270121359 0.13465815642148191
5 259 1 0.23445443108380026 0.36055292995337362 -0.68057917322689976 0.59316497993138373 0.55618669346752148 0.41221917866428476 -0.073484763612125206
4 214 1 0.03679898570923034 0.55689884148730018 -0.67552452850437816 0.48184657972202355 0.32568675960370413 1.2196230910257375 0.13800289557037229
3 172 1 -0.050426124664335659 0.58453581741771099 -0.71380871474969732 0.382429343610726 0.068772000211271583 1.3337785021705415 0.42945327185180637
2 127 1 -0.014059091440153902 0.61742531149491453 -0.68468903770618861 0.3870261597337557 -0.18614939624622515 1.1024353320772864 0.31920964438514787
1 85 1 0.12725856549029002 0.5373527195811757 -0.68984758544771074 0.46815341622168199 0.011640108164001246 0.65521848378880831 0.13717115434039445
0 40 1 0.26764425919581847 0.44741994667707302 -0.64829331082820085 0.55488532596421802 0.044959897635663652 0.25093049449470167 0.16260282456334685
