18 852 1 -0.30646256797144156 0.7230190047156746 -0.55970799259546344 0.26467182750920404 -0.53550028043613607 0.86301663117264948 0.25361731460002007
17 809 1 -0.16182447536089536 0.63544107896975821 -0.62408559847130984 0.42490544843838796 -0.30162589702403014 0.74866576119981632 -0.010283510952154394
16 765 1 0.10887168933416694 0.5692541252287816 -0.6739449578989869 0.45814287061360248 -0.13312743019748133 0.62340866777662596 -0.30282746155771034
15 722 1 0.25621775249911788 0.53193460490929512 -0.71449939471719848 0.37535137451866329 -0.44375589564160534 0.52814833599229483 -0.5647022242716947
14 678 1 0.23950070517970942 0.48055009867217291 -0.74816020147820639 0.38982987033919902 -0.23330096587781665 0.47220002068134331 -0.53027856741490753
13 635 1 0.26248788813386115 0.37741366128568632 -0.70113085045280166 0.54504547278304205 -0.18050336189360788 -0.076799349170601772 -0.62008611699334248
12 591 1 0.38186640256293863 0.32462616524904292 -0.63224477804888835 0.59081506756281443 -0.42358475496067666 -0.072852038376019945 -0.46001008654708442
9 461 1 0.12898557114253228 0.5441360790318206 -0.69688280108894984 0.44903564611212149 -0.53691651808912888 0.90101898429049143 -0.32764586488665193
8 417 1 -0.0073861354482796949 0.61372111399409723 -0.66535117811770383 0.42497017426916894 -0.22363497851652278 0.90973176949549384 -0.025471843173208535
7 374 1 -0.00017022016824522248 0.50581588283471757 -0.70883747360452731 0.49162963672990745 0.37940685351539027 0.59589886623703292 0.31236775893512447
6 330 1 0.17051700740335163 0.39936342344627779 -0.70182760974995917 0.56468647264843663 0.54645163279939146 0.12208220103315241 0.25404332176151873
5 287 1 0.18865349471724235 0.37251764904207418 -0.74853531938166329 0.51510711092095096 0.51445055947778262 0.11161736967429374 0.0064192601840990671
4 243 1 0.014601646635955548 0.48773523671909935 -0.68570633232203515 0.5400999505568812 0.22691807963521443 0.58872129459968792 0.023869950430118796
3 200 1 -0.10884088723104211 0.62923206875208859 -0.64867787355321016 0.414050336653905 -0.3494930525937045 0.74842269004036066 0.037895188352151429
2 156 1 -0.040146201172185467 0.54955152740660829 -0.7202409638832955 0.42146690878521853 -0.22823374754570183 0.65768705367183622 -0.0158307381742144
1 113 1 0.097053230659108342 0.50811575320420821 -0.70701825894717585 0.48220766613530142 -0.11222469469758863 0.4769280417131958 0.033489114740483591
0 69 1 0.2168900786243779 0.4751167006007963 -0.66385078432919276 0.53528025439954374 -0.00077681390831530958 0.26667725043251389 0.089679479502795159
