# Frame list with one line of data per frame:
#   FRAME_ID, RIG_ID, RIG_FROM_WORLD[QW, QX, QY, QZ, TX, TY, TZ], NUM_DATA_IDS, DATA_IDS[] as (SENSOR_TYPE, SENSOR_ID, DATA_ID)
# Number of frames: 396
1 1 0.81572018454654016 -0.43010442035660562 -0.12050214844827022 -0.3675459159512155 -0.66574694635130183 0.2305668109637935 4.7266579652983474 1 CAMERA 1 1
2 1 0.802797703662261 -0.43581344040219827 -0.20637047872318393 -0.3507046017248191 -0.88403377571217645 -0.16907335122350559 2.1639377260380948 1 CAMERA 1 2
3 1 0.7896427464463347 -0.4373853655863138 -0.13943468878326887 -0.40708272196143247 -0.6900864518993769 0.19076340659875751 3.1481115276777811 1 CAMERA 1 3
4 1 0.81529828832041229 -0.41722474888381356 -0.14107922955694965 -0.37591070877039673 -0.68097408662082515 0.18048290670278763 4.5160950007653264 1 CAMERA 1 4
5 1 0.82753261279887547 -0.38807316034103029 -0.15278756459544143 -0.37582570040137686 -0.75578774840629814 0.18265741431002624 4.2504437415226972 1 CAMERA 1 5
6 1 0.81165771612921933 -0.39921811236072563 -0.15888105407749065 -0.39571891699319134 -0.71467436670210849 0.16440746254956812 4.1874662145834769 1 CAMERA 1 6
7 1 0.79100519554459148 -0.46313673635039604 -0.11326481284383719 -0.38338782744841698 -0.79035610386896926 0.28494014650854177 3.3787538853917267 1 CAMERA 1 7
8 1 0.58277139485995899 -0.58109313266099472 -0.14023881636405802 -0.55049191355733618 -0.73281609028544181 -0.20204287741121599 2.0825860521675961 1 CAMERA 1 8
9 1 0.78967697677476334 -0.44090003939750555 -0.14903691095635921 -0.39975670949182873 -0.81242505471371018 0.2495837237777731 3.1573364492894056 1 CAMERA 1 9
10 1 0.84075457254639885 -0.37536452964232125 -0.15239894516719035 -0.35917653060946081 -0.81973154119929592 0.18377401478122402 4.2747644547225523 1 CAMERA 1 10
11 1 0.87357420664856777 -0.34967829941702422 -0.15671357446153575 -0.3000567412584359 -0.96746461852014354 0.22652338048769011 4.4349563085700971 1 CAMERA 1 11
12 1 0.8958255490740944 -0.33603018300429321 -0.11872710467261928 -0.26548856162225787 -0.67707918361259711 0.11444231658718938 4.6326238587432602 1 CAMERA 1 12
13 1 0.76245084593025803 -0.46920429130451963 -0.1846912319439501 -0.40546909796516334 -0.69285832260645364 -0.078883061480716291 2.0445312625472947 1 CAMERA 1 13
14 1 0.68324740619818791 -0.54366792402069686 -0.16541396941334385 -0.45851541853834704 -0.7299998592365059 0.0043486122596882648 2.1595070737651731 1 CAMERA 1 14
15 1 0.71902496836297825 -0.60383833135803344 -0.019504362572813756 -0.3435141107640155 0.070310707715823914 -0.16220693728203997 2.6611368319924691 1 CAMERA 1 15
16 1 0.55607187660813884 -0.61131168175950312 -0.11978853690244959 -0.55021159767551375 -0.69981267841246131 -0.14845016005317788 2.1769288319004581 1 CAMERA 1 16
17 1 -0.40986716342952662 0.68449504238593817 0.11384120983439207 0.59204359994408229 -0.52851550733262864 0.031462317725528467 1.9666195174076224 1 CAMERA 1 17
18 1 0.60861533229529496 -0.61264361962712821 -0.086000812377870953 -0.49684910475475824 0.074748329917417547 -0.12005007190224797 2.034019411110803 1 CAMERA 1 18
19 1 0.81050215235415091 -0.42562020251295241 -0.19924972241811686 -0.3496187242674878 -0.88408151416837844 -0.26050812761637154 2.1716806058368139 1 CAMERA 1 19
20 1 -0.36731839257729015 0.72034476581189699 0.068842044470408786 0.58432986382262997 -0.52096783673173286 -0.33990631692491913 2.3714248793002088 1 CAMERA 1 20
21 1 0.76714658541196568 -0.47699213000055679 -0.22939225604191346 -0.36241387566744016 -0.84814850375351669 -0.27108339575741891 2.3219382484430793 1 CAMERA 1 21
22 1 -0.33359800790815169 0.71653516143612528 0.10819654897498045 0.60297863837396715 -0.85896135555248243 -0.45975813005736899 2.4333527023917227 1 CAMERA 1 22
23 1 0.68318888364663377 -0.55654859837476944 -0.21589764233435918 -0.42058865289402553 -0.76291175137422884 -0.00073975043199002856 2.4348906781440109 1 CAMERA 1 23
24 1 0.70614180848697594 -0.61447781449349215 -0.021059606874656463 -0.35119404146472866 0.083058431828362297 -0.30795040090198744 2.5428148314918371 1 CAMERA 1 24
25 1 0.61593206550708202 -0.61249441092866153 -0.098484382191456846 -0.48557091523864826 -0.99229004516895869 -0.2429181969903246 2.026812168512516 1 CAMERA 1 25
26 1 -0.42004279517004778 0.69055046869672732 0.028257660053008789 0.58813740321186192 -0.078578828092126324 -0.30875790906383305 2.3860273786547888 1 CAMERA 1 26
27 1 -0.13068710444554416 0.75361145871634616 0.028935592353178986 0.64354749748424267 -0.80850568534836376 -0.44075483887585254 2.0359092039793718 1 CAMERA 1 27
28 1 -0.34304433885406943 0.70502162799673718 0.087884933962922754 0.614443914461961 -0.52601777789805682 -0.3052618328255573 2.5716005851625892 1 CAMERA 1 28
29 1 -0.17894176583846094 0.74956223796254728 0.04025121294331864 0.63601582976823989 -0.6865664417287054 -0.43799423722683473 2.0143924717956105 1 CAMERA 1 29
30 1 -0.36012194730476993 0.69832037451930928 0.084793491291938444 0.61275680447887015 -0.49535083516430983 -0.32956269868143878 2.5453741783179589 1 CAMERA 1 30
31 1 -0.28479982334783627 0.70794460137068871 0.092307880154429395 0.63967394606356553 -1.1687443027415718 -0.5164377828621205 2.3983322335522534 1 CAMERA 1 31
32 1 -0.35558745436230682 0.6996660337156887 0.087474349739146501 0.61349265823023913 -0.49251027807295178 -0.27545514012890521 2.5164873210230803 1 CAMERA 1 32
33 1 -0.25323832172779548 0.72267227611158658 0.089854717273861476 0.63682121787187884 -1.16305820176163 -0.49331777361279189 2.4455990707112298 1 CAMERA 1 33
34 1 -0.32219114902206442 0.71729386064798495 0.07503605394919638 0.61323076535369991 -0.54669747011959913 -0.63665205881534259 2.5425905789895773 1 CAMERA 1 34
35 1 -0.28759209490854432 0.71598278422594563 0.058853771900127867 0.63340008933635761 -0.62247975439499204 -0.66010005542785166 2.4744728181705731 1 CAMERA 1 35
36 1 -0.34025348664497396 0.70706374149649032 0.083160800493091297 0.61430669176582431 -0.5581289499442027 -0.36797148195700702 2.5742226820003453 1 CAMERA 1 36
37 1 -0.03206400146822791 0.68898617495879344 0.13107696652620288 0.71210166364907845 -1.2956261078315519 -0.79264530804682698 2.0030643045349712 1 CAMERA 1 37
38 1 -0.040555347907437769 0.7111084441221408 0.11428035774717729 0.6925460593256394 -1.1793332019033542 -0.79239881815125746 1.9581108237822045 1 CAMERA 1 38
39 1 -0.022965593851055875 0.7504637468115416 0.089419996352020678 0.65443166982738188 -1.0823198435645836 -0.69404755968330478 2.1309851000194433 1 CAMERA 1 39
40 1 0.14196657608283125 0.72724152838652734 -0.084766466375611943 0.66616806951664831 -0.71346207353548163 -0.16439995145124897 1.8057657049125766 1 CAMERA 1 40
41 1 0.3954014208609245 0.71048871544293746 -0.073594188080008352 0.57744904285161924 -1.1667163782892056 -0.11789757009959367 2.9689425531789544 1 CAMERA 1 41
42 1 0.41668709885911104 0.69736774981157812 -0.011308610470335724 0.58302847142857783 -0.98952450804610326 -0.65206421969002204 3.3479741883894585 1 CAMERA 1 42
43 1 0.35146121091703808 0.71640612206646159 -0.10342191010735824 0.59375179494142916 -1.3186421593674251 -0.038478198563825255 2.9887853011780838 1 CAMERA 1 43
44 1 0.34257875775756708 0.70728806491469842 -0.079889042274310637 0.61318930917539394 -0.80129463600179696 -0.46901742808783509 3.0330658201536451 1 CAMERA 1 44
45 1 0.56709903870555345 0.6776069893937342 -0.10407523063690141 0.45652578743360472 -0.912808157758909 0.34136279340698789 3.0298695848371291 1 CAMERA 1 45
46 1 0.34208517832151342 0.71057621459281717 -0.081568609525330057 0.60943066543109348 -0.92662118689281758 -0.45463627224017322 3.0018338291281954 1 CAMERA 1 46
47 1 0.54296538648874992 0.67435440914105449 -0.12141720192813209 0.48548180503813426 -0.87477159784596126 0.21594561500478773 3.1715092204381592 1 CAMERA 1 47
48 1 0.28621011025022636 0.76081704935450967 -0.074458563636450092 0.57766522528472131 -1.2098968613043535 -0.19521369159648452 2.994734889624699 1 CAMERA 1 48
49 1 0.54988910955894554 0.62746947296260491 -0.16981827540106589 0.5244671400843991 -1.1416336173249384 -0.23597397007266052 2.995791366728799 1 CAMERA 1 49
50 1 0.4334292640118696 0.69110982846538405 -0.019445393653375193 0.57803819489921404 -0.74837847205505126 -0.68088182152181997 3.19499404298592 1 CAMERA 1 50
51 1 0.45538043925567451 0.72895001994746567 -0.079729854687267482 0.50487986118822936 -0.90466165134031173 -0.01922965065245226 2.857884824132892 1 CAMERA 1 51
52 1 0.4200668552880451 0.69478040851822165 -0.0084808978829357257 0.58373974971622844 -0.89654746159584675 -0.64454615725665099 3.3040759612547301 1 CAMERA 1 52
53 1 0.46782346282349718 0.67248881751366585 -0.016586321854765981 0.5732581372106581 -0.64626464005355055 -0.57169319005156349 3.1764533132500952 1 CAMERA 1 53
54 1 0.67361610290965357 0.56967660674587028 -0.18972857918285349 0.43094428394930351 -0.86566509842438932 0.13769711686372077 2.7226355809395884 1 CAMERA 1 54
55 1 0.77288059602510384 0.41298246224414092 -0.28625496116794225 0.38750376433447331 -0.84534386631429348 0.45217180426026721 2.4580702099752196 1 CAMERA 1 55
56 1 0.60091277247313457 0.61934090900845062 -0.13498954175016734 0.48692761466702311 -1.1130370745588856 -0.064760266817814369 2.8500811124576755 1 CAMERA 1 56
57 1 0.77598586744659315 0.40939486553042004 -0.28399275235554722 0.38676852794663724 -0.9136219059714501 0.46362725095171003 2.4367316099172163 1 CAMERA 1 57
58 1 0.44503320753290293 0.63710120518035895 -0.052404836336097854 0.62713733079708878 -1.0012677442452964 -0.54914256595387578 2.8979631349721897 1 CAMERA 1 58
59 1 0.77193417531970465 0.42221058252958549 -0.27715912789825853 0.38605526909523269 -0.85297832357409065 0.46653986372138068 2.4732763827438538 1 CAMERA 1 59
60 1 0.77593597521468649 0.41152585658169283 -0.28665908058354345 0.38261782923869991 -0.89282040631635073 0.47832795493151814 2.4631806715445959 1 CAMERA 1 60
61 1 0.89355838815332511 0.29585446009593358 -0.20803228556310002 0.26598141582743751 -1.1362333147713084 0.20615054827321694 2.3604153824252143 1 CAMERA 1 61
62 1 0.8886414908701189 0.30829390499321013 -0.19775744712020718 0.2759767398833976 -1.1134509472611287 0.30628858329144526 2.3862125488005779 1 CAMERA 1 62
63 1 0.85790187311229038 0.36247097826777042 -0.18288929460157421 0.3149137531835785 -1.131851075027988 0.33399322117653601 2.6601111209737032 1 CAMERA 1 63
64 1 0.86444149376133461 0.34928746557485102 -0.20095724441824089 0.30059167681723514 -1.245234892664012 0.25509511891403558 2.3794242397144303 1 CAMERA 1 64
65 1 0.96091217851451216 0.079526774973773917 -0.2583398074940233 0.059865024085153873 -0.84922249905418812 0.56963333128698157 2.0132707685556643 1 CAMERA 1 65
66 1 0.96029856613772191 0.087052864843943215 -0.251230982906331 0.084447947424531128 -0.82649642513511279 0.57265842222083918 2.0676145303042568 1 CAMERA 1 66
67 1 0.84475257997025199 0.37528150666545007 -0.16359940454229571 0.34466230461412373 -1.1633773343302101 0.33406305728640739 2.7120886616388469 1 CAMERA 1 67
68 1 0.95351104970018907 0.14218652840866802 -0.23905829132024067 0.11597759520606311 -0.88435411502292249 0.52457021387787328 2.1441383364082403 1 CAMERA 1 68
69 1 0.93165126434893542 0.19867929404370616 -0.24448876622983334 0.1810461348461728 -1.0983494199014849 0.3340698013043748 2.0693674831419155 1 CAMERA 1 69
70 1 0.81619475373862971 0.41545083738390631 -0.16933183721258524 0.36407891259005826 -1.3879376938122108 0.25095890079112976 2.766094323282656 1 CAMERA 1 70
71 1 0.92156099266641445 0.22641106105503875 -0.24390692879915549 0.19993193419608618 -1.1614005833983889 0.28547290591170699 2.1147417149427716 1 CAMERA 1 71
72 1 0.79404472793111358 0.44627216074517273 -0.15490338669372905 0.38254289874398623 -1.5172773567695534 0.17593317401185157 2.8202592277904523 1 CAMERA 1 72
73 1 0.61449218157625551 -0.63241540949144714 -0.099145766899757196 -0.46110760731664197 -0.40932962809839352 -0.13435558430177919 1.1495795535985085 1 CAMERA 1 73
74 1 0.59572282458327264 -0.65741353163272553 -0.070451821346922669 -0.45602445720116391 -0.15690742689895812 -0.086244738066901708 1.1482561037995085 1 CAMERA 1 74
75 1 0.15255696809708516 0.70586346188021154 -0.096734276184118867 0.68492745928210741 -0.65679115915664943 -0.085535978559278053 1.7658824506482698 1 CAMERA 1 75
76 1 -0.43582894692359281 0.67602404974916963 0.060006742176138134 0.59113772005989518 -0.04750589605676929 -0.14280351528815821 2.3165379048613826 1 CAMERA 1 76
77 1 0.014375807049615391 0.67108669984843428 -0.089290047285675855 0.73584187493912823 -0.47149222550354697 0.016259930286949133 1.2869066563181841 1 CAMERA 1 77
78 1 -0.43845096534471451 0.64798163491486194 0.045970043170185076 0.62110168807714727 -0.15788047338329797 -0.14128908926100028 2.2949525609001524 1 CAMERA 1 78
79 1 0.33026803600040611 0.68014321832116453 -0.055045744061862016 0.65214890403100378 -0.22934307359579517 -0.64569139429693023 3.0640851333081915 1 CAMERA 1 79
80 1 0.34087405361160761 0.6769217426573847 -0.048822431215196624 0.65053685837338815 -0.35945434038679597 -0.51815105492526026 3.1509496131536481 1 CAMERA 1 80
81 1 0.40551264468856918 0.61988594438793454 -0.15320541008413843 0.65408639587512574 -0.4491692470526899 -0.41641107645475589 2.5096130020654388 1 CAMERA 1 81
82 1 0.36027483710926295 0.62229195820151684 -0.11768913952818499 0.68491169280479591 -0.35515770243514116 -0.39140525592169551 2.4966638281636593 1 CAMERA 1 82
83 1 0.35396169627317975 0.62621911091596483 -0.11748024000009431 0.68465986877029117 -0.39855080049028846 -0.44237466784795199 2.5522001537275973 1 CAMERA 1 83
84 1 0.46752409818992968 0.61088431355479267 -0.21009527508792675 0.60340827674975694 -0.51241764196121253 -0.40074936753831503 2.4902597918969751 1 CAMERA 1 84
85 1 0.52897583665983861 0.58542151571326595 -0.26132235124366426 0.55603672712374785 -0.60162053873216303 -0.25490494551107851 2.4899431954197451 1 CAMERA 1 85
86 1 0.63551093512147738 0.52280294135149774 -0.28779383323846397 0.48987513246250725 -0.57852853605283949 0.19584620589664023 2.5808095499879311 1 CAMERA 1 86
87 1 0.73829234105293362 0.40576380787173988 -0.37034205318501323 0.391314342960635 -0.82254713955121128 0.43833370136475402 2.3877055882168157 1 CAMERA 1 87
88 1 0.75301091142960586 0.39772827544490086 -0.35121504410405285 0.3891462179882616 -0.7808959810880497 0.51219381778273931 2.4373587367871412 1 CAMERA 1 88
89 1 0.88465030963129043 -0.20960443456190561 -0.31607396010739885 -0.27121405277616489 -0.27726373926053322 0.39010198168078225 2.1559496805006662 1 CAMERA 1 89
90 1 0.82738053333850847 -0.44152314871884829 0.26061651878674574 -0.22929847869830489 -2.1174769552474246 0.90312402581694462 4.128100164426054 1 CAMERA 1 90
91 1 0.81202691546078176 -0.45034021611484948 0.27892109532596809 -0.24496734659754379 -2.2613662903295291 1.1276178753420572 4.1742665003501465 1 CAMERA 1 91
92 1 0.79352825020517037 -0.47082805926103843 0.34421304009932302 -0.17364111772384636 -1.7924281292036586 0.9424794117787898 4.5389947036157388 1 CAMERA 1 92
93 1 0.780947676494679 -0.49180412520714117 0.33950751331522816 -0.18161519046960556 -1.7825751306438513 1.2180159219105353 4.4891222841365828 1 CAMERA 1 93
94 1 0.78451540984285706 -0.47255687599285745 0.36227508525911567 -0.17315407379402264 -1.610909528691107 1.0049637772077684 4.6122654891228212 1 CAMERA 1 94
95 1 0.79920262393544383 -0.47536215556867906 0.32881084343650674 -0.16489213500459515 -1.9044317438405389 0.86943340029231719 4.4977592311916039 1 CAMERA 1 95
96 1 0.79648122308413849 -0.47056000517482166 0.33904513934583286 -0.17099513528235635 -1.833963428831056 0.90612042729998754 4.5338217965071621 1 CAMERA 1 96
97 1 0.80435523429939337 -0.4711738414832865 0.32376397252924632 -0.16181705178729572 -1.9557861335481672 0.79632976014919543 4.4859337003123088 1 CAMERA 1 97
98 1 0.46817557176555902 0.85792310539453664 -0.0096398090969677126 0.21139217892997053 -2.9841329267389844 0.55855290232456478 4.0176065405745369 1 CAMERA 1 98
99 1 0.47444253194137193 0.85964851900516015 -0.0017059945698185033 0.18948825092818553 -2.9048555053846035 0.6090515128911167 4.1156705029168084 1 CAMERA 1 99
100 1 0.4721468034220937 0.86354849674008227 -0.018498522338719941 0.17612266880650823 -3.0371851519375026 0.64939536635547435 4.0410782960006397 1 CAMERA 1 100
101 1 0.44811415082783723 0.87188102510376453 -0.029146563279805131 0.19536546199579724 -3.188795494879114 0.38692265142117521 3.9101425035973594 1 CAMERA 1 101
102 1 0.45430831520460713 0.86726652044973462 -0.020116829764602454 0.20260318458302587 -3.0238222719733789 0.35454783921696981 3.88168902924459 1 CAMERA 1 102
103 1 0.72720784612545808 0.65589435587148559 0.12607265557156175 0.15835727955050155 -3.0874957658023914 0.44167961781006743 4.0550409660675903 1 CAMERA 1 103
104 1 0.72109775923982167 0.65641907960869739 0.17612770999055313 0.13457727638224312 -2.7407441878163277 0.39212654808752684 4.3043496991720609 1 CAMERA 1 104
105 1 0.72318391726293851 0.65310924544017912 0.18457475685908237 0.1280058376137668 -2.6842815498566939 0.44254952963604971 4.3924275001762982 1 CAMERA 1 105
106 1 0.93405582065546255 -0.25538100763013488 0.249639909862889 0.00042455284280055338 -2.6029602397357006 0.086331849853154688 4.0919153399438528 1 CAMERA 1 106
107 1 0.72295116301006135 0.65979860697621173 0.1489065198974463 0.14083416654591271 -2.8891051129342307 0.43105293012118368 4.2243457284258259 1 CAMERA 1 107
108 1 0.72304221936371882 0.6528096270298418 0.18564069296718713 0.12879081096650286 -2.6690541302906121 0.41531066461874527 4.405567682230477 1 CAMERA 1 108
109 1 0.92715124084631018 -0.28892191946691154 0.23813117423764799 0.014430693153890173 -2.5940612609651339 -0.087108060396131351 4.1224101930470152 1 CAMERA 1 109
110 1 0.95209663978187709 -0.18480340067188727 0.23841201879968937 0.050193634138416141 -2.7846154186227157 -0.11115105331235303 3.8575020138518012 1 CAMERA 1 110
111 1 0.85712756370504417 -0.41321986805798999 0.28310269676094146 -0.12014384406150645 -2.294745792931737 0.26257809224354817 4.3124438955173847 1 CAMERA 1 111
112 1 0.87350784093338396 -0.40926240427958055 0.25851669653609038 -0.051550498380345672 -2.3284396388703903 0.18887061213152237 4.3255429720592922 1 CAMERA 1 112
113 1 0.877849346544055 -0.41355016647345239 0.23804342972464598 -0.041135266461797437 -2.4951660853360966 0.27341886536740734 4.1943835929128763 1 CAMERA 1 113
114 1 0.8742484341908161 -0.41314006871728015 0.25090357368075195 -0.045302932017858344 -2.3930830306852378 0.34540056277888226 4.2612069153154959 1 CAMERA 1 114
115 1 0.88209416145893604 -0.39421231496191489 0.25256780063776585 -0.052115709084943389 -2.4147125356588952 0.23845209264414344 4.2561343874600412 1 CAMERA 1 115
116 1 0.89677483144137882 -0.36444287230986194 0.25035127163515464 -0.017335954155603434 -2.471391002583029 0.32095242596401119 4.1646852584713425 1 CAMERA 1 116
117 1 0.90082972451111232 -0.37027371326568814 0.22657955943954808 -0.008055305447522948 -2.6502598145665415 0.25316285713979936 4.0422838633826128 1 CAMERA 1 117
118 1 0.82381084490359946 -0.51318112398798776 0.14229134138097183 -0.19425241303429641 -2.0450139443655275 0.006291128164448349 4.2064386915705594 1 CAMERA 1 118
119 1 0.81238636287513821 -0.53101896525339976 0.14268729946781464 -0.19413291973875807 -2.3823807893608926 0.14971847301053623 4.1479485697648206 1 CAMERA 1 119
120 1 0.84214642420694563 -0.48233070305372394 0.14071853437099094 -0.19581825035383155 -2.8322465162624062 -0.20863049107520695 3.6899368150903857 1 CAMERA 1 120
121 1 0.85066819220076872 -0.47106300130210593 0.13030103704524595 -0.19361021493470218 -2.88793876134865 -0.34400087593690026 3.588539025513358 1 CAMERA 1 121
122 1 0.81977568142745638 -0.50737373628982474 0.10433260785256934 -0.24424256550023116 -2.2522977371359403 -0.011923588073779509 3.8714821897664979 1 CAMERA 1 122
123 1 0.84368503987448118 -0.47931070577343154 0.10465251302166823 -0.21795562011845376 -2.5793465114971181 -0.15426145277801184 3.5229918646797977 1 CAMERA 1 123
124 1 0.71674956243192012 -0.63391290371627784 0.090648346110165631 -0.2760568285754581 -2.077651933275396 0.7556468583792203 3.7864098662751644 1 CAMERA 1 124
125 1 0.72429444196018411 -0.62883350878519995 0.086131668622345114 -0.26934608821144984 -2.0439943166008434 0.52753155225006565 3.7982308933948503 1 CAMERA 1 125
126 1 0.72586309590489051 -0.62470790352993 0.087321165890364053 -0.27429512437911668 -2.0248068624748821 0.31272705184955107 3.7938210060042188 1 CAMERA 1 126
127 1 0.72824503959023623 -0.6206336939897884 0.087515990656346562 -0.27715326369401327 -2.0632837636656323 0.099323944817040391 3.7421234286877909 1 CAMERA 1 127
128 1 0.73658140901601321 -0.6129090960359318 0.084191626360421448 -0.27331673556368447 -2.0694746416193652 -0.0059860189952317486 3.7297149495243507 1 CAMERA 1 128
129 1 0.74027720739037828 -0.60876108162957487 0.075558684344710192 -0.27511904138316101 -2.131643252507593 -0.046656291939195953 3.6851465616074273 1 CAMERA 1 129
130 1 -0.41382880504569663 0.82612002164630316 -0.091856557210411499 0.37125975118104693 -2.3973684037444296 -0.08514415498079872 3.4510909964610765 1 CAMERA 1 130
131 1 -0.41596268344531706 0.82959137062200383 -0.11107739391183905 0.35554889443258036 -2.394934232612139 -0.063362223386187883 3.6272039828352574 1 CAMERA 1 131
132 1 0.74836140404530505 -0.59443102924736591 0.066929965356033724 -0.28657868054113378 -2.1960803038959367 -0.11399818141291188 3.6031094979456686 1 CAMERA 1 132
133 1 -0.44718458864015637 0.81503394394190598 -0.13712077114395807 0.3419700396615506 -2.4377145791268204 -0.32176155167453546 3.6540059589514584 1 CAMERA 1 133
134 1 -0.42866804280650067 0.82260888620734829 -0.11432643275240256 0.35565122828869905 -2.7027736901828194 -0.081971799595443581 3.6495698715508209 1 CAMERA 1 134
135 1 -0.44418676774912558 0.81528689451611258 -0.1059712404909101 0.35605546081428863 -2.8611163299957352 -0.22382195261784757 3.5719617155772228 1 CAMERA 1 135
136 1 -0.44848746872096446 0.80640782903622199 -0.11017175605844204 0.36936105349149717 -2.7986986895368435 -0.20870704814977734 3.4974410503530295 1 CAMERA 1 136
137 1 -0.25487628453192107 0.91605584774494597 -0.034782480243118197 0.30768481025820699 -2.3395412809621821 0.0066310966975529489 3.6635923557902159 1 CAMERA 1 137
138 1 -0.36779695113456157 0.86090614981244906 -0.025137055776556446 0.35061964060518974 -2.4525547062402517 -0.41945560895937428 3.2347406696053222 1 CAMERA 1 138
139 1 -0.22425165794939333 0.92082529868280161 -0.044641862386958324 0.31590990382591899 -2.5109156242818895 -0.31999654564102414 3.8412816187754628 1 CAMERA 1 139
140 1 -0.17395113730185666 0.95690566881682981 0.011086665152866385 0.23227059364757008 -1.9635469150100524 -0.53317083689147504 3.6084752676779712 1 CAMERA 1 140
141 1 -0.21894793869114873 0.91013773864719849 -0.014770945552025946 0.35141558872730744 -2.0897444432287968 -0.72757826742447917 3.6406603057306755 1 CAMERA 1 141
142 1 -0.12502951033981793 0.971730173244155 0.066875230404497762 0.18877445671863397 -0.68793046326379048 -0.22723859907455987 3.6087839042814993 1 CAMERA 1 142
143 1 -0.153207158016572 0.9512689514521242 -0.0047415639441802555 0.26756768546860199 -2.000831725961111 -0.26641790778151747 3.2757758036595557 1 CAMERA 1 143
144 1 -0.19233711315319579 0.95442385101107685 -0.0070184226435679262 0.22810587293771459 -2.0626802458907947 -0.78600620975607016 3.6669741485426948 1 CAMERA 1 144
145 1 -0.20956944231102215 0.92314041405459313 -0.04723212683473782 0.31884408569585987 -2.5188362380258984 -0.35383553575394394 3.8881322025705063 1 CAMERA 1 145
146 1 -0.23366782349077247 0.93412629884795784 -0.021146696005048714 0.26899855634142572 -2.3169318023205587 -0.62358154139656929 4.1852387961059563 1 CAMERA 1 146
147 1 -0.17499591145160109 0.96162710855804656 -0.014006755659192894 0.21084009546909782 -1.9965189849943683 -0.64769555992538164 4.025624471480385 1 CAMERA 1 147
148 1 -0.18089234593040088 0.94909338271166832 -0.011907001887766021 0.25760033653464814 -2.2171076629091528 0.00045514213656831445 3.7147788683971203 1 CAMERA 1 148
149 1 -0.17746071979549996 0.93335083313346168 -0.027309295629680555 0.31083455018859618 -2.4557296968111366 -0.17613271050745732 3.6185384010557793 1 CAMERA 1 149
150 1 -0.052173475770268825 0.91852770511035364 -0.045015046697439796 0.38930505897250284 -2.5643015141339682 -0.35609937219344007 4.0652027306222784 1 CAMERA 1 150
151 1 0.022517993112427706 0.95253653564115381 0.022258281019260029 0.30277327686076483 -2.6015501766417271 -0.73220288574955561 3.987552889373839 1 CAMERA 1 151
152 1 0.045911037484418889 0.94429824422758246 0.028673052090834209 0.32460877786899989 -2.836985143673894 -0.6015828259049506 3.9303521025130923 1 CAMERA 1 152
153 1 -0.016076766817581592 0.93875950400462504 0.0073401893667879711 0.34411953276404317 -2.7625693308152561 -0.55351229928182277 4.2119174615806561 1 CAMERA 1 153
154 1 0.022700322989812168 0.95537561106335023 0.025878339868367687 0.29338106388645069 -2.4035329474402216 -0.5315288957545018 4.034693937280033 1 CAMERA 1 154
155 1 0.037740232586542737 0.94833230524998013 0.015674356789871901 0.31463602496026427 -2.7450409241835456 -0.62510755550714581 3.9211465987605307 1 CAMERA 1 155
156 1 -0.045051881708723839 0.93363903337843235 -0.024858180818415627 0.35450042898858192 -2.5570226045749607 -0.47759481577533669 4.3019216359158658 1 CAMERA 1 156
157 1 -0.067864689527908001 0.90715889991742527 -0.066619906484953959 0.4099010884052684 -2.8508280911224766 -0.51521715628246878 3.5280571746901299 1 CAMERA 1 157
158 1 0.053847179897316397 0.92726723152910395 -0.074514582611936803 0.36293737686772631 -2.8869791225028454 0.034443706279273782 3.8284960188491306 1 CAMERA 1 158
159 1 0.040988556756916976 0.91637000593680629 -0.041445361293750559 0.39606594458700067 -2.4787607441758412 -0.035909703941410881 3.5160077776950098 1 CAMERA 1 159
160 1 0.035341228365005584 0.94973369646581018 0.017288731986618393 0.31057688761615215 -2.7200047893037347 -0.62672252348092317 3.9520613216036078 1 CAMERA 1 160
161 1 0.45406612478535524 0.85327829230245511 0.011182544463453861 0.25615436929152546 -2.1203286005091782 0.11567611884845592 3.5908742611077846 1 CAMERA 1 161
162 1 0.468547003777739 0.85375952409061073 -0.024480026787316537 0.22574124249673516 -2.7647239710363025 0.52656317936071295 3.8327333441637985 1 CAMERA 1 162
163 1 0.40064616258295654 0.85480126532204082 0.051775969580199623 0.32575558043634423 -2.2167567079352719 0.068962481775533324 3.3740399107552208 1 CAMERA 1 163
164 1 0.43672716586807248 0.86905251886901913 0.031858719116694439 0.23022190177413165 -2.340099972693682 0.14555586265452333 3.7033240091724453 1 CAMERA 1 164
165 1 0.39516850911681795 0.85928374369062943 0.056584958061354294 0.31979906152551901 -2.2782970591819764 -0.017503470220103658 3.3637301799925923 1 CAMERA 1 165
166 1 0.41185320480138071 0.86258308463138467 0.0408584382502594 0.29096038875831054 -2.3439522645463211 0.029845764018144576 3.4502919071318017 1 CAMERA 1 166
167 1 0.42078924794475953 0.87973109956795226 0.028867307172114998 0.21949095617741593 -2.2172387572431744 -0.17380376961190136 3.8360938601328489 1 CAMERA 1 167
168 1 0.41980126203328472 0.87104453613185429 -0.036466546567574663 0.25242525121615567 -2.9830115830778472 0.026125865048444885 3.6482159144457365 1 CAMERA 1 168
169 1 0.4363693557695093 0.86806589322692795 -0.016004220606190802 0.23619325833780222 -2.8532164592874509 0.17710017633534597 3.7841873144032627 1 CAMERA 1 169
170 1 0.45431253365933694 0.86344624446617202 0.00702285090988962 0.21911500232159983 -2.4351083737775125 0.32087652307744063 3.728743529105023 1 CAMERA 1 170
171 1 0.47922212470140763 0.84676444465564937 0.015681170884251444 0.23041317528166044 -2.5312206509608171 0.59050217862771959 3.823456627386725 1 CAMERA 1 171
172 1 0.45868505283585753 0.86159717657459323 -0.0019162978971552854 0.21738135942629772 -2.8470993319577746 0.44651917377389183 4.0093617060785292 1 CAMERA 1 172
173 1 0.70027205384559077 0.68504962379598644 0.074171140195031307 0.18661378700949299 -2.2628535258990685 0.47469708539182259 4.1712430752899934 1 CAMERA 1 173
174 1 0.71489732565282793 0.67329114168353532 0.095581486611555244 0.16268076629411718 -2.1624719912201615 0.67524067816776523 4.2605555500680428 1 CAMERA 1 174
175 1 0.73187159966682613 0.65338808277924709 0.1040372070146329 0.1631693428306166 -3.1354606117375918 0.51233534534839431 3.9278609461938196 1 CAMERA 1 175
176 1 0.72690684928177685 0.64978385609532152 0.14212243354259596 0.17084667602580111 -2.8141666645131362 0.35190595368830957 3.979829469089093 1 CAMERA 1 176
177 1 0.72378858757729725 0.66443257010611678 0.10979422199888499 0.15034849214641743 -2.1361290925211036 0.80659925412396993 4.3167844838049136 1 CAMERA 1 177
178 1 0.72759688814730972 0.66149879946091805 0.075986116920492855 0.16507033866040519 -2.2569224173707156 0.76517291975211321 4.1355979388028796 1 CAMERA 1 178
179 1 0.71527873025858701 0.65339064838955463 0.10623555107793335 0.22398885312423175 -2.7415917493280828 0.081704573485466253 3.6158518974652125 1 CAMERA 1 179
180 1 0.72595837769160732 0.66481899649662657 0.084389865936248712 0.15452665234143254 -2.3385422856745968 0.80316847126162516 4.1552525214227076 1 CAMERA 1 180
181 1 0.71257549326151215 0.65152051959074231 0.096348616609895077 0.24181423248576878 -2.5379200733054579 0.041384613635931149 3.5273043021798784 1 CAMERA 1 181
182 1 0.735717796718801 0.65162638174667453 0.081114577816822422 0.16589999237061184 -2.2672455523445065 0.8267695694985826 4.1284208931640105 1 CAMERA 1 182
183 1 0.73404681334095601 0.65392706843275561 0.059539352589012724 0.1732331679794929 -2.3005315138426314 0.82361268612576999 4.0645097380389483 1 CAMERA 1 183
184 1 0.7454977497826285 0.64008077878036274 0.083111650163453801 0.16619914353590776 -2.5252935954473616 0.93698210784656832 4.0519643980115498 1 CAMERA 1 184
185 1 0.94110231617427753 -0.28957723195763535 0.13135431882566342 -0.11496738732792866 -1.9315839096052625 0.53407473171608499 3.5122837563045923 1 CAMERA 1 185
186 1 0.94037043186507918 -0.28537922567783064 0.12761090618486379 -0.13408059161595368 -2.2448059065110573 0.57100880599835058 3.4154611514065714 1 CAMERA 1 186
187 1 0.9375261968930515 -0.28036342014595661 0.14699430572157091 -0.14433868805260242 -2.352144629949112 0.57436796275964774 3.3314737786277289 1 CAMERA 1 187
188 1 0.93572568888752727 -0.29495608711678084 0.13728826168814903 -0.13627279637318221 -2.445112611476238 0.64040940136205848 3.2538116945295341 1 CAMERA 1 188
189 1 0.91325544204694298 -0.32655689988365549 0.15558622034678504 -0.18739801692712954 -2.3163075872150101 0.66956812938288035 3.2101609273811071 1 CAMERA 1 189
190 1 0.90910879039756665 -0.33909266411398642 0.14940960881809648 -0.19030013441607435 -2.3454158825353963 0.58367114597258229 3.1753220137075293 1 CAMERA 1 190
191 1 0.90293971213740709 -0.35133444180897222 0.15538012088661324 -0.19266811951450577 -2.3224689506729201 0.60682002217735354 3.2299564180637255 1 CAMERA 1 191
192 1 0.90217720186253225 -0.35590008859704197 0.13980644687967558 -0.19966366917140987 -2.4917864436241404 0.62355395070130415 3.138365178514166 1 CAMERA 1 192
193 1 0.90040792543012504 -0.35153498242353176 0.15954334800811995 -0.2005857523890113 -2.3462977503839464 0.60839781620129363 3.2736617769229071 1 CAMERA 1 193
194 1 0.90270775212587706 -0.35853262611909958 0.14073857851605037 -0.19174389893102092 -2.3524058027417545 0.52181567732792267 3.2189537244758268 1 CAMERA 1 194
195 1 0.90061512324879056 -0.37174406058557369 0.13549008239924609 -0.17983656682210239 -2.4848579760716887 0.20085060597828813 3.1130035611477727 1 CAMERA 1 195
196 1 0.82059353509189581 -0.50015466986247925 0.022354316974856087 -0.27562989840133029 -1.5239151223931819 -0.034989685753936427 3.3164497357792215 1 CAMERA 1 196
197 1 0.81397990725598213 -0.52054658098899897 0.11835341970055774 -0.22904243198453389 -1.9102271464027873 0.25834632883364816 4.16598268597496 1 CAMERA 1 197
198 1 0.83180012967366146 -0.50737827311918549 0.012035822771928037 -0.22479095002173927 -1.5803110953884336 0.19573720298242031 3.6214805045338285 1 CAMERA 1 198
199 1 0.79888449715588117 -0.54569662596739976 0.052499570486439634 -0.24747231705895914 -1.095491961151404 0.17930616386899834 3.3956142929033466 1 CAMERA 1 199
200 1 0.79665218866837251 -0.54716709200247338 0.056641764284235542 -0.25048986857399647 -1.0202178921762517 0.24369625911952739 3.394443187921993 1 CAMERA 1 200
201 1 0.85565260427177026 -0.48178155877622381 0.035415307599907769 -0.18571727548532863 -1.4073937054917782 0.24209694184960331 4.0251042151355598 1 CAMERA 1 201
202 1 0.79753143339560995 -0.54226113241111118 0.039234157725338455 -0.26145201833175163 -1.2603524020828192 0.098867735963189721 3.437687675320146 1 CAMERA 1 202
203 1 0.77676018861865137 -0.57289915416622039 0.042968202396436429 -0.25803856710880479 -1.4804222696731535 0.21391124304384268 3.3665431380933604 1 CAMERA 1 203
204 1 0.9071633025857887 -0.39612244876275016 0.0035045471936860236 -0.14187834992279288 -1.5772734651873734 -0.31199165193486206 3.7327536227716176 1 CAMERA 1 204
205 1 0.77705080981229968 -0.56403598084466711 0.037359264130382 -0.27687494770433785 -1.3162134304664987 0.18060660023324623 3.532781238979541 1 CAMERA 1 205
206 1 0.77183249732122627 -0.56906438310366392 0.034280183013547294 -0.28154074840826093 -1.3677290947192022 0.098343534098997321 3.6014614613172604 1 CAMERA 1 206
207 1 0.79157543351032078 -0.54448649265033044 0.034168470101876743 -0.275273151678813 -1.49582082117625 -0.36223078361226058 3.6313438068527599 1 CAMERA 1 207
208 1 0.81217358250748373 -0.52511347636396466 0.015114983801414536 -0.25377439997484813 -1.6434061528031305 -0.29221021320997881 3.4899030837306859 1 CAMERA 1 208
209 1 0.66030525582543254 -0.66951861019302472 -0.01914102160756909 -0.33966957624481098 -1.5122851630078877 -0.41567484155742368 2.4349798623656365 1 CAMERA 1 209
210 1 0.67187726035097417 -0.65522274956919024 -0.019556993766319402 -0.34479213950593995 -1.6575080318224913 -0.23713101597095315 2.4101556910710955 1 CAMERA 1 210
211 1 0.67490425744648808 -0.65085284997436688 -0.010323431495512651 -0.34754602245315153 -1.6434836505500958 -0.18586563085305458 2.6157635532352979 1 CAMERA 1 211
212 1 0.65370024572845797 -0.67020062810804748 -0.006459176250163322 -0.35137641619821586 -1.6840818241816766 -0.25714403490394022 2.3372165009230494 1 CAMERA 1 212
213 1 0.66011507817938087 -0.6650802366065699 -0.011679562685264239 -0.34896984146349919 -1.507079090253246 0.0072583593344298352 2.7225841513437472 1 CAMERA 1 213
214 1 -0.39915965601811276 0.8178555366851521 0.044321842373594801 0.41209157284462117 -1.810991610152435 -0.091055413605187152 2.4198587101606406 1 CAMERA 1 214
215 1 -0.42949203175842693 0.78838455403206609 0.0034304100124273396 0.44042550097244088 -1.8189277152240038 -0.10410041344639651 2.4674924504108504 1 CAMERA 1 215
216 1 0.64428567977483908 -0.65823329882883452 -0.080244836756259125 -0.38103235206993313 -1.5678547966204017 -0.83321623031969327 2.0254763805285276 1 CAMERA 1 216
217 1 -0.43528094093394659 0.78592326559418746 -0.0025835534796285449 0.43914513353656154 -1.8218110252395951 -0.17819655019224359 2.5356860788557727 1 CAMERA 1 217
218 1 -0.42885801644225685 0.80168442471278833 -0.016147399444101408 0.41607949528585414 -1.9579512984174681 -0.21002658647733913 2.8404496218959756 1 CAMERA 1 218
219 1 -0.42841762043561998 0.81704677008703042 -0.052587966250809991 0.38226616878326569 -2.1722691674856898 -0.25347983057777529 3.0852033377456949 1 CAMERA 1 219
220 1 -0.40787746231553346 0.82808532557529069 -0.074482578623005044 0.37731023678608744 -2.3138579336574225 -0.018846300870751471 3.3273371144695059 1 CAMERA 1 220
221 1 -0.28081224855614673 0.86862211523754873 0.014067943404104425 0.40797327724921678 -1.8318193279060997 -0.37463549128264917 3.1588357641328169 1 CAMERA 1 221
222 1 -0.26214077572889044 0.87291899139713569 0.009196621356984366 0.41135151672757858 -1.6484798669075735 -0.27977860176717462 3.2458290852254881 1 CAMERA 1 222
223 1 -0.29657641873107216 0.84469162206945181 0.042694762616335348 0.44352637881355494 -1.4750877224909504 -0.33416434768395292 2.9380923942573056 1 CAMERA 1 223
224 1 -0.23513550756936505 0.86428419616808005 0.00040858909259616365 0.44466161785018765 -1.5526130385133956 -0.26491709512505024 3.2308177581214346 1 CAMERA 1 224
225 1 -0.27208985393592389 0.8724965384913197 0.01367147466449402 0.40562296839095674 -1.7883789178382075 -0.31380594235384823 3.2088761468544194 1 CAMERA 1 225
226 1 -0.37252518477925006 0.84167131001160944 0.021321708663014881 0.3903329057973674 -1.7102487388078327 -0.32777445022434698 2.7408272322069287 1 CAMERA 1 226
227 1 -0.11406541278721427 0.90976359772448323 -0.027988375323835597 0.39816570508749138 -2.2694515229484158 -0.25798396995943895 3.8445282373505316 1 CAMERA 1 227
228 1 -0.25787409978510323 0.87807197928629521 0.086802317959021588 0.39364438958177911 -1.9545185999672896 -1.3624834840923303 3.4756408733110731 1 CAMERA 1 228
229 1 -0.17798593512831193 0.90939534123729637 0.00015656326715705231 0.37592698189986995 -2.1292337703054973 -0.85637142572902314 3.5887813101440482 1 CAMERA 1 229
230 1 -0.086205811569088922 0.91845250285489077 -0.024036171746651191 0.38527369557117064 -2.186462276811135 -0.1097595600784379 3.9637989882769977 1 CAMERA 1 230
231 1 -0.20715551125771031 0.91677302334831046 0.024247389419183713 0.34062572117018625 -1.6548074878706636 -0.88685569712922763 3.6924278103597352 1 CAMERA 1 231
232 1 -0.2675064909528439 0.84859200386212075 0.098252564588792515 0.44573346501142552 -2.2553085997250948 -1.0902928740142592 3.0923593387129369 1 CAMERA 1 232
233 1 -0.21329673541254116 0.91181227378278173 0.028281933057263783 0.34971847578297938 -1.7281978967363099 -0.90404701884615801 3.6288043007733868 1 CAMERA 1 233
234 1 -0.17732709584619338 0.90835277857017038 0.040939792055524345 0.37652923414929729 -1.9592526419732703 -0.79186310909008206 3.5036763473087627 1 CAMERA 1 234
235 1 -0.22660163095429428 0.9009446412521126 0.055258521279780863 0.3659193218100516 -1.8567651544508399 -1.0348719646926741 3.4812517726389629 1 CAMERA 1 235
236 1 -0.22059396201850942 0.9077863244630594 0.035935020041524601 0.35492388955019732 -1.7803374664105673 -0.96724353997527301 3.5658329496913734 1 CAMERA 1 236
237 1 0.41014856222251106 0.83185058138882195 -0.0073224476431407708 0.37383037451550061 -1.8192077735943506 0.12601624417164795 3.3204434701861656 1 CAMERA 1 237
238 1 0.388900549590735 0.83736494637718195 0.017776965019164936 0.38374508286292158 -2.1796324882889806 -0.011212438155253367 3.1478275791976951 1 CAMERA 1 238
239 1 0.031446693595822701 0.93226567390022108 -0.072759906250165554 0.35298415654491389 -2.2117192557492049 -0.33752928155715456 3.6431367130828143 1 CAMERA 1 239
240 1 -0.073913003779639885 0.91799310952902902 0.0048629328107216855 0.3896175953598266 -2.1816842586373419 -0.61053983260508193 3.5613460881244139 1 CAMERA 1 240
241 1 -0.10155740523458726 0.9287411472161663 0.0011163639657568389 0.35654554918146575 -2.0931648521539543 -0.44348696148095068 3.7815741846231985 1 CAMERA 1 241
242 1 0.028381870468124456 0.92422560362154327 -0.080264373500063504 0.37223531990632908 -2.3157864543541451 -0.20345559462978008 3.5475449355273851 1 CAMERA 1 242
243 1 0.66298736690801774 0.67547094491249815 0.058794603266557617 0.31737981745239974 -2.0359157189777162 0.028311900086843023 3.5263288604168146 1 CAMERA 1 243
244 1 0.40384040333008092 0.852925789405796 0.055670888530408906 0.32608477206844833 -2.1805438499654191 0.10710970271981554 3.4007221045048457 1 CAMERA 1 244
245 1 0.68671286950672406 0.65319053656176551 0.047446409842020094 0.31546219423743477 -2.2358624396378604 0.26844872516222146 3.6387615921598848 1 CAMERA 1 245
246 1 0.60643637589816346 0.69112884248116979 -0.02759323041861262 0.39219186466983874 -2.0720121924255621 -0.05006163475668754 2.8901664614495064 1 CAMERA 1 246
247 1 0.69749588423136966 0.65223535201644456 0.041005559608939535 0.2939508141533928 -2.3102527069323373 0.40472689551979346 3.732248843019867 1 CAMERA 1 247
248 1 0.68773863694298998 0.67916163430586418 0.10333051311213184 0.234686699245546 -2.0055009391553806 0.33774651493470814 4.1617972981088824 1 CAMERA 1 248
249 1 0.71226960783617232 0.66212243909408663 0.068490526353213413 0.22265428179323826 -2.0684893285428276 0.24935169860869735 4.2637579446613438 1 CAMERA 1 249
250 1 0.71832195979608116 0.63862163850407483 0.021603942052674581 0.2751531111887936 -2.1762405041907225 0.42172154394529293 3.6224407845556632 1 CAMERA 1 250
251 1 0.73965916372564833 0.62019783906557158 0.0047692720672305212 0.26122062701674009 -2.1844218126959167 0.54530161621468376 3.5457201212488116 1 CAMERA 1 251
252 1 0.78733359045825213 0.58240356748333311 -0.029065433317824324 0.20016768596567025 -2.1988211753249898 0.84000897269044594 3.551378727761882 1 CAMERA 1 252
253 1 0.69870261266476641 0.67110334910793268 0.090395803485926199 0.23078897847098234 -1.9462489282618167 0.15689795708844717 4.2874763677987255 1 CAMERA 1 253
254 1 0.82032600171455683 0.54770313221841371 -0.016231575280293096 0.16377748878605988 -2.0687951541579617 1.0107440892332107 3.9412558464550398 1 CAMERA 1 254
255 1 0.84204302110294571 0.52037848452786817 -0.010492330760219335 0.14163225073238681 -1.9557651143411843 1.2928561383135357 4.0291986264860489 1 CAMERA 1 255
256 1 0.81990061623355481 0.54057205769475147 -0.017795017921541999 0.18769168142640588 -2.043478711421705 0.97153064726343696 3.9842960792674051 1 CAMERA 1 256
257 1 0.92329173775500106 0.38286988125124111 0.023188415134405255 0.020132521639514359 -1.7051307868889305 0.78942633075632462 3.1161464183716534 1 CAMERA 1 257
258 1 0.91065070334471743 0.40202640212399626 0.026672769992499297 0.091534866766349976 -1.820520519448926 0.66242790691002029 3.2171591701058584 1 CAMERA 1 258
259 1 0.77315331959868561 0.60195076048183338 0.044730549034963117 0.19464943958795713 -1.9706774373397269 0.56143407145031543 4.2200679679413327 1 CAMERA 1 259
260 1 0.72942880628225892 0.64647768685708873 0.067202306526051026 0.21326993918301143 -2.059524269270145 0.37108645944158775 4.3278299504604441 1 CAMERA 1 260
261 1 0.75457003454796989 0.62512746128884666 0.043274810013372501 0.19485125332710465 -2.147042020041098 0.47578129166617161 4.2424621390992341 1 CAMERA 1 261
262 1 0.7750027541405059 0.59408588503689275 0.044597374995042884 0.21081690259112013 -2.0875175920423752 0.58341182872686259 4.1189165944525188 1 CAMERA 1 262
263 1 0.74108951346530227 0.63771863890307179 0.060075866995654238 0.20122664046317409 -2.0720440735943169 0.44774050820788536 4.3006715298296019 1 CAMERA 1 263
264 1 0.86874930408461892 0.47660445779831434 0.038604080213444247 0.1289672921718503 -1.9611475454827376 0.68197947771302359 3.5579993713542182 1 CAMERA 1 264
265 1 0.98100784543940667 0.19013909599125109 0.035819565411943192 -0.013700003491333377 -1.6810379605795303 0.81427942733465042 2.6678903863420387 1 CAMERA 1 265
266 1 0.97176132317361386 0.23123590919415887 0.04607203156159527 -0.0093409309389077336 -1.6284726179493336 0.83053378935245548 2.7089172295469996 1 CAMERA 1 266
267 1 0.93538709242169094 0.352193184861257 0.025628993748458714 0.018817612697185241 -1.7346025507009533 0.94189477144250389 3.0605433242480866 1 CAMERA 1 267
268 1 0.96228327574340855 0.2693170419099305 0.034099748409585483 -0.017788628947243784 -1.7321333880093832 1.1401885079101017 2.9675069168452719 1 CAMERA 1 268
269 1 0.95640586872773492 0.29003620364636851 0.030707781847753274 -0.014961516351618676 -1.7661681198381773 1.0586238969086434 2.9833129910406777 1 CAMERA 1 269
270 1 0.9550656415260832 0.29419156105192401 0.03381746541641243 -0.012542918919174011 -1.7500948504007983 1.0354863053672829 2.995957845088665 1 CAMERA 1 270
271 1 0.95325149345975257 0.30026968748153893 0.032752021797700724 -0.0087755378554930479 -1.7506157714872108 0.99238502604231427 2.9912754521227245 1 CAMERA 1 271
272 1 0.9432338207676223 0.33000128142424801 0.037202218625523413 -0.0050108430234884664 -1.7041593762651082 0.88724486027758631 3.0252849618261326 1 CAMERA 1 272
273 1 0.99710441046768938 0.018422181518880237 0.024900849827782227 -0.069450453791327998 -1.428168256031709 0.87670044264563873 2.3555673866888136 1 CAMERA 1 273
274 1 0.99644421979170139 -0.00014478346436766124 0.016280262699956582 -0.082667097008884943 -1.7531503629931329 0.98603740930023587 2.3765793621416993 1 CAMERA 1 274
275 1 0.9498539836095472 0.30939745962733717 0.043585159399601781 -0.012286402131445169 -1.6838644530370745 0.99437322614031232 3.0345397959850886 1 CAMERA 1 275
276 1 0.93327041654507281 0.35827005807004181 0.0015682876003951845 0.025425097173415477 -1.948193454880025 0.75638144756125292 2.828688863139019 1 CAMERA 1 276
277 1 0.93330981611044306 0.35806381607107418 0.018523566683553313 0.019492774297954232 -1.8234078267846303 0.86340322902765188 3.0329742572813974 1 CAMERA 1 277
278 1 0.9959691431620411 0.0027355026239565781 0.04218951005841913 -0.079107699596781253 -1.6755291259154896 0.90437021606811752 2.4955384907884519 1 CAMERA 1 278
279 1 0.99688673730387378 0.042653339696995869 0.0084631802506002305 -0.065771575778416039 -1.7512835455417983 0.96000766091848444 2.4093370371925551 1 CAMERA 1 279
280 1 0.99641481608057048 0.011346246151630874 0.038560366653014488 -0.074443771512294518 -1.6650979035820761 0.87005744163155763 2.5278528855711557 1 CAMERA 1 280
281 1 0.99724051816189807 0.047037136389006001 0.027375998529418088 -0.050491696753312047 -1.6958952518562265 1.0780175242381305 2.4321695417502944 1 CAMERA 1 281
282 1 0.9871528151716723 0.14331450124259082 0.065269971430409301 -0.027020437851808111 -1.527820815539271 0.90218810996182142 2.6971752187966547 1 CAMERA 1 282
283 1 0.98490189783899884 0.16405610984589347 0.050822458018304782 -0.021700742299476945 -1.6116983921977566 0.82163209922892755 2.677750641761059 1 CAMERA 1 283
284 1 0.99467269320097407 0.07477345005388307 0.045619452411790481 -0.054350990138254965 -1.6002657556632061 1.0573990619343163 2.5667589026858102 1 CAMERA 1 284
285 1 0.98888472624850554 -0.071542930012756092 0.047975213634739895 -0.12118987678147609 -1.583182093152192 1.0050279140158607 2.8467437047148061 1 CAMERA 1 285
286 1 0.98819008023937738 -0.079750283618691048 0.048008287498192227 -0.12171878207870154 -1.4134581834512594 0.98976518552116166 2.872222381364737 1 CAMERA 1 286
287 1 0.99623268260624587 -0.0065300235872467046 0.032386751195063387 -0.080180416849390687 -1.7046452560917884 0.93430278321130467 2.4968121021824197 1 CAMERA 1 287
288 1 0.9873355168149387 -0.075665188982956003 0.055361156057721149 -0.12797850917987841 -1.4511153684188169 1.026135277411526 2.8808295992946054 1 CAMERA 1 288
289 1 0.99804544629131686 -0.031796443378952488 -0.0080122061426163831 -0.053198476278402546 -1.4064710319434555 0.70079190252024115 2.1803187521151308 1 CAMERA 1 289
290 1 0.98924993118440985 -0.077656019670049092 0.059966918898584472 -0.10843470338621271 -1.5922186760336183 0.9910855989323214 2.8566828535357449 1 CAMERA 1 290
291 1 0.98953785834784302 -0.078835912536242336 0.060494419091228435 -0.10459517699089611 -1.5639844649552783 0.96806762535294288 2.8632711822836128 1 CAMERA 1 291
292 1 0.99125082073570348 -0.081193208523574936 0.047195319904506629 -0.092747372251471671 -1.5531765206762609 0.90234038640579051 2.7847064919733775 1 CAMERA 1 292
293 1 0.98887654081450982 -0.12511650297893531 -0.0034773332826780871 -0.080355185659000794 -1.5601657434495619 0.90875923875715181 2.5252213655438838 1 CAMERA 1 293
294 1 0.9873245228796852 -0.12550750482333309 -0.0073345618400847065 -0.096872890717874457 -1.5992678044352187 0.88185934882512451 2.5256954315927045 1 CAMERA 1 294
295 1 0.98748924793882764 -0.12534591568824555 -0.0021692878229192985 -0.095648736613848498 -1.5814998858122089 0.7888307038752842 2.5591116542174723 1 CAMERA 1 295
296 1 0.96960869577927533 -0.19452046226398192 0.055476757675277627 -0.13763392091943763 -1.6102189852979776 0.45229684651821844 2.8076411970233566 1 CAMERA 1 296
297 1 0.98356882309661531 -0.15061672152339078 0.028035074411155523 -0.095503968674842787 -1.6098607651165369 0.72431718316312144 2.6380645137401619 1 CAMERA 1 297
298 1 0.97084275059494307 -0.18130303891447966 0.057707790220173832 -0.14581965795298082 -1.6848102915823295 0.44486857311408801 2.8105787328552583 1 CAMERA 1 298
299 1 0.96129821909220892 -0.22412049316839289 0.064473040742371729 -0.14669344064932374 -1.5459306207532633 0.86109332867978405 2.7635243599591219 1 CAMERA 1 299
300 1 0.96370768812084184 -0.26507356049614444 0.0087694624475081005 -0.03044003796089886 -1.9987228222934819 0.18343878884083009 3.1995378277504334 1 CAMERA 1 300
301 1 0.96734596549686325 -0.25122303377508309 -0.032626114552801413 -0.0080191637327446975 -1.9959118199898847 -0.19640679492937935 3.1522249186007167 1 CAMERA 1 301
302 1 0.97552140947252719 -0.16844464860030542 0.04263445175606622 -0.13478384006294375 -1.6597091909581483 0.52950470473020139 2.7915429152373621 1 CAMERA 1 302
303 1 0.91900333263081413 -0.37804340954823584 -0.019759498148789235 -0.11011638090452285 -1.5414729192397654 0.065169587995591971 3.5416374629658565 1 CAMERA 1 303
304 1 0.95254929368857455 -0.29648582496334946 -0.0096477645316919193 -0.068212310683195179 -1.6156117465501896 0.22908670794100044 3.497624644584417 1 CAMERA 1 304
305 1 0.94803113320553445 -0.28495752801356389 0.053365182993353202 -0.13110429033984802 -1.5217738130293426 -0.021183825006078363 3.0402774295129982 1 CAMERA 1 305
306 1 0.95218245002192992 -0.2982395213823566 -0.0052511728151502565 -0.066137696814475164 -1.656018031281858 0.29771473249983887 3.4835918739949467 1 CAMERA 1 306
307 1 0.78986586511274814 -0.54016703612882055 0.014654645444824633 -0.29002884266290158 -0.33181122358517534 0.49754116812831972 4.3213724962884053 1 CAMERA 1 307
308 1 0.82176544441146604 -0.43200041435412773 -0.099927945219728975 -0.35789887137744747 -1.2045501560671892 0.25735399545219967 4.3274357540670794 1 CAMERA 1 308
309 1 0.82444736876964542 -0.43241779177340856 -0.090904414321016924 -0.35360681122338489 -1.1231990709948712 0.20647414867694613 4.4352262243047242 1 CAMERA 1 309
310 1 0.82171065257218401 -0.43499101882262736 -0.093888900416723819 -0.35603271109771195 -1.2398862740209844 0.25587946394166766 4.5462203278312394 1 CAMERA 1 310
311 1 0.81270926387764564 -0.51337339109995883 0.0026641130012607008 -0.27557996338613 -1.2940712428520411 -0.042571886736595906 3.026207598379298 1 CAMERA 1 311
312 1 0.7993757248378478 -0.5306743689715463 0.017605228040583634 -0.28119960988994269 -0.27856282326704057 0.34052865236300855 4.2761020079370917 1 CAMERA 1 312
313 1 0.81716897609610728 -0.4451943185596251 -0.10202107643281935 -0.3516085652991971 -1.3197958177492124 0.36261116261458326 4.7110109874619255 1 CAMERA 1 313
314 1 0.79137132958633749 -0.5257967573619009 0.0062546041707207001 -0.31181736414627481 -0.98363682630775517 -0.042032826396590492 2.8365015697606637 1 CAMERA 1 314
315 1 0.67050336642112585 -0.66084540106350165 -0.012457855422409857 -0.33697684393654054 -1.3313309307956644 -0.025917707449698565 2.7915853700753015 1 CAMERA 1 315
316 1 0.72935664279764378 -0.59801841230197506 -0.02878841831837518 -0.33103488203737924 -0.12436195895497099 -0.047907344877783919 2.6811513218567296 1 CAMERA 1 316
317 1 0.62943516066417537 -0.6532596863175073 -0.063670178584649462 -0.41594382927387541 -1.2342316910871183 -0.17637866617801085 2.4014364002959936 1 CAMERA 1 317
318 1 -0.45061663868959223 0.77602293431298675 0.098335430801847645 0.43018971792148908 -1.5441121468702965 -0.50593572674105936 2.623632468634161 1 CAMERA 1 318
319 1 0.64450755461738674 -0.68195873787634498 -0.0062534049015946563 -0.34569232968400609 -1.2986419394485778 -0.30576628398103328 2.6128369057764385 1 CAMERA 1 319
320 1 -0.49418271883186693 0.67728950449583325 0.091173079458974279 0.53735447991963392 -1.216211244146072 0.049060689701612398 2.5749851645204713 1 CAMERA 1 320
321 1 -0.41640051127996114 0.78110983791630306 0.035093258399164967 0.46394665483337971 -1.5621147634763239 -0.080815141136608912 1.8923540845651046 1 CAMERA 1 321
322 1 -0.36225816248411802 0.82429821775747369 0.067169174318678776 0.42987181105165501 -1.4222595907896021 -0.45085581107744321 2.8386873070341179 1 CAMERA 1 322
323 1 0.65270071853741707 -0.65158731266369763 -0.069789663768241944 -0.38019093732959475 -1.3478126975517428 -0.35969380444584254 2.2380152931794832 1 CAMERA 1 323
324 1 -0.43691646909033427 0.77169170878142357 0.026479874910575834 0.46140516020127254 -1.4808009870933401 -0.0062119232267884078 1.8402045299937309 1 CAMERA 1 324
325 1 -0.43435012295392328 0.77047302101646209 0.022659673280183229 0.46604488387119286 -1.463482543897058 0.11887470414189208 1.8048122716038297 1 CAMERA 1 325
326 1 -0.44070798800990063 0.76788409965176752 0.012496922988125898 0.46473035808099378 -1.4165588297723197 0.16046005597060276 1.7809496298086054 1 CAMERA 1 326
327 1 -0.35957599864226769 0.83474391863071973 0.028705838152016879 0.41603325151415055 -1.3970643767963655 -0.18239826505598061 3.5138079191121463 1 CAMERA 1 327
328 1 -0.44751766075236887 0.76983673656526419 0.0053010021010158372 0.45502883614777279 -1.3895865555918006 0.11635341728121965 1.8401383788859906 1 CAMERA 1 328
329 1 -0.4616198508834326 0.75847134726272114 0.0068948244705129237 0.45997911914276163 -1.4913390041465331 -0.016518217917334002 1.9214743102312777 1 CAMERA 1 329
330 1 0.50138416632282268 -0.76193140051328345 -0.0094597703678656175 -0.40985969723458038 -0.12309503619969096 -0.70363658562735687 3.5102086223059139 1 CAMERA 1 330
331 1 -0.00031230684477612534 0.78853676107910409 0.024289660083499084 0.61450768205478001 -1.7071355868731428 -0.51997902216727387 1.8729543183867294 1 CAMERA 1 331
332 1 -0.0059675830056144241 0.79862436734508802 0.084803012687581572 0.59579523065801643 -0.92186647651726772 -0.79652667445441794 1.863192020120966 1 CAMERA 1 332
333 1 -0.25316157250026167 0.85286572350837964 0.0020554913349819541 0.45664543228756233 -1.5735853665976012 -0.3326171212862829 3.0903402427034727 1 CAMERA 1 333
334 1 -0.0025068623582582897 0.79277790906799783 -0.0026018527765153104 0.60949990393520126 -1.7909429087893687 -0.56275058478057971 1.8322754260334013 1 CAMERA 1 334
335 1 -0.039516598682684437 0.78929678482219012 0.049873164778748917 0.61070589593752644 -1.4591097061380134 -0.71341204446128248 1.8734778588592489 1 CAMERA 1 335
336 1 -0.35221359552786752 0.78918303028142223 0.060329661357167018 0.49949580558968987 -0.97215152993123122 -0.43885409289256788 2.2542864678695813 1 CAMERA 1 336
337 1 -0.28072876480003767 0.84384255837354372 0.031221865410312369 0.45623052551504928 -1.5402589734880763 -0.32822134612102355 2.9517029669940653 1 CAMERA 1 337
338 1 -0.034542079022294968 0.78647858356242539 0.043039380160596226 0.61514705081781107 -1.5168811033515235 -0.72472907801920639 1.8846382894343443 1 CAMERA 1 338
339 1 0.21587756501285366 0.83362174458031291 0.035191336399805151 0.50718165752459221 -1.3945115934066905 -0.82280232718094748 3.2817963245198172 1 CAMERA 1 339
340 1 0.20664890975060554 0.86321909939089603 0.038440075090760716 0.45898951531889393 -1.0623733740421537 -1.0399039943213952 3.4023195462735201 1 CAMERA 1 340
341 1 0.26217216454831938 0.80274662826354937 -0.0059794597575266494 0.53556311767013964 -1.418030211233936 -0.4126201661292358 2.6810555743672633 1 CAMERA 1 341
342 1 0.3783094028936535 0.80698200349575144 0.031299209514995686 0.45241839175697418 -0.62192714256100101 -0.80881566823985263 3.1572444405911346 1 CAMERA 1 342
343 1 0.2500208506372848 0.82031991656121761 -0.017711407741273184 0.51405361079893985 -1.298965792173514 -0.42094250650338527 2.7170926892468548 1 CAMERA 1 343
344 1 0.36485710276519323 0.82550825801789673 0.053661668262109823 0.42724212791504351 -0.65133799538647907 -0.72602539673667832 3.2124763109051053 1 CAMERA 1 344
345 1 0.25336803797397633 0.81671521431168881 -0.015426673041398409 0.51821126367911352 -1.3248388567169864 -0.39677621442268424 2.7037790461675018 1 CAMERA 1 345
346 1 0.41846509508000262 0.69244362253858138 -0.039595447683901483 0.58637956506689648 -1.1578012806207059 0.067639721609703427 3.1774082200243199 1 CAMERA 1 346
347 1 0.25114952852479078 0.81433753472251003 -0.018146781280836029 0.52292350128196163 -1.3598613131149431 -0.41291494076743002 2.6811784064192081 1 CAMERA 1 347
348 1 0.25260077472684095 0.81108013926425859 -0.018991736239375667 0.52723919643088446 -1.3947625591589252 -0.40479876610176529 2.662890485017599 1 CAMERA 1 348
349 1 0.4660507893385083 0.75799499330945008 -0.027169031762579388 0.455523979157897 -1.6821154578223649 0.33625165673248264 3.3847793950824014 1 CAMERA 1 349
350 1 0.41250371357007326 0.77472941715555499 -0.032434058029488844 0.47810359584974144 -1.9263863871022475 -0.0414495930593725 3.4592236612197289 1 CAMERA 1 350
351 1 0.32339313892744137 0.81124279710076186 -0.03014217227580571 0.48620309675822132 -1.5387398256003728 -0.4922716049616726 2.7287176692338084 1 CAMERA 1 351
352 1 0.24103964865135882 0.84988695420454019 0.010432134672294466 0.46849036640803893 -1.3261394638147317 -0.96954205370123769 3.3894146854962468 1 CAMERA 1 352
353 1 0.41070029920376228 0.82915604721830449 -0.027284069931906615 0.37826061534768324 -0.79392637201409344 0.12204663953693556 3.4337495785251955 1 CAMERA 1 353
354 1 0.25813828665919686 0.83222476425621839 -0.032680941990615393 0.4895901579381905 -1.3997866300497339 -0.82749346153495018 2.7448968734342571 1 CAMERA 1 354
355 1 0.41538819542572702 0.80724787002466947 -0.04523130532447784 0.41684247919356326 -1.9794013801386274 0.14397641269183575 3.1664085130781325 1 CAMERA 1 355
356 1 0.63416581981405451 0.65168385139593821 -0.070623063845532436 0.41006615766531485 -1.6938581171700808 0.13399650836299878 3.0151663606523957 1 CAMERA 1 356
357 1 0.48960454289460742 0.71437977977163425 -0.0769946066496872 0.49398456694238319 -1.6049062224248081 -0.49337199646845198 3.0311722665872902 1 CAMERA 1 357
358 1 0.66881821067797886 0.60393251511631219 -0.038833820128505468 0.43178658231239558 -1.4776899279317126 0.16083683796491674 3.7883774602343072 1 CAMERA 1 358
359 1 0.6833357466031823 0.60675400670944002 -0.016019269028586334 0.40576497603428285 -1.5517570962673124 0.36230677338792006 3.7604791946151099 1 CAMERA 1 359
360 1 0.59776350277020651 0.67764156974954248 -0.090624270445684413 0.41865013950727009 -1.7791628388120697 0.22758558948508151 3.0758740985848285 1 CAMERA 1 360
361 1 0.76452086083940374 0.48472758711874375 -0.12802780323162102 0.40516157422330062 -1.5947420340601837 0.047288591264718169 3.0438416109882986 1 CAMERA 1 361
362 1 0.73628350694915168 0.52238130664500082 -0.096233224991202349 0.41921776473607714 -1.5385232490760963 0.0037832379087297256 3.1077013564737137 1 CAMERA 1 362
363 1 0.77120919828547085 0.48957487467810779 -0.10038348492720992 0.39430441351532564 -1.3891192169511408 0.21642190189560787 3.0890472377418048 1 CAMERA 1 363
364 1 0.69687532689436593 0.59630291086259823 -0.034725235790953483 0.39696571043595885 -1.5165559481933246 -0.16901705162271136 3.3746352342391273 1 CAMERA 1 364
365 1 0.98954071980803671 0.097904761994410616 -0.10593613642542254 -0.0011646543972017092 -1.371710842491878 0.68267547305587784 2.9237003439988869 1 CAMERA 1 365
366 1 0.9853210451013088 0.12333280613855307 -0.1180282995521799 -0.00088176826639566161 -1.4939524840615719 0.6289529630836822 2.8911009768371905 1 CAMERA 1 366
367 1 0.98527395674184082 0.12650989350517622 -0.11475484948210789 0.0078613950368135472 -1.497575481686227 0.67235505768455683 2.8973348450947021 1 CAMERA 1 367
368 1 0.99085514944555675 0.11663926962597396 -0.063904934969295918 0.022748909532388777 -1.4510654469340167 0.81355421762559754 2.7603218561665268 1 CAMERA 1 368
369 1 0.99346786354552863 0.094146344243465699 -0.062290829845815417 0.016671007317906304 -1.4646716871605123 0.79274715971473719 2.7458763902141405 1 CAMERA 1 369
370 1 0.99584630843586408 0.054884968824433715 -0.072046630601270242 0.0093302299439510274 -1.5180537713505688 0.8169592313364592 2.6398745465814666 1 CAMERA 1 370
371 1 0.9818382655824861 0.15015285053730515 -0.114475747830992 0.01852147056884058 -1.5747124701236961 0.79020394044250475 2.9272185469975023 1 CAMERA 1 371
372 1 0.98014879954529244 0.16147333652852358 -0.11317019489170999 0.020668800846707799 -1.5865212660660437 0.82081918847597357 2.9210402375050752 1 CAMERA 1 372
373 1 0.97657886785419568 0.18686142156968111 -0.10308080482926996 0.027402037612652769 -1.5569558531793608 0.88235153919850329 2.9241954463279627 1 CAMERA 1 373
374 1 0.97777624490826964 0.17972120568454203 -0.10480261351730705 0.025890448437986893 -1.5665568401708092 0.84440203775737921 2.9318044563245542 1 CAMERA 1 374
375 1 0.97966458517646016 0.17056667295207723 -0.1023475524492486 0.026254316535418876 -1.5414835297098699 0.8693989196110633 2.852083857339748 1 CAMERA 1 375
376 1 0.98382058321977006 0.14847239860124425 -0.097196866428924625 0.024612518016294879 -1.5287331835638625 0.8703780772425751 2.7648698941336747 1 CAMERA 1 376
377 1 0.99425641712940416 -0.0097938941362218663 -0.10485457039481053 -0.019072904916881808 -1.1351363528662362 0.70186144471269996 2.95161072385079 1 CAMERA 1 377
378 1 0.99256653425313679 0.073992799403404086 -0.096608612223649734 -0.0018753030115145339 -1.2620068965589184 0.67496779172172816 2.9348348341394255 1 CAMERA 1 378
379 1 0.99726016139947526 0.040035874156161284 -0.062098296464917394 0.0036195085577640325 -1.5225584830370049 0.73430648721336589 2.6541534811196388 1 CAMERA 1 379
380 1 0.99815697361616296 0.027839552887390293 -0.053836243344185505 0.0030453602477464219 -1.5542691234806001 0.69174921363429842 2.6863458913248577 1 CAMERA 1 380
381 1 0.99752047462344096 0.017475746880154578 -0.066479838108788838 0.015097420409962184 -1.4788817222003006 0.61674473887238135 2.60020076093743 1 CAMERA 1 381
382 1 0.9992730628436004 0.018974684884494032 -0.032530506000323457 0.0059222789589065353 -1.5048669193345914 0.701174212915467 2.7313713341382777 1 CAMERA 1 382
383 1 0.99974823761477405 0.012642894819441787 -0.018448913264322919 -0.0018044933092834939 -1.4983930683586923 0.72035886036275443 2.7348578207936849 1 CAMERA 1 383
384 1 0.99132101150884178 -0.11919406251381288 -0.016258228348583863 -0.053019785113724571 -1.4684634621325867 0.80695307053661491 2.5258187664270855 1 CAMERA 1 384
385 1 0.98428723067839696 -0.15235707777280907 -0.039530325434771411 -0.080020758225622268 -0.63616347849964705 0.40459907275857387 3.6913720841672593 1 CAMERA 1 385
386 1 0.98649146716041924 -0.13204828455061979 -0.05463696606405169 -0.080078946710342144 -0.80622065287463707 0.45599047452787045 3.5842996380222059 1 CAMERA 1 386
387 1 0.98886857800543815 -0.11542029849834753 -0.059741920511425226 -0.072443033216877284 -0.85193282248619973 0.40833421582319124 3.5713452584496248 1 CAMERA 1 387
388 1 0.98501322249387191 -0.1501015402225451 -0.0070669024089336932 -0.084667219308302635 -1.4014221801089191 0.65762242574990215 2.8878329982401567 1 CAMERA 1 388
389 1 0.90570571356993634 -0.33331331659458024 -0.10426668912383014 -0.24026620845771926 -0.57369775729391836 0.13318549127485566 4.7085000820401124 1 CAMERA 1 389
390 1 0.9226509242733989 -0.32756521180977688 -0.051044999317202987 -0.19700434511493808 -0.24249367547031386 0.17134185145755723 4.8604692168551829 1 CAMERA 1 390
391 1 0.92438819092073043 -0.31645659790938024 -0.049897214787760151 -0.20705545653844606 -0.45984903718501924 0.26247800068154054 4.8953358577439756 1 CAMERA 1 391
392 1 0.92571422589598784 -0.31317546416533393 -0.052113746408576536 -0.20556862127737846 -0.54442999941194359 0.42345298509868223 4.9457820680615603 1 CAMERA 1 392
393 1 0.9341593631174524 -0.28985116414097806 -0.040784318987145331 -0.20413041485988895 -0.56331507861450913 0.3856574288785054 4.521323556701673 1 CAMERA 1 393
394 1 0.92863792818956792 -0.29525216185984599 -0.054164326003193736 -0.21799996567314878 -0.63489879876537891 0.41811193196665519 4.6372700526194599 1 CAMERA 1 394
395 1 0.92875406198257848 -0.30812037831555611 -0.05842604292799506 -0.19764645791239377 -0.60954154483045286 0.41874061340145491 4.8251832363797105 1 CAMERA 1 395
396 1 0.93869435938286749 -0.27972139205301316 -0.088695311583476669 -0.18094746252385696 -1.0471765672417539 0.40845907245835433 4.3322673324485041 1 CAMERA 1 396
