12 1610 1 0.52713769612302119 0.3367692887814126 -0.52957692067658724 0.57294029405032998 0.044686300991141854 -0.63504901425267979 -0.11312944427709717
6 842 1 0.18838675851758011 0.65774844579238168 -0.61245170070586352 0.39595495397259622 0.34335832569600189 -0.23649579190261324 -0.26760750805911554
10 1354 1 0.54540411133503819 0.43256015182437979 -0.50539403032619967 0.50990483867398972 0.2358231303104559 -0.50099659047367651 -0.094963303174049385
9 1226 1 0.54992000137614794 0.3167317273723701 -0.50378380303970127 0.58606389136085457 0.029377296654605579 -0.44536031326326686 -0.040554863512032593
5 714 1 0.46363296551917937 0.3503956346292908 -0.5849890458624446 0.5657342032594237 -0.068529220055797091 -0.32454819379609684 0.0091539400559595037
4 586 1 0.53496374774111199 0.40103384350520049 -0.48957675276075657 0.5597323004101723 0.068631541776733807 -0.0073664317903752614 0.051049179182903887
3 458 1 0.21726407158069413 0.58240213238828664 -0.56547513680560502 0.54207190394304539 0.2418274460924543 0.29686832429343873 0.24105436056672991
2 330 1 0.19268993368671558 0.59937466566512165 -0.59093563607508481 0.50439634577499437 0.24653000066034181 0.45248649065204005 0.28337481780054241
1 202 1 0.24455962747667598 0.54182276528920248 -0.61950422050770948 0.51267260546665328 0.12770690419435357 0.19151463000245586 0.14425933339019412
7 970 1 0.46868208562776154 0.46935732385473378 -0.59275025155190531 0.45682375643204787 0.26469996642471377 -0.19479785831544411 -0.078310733699964122
8 1098 1 0.54507830499268595 0.26794996852954772 -0.52764776804561297 0.5938689153910971 -0.018406824776835452 -0.35788536465123322 -0.069015183947289352
11 1482 1 0.49576672344694439 0.3277725584080976 -0.52646474257245068 0.60796001571272307 -0.021527836258382286 -0.67100841980116455 -0.099928755672112624
0 74 1 0.35364349869779244 0.44229114444808454 -0.6054107499064989 0.55927868122183833 0.015330276642017828 0.075228002114211587 0.029291183302632053
