19 868 1 0.28412510055888934 0.30324998032767686 -0.6671257220993434 0.61826826505740573 -0.066385324043650024 -0.3860307289615415 -0.75286720472875346
18 823 1 -0.037393726297892886 0.55157028936091279 -0.64449833725403904 0.52819865430030788 0.26245692118386299 0.52823598575596598 -0.74631259439942632
17 781 1 0.19546190191174428 0.28470326724181688 -0.67504883803439986 0.65195687034594929 0.69472314610173325 -0.21275566734660201 -0.54122821744502825
16 736 1 -0.54367464971056201 0.13208845179639711 0.49269060237243817 -0.66650317816047411 0.59890123311417875 -1.2786808548399293 0.26232263363433389
15 694 1 -0.56783745081212755 0.13988354666455707 0.45885914140828177 -0.66891068998318726 -0.44143835267125087 -0.98376287117407524 0.2751312957537177
14 649 1 0.49493686233915607 0.067616186990655053 -0.48387705145631887 0.7185600549909904 -0.52411354914788644 -0.91780319354248041 -0.16866554373612727
13 607 1 0.39854245126872712 0.19440391752659603 -0.54250312480334251 0.71348538244706583 -0.50958849165974784 -0.57713982771062822 -0.44470467016211895
12 562 1 0.31440376239516704 0.27957255361939376 -0.61119684735690893 0.67039382100036549 -0.59901422068109533 -0.3698030664151562 -0.61154336563108047
11 520 1 -0.056822520733489375 0.48840053935235256 -0.77201311699132591 0.40278016521566784 -0.52910274519065936 0.54902029513451989 -0.71512815288114728
10 475 1 -0.060670076562523545 0.6114049094672388 -0.74914294862815212 0.24756417553832991 -1.0129817699574137 0.77427367418216275 -0.40343800937534702
9 433 1 0.063928013875258233 0.62156174605046222 -0.75671335374825566 0.19224751012102329 -1.0545335098961783 1.0511756789175204 -0.24128127321394668
8 388 1 0.039684639990306199 0.65651581551631677 -0.707345195960564 0.25898819872205897 -0.76571539501400177 0.8891059153851536 -0.23959914500077209
7 346 1 -0.02226421244901412 0.65860204776996156 -0.71978628463998817 0.21830105808584688 -0.19184689151874529 0.93227432046950809 0.25912147477838882
6 301 1 -0.30148728361517296 0.67949437032013227 -0.65583070664390319 0.13144924018247436 -0.24060426622416778 1.0396821545069994 0.66270141050061837
5 259 1 -0.4962846021064215 0.61950492329715123 -0.50437057314363742 0.33989052453609331 -0.5142455006119202 1.0779608513940808 0.27574858606564828
4 214 1 -0.21548960265314906 0.61494436102721661 -0.69210762473646847 0.31047495836356953 0.047228263194538697 0.78724985509417178 0.046300228301308345
3 172 1 0.046552708128060352 0.44018939214179686 -0.74923478144345068 0.49265950380274182 0.25156842822488207 0.099482641739178326 -0.12299725842867598
2 127 1 0.24728781371757952 0.33160690062972137 -0.70826319108696523 0.57205668669532994 0.069832001020353834 -0.41013168109079401 -0.29944165664163302
1 85 1 0.38330243160079652 0.3276440662263006 -0.59339888746159308 0.62738056405578591 -0.26677405224981016 -0.3556844606299433 -0.18786610130679879
0 40 1 0.30659941001837265 0.37335474136330127 -0.62599368558679913 0.6121559805175345 -0.13333426461369352 -0.10798684241170059 -0.075396545611785826
