18 853 1 0.5210271584676619 0.40360888424828628 -0.60700413425639499 0.44404566171803972 -0.5932055479688304 -0.321435277788095 -0.25517290372266715
17 811 1 0.38132944583401573 0.48266151410224911 -0.61097588939748138 0.49833139487634476 -0.67812038713241574 0.043348717697206017 -0.24622326134390371
16 766 1 0.15218913448172613 0.67492625422419195 -0.68453314831313106 0.22962444897074297 -0.25224020446583317 0.74409041684456101 0.10317089899225693
15 724 1 0.0090456739383700802 0.78134802463589959 -0.59634657978793904 0.18380477946943011 -0.070422936469898195 1.2882275274221213 0.5165428347295864
14 679 1 0.21097182366074826 0.67794540312000817 -0.68597905068175968 0.15910267765018771 -0.29180804154057777 1.4305137527044869 0.24851261491400733
13 637 1 0.035179692135432677 0.67790843316867355 -0.7149170520605489 0.16761907460997627 -0.90630220036793441 1.0288951549904404 0.57899053767159225
12 592 1 0.23086651934655389 0.58028365908859492 -0.65753417685345716 0.42145027169193433 -0.80694252591396765 0.41913265242293701 -0.12195845180341112
11 550 1 0.33357616395128675 0.36216908096473899 -0.73452634014750606 0.46693849195178883 -0.54833369556926392 0.073371401129828928 -0.3387031445676435
10 505 1 0.38967970538844482 0.31448303005881784 -0.64117409989058938 0.58150315961557086 -0.41659713464224524 -0.21379299128912257 -0.35445749966905843
9 463 1 0.43859244958378785 0.36022303740422384 -0.54598131717592235 0.61626327797964142 0.40734763935853674 -0.41846870087655375 -0.230424364237481
8 418 1 0.37728099597833104 0.20185115237652149 -0.58598749145727846 0.68813793836226989 0.46550584949486157 -0.7405262245510027 0.1354397625413705
7 376 1 0.46926176066710157 0.25664288367187821 -0.53152350435860185 0.65681854004781715 0.049957426906869183 -0.75071623078450878 -0.13141634765886709
6 331 1 0.42470516855513618 0.35280388598096468 -0.57511949843058829 0.60364931902904728 0.013026878817379262 -0.12982855163003632 -0.058193962496136488
5 289 1 0.32883326028672316 0.28502139998005793 -0.64676413158875001 0.6263606361936086 0.25885123315727709 -0.016752099627087316 0.11256279750128845
4 244 1 0.14156446587904434 0.40176830644829242 -0.71081747380676874 0.55971443510509489 0.57286318886300591 0.68327154704708837 0.0035034387377485222
3 202 1 -0.0083172562655103224 0.5820143819938941 -0.6849229283212962 0.43825867322879059 0.21346818202862583 1.3450559503309394 0.33472462918518464
2 157 1 -0.075765399234350869 0.62672697080283957 -0.70265410889603197 0.32825312123219719 -0.13966419207038375 1.265911305224019 0.52319616959830162
1 115 1 0.037390024140328028 0.5804927711083826 -0.70999586762529265 0.39690804569913257 -0.081770111254510086 0.9835900424612225 0.3361785275458764
0 70 1 0.16609173013467363 0.49680517986821221 -0.68573298480706413 0.50533990935268391 0.047069515949653105 0.55020509979335352 0.10373198456398959
