6 6 1 -0.17151360338617433 0.71245516318440882 -0.67262287430585377 0.10280658182188183 0.019869595867266363 0.30144584782629019 0.21865481377106039
5 5 1 -0.21672585595107227 0.68136365668634513 -0.68291370822416908 0.14967410540504977 -0.026893836271764979 0.21975740336030386 -0.12270343446417958
0 0 1 0.091674446492371942 -0.66021400972590039 0.7180094256369336 -0.20043882338131686 0.029653962351451769 -0.12002878384413342 -0.18281666471300931
2 2 1 0.079466697043757972 -0.60868369220986285 0.73361770635726165 -0.29153776396521125 -0.034204921651755288 -0.36755360366707096 -0.18018023936302766
1 1 1 0.057855193167651843 -0.60564788321308083 0.74009672341372823 -0.28653142615655858 0.01117385797002223 -0.27319528529730397 -0.12488261329233442
3 3 1 0.12311391732396412 -0.65883346289070588 0.68675828100429581 -0.28132631410625941 -0.076494161730812513 -0.28095004286399849 -0.25501393989456833
4 4 1 0.16887130183272719 -0.6620724103606338 0.68794205878850323 -0.24470049163501115 -0.025875719298837134 -0.084872080730048052 -0.25339182614581174
7 7 1 -0.17470267283518154 0.68514969244128454 -0.67707817857337693 0.20399513511751974 0.00090576366109618102 0.00067751281870659006 -0.015791265076008205
8 8 1 -0.14055849438920992 0.68446159883153512 -0.68015205570520221 0.22169531005414816 0.050007388223069583 -0.12989787232715647 0.061236719361573599
22 22 1 -0.06817110819781047 0.67691639090504863 -0.692239749872397 0.24070942737617662 -0.14781186209299316 -0.11720102062035717 -0.2151022492520368
21 21 1 -0.010959146550006035 0.70191157669292703 -0.65364456321531361 0.28275222473113598 -0.14934121797083663 -0.28522422858500546 -0.14934057163748699
20 20 1 0.061666816000049383 0.63040641940815556 -0.65517281569895247 0.41174449813265429 -0.13183756747353351 -0.50851789016551963 0.03220257972439626
19 19 1 0.020126022945586047 0.60306345578241671 -0.70416342412165156 0.37425029542998889 -0.02407576049311078 -0.55363959696078402 0.0075977385408591879
18 18 1 -0.013160132495137354 0.63026174286489445 -0.71196105389984621 0.30936774900340935 0.044472753379098957 -0.46162251190723202 0.042675358523106319
17 17 1 -0.0068726255665734308 0.59570250377064426 -0.73219453105251353 0.33012491986518849 0.19553080226331321 -0.4837675300450352 0.1278952307569981
16 16 1 -0.03285868458672718 0.58862708181694134 -0.75538062077279877 0.28607443639689822 0.26356919233297377 -0.4331421232197894 0.20252232489084582
15 15 1 -0.083899984958976548 0.63019885844773671 -0.72056230724514136 0.27676732594837078 0.33294246601601918 -0.20382080650116188 0.26606163678835892
14 14 1 -0.14971910369974847 0.69402592492238746 -0.67829326811275181 0.18928932340702967 0.36352492058055413 0.021550448256260558 0.27478038084116152
13 13 1 -0.19529740657873013 0.71530168338282341 -0.65345837607220936 0.15229765419858665 0.20726829462491511 0.22401020555126075 0.40050545204526317
12 12 1 -0.17910052171466739 0.71058282692760844 -0.67099709116440143 0.11295110821065359 0.06520849027900126 0.38029775078608125 0.22229951094014863
11 11 1 -0.18994304863904823 0.70561017080714594 -0.66407941321918618 0.15822281145800682 0.036318341667428422 0.23572250041481824 0.12107546048500176
10 10 1 -0.15330379223402868 0.68789265237177299 -0.68742069057801858 0.17536943936967209 0.044709827293180307 0.073893220391541434 0.13212434874429418
9 9 1 -0.13283397918346107 0.67333939978087431 -0.69842884033617192 0.20289490300076535 0.03535603312022987 -0.07362008154085857 0.11765568021196486
