19 867 1 -0.26710721620503147 0.7262086322010628 -0.58853786335136837 0.23430309637234034 -0.55591177062135844 0.90189060824436629 0.31169930501787585
18 824 1 -0.23735258910851953 0.66819996590372044 -0.63333145643350552 0.30994164015434217 -0.42392121236851044 0.87463457743716222 0.15199743889042802
17 780 1 0.030807963339727976 0.60123121618505515 -0.66577968258351561 0.44080529527047496 -0.088697184767165496 0.6302056380867993 -0.1747431019902162
15 693 1 0.28353730913822522 0.5460773275669133 -0.67379502916436829 0.40915327851236943 -0.42968324440946021 0.42533878492239968 -0.5720012114152474
14 650 1 0.21902205542684178 0.3959701901454738 -0.75551512084275918 0.47374449857566681 -0.14302736264063079 0.17827541204197384 -0.59562484147610395
13 606 1 0.33995859048384036 0.29806164951618902 -0.67618688073223632 0.58168609418614914 -0.37525541217889385 -0.18409383249089917 -0.53147938295359487
12 563 1 0.36891749522539136 0.354336704523738 -0.63247293009303274 0.5816557179667492 -0.4524492957308191 0.11661677334111441 -0.40551616792516898
10 476 1 -0.030087037417614024 0.55820058070717116 -0.768718537668446 0.31077112433830439 -0.61152753397858906 0.92784025157741323 -0.090901152129103352
9 432 1 0.060619909356573035 0.5704162388613977 -0.74570421582689717 0.33893327297686504 -0.24920858412402577 1.00313141100643 0.007943642474515766
8 389 1 -0.040725819175386001 0.60661937873838889 -0.6576403546143551 0.44481850340813189 0.16438158402119996 0.76539169089369274 0.23324353219712357
7 345 1 0.13662945894794537 0.44700296796751304 -0.71333265204680119 0.52218508701388977 0.57556368166273131 0.22479323783289812 0.34850943762669401
6 302 1 0.20218861104156297 0.34750662622467343 -0.74019103619180238 0.5389583845125101 0.53174672556660785 -0.014039201945152189 0.08387833155210303
5 258 1 0.059155507711257702 0.44681271282582935 -0.73298049191080983 0.50950821783640887 0.41593073360759969 0.45753700129722263 0.069773960038490693
4 215 1 -0.10801729928634507 0.60079069877897606 -0.66534530584915119 0.42976554457058719 -0.19106549131542344 0.71399265389613875 0.072580749845944453
3 171 1 -0.076701544334782795 0.60350325605467248 -0.69676921100669764 0.38001757804234776 -0.3356471245045069 0.69579357681949894 0.03000094375739586
2 128 1 0.03424688886950026 0.55222585850971762 -0.70474958030531853 0.44407407136134719 -0.17476070067676208 0.52307070915814946 0.050002361794466238
1 84 1 0.16600767500895591 0.47028190515042584 -0.69819717694259165 0.51361180246914329 -0.027093053269098357 0.33736132667926422 0.081841404050503413
0 41 1 0.24204838876872753 0.46849296240179483 -0.65660228236336315 0.53925908844420589 0.037221472936109952 0.13940646018496344 0.075963952657495254
