19 881 1 -0.60234346157429586 0.66441348320343407 -0.33086728510114477 -0.29370719651716537 -0.59757969068973449 1.0144610384499431 0.16743680338337597
18 839 1 -0.63488743874623976 0.68352509751768376 -0.24198035127167641 -0.26675248974305166 -0.48053927932642665 0.88583907454846189 0.11990739248411586
17 794 1 -0.49329791686249574 0.73893439995858345 -0.44668634879154617 -0.10537752882017876 -0.1559080668504281 0.64112293233450623 -0.19050066579697802
16 752 1 -0.35255650077600004 0.71158755834256315 -0.60477994625775611 -0.059902230151449742 -0.28305507808507324 0.56431256260362062 -0.50105838917398038
15 707 1 -0.20532140183583936 0.63484949850734906 -0.74468880889692346 -0.015742112209438226 -0.59603067321184666 0.40459135793862228 -0.6312855020922129
14 665 1 -0.38929015545812662 0.60165626189675769 -0.69713094618252913 0.021710855774459938 -0.1794933736901112 0.35994743815251334 -0.61027145738018407
13 620 1 -0.23670002741413526 0.61972983093320821 -0.71887622560714126 0.20766561085185792 -0.34714880365110473 -0.29571724437210956 -0.63539314734138475
12 578 1 -0.15379546507213485 0.6321208758739717 -0.73031943858059412 0.20833547666898794 -0.50424001950321573 -0.037760495453300513 -0.48988678441764844
11 533 1 -0.26074682076517469 0.63180432963113886 -0.72716669345914087 0.063741544097244557 -0.56636896172626228 0.42989666662130555 -0.48342962930743161
10 491 1 -0.44716853758964592 0.66997148978635113 -0.58300111880473759 -0.10624592856114065 -0.70807125152257111 0.82017802160354802 -0.36829764670963333
9 446 1 -0.3931841302761272 0.66669856098794145 -0.61459932506741632 -0.15227257830052637 -0.44820322051358291 0.95136493854024107 -0.15090059161562977
8 404 1 -0.46605560797765117 0.74835660743196808 -0.45309146888836149 -0.13214643092450234 -0.10383112404627926 0.80402988105100615 0.018874967627415116
7 359 1 -0.42155732037786303 0.70359093951878382 -0.57132294996561617 0.028970714618335232 0.4959646179236486 0.33348180670936911 0.26944467395471366
6 317 1 -0.3296389748359807 0.6398195015963476 -0.66589126463703296 0.19636184793940462 0.49431180317764861 -0.080593211511896301 0.11396448083302474
5 272 1 -0.38282429119182043 0.6296740253424068 -0.66199122139927002 0.13683496144214441 0.47169419967195009 0.17521381602713901 -0.079821139454533563
4 230 1 -0.49715410086370249 0.72999468283839453 -0.46878199263550019 0.013747959949216399 0.061687621729604132 0.60080597048454298 -0.076975753078897882
3 185 1 -0.55049759613171489 0.71324438791106959 -0.41761437697468135 -0.1176140804096848 -0.36136645569647075 0.71377940851043109 -0.086967849326317986
2 143 1 -0.4917864057092538 0.69163968291417122 -0.52665332080151395 -0.049162586045647716 -0.20493268611025875 0.55494661044241134 -0.099311794234805281
1 98 1 -0.36966598231593867 0.68770610184978354 -0.62261479634843442 0.052518514496935884 -0.091779715883596041 0.3260262510112949 -0.032203529898378797
0 59 1 -0.28471516076894937 0.7150477628319003 -0.63134976277789412 0.095086545513561896 -0.023524044862068268 0.12537735618669996 0.014070745952076639
