19 867 1 -0.25949854453017235 0.6392206840499981 -0.67820533929778948 0.25316978535628015 0.04512786871662914 -0.33119943931332285 -0.70994425703941044
18 824 1 -0.45683520084431695 0.77121177173450095 -0.44310990570982689 0.013697221232532556 0.27725640742858959 0.55937409739290334 -0.67011477720875445
17 780 1 -0.29887016637392583 0.6586192307682045 -0.62175096677892161 0.30053796403016558 0.75300254826277047 -0.20874709434729474 -0.46554629441586792
16 737 1 0.054243462932471495 0.36592403246303934 -0.73630646394779342 0.56657747955930871 0.1163629207741597 -1.1287977885032769 0.19496981602988486
15 693 1 0.10980987506884145 0.36359593935508794 -0.72558093536294743 0.5738223509586281 -0.34847848003127829 -0.95967238487408235 0.27944688835273085
14 650 1 0.036713640006131761 0.53409804874805433 -0.68818612010726954 0.48968484462225698 -0.41703203069354677 -0.88992924185461253 -0.14676766224600624
13 614 1 -0.080416830921534233 0.64286509985946583 -0.64146274991450625 0.41083224941493579 -0.38035519351988339 -0.56492414453905726 -0.41550784388826206
12 563 1 -0.1744646590714376 0.6630117464868629 -0.65773694743507016 0.31202502260928194 -0.51294855208868007 -0.33332102926468665 -0.56737601201395993
11 519 1 -0.55267061283037433 0.64977734571140977 -0.52041927848958069 -0.038837730241581755 -0.5038791039574203 0.54010545600180215 -0.62800551670781479
10 476 1 -0.55165435914259375 0.62904933071783853 -0.49771315362629953 -0.22859576608016466 -0.92115675996507518 0.76108788768097413 -0.33791012756856265
9 432 1 -0.50136332024538066 0.57388571788871345 -0.55883003099868034 -0.32710701669315767 -0.97099662815235688 1.2309400486334758 -0.037971049133974269
7 345 1 -0.50683640938377506 0.64227380440896653 -0.49984596457707797 -0.28417463994699699 -0.12478551501084216 0.94406150810901046 0.31187877859184654
6 302 1 -0.6584167177475887 0.60101545021544678 -0.28019923501401467 -0.35602843017149194 -0.18980910094741388 1.0308238116421529 0.72653469855476926
5 258 1 -0.70011175516268176 0.69274962909816817 -0.020312819614678703 -0.17183966662758987 -0.53232890079826567 1.0447245704584844 0.32121604525344039
4 215 1 -0.62560321117336304 0.67291013315750792 -0.34555474776466677 -0.19079960995981965 0.055609038627276751 0.79509089252088161 0.12270476238476746
3 171 1 -0.46389816371575188 0.66684510298886013 -0.57907617136869738 0.069187354869955392 0.29085717477688111 0.11287721120166665 -0.069596028179834735
2 128 1 -0.29716112587963334 0.63904907798437927 -0.68176111894556823 0.19624810288853853 0.1386070008014236 -0.36280717091352366 -0.24690608869908137
1 84 1 -0.1162711787955556 0.67461581215532795 -0.68970699248665324 0.23596352151659974 -0.18650045708352442 -0.30282282127133492 -0.16973065764090003
0 53 1 -0.14826809060721274 0.70901210308790219 -0.67472240691422047 0.14166186710065068 -0.11480029186354869 -0.053509842506521979 -0.061456988143055939
