12 1610 1 0.010931451780431905 0.6382597160515161 -0.74771238750234326 0.18284207339492692 -0.023557701689902084 -0.65539529924378725 -0.12204105451241049
11 1482 1 -0.010570502804098913 0.65599660163071061 -0.7234451527421667 0.21490424400949057 -0.079871862452560297 -0.69406043926770544 -0.1121338287849389
10 1354 1 0.041497309068517854 0.66399160840792137 -0.74316895767934887 0.071365381283391649 0.15670909877928488 -0.52965397983638351 -0.09817651667324076
9 1226 1 0.046174182221916292 0.63383880430698236 -0.74382038484227964 0.20699649790253818 -0.038882289609377035 -0.47691634706554142 -0.044336033737018235
8 1098 1 0.026406596888256275 0.60333690701243348 -0.75727125530025308 0.24865139085360097 -0.084750578239562932 -0.39283038511821716 -0.074491328432123124
7 970 1 -0.069696559648839446 0.65410875947122116 -0.75312504923960077 0.0093156086212652263 0.18210885038204735 -0.2403279894850941 -0.097980539358316701
6 842 1 -0.29055265940149605 0.74630518903586862 -0.57401775920947062 -0.1706204238800057 0.28285328867856097 -0.26755933344114585 -0.31577567273876278
5 714 1 -0.072633749238054657 0.64269904527107413 -0.743124698392298 0.17154579073422177 -0.1237038420434721 -0.3650763692043934 -0.016760049302545318
4 586 1 0.048401707281268365 0.67613672762335064 -0.72317003984691497 0.13236877939626387 0.0022830632425236597 -0.071386375123279763 0.047173027990634366
3 458 1 -0.23165975850040293 0.79484592309726854 -0.56081494651327757 -0.0063490624895112336 0.20055283492018833 0.20654798761740398 0.17750165450438393
2 330 1 -0.265468906713552 0.78159352526191483 -0.562705959182497 -0.044719395540080205 0.20319373228200321 0.35657249652804951 0.2101272654059429
1 202 1 -0.24977122545055544 0.745353100734504 -0.6181117960522593 0.00094749323910978838 0.084127947744590231 0.1145635495675883 0.08343095568914978
0 74 1 -0.16292835781221049 0.7052003131340393 -0.68214668998246974 0.10403250416206278 -0.032427738305026967 0.0037613973424554994 -0.0094481571692429604
