18 852 1 -0.3745014579542385 0.64602397731239236 -0.62049508907130979 0.23955693094964875 0.38845940476635044 -0.068291695670023758 -0.69501465979153221
17 809 1 -0.45664599787394711 0.7504309121420234 -0.4766775683741335 0.033262208831058938 0.39697482981364945 0.41027778060492714 -0.58573793823448428
16 765 1 -0.22560720578087937 0.62196963459158183 -0.63092879998108997 0.40519626318634799 0.89121027301296474 -0.41733811133252796 -0.29387413926857098
15 722 1 0.18342261790118158 0.23703443363525542 -0.74746511455658526 0.59284628955101148 -0.40170580389391819 -0.98035442266809747 0.42410537975082546
14 678 1 0.05564977715284742 0.38022955955464155 -0.70220514392440281 0.59936342913947493 -0.33359388040702725 -0.91206012850728746 0.17325951180176907
13 635 1 0.089832074630911224 0.56699898191305365 -0.63916268890637917 0.51177476489861684 -0.46126731154218054 -0.73424513964162053 -0.1766748859226222
12 593 1 -0.084599109178929682 0.65005206432546669 -0.63403033367676387 0.41022047775563614 -0.39093279036584855 -0.56086575073832157 -0.42700525004131318
11 548 1 -0.34801812208923594 0.69440877720796879 -0.59530697764678631 0.20564396222370387 -0.38066588544602897 -0.057234955475835507 -0.78515935188726393
10 504 1 -0.55683602655540643 0.65948993507216602 -0.49497421234765504 -0.10003596442937564 -0.6866779835592286 0.64581606565309768 -0.49443696373363172
9 461 1 -0.52137491293293547 0.61266387543446965 -0.5300255708981122 -0.26811204765157615 -0.96983528979180778 0.81832374670176267 -0.25133247746913823
8 417 1 -0.44625101933693845 0.59051891688216152 -0.58420631186309113 -0.33294206962230999 -0.90940126710766156 0.99379478511338226 -0.015810947730043042
7 374 1 -0.49079773436403495 0.65746692415465791 -0.51730190577881363 -0.24342055349405295 -0.46802899309564261 0.9173508085404346 -0.038727712844394288
6 330 1 -0.54250482843226366 0.60801074054778603 -0.48268933893099253 -0.32097110865087913 0.015334741534445676 0.93050002656638653 0.43511360050711206
5 287 1 -0.72878735525063043 0.56547854506948736 -0.17062231846055598 -0.34639721467706958 -0.35193602165319682 0.91873186462682355 0.8374624853503605
4 243 1 -0.71894085352932025 0.63188692831173288 0.00079685023749422003 -0.28955539018466686 -0.55853178594920161 0.82168072181850671 0.47091316293585989
3 200 1 -0.59150346486564553 0.67059275983113242 -0.42364986973900287 -0.14474042069901263 0.14022482053785598 0.60058828988967261 0.012721228596372144
2 156 1 -0.3708787348948685 0.64334798863470744 -0.65165127108668841 0.15460579036233338 0.32897732465247342 -0.18743299532065361 -0.14449826349403022
1 113 1 -0.21574153540435712 0.67057611714006071 -0.68002899308601339 0.20333182137863473 -0.059490444280771028 -0.43083847073281928 -0.28685332844278444
0 69 1 -0.16056571372712097 0.69339661323187485 -0.67309230171410839 0.20091426456842187 -0.18575873342096208 -0.067503139067782214 -0.16321755624581838
