12 1610 1 0.00015459854319226733 0.64649242134861784 -0.74476559715405877 0.1654440404905804 -0.008005113127822823 -0.56856024942088701 -0.14143491462627927
11 1482 1 -0.020176140077699412 0.66448258811633087 -0.72046745158513537 0.19743977478767646 -0.057530718718163461 -0.60324321675686876 -0.13208778663363602
10 1354 1 0.030112054534309686 0.66966933072656232 -0.74013932862719101 0.053197987511297659 0.14523088025335418 -0.45207945076206563 -0.12013661224812557
9 1226 1 0.034425079776999143 0.64227261285442339 -0.74193250473402295 0.18930653205475442 -0.020906155261462108 -0.41183103613945538 -0.075504260115591082
8 1098 1 0.013887968932959164 0.6121226182206343 -0.75599994043929286 0.23146730792364081 -0.057799050630307672 -0.3385213204038669 -0.1002348777143357
7 970 1 -0.082011189665556677 0.65914967532277657 -0.7474759822738638 -0.0086905819852082077 0.17043574767561845 -0.18700328572203576 -0.11462992776346115
6 842 1 -0.30016848859839573 0.74791625822320751 -0.56193331115116307 -0.18641647715971835 0.25106017447989948 -0.20056641575814096 -0.28819752595541165
5 714 1 -0.083883776358557066 0.65154003384959236 -0.73825756094723338 0.15308451933275904 -0.094657640505283414 -0.30418918309422771 -0.045216078834056705
4 586 1 0.035077845972645565 0.68257394791295201 -0.72089034963618326 0.114801803791874 0.012949901471095799 -0.045199906468146478 0.0089308579441997899
3 458 1 -0.24015013691582254 0.79952246815223305 -0.55006302881742519 -0.022856049249020821 0.18194684582991089 0.21724490320973333 0.14037281372035015
2 330 1 -0.2753844360620531 0.78554479849249959 -0.55079495928716948 -0.060890842989799694 0.18468808709593676 0.35424117697063529 0.17351733392117258
1 202 1 -0.25860158450571852 0.75033434667417198 -0.60818166015570152 -0.015448525574620483 0.081102868404365092 0.13472085967259742 0.057506536827687138
0 74 1 -0.17561314843312142 0.71180193594248264 -0.67437022598311358 0.087879601691318768 -0.013338796443822094 0.032068155969281212 -0.030805345150043087
