12 1610 1 -0.57167664276152219 0.48911934985101646 -0.48611780181693409 0.4445644615563708 0.14928225001859446 -0.45873339339067559 0.10515468978378607
11 1482 1 -0.7161369718099232 0.33234596726010757 -0.55150168754819207 0.26933229343016618 -0.044834501287816929 0.0054019443010252296 0.15392070440832251
10 1354 1 -0.67702434966364622 0.42635867312086306 -0.49380793642478321 0.34060245703904013 -0.091362669128833576 0.1287644452814298 0.43963943329218441
9 1226 1 -0.36393013042580696 0.49970804609518427 -0.53619804368649315 0.57475071707894887 -0.015523405856854978 0.046008000960384529 0.27716479544243217
8 1098 1 -0.32929503408234279 0.54173601001904403 -0.51194817597841102 0.57965156869427437 0.076547209216428963 0.11501943758525224 0.31351740962649688
7 970 1 -0.5724262851947457 0.41658146426186515 -0.47136033347070805 0.5259348511764238 -0.1094759132705775 0.39319331458429324 0.74253944484469336
6 842 1 -0.56109669918660465 0.36056317916212732 -0.59103533321727852 0.45369805254501272 -0.10371400398677694 -0.038910327296868483 0.58766898126030154
5 714 1 -0.42113883947370961 0.42022217744941376 -0.48879498541511934 0.63807120425501396 -0.079055610181843608 0.15095510793307654 0.28721289746072026
4 586 1 -0.56807567535880055 0.51370491427675224 -0.37990948514559469 0.51871579039968185 -0.078887677019491759 0.18574589346882978 0.24890419579426071
3 458 1 -0.47997692388075947 0.44780387441595609 -0.47756906210795191 0.58397057590032164 0.1521107330571721 0.43489391624776658 0.4581597988614064
2 330 1 -0.35586267409892131 0.54087699735197747 -0.46960299166164898 0.60023900334875213 0.0072475825523221167 0.31554113276549184 0.57523476647903005
1 202 1 -0.45930462865153027 0.40981064041660709 -0.50221028309531612 0.60735436826776246 -0.18451252785436331 0.1671154606621148 0.16514018076232451
0 74 1 -0.33333889840818209 0.49551434678904366 -0.44850673904136917 0.66497550027705854 -0.048032418685212817 0.10703985810326186 0.25574787003777949
