18 852 1 -0.045754530058279196 0.59458433997218318 -0.80160337819794292 0.042520697320659377 -0.75080995856310573 -0.46861515448350055 -0.35002412986275255
17 809 1 -0.14246604415067698 0.68798317550939181 -0.71131021302509478 0.020502617546668642 -0.78242729933355015 -0.10091217421906819 -0.38048750750351257
16 765 1 -0.37713466926214267 0.63259251000557593 -0.60660944744364897 -0.29936789373192724 -0.28344123411295213 0.69389298211446093 -0.11147548867027991
15 722 1 -0.39507114637304802 0.67559599221749789 -0.44937413211121069 -0.43075716359967409 -0.13159916217789761 1.2451852531928678 0.29275775884478922
14 678 1 -0.32303583741160891 0.60750390729695225 -0.62921212038241892 -0.3614954466249572 -0.48001215959281585 1.3313003227357134 0.065992756263340779
13 635 1 -0.46796153826305481 0.60809286045494115 -0.54453025384144493 -0.33870617712343914 -0.96582781642080651 0.98572494050414527 0.28611630209551481
12 591 1 -0.27946137662260723 0.70902046280357367 -0.64058646609294734 -0.094022878920785521 -0.86668397092630667 0.25288462889917623 -0.31656636922400072
11 548 1 -0.26421769460050837 0.57300406931819015 -0.77166043738156653 0.079971968744534438 -0.65721681280456845 -0.060643601967454913 -0.49721600988528813
10 504 1 -0.15471915349694407 0.63282452975519465 -0.72978407382074095 0.20738925642113024 -0.5049911152568527 -0.42628416968105187 -0.45964827135107478
9 461 1 -0.083448104823736546 0.68584481771874617 -0.69642580511172347 0.19402164256637563 0.36534200311050535 -0.61698390821380045 -0.29931177236223083
8 417 1 -0.12937416741060745 0.61848809847981845 -0.68456368686480662 0.36346575556948069 0.35949805899308934 -0.96094835291230829 0.061391043183967806
7 374 1 -0.026210968697842205 0.62304458554495312 -0.71850176111614372 0.30803189577710638 -0.10497218932749067 -0.93337260606737316 -0.17605301331475204
6 330 1 -0.089368642373707161 0.67460311531263129 -0.70719050213734669 0.19184753388433387 -0.082964567515053364 -0.34014648917551804 -0.13048304299490274
5 287 1 -0.23391098844730226 0.63611125608577002 -0.69382650141305546 0.24341919665776032 0.20491007841710671 -0.21549484653781667 -0.043343510820831238
4 243 1 -0.39005782350753143 0.67984794781579072 -0.60957334710181399 0.11866758897996038 0.56023694318778428 0.53159836780595016 -0.19753380056697395
3 200 1 -0.4831389930870737 0.72211918054291802 -0.48575948050303963 -0.095699161711324809 0.22416344337910263 1.2506705647953078 0.11328981151541381
2 156 1 -0.54161774403089369 0.67787435102210547 -0.45490540287498232 -0.20049353608631559 -0.13168164632025747 1.216900042306686 0.26698272468641043
1 113 1 -0.45060386579347905 0.6978858060656794 -0.54581269270993704 -0.10954479586341477 -0.078026351800520685 0.87134237157158956 0.072273924369212678
0 69 1 -0.34765512662946046 0.70873922012447976 -0.61349705404570642 0.021118604661240464 0.022870510761037362 0.38445292809649712 -0.10240864549629083
