18 853 1 0.52233944219890571 0.40628669569934017 -0.60533864568789919 0.44233217388947405 -0.59921522834060703 -0.31936120788222616 -0.2626984594240207
17 811 1 0.38274514717211816 0.48240583630081768 -0.60988010423041539 0.49883566420515707 -0.68043551199615104 0.038287005071127096 -0.24434111974695669
16 766 1 0.15018103643844702 0.6768940572374299 -0.68452972022560654 0.22512030938762037 -0.25412708572736309 0.74489170056471876 0.11227785120848323
15 724 1 0.0096466665549934313 0.78136866968645702 -0.59586543131528891 0.1852412794714991 -0.067493359883128642 1.288075509899804 0.51463736730431531
14 679 1 0.20985029860199289 0.67948699409316371 -0.68444365962223419 0.16061492408183831 -0.29288081940740318 1.4271387189304006 0.24894865847079536
13 637 1 0.036186666749810442 0.67791085858306999 -0.71471997693074774 0.16823420443184162 -0.90715582997898703 1.0284435269054863 0.57890419479700528
12 592 1 0.23254950586957771 0.58013034386143736 -0.65657678358698557 0.42222794638156624 -0.80914258132215422 0.41469166398507973 -0.12133058891624796
11 550 1 0.33537659801141528 0.36265252473071635 -0.73323764886722764 0.46729887020662364 -0.5528069643825857 0.068609944096257536 -0.33909507567876118
10 505 1 0.39145077027829556 0.3144808238354152 -0.63997541417474124 0.58163525954002848 -0.42029979878432411 -0.21853784216163405 -0.35343092563600143
9 463 1 0.43929468851565234 0.36012968610608209 -0.54598454844608524 0.61581463013247362 0.40811576380957887 -0.42030309211269384 -0.22866507744545456
8 418 1 0.37798954631399823 0.20203724840688089 -0.58636034277589222 0.68737646275767428 0.46530286898397039 -0.74202357282943532 0.13727084784434043
7 376 1 0.46962144606421447 0.2565656819541412 -0.53220712079263666 0.65603759710673182 0.050074185306379658 -0.75141780122373247 -0.13083959004074394
6 331 1 0.42539120339496245 0.35225469406658733 -0.57448251691362517 0.6040933639288113 0.013775707250255804 -0.13372788733943197 -0.054713205766543448
5 289 1 0.32966852739755731 0.28452360896775597 -0.64619235076837034 0.62673792273320816 0.25906472829448784 -0.020606568319220794 0.11613872365416938
4 244 1 0.1426662771697268 0.40138748794786583 -0.71030969883581352 0.56035216571117885 0.57463313354559176 0.67983821948711898 0.004600396633291785
3 202 1 -0.0073256279540745419 0.58167655660015405 -0.68447234812745095 0.43942726738990584 0.21658961074526895 1.3434226253434158 0.33469766108406712
2 157 1 -0.074894613238047136 0.62646040792704694 -0.70233366438492273 0.32964462392013649 -0.13693072816962198 1.2647600517098716 0.52200818952482808
1 115 1 0.038258762268636587 0.58012832102017975 -0.70956278231740011 0.39813070242066145 -0.07944907631766493 0.98115480741132799 0.33575058240934241
0 70 1 0.16691824717266268 0.49644401679147565 -0.68510398548825424 0.50627479299374667 0.048565047314937798 0.54647892191397573 0.10479332581986141
