114 895 1 0.4806424299754099 0.17340114838835291 -0.66716415269130835 0.54203956461555669 -0.55854737526176856 -0.44077091105826349 -0.65807825089979977
113 889 1 0.5322069987258562 0.33540213651865397 -0.61472154263112999 0.47579254129414683 -0.69035766277909527 -0.39995673527848336 -0.46030677513048907
112 880 1 0.53154558662741291 0.37024270881509425 -0.6049975335404969 0.46298769996199274 -0.6793807879845386 -0.37665485937881271 -0.34994857422255649
111 874 1 0.53104574769220825 0.38165131760329474 -0.58832364056864117 0.47561326682269173 -0.66875373319075526 -0.3998451959210752 -0.29521268317017191
110 865 1 0.52819957304913467 0.38912662803862041 -0.59195883240685643 0.46815640454608382 -0.66856249413474589 -0.37728987217480831 -0.26715307175801944
109 859 1 0.52484371036482547 0.39597679145478698 -0.59588261582609059 0.46115655527804345 -0.6265424323062343 -0.3628223633284563 -0.25918228015058259
108 850 1 0.52617340678437663 0.39727635019747515 -0.59484418428971486 0.45986241853776205 -0.59106390752862092 -0.31800215676491272 -0.24221593809766734
107 844 1 0.52007441162422852 0.41204166279109788 -0.5439890289217022 0.51363431632912071 -0.60680120154636152 -0.33635948692000117 -0.21365312050038193
106 835 1 0.4923909072443759 0.41747547204020585 -0.54015638479653294 0.53990416248757311 -0.66711217900417785 -0.27661645813347929 -0.22151996489554476
105 829 1 0.45355505930855156 0.44830983306047878 -0.57739519621472202 0.50982437088184074 -0.66981182314291032 -0.19224740809241667 -0.22360083515298299
104 820 1 0.44168572179893728 0.4424643119990968 -0.58793762754490086 0.51329173175007536 -0.67316916062220122 -0.068126395755345973 -0.19709796294531737
103 814 1 0.38957642810461318 0.46797599948757074 -0.61034498185051489 0.50666327447206516 -0.66941155088752002 -0.00061951504405408824 -0.24251956939677791
102 805 1 0.35602974076419325 0.49632315222514262 -0.63025546091590345 0.4792538014897339 -0.68334036497039985 0.17657331010687491 -0.27899916354301363
101 799 1 0.30794360348556121 0.51643954561127037 -0.65184945415104112 0.4621181904276675 -0.68746121755190892 0.30681570138790359 -0.29522799492558116
100 790 1 0.22480271047904019 0.56931634246110596 -0.66411919541517694 0.42928817576202077 -0.72184996505338939 0.40952547937741302 -0.26398675946096356
99 784 1 0.19937199982944409 0.60433686040321255 -0.65960919591041789 0.39992933564869715 -0.72556930675007236 0.46563670590204653 -0.21053993016227343
98 775 1 0.14561237038696251 0.67171446732214179 -0.66900619700587849 0.28289118110706996 -0.60835245877757704 0.59173856466347863 0.021011959018339573
96 760 1 0.1308476808406005 0.69589882652477164 -0.6760559085906912 0.20384336172585404 -0.014535938117919801 0.76547115971348589 0.16836775286564529
95 754 1 0.10104055637482086 0.71000952226023639 -0.65381094843594711 0.24126443578062828 0.11151489312729951 0.83004536359876846 0.17678470897199022
94 745 1 0.068351138526032626 0.73349121541536799 -0.64346201121045787 0.20802739939650683 0.18451540346016337 0.98832317971704586 0.33241894925756044
93 739 1 0.031497710711326059 0.73699251518931774 -0.63003141494296278 0.24271452976663194 0.092354513097539476 1.14407313575812 0.37373167716281269
92 730 1 0.024187334916437323 0.76147555534663824 -0.60848012914136307 0.22208530766189616 -0.0021476689495256258 1.2805351040232675 0.42226737814832649
91 724 1 0.007448749886132925 0.78322250570410412 -0.59404741199289213 0.1833431072832179 -0.076554991562825858 1.2827990465792418 0.51934687221582643
90 715 1 0.072662280820969691 0.78526668530381172 -0.60635901305933093 0.10200575071814756 0.003734933158052792 1.3382046030258605 0.53540986548069458
89 709 1 0.10919173695468734 0.77577954993268905 -0.61826969263160259 0.063133522476387885 0.053071898858085408 1.3731198100387616 0.52227387659022151
88 700 1 0.16937764439984593 0.73775842333889707 -0.65293634138630974 0.026416973087854654 0.1325824801812405 1.4370675151412977 0.46244161390010485
87 694 1 0.19313848748461163 0.71738922034237951 -0.66786017669151176 0.044866642155302859 0.047931022450002352 1.4706090932454383 0.41036362586509012
86 685 1 0.23537948705151091 0.68178813449607767 -0.68147403121515771 0.12391360504435402 -0.12705294798901934 1.476427578456867 0.23301813617010522
85 679 1 0.21080703094925801 0.68004405615075691 -0.6842448868341825 0.15782715937905517 -0.29534548876587796 1.4255460767083812 0.25360625334847819
84 670 1 0.13460239475791252 0.69169370885050696 -0.69204273330803912 0.15658500482997617 -0.57388578317257588 1.3058682909118888 0.4523699181574351
83 664 1 0.092845369262144997 0.70149734270357245 -0.68972464485469431 0.15349635131321038 -0.76996317816060755 1.2486960143285262 0.56468035448088694
82 655 1 0.020877293426240402 0.71208584484879711 -0.68187049339189909 0.16598348841573912 -1.0077354343922389 1.1109680261966102 0.59563048863000745
81 649 1 0.0085448856338992338 0.71099769601089546 -0.67872739656765935 0.18368010873578344 -1.0519905561947669 1.0752061808872875 0.55894637598269858
80 640 1 0.013786702022024819 0.69197454909310663 -0.70251586473741978 0.16568829182227382 -0.96222775686794837 1.0182544098490052 0.59569874517518884
79 634 1 0.033973954110742902 0.67019086281910056 -0.71890473044298342 0.18128973049395827 -0.90240342163560339 0.99530306540171254 0.5170542179747365
78 625 1 0.08315573606108792 0.63235593856880945 -0.71174364961716774 0.29433325966756335 -0.87803547424148054 0.93102246070259431 0.12902996788345661
77 619 1 0.12041946472897148 0.61336690196789867 -0.70112794468440631 0.34307404633301897 -0.81479434490474922 0.84008470850716599 -0.0097556823577223881
76 610 1 0.1548769605575529 0.62014059144300182 -0.66764970409043434 0.38168396162418661 -0.85263576356158099 0.67012221878009992 -0.11378897135464283
75 604 1 0.17063697165123656 0.61792449644635994 -0.66315969712701828 0.38635677385495532 -0.85860469903179348 0.58659361849912461 -0.12052202835602663
74 595 1 0.21869175844900715 0.59159780173743826 -0.65864497225660934 0.41033249479781925 -0.81435398392534275 0.4603101104091239 -0.11893540587361257
73 589 1 0.23382911663254805 0.5699269160049214 -0.6635425973949749 0.42452146714894379 -0.79436879488606615 0.39242408412613311 -0.12725255237309896
72 580 1 0.26781514600120138 0.55835856314865984 -0.68256391069604483 0.38809440906336318 -0.78121293717641516 0.30421573713817224 -0.093384359890228877
71 574 1 0.3105912820380376 0.51747466430845035 -0.6910930565368989 0.397672496568862 -0.76294490548723748 0.25877580318959398 -0.13531369980917529
70 565 1 0.36362767666431406 0.44037116079061939 -0.70498542868922798 0.42052788117258183 -0.66335950996268889 0.18442994689611769 -0.22044804207845747
69 559 1 0.39681622522215204 0.38506730938684297 -0.70859943431113626 0.43834563113593067 -0.60536460490242383 0.13658286621932617 -0.27169682889853425
68 550 1 0.33541968577426967 0.36467899546961791 -0.73103534809502935 0.46913770312557485 -0.5562578921422292 0.066319917460331182 -0.33692283115679322
67 544 1 0.37139674483101592 0.34267003416180636 -0.73355695229473827 0.45446221334289905 -0.56192934044070875 0.084588066917140908 -0.28222247002411266
66 535 1 0.46682060271972614 0.25594612092606583 -0.68129688330408145 0.50239891008981719 -0.56212480366642981 0.074938511493952392 -0.24124278546027281
65 529 1 0.46928126096810835 0.26800242629144516 -0.67655802809401244 0.50021898427351019 -0.56500882489248827 0.031106781363643046 -0.24222068605066527
64 520 1 0.43481582607353214 0.30558815918750964 -0.67282537479506099 0.51464268127727875 -0.55883749696268115 -0.072579367875975839 -0.31929409376127449
63 514 1 0.43207721172299979 0.31420685968688972 -0.65948993142573353 0.52882545587694885 -0.5363901445516791 -0.12049284696861944 -0.330511844875929
62 505 1 0.39066556896048699 0.31644476302442753 -0.63897400515398173 0.58219871686621949 -0.4221297264784114 -0.21609050797676926 -0.35104529824191832
61 499 1 0.40262898300820443 0.3074949887400531 -0.64083173745534994 0.57677674902122344 -0.34915334297158529 -0.22891367028093432 -0.33509366818549452
60 490 1 0.43031422194683461 0.28336116855931559 -0.64177861310235818 0.56802845906468735 -0.23270066534086073 -0.27445576000791866 -0.29949079857089317
59 484 1 0.4230463114726376 0.29046115503953929 -0.6393590017135875 0.57261173817020006 -0.12607348737674182 -0.32917379414192244 -0.30677022136871074
58 475 1 0.47380840806423458 0.33322842398312769 -0.56462636298325564 0.58792982584799824 0.059210500440576685 -0.41027716357110106 -0.24784928885857205
57 469 1 0.47709289529864296 0.34965168446322709 -0.52602803419856292 0.61108148069204438 0.25020468301543375 -0.43173215577987867 -0.22134815109513981
56 460 1 0.41364482789184093 0.35890155041950367 -0.56092521158265474 0.62084663200806678 0.4885706646486967 -0.40346472235522396 -0.2104105226304768
55 454 1 0.38424487174346983 0.3580317670483506 -0.57393066745998489 0.62830941523425876 0.59957157478804601 -0.41040902102026006 -0.15346541486961407
54 445 1 0.36177339869193093 0.31041947189898561 -0.58323879147349 0.65771747094431587 0.66723480180179451 -0.48751922227020933 0.0064427306422459576
53 439 1 0.35232321291846991 0.28557850853214861 -0.60815720268771989 0.65150447881991391 0.62982241572439468 -0.58709317104756398 0.022267941450002625
52 430 1 0.35911328100163847 0.22440400127383342 -0.60800367971820712 0.67157428559292809 0.53661836863510803 -0.70645386028143331 0.099164302777432156
51 424 1 0.36705543725705236 0.19492614371760991 -0.60406955283332286 0.67998094077346383 0.48282845357422771 -0.74255990432055874 0.13562333835477317
50 415 1 0.37051271565975313 0.19443871817781616 -0.58483392539530665 0.69489797244956741 0.44450298215916229 -0.75577415226543632 0.13545354223645462
49 409 1 0.38012523765923883 0.20782793518268189 -0.57408781966808919 0.69479171581197618 0.39562474907884543 -0.78719342436552453 0.097720453082858469
48 400 1 0.40966290933009497 0.25137696493828149 -0.55721484295378165 0.67712446493212219 0.31304706019926021 -0.83320167079489083 0.00067873155466809749
47 394 1 0.44115218263707878 0.26456894808863934 -0.56025114836413126 0.64923545360561197 0.19532352169076603 -0.86263692961116223 -0.077574500285741241
46 385 1 0.45240892100582691 0.29127252523567382 -0.50981649159018116 0.67124781499819863 0.16422507510783724 -0.83441387930474831 -0.079333626379986311
45 379 1 0.46191255516047269 0.27455138560666276 -0.51821232578669085 0.66536780313547905 0.097387768732882241 -0.78870187694761174 -0.11076692608521771
44 370 1 0.49885025417314494 0.21568353661631517 -0.51871551790745285 0.65997215655364605 -0.019992828403147637 -0.68443733022879094 -0.10584720369963389
43 364 1 0.51669186532599243 0.20689500496539739 -0.49550641714919541 0.66685632919713833 -0.043368948404204244 -0.60288686229421729 -0.090140821019364589
42 355 1 0.52669513223781739 0.2041033034811997 -0.48960489653750683 0.66424477752673883 -0.066430922850077428 -0.4664135105798447 -0.10975516481174127
41 349 1 0.50010911792947121 0.22181671774324266 -0.52775048189944218 0.64974429027758884 -0.055508535344291364 -0.36344177216941265 -0.15038798217975305
40 340 1 0.47729732011835085 0.26757508722080703 -0.54934677529405829 0.63151323135832826 -0.034101023801758334 -0.21950130110073676 -0.12700341234181295
39 334 1 0.43781000561717737 0.32438343424206545 -0.57566472135207702 0.60967853427970231 -0.0055594206342183886 -0.1485962781491445 -0.085932344165693772
38 325 1 0.39740833672864173 0.37002184777683078 -0.58351801975350237 0.60386850115678781 0.048457724352193532 -0.10015251894618753 0.002192273908546261
37 319 1 0.37549191718142838 0.3648008040767125 -0.61039993595093012 0.59442250265909347 0.088355804912640418 -0.082963181649797213 0.05071009669967249
36 310 1 0.32959101051816692 0.37224469829053247 -0.65441221554851481 0.56969140990635292 0.13421113800485784 -0.077570721284288019 0.087301779651393269
35 304 1 0.29333366810634592 0.33626101828408628 -0.6517115660654158 0.61331551537066864 0.158089796291702 -0.048827651887212685 0.12023609851853338
34 295 1 0.32295641089604737 0.3158343626562175 -0.64433561897983704 0.61707327129001022 0.2198443819259806 -0.02672615764088224 0.14224735294717422
33 289 1 0.32758589495144314 0.28530637060957831 -0.64708125074900635 0.62655694972408826 0.25896740907679477 -0.015291716369608292 0.11426486556575252
32 280 1 0.31076790551326533 0.29429073639550479 -0.66265980536995839 0.61457160178594217 0.37522317164356767 0.03543779240500735 0.026599118498794972
31 274 1 0.31926586249649413 0.2881931204016252 -0.67854193448134181 0.59547869613266813 0.45711572248943355 0.083338533727084038 -0.043907016837360681
30 265 1 0.28800489720331707 0.32680224881730413 -0.67724035848069508 0.59295781148391935 0.5366768725715737 0.25308417056403715 -0.092091495798033551
29 259 1 0.23508974737500551 0.35974586532536662 -0.680883640632019 0.59305412145954017 0.55742918509201633 0.41012735752229235 -0.074599512851986655
28 250 1 0.16550790602622556 0.38630198851406961 -0.71388538289663972 0.56012995527770859 0.57634274365985205 0.5915898129689785 2.4387959493454529e-05
27 244 1 0.14011094123895496 0.40252146772852898 -0.711897173926342 0.55816467634426004 0.57103471377639237 0.68536080323995574 0.0033949572677390372
26 235 1 0.099134718764233715 0.46498604052841347 -0.68567201818818113 0.55119340809101813 0.52160175757691529 0.85338026580296489 -0.014566653550636282
25 229 1 0.072807631266739059 0.48180917619351576 -0.67828005877138831 0.54999557128956433 0.49806557254595779 0.96238483581849932 -0.0094587623116378951
24 220 1 0.057787097841119003 0.53213648074416597 -0.68366948844079045 0.49607201872250639 0.42329828317432511 1.1164375181424464 0.070451888731291726
23 214 1 0.036378038816590463 0.55514007252427622 -0.67560429072183037 0.48379229068666724 0.33119467722565721 1.2164934419448508 0.14096375720021856
22 205 1 -0.00077404287284526976 0.57871067374615759 -0.68428436298278805 0.44367585862557291 0.23431639884770228 1.3211616820766028 0.30447172149506802
21 199 1 -0.01575119009817328 0.59037147554469849 -0.68434287676319372 0.4276543556391576 0.18945876219315158 1.3561803840774829 0.36695662097718518
20 190 1 -0.030789702467726963 0.59158113428292858 -0.69196711644889042 0.41263211888543061 0.16775981270546572 1.3601085266681923 0.41323276612362131
19 184 1 -0.033755521477918583 0.58391051781018355 -0.69416020210685492 0.41958394365295648 0.14699757650942771 1.3621501314500939 0.38518010203474867
18 175 1 -0.049459371914837652 0.58597793280820187 -0.70603432670152266 0.3945873316653028 0.080247215462778868 1.3402420507281452 0.41599791309906448
17 169 1 -0.056975674664108397 0.5920266516400674 -0.71710436490886686 0.36334494089373326 0.035761392754447542 1.3132739436017413 0.47143604570189335
16 160 1 -0.077009017793354714 0.62320152367311754 -0.69914668700451066 0.34188211728697432 -0.12426656464240508 1.2763277928198296 0.50464841794684101
15 154 1 -0.08504315754555633 0.62364799057851472 -0.70412541890182145 0.32869170914155571 -0.17041515596359436 1.2489667608721087 0.52109082958877107
14 145 1 -0.085307804676395538 0.62465635798114583 -0.69635019904692019 0.34296269940379703 -0.24249989462065663 1.204810173217961 0.46037263339359175
13 139 1 -0.07106993372588892 0.6156735363255379 -0.69483811929449024 0.36482207877799866 -0.22125492314548439 1.1740449847266092 0.39809288420571265
12 130 1 -0.030594855956845149 0.61483734258279976 -0.69069987025393198 0.37943732840339078 -0.18614062477620691 1.1186183338689639 0.34129641573333175
11 124 1 -0.0081425803100992795 0.60684578145298051 -0.69134618455464958 0.39206166481861432 -0.16841092029494151 1.0655767851764948 0.32416890377299057
10 115 1 0.036403235546886813 0.58091109954916986 -0.70972665582551464 0.39686921381359852 -0.082798644489793488 0.98120763161523938 0.33701467532671903
9 109 1 0.055007607388969766 0.57667363404278627 -0.69975861299440512 0.4180425414588495 -0.076542354557252723 0.93996331751560847 0.29662243119439502
8 100 1 0.065410537382958336 0.57550391284121205 -0.7003094339880892 0.41723303389234367 -0.052769675656047517 0.82762881309695424 0.27621550259854022
7 94 1 0.087880384432237543 0.5644415151980986 -0.69739367953635478 0.43281043159293286 -0.026661915011910425 0.75410860975127014 0.21780034130611714
6 85 1 0.12809363263286985 0.5369961790709985 -0.68949050493231168 0.46886028681287295 0.013294161952292325 0.65251709485990639 0.13482740913090188
5 79 1 0.14920271400220345 0.509852850137546 -0.68904234335876358 0.49295970464091843 0.041108898270904456 0.60841021872129031 0.10333368146869286
4 70 1 0.1650183942723788 0.49734396990594587 -0.68581621778821256 0.50504853288434604 0.045893821051880578 0.54959879451583393 0.10594523401850596
3 64 1 0.18261622952333731 0.48972313665239764 -0.67310673614900363 0.52321112745511478 0.038541747741894505 0.50382221034215102 0.10406966027498611
2 55 1 0.20743059650917658 0.47297772961012641 -0.65607632957580964 0.55029852325354367 0.017630912399839278 0.39663780062614684 0.11617338006285284
1 49 1 0.22517721248579409 0.4610397022396574 -0.66576245356842312 0.54175453053430822 0.0275315226302499 0.31397859357764313 0.1499559993421162
0 40 1 0.26827070589133817 0.44705064445894843 -0.64793440217341747 0.55529952289694817 0.046214038002430805 0.24856043343769388 0.16158091298612867
