19 881 1 0.53354819765739214 0.36710829116519944 -0.60766830346011869 0.4596705954313553 -0.68172104028687597 -0.36596711533533366 -0.3518012120349267
18 839 1 0.50552788300654006 0.40692803864448129 -0.53530949558481344 0.54064301975019913 -0.63847942733716812 -0.30645686113910403 -0.21584625253742423
17 794 1 0.2576167633369314 0.53929882852230393 -0.66605968897166679 0.44626770836487922 -0.69156269082161492 0.38881590659704807 -0.28266111727896814
16 752 1 0.087188429824269789 0.70629257301781934 -0.66051005228870807 0.23932289867502232 0.15008882477586341 0.84951890095600391 0.20763935673532827
15 707 1 0.12835753850723511 0.77416222256548017 -0.61720214539317864 0.057085087219843116 0.053357234662269631 1.3893388946327039 0.49094146750666096
14 665 1 0.094174490386966792 0.69591672498072221 -0.69615594878774389 0.14898983931764356 -0.72009942531646132 1.2653282006409732 0.57073703513134821
13 620 1 0.11093406334190131 0.6172265303432084 -0.70245400074332032 0.33657602509781187 -0.82503032262250753 0.85087421213036163 0.013320582653577953
12 578 1 0.27695657317026012 0.54660117713669054 -0.69073447235859342 0.38393762309269236 -0.77404884753513048 0.29594266630431504 -0.095410603215338577
11 533 1 0.47157822925947057 0.26062915540896386 -0.67871655359403027 0.49902931468677686 -0.55999294376588138 0.073840203086748976 -0.22605200115837032
10 491 1 0.42559659315588727 0.28352487108567287 -0.64196392453044582 0.57128233560247832 -0.24064060054097722 -0.26020446610699932 -0.2995146394680237
9 446 1 0.36711760479855798 0.31805127357649021 -0.59065017835115396 0.64436047243533834 0.66368115931855243 -0.49189867196617099 -0.026144810180941329
8 404 1 0.38179801102997141 0.22445180827342956 -0.56128393774464602 0.69915091773250915 0.3770862129945039 -0.81146231273645753 0.065559785454402733
7 359 1 0.5215119383151513 0.19666055846913275 -0.48833296989997893 0.67147660677498588 -0.055229263068319774 -0.52322943321108795 -0.09569097851004528
6 317 1 0.35877789114399883 0.35733445500766237 -0.61965092679473577 0.5996859519890948 0.10411433317167534 -0.082464476622169006 0.066170215575011682
5 272 1 0.31951802688135555 0.29489779893339069 -0.6809682351802554 0.58925867100754259 0.47738254938057961 0.11386531233656526 -0.064358381944419105
4 230 1 0.074985146306025444 0.47969599322419504 -0.67734018309336952 0.55270178060610387 0.49600954493464261 0.94175193579841276 -0.014772023975699738
3 185 1 -0.035738380672723356 0.58426971135345929 -0.6935692562117497 0.41989684373631236 0.14863360042410148 1.356309985725598 0.38939512689586436
2 143 1 -0.081830834715906561 0.6211230083590924 -0.69557604763950975 0.35168719755892053 -0.2372098096009152 1.1912366004743067 0.43588766201864293
1 98 1 0.069635499473020904 0.57237390368692831 -0.70090615196530348 0.41984470668155505 -0.044785453431770816 0.80234530356371603 0.26194678409158617
0 56 1 0.19909952255966964 0.47548113943225739 -0.65979720964577604 0.54675836372602649 0.018282192606850448 0.41282843843229949 0.11891813337884764
