12 1610 1 0.27246276308532058 -0.753278421861582 0.57831840165733162 0.15454283611396022 0.43688948363921104 -0.37327053068955562 -0.21124542529764687
11 1482 1 0.28502657926844377 -0.7467897020602543 0.59808512955333493 0.057958328257956014 0.19260252701785402 0.25002233035420673 -0.99692124283818329
10 1354 1 0.24109107088024687 -0.78590173358487481 0.56865054458854425 0.029497776683275891 0.051469740605508005 0.18568757871788108 -0.36889820151350616
9 1226 1 0.078579434223511005 -0.65588445760814629 0.75070995992578815 0.0086837119598959945 -0.11782385642091819 -0.18459327464779249 -1.5397525214098366
8 1098 1 0.0085309584725218584 -0.66683697934167085 0.74496953635768026 -0.016614921878816261 -0.58483578650032653 -0.2135944215718559 -1.5740797839324403
7 970 1 0.356570466005183 -0.7127935018496 0.59440013397087954 0.10710465549746939 -0.11676064419606708 2.7776509243525052 0.82641043298883654
6 842 1 0.17923065288195422 -0.66654924455173292 0.7235891262809323 0.0026933219302108496 -0.058360384052608981 -0.094049121146293949 -0.22916794131111609
5 714 1 0.028557835304433354 0.60333457530202306 -0.76051949033155386 0.23828962443565604 -0.24957803517094168 -0.51892018069396295 -0.1621528614714195
4 586 1 0.14158189341902577 -0.79240979035885928 0.58420835996817222 -0.10364305930746677 0.14002964396417333 -0.28757372276947368 0.23096399648414823
3 458 1 0.037633477173256019 -0.66876338373267141 0.72102310112883639 -0.17738361145504272 0.082054983806438025 -0.24982743133926083 0.20536067054188922
2 330 1 0.13657496301470468 0.65823491243701993 -0.71037713002731651 0.20841883950524689 -0.11625418173001033 -0.21805139167624521 0.5966730688720544
1 202 1 0.068830358905931088 -0.64468421552911914 0.74391535511311579 -0.16197094914648111 -0.12971901575623923 -0.36055057789702349 -0.0082273845689080916
0 74 1 0.015378307689111559 0.63942331549827258 -0.74891227016627315 0.17329669022867941 -0.025995893052865829 -0.65628760880643677 -0.12750221592249336
