18 853 1 0.52126948369836035 0.40420206744884291 -0.6069700940439694 0.44326754784349026 -0.59414968136279689 -0.31905432770170222 -0.25486871432819547
17 811 1 0.38153682313543635 0.48294431644696462 -0.60994741561994226 0.49915788081712803 -0.67981166212489963 0.041677477973108237 -0.24239168406858161
16 766 1 0.14915758056744011 0.67694040793296761 -0.68469274047115214 0.22516560885916537 -0.25382759396628823 0.74534821420442798 0.11638704080365417
15 724 1 0.0086458070379697854 0.78124526845205811 -0.59606848701517312 0.18515787676838497 -0.067182248088842975 1.2877440007519314 0.51870973880755733
14 679 1 0.20826041147128671 0.67853957423197442 -0.6852806495575251 0.16310143640360075 -0.2894392334144264 1.4273027813171053 0.24686475742936329
13 637 1 0.035338805377845499 0.67754758803484438 -0.71529623142948806 0.16742680814434674 -0.90686253566370434 1.0292049346018395 0.58503198521398592
12 592 1 0.23154792664106796 0.57998703326251422 -0.65632923806162535 0.42335863069154073 -0.80824006151194194 0.41522870545931112 -0.12000643918168517
11 550 1 0.33448819599512292 0.36362000233482089 -0.73264463599132801 0.46811321066071998 -0.55372058631037047 0.070474661301279301 -0.33659684084500507
10 505 1 0.39079323517991915 0.31584032591049072 -0.63917400739141783 0.58222171390421629 -0.42176668119799299 -0.21584240988588635 -0.35129234667959047
9 463 1 0.43863218807849119 0.36046432945003409 -0.54530049077220266 0.61669655872171636 0.40826108809403672 -0.41815302642660107 -0.22711669288818298
8 418 1 0.37738988370454407 0.20229235599294051 -0.58570473135114742 0.68818939693748293 0.46522429157976769 -0.73914596399820753 0.13870115283068282
7 376 1 0.46904975346093969 0.2568694488476862 -0.53155260727720455 0.65685785427573562 0.050661280438333386 -0.7488140574094786 -0.12926793873902598
6 331 1 0.42467230364486974 0.35267585321297545 -0.57415004335121078 0.60466925239941061 0.01397135361230052 -0.13072959765995268 -0.053276395642221579
5 289 1 0.32893549559757224 0.28482642550113851 -0.64580685883117084 0.62738253733973215 0.25889335219758841 -0.017662658043831641 0.1178067523854243
4 244 1 0.14163298671501068 0.40149733762887913 -0.7100512809519044 0.56086287394484158 0.57347567488396523 0.68218474710270016 0.0075407037129027986
3 202 1 -0.0084588910252905453 0.58164396647746197 -0.68444950777492453 0.43948562516839029 0.2150233925796588 1.344448884016314 0.33873202060974578
2 157 1 -0.075989740587644863 0.62628456401309229 -0.70236231209298017 0.32966708473209233 -0.138228925436362 1.264620454495059 0.52613127601531062
1 115 1 0.037123890438857249 0.58008919776387036 -0.70957020666999149 0.39828188661130254 -0.080570071687256051 0.98212175069073826 0.33965648928931513
0 70 1 0.16587263585963283 0.49655799241321263 -0.68503970158715799 0.50659356104565234 0.047768851445876427 0.54868776372358341 0.10801461213348656
