19 867 1 -0.2657424091310357 0.72725337246409771 -0.58807316144464938 0.23378079693876716 -0.55309737376400403 0.89898710262768999 0.31109535775564751
18 824 1 -0.23564277967876093 0.66943097941615193 -0.6330676534193963 0.30912778972013744 -0.42222461133020933 0.87180254319392014 0.15190974902067386
17 780 1 0.0330310709037221 0.60231335345606618 -0.66607860434946087 0.43871045739910958 -0.089957093903493907 0.6298620784781197 -0.17274638850221685
15 693 1 0.29810944267353418 0.53714314425787901 -0.67182305410808685 0.41383787493959112 -0.42702569534678469 0.40616129398440398 -0.57619363981242033
14 650 1 0.2216935096544865 0.3978706290992009 -0.75467640065528308 0.47224409003318257 -0.14512916517624289 0.176096614340219 -0.59102056393708402
13 606 1 0.34251885116691699 0.29941388698267879 -0.67589490073978731 0.57982604635457013 -0.37522053741049494 -0.18280395605928515 -0.52731253333389938
12 563 1 0.3713920317198165 0.35462331299542837 -0.63286694074083827 0.57947364044666072 -0.45146178939763543 0.11754201639362612 -0.40324528963409284
10 476 1 -0.029388149892155699 0.56147321676125572 -0.76562172041078591 0.31258206081109724 -0.60725008184934848 0.91786561307070158 -0.087446001833507536
9 432 1 0.062835994377853838 0.57149258254636948 -0.7450930560083362 0.33805946783544721 -0.24817190524018015 0.99867601478930113 0.0072889930348324361
8 389 1 -0.039697498041527807 0.60708985208479616 -0.65767947727649012 0.44421135207716844 0.16524071486799938 0.76332850411545194 0.23138043270561978
7 345 1 0.13784743708501007 0.44644764401848447 -0.71364446459843922 0.52191394251106749 0.57611906935163271 0.22373163041827185 0.34609063571100379
6 302 1 0.20320114554456029 0.34695256350763226 -0.74047699890763408 0.53854157426665283 0.53245844700772982 -0.014686319419509777 0.082478498024986246
5 258 1 0.060031226122215398 0.44707777677336236 -0.73341994241660602 0.50853997037722953 0.41639143911002796 0.45676786089741994 0.069182447430099409
4 215 1 -0.10641436795384727 0.60198774783654285 -0.66550490338535473 0.42824053675209217 -0.19085903896336073 0.71305175735440196 0.073333794664109844
3 171 1 -0.075066789100092193 0.60470440133708914 -0.6969031635819154 0.37818453798016805 -0.33483450996504699 0.69512884979703982 0.031302906549952436
2 128 1 0.035931776060621382 0.55326396685470047 -0.70502292634231423 0.44221099464062419 -0.17431931519578692 0.52322577382631974 0.05047470471316183
1 84 1 0.1687796660552624 0.47182893793154662 -0.69706374508451896 0.51282844397069827 -0.028696715628476158 0.33305786719177416 0.08248730840329703
0 41 1 0.24459652266751841 0.46973226102877397 -0.65613706528884475 0.53759491776047919 0.035195393520700224 0.13886296256362554 0.076587833025390462
