18 852 1 -0.30543909990461748 0.71924342171909506 -0.56403823481220305 0.26693955539260028 -0.52728757341231836 0.86288574838054921 0.25206809486667436
17 809 1 -0.16388387206102542 0.62941776899171964 -0.6274107976709401 0.42817174068554142 -0.28881679421261941 0.7475542548507792 -0.01019848174485438
16 765 1 0.10574672676590646 0.56311811245592591 -0.67712816059691616 0.46175001389172571 -0.12065198250500171 0.62197915956060967 -0.30191266355230334
15 722 1 0.25878227650580132 0.53084219796975374 -0.70974350296068467 0.38406048251051872 -0.44731424648700258 0.50297294672146031 -0.56883536998183093
14 678 1 0.24068027283546861 0.47569948130902739 -0.74822980709513864 0.39488626910103908 -0.22864691387406266 0.46142457699226791 -0.53082043866928141
13 635 1 0.26129621131032726 0.37216521515338991 -0.70135479741537843 0.54892512306063523 -0.17386783797494357 -0.083684501939692124 -0.6168440912385853
12 591 1 0.38169096668386227 0.32022652878197833 -0.63107372025753061 0.59456953825141734 -0.42071139818280912 -0.079998946417514039 -0.45394479190383474
9 461 1 0.11612407674037989 0.54736495888494885 -0.69949898890209128 0.44453117450975793 -0.54407853680919327 0.919241011562278 -0.34043790173476357
8 417 1 -0.0065505528384117596 0.60912261034006476 -0.66732810636457718 0.4284856290307581 -0.21682432764552875 0.90363892985856609 -0.027891830883676794
7 374 1 0.0015091755435967032 0.50264111521439392 -0.7104197502695524 0.49259862983178904 0.38034298332809668 0.59137698132137595 0.31881094284535261
6 330 1 0.16994420221163567 0.39386406686702291 -0.7025371244326587 0.56783065588211346 0.55115804785815314 0.11540318494303771 0.25505947577364724
5 287 1 0.18857553690634007 0.36700444298374058 -0.74909763648093219 0.51826608680229225 0.51843625131491577 0.10421581577919818 0.0073994476586114683
4 243 1 0.014918713402200969 0.48313526754583952 -0.68760171358475108 0.54181327846329785 0.23028205498085363 0.58425420753661206 0.026426343965784645
3 200 1 -0.10926333528198236 0.62415941339858128 -0.65179186278621914 0.4167180315689093 -0.34056846664782342 0.74586064804262375 0.037422324189760159
2 156 1 -0.0403395957176549 0.54403659950746208 -0.72267465616382032 0.42442695102007577 -0.21975556035697746 0.65294583445687693 -0.01631981321576436
1 113 1 0.09674879409634371 0.50281557267220667 -0.70863157547189692 0.48544563131564128 -0.10547447304407523 0.47093445533430578 0.033680637294068401
0 69 1 0.21602109741033457 0.46987245977308711 -0.66499901414988238 0.53882378214042115 0.0056533368757593636 0.26089523722454228 0.090693862629319028
