18 852 1 0.15612871543543447 0.3058504994581 -0.71727244834836557 0.6062998689081609 0.3181421015078727 -0.12199669844227591 -0.7671207357337676
17 809 1 -0.0099262549083827291 0.52772632418376286 -0.67021786557464169 0.52174170706543987 0.35770529856646094 0.38126026733407753 -0.6573680860418607
16 765 1 0.26016475283386442 0.17753683202849577 -0.62485692462496756 0.71438700884353123 0.83595468521085659 -0.50349486688210243 -0.3395130793072465
15 722 1 -0.63598579662790233 0.23555908932932643 0.42875911670617572 -0.59682459882552674 -0.49308615376793996 -0.98455407528969319 0.39366966428266414
14 678 1 -0.51158583556545301 0.13462745840295429 0.48425135821381282 -0.69689023695330643 -0.42228378625377788 -0.94478759958079439 0.13941011179622495
13 635 1 0.49675096027377214 0.064249021532004916 -0.41652216172260192 0.75869614174134037 -0.56178096509073727 -0.77888762479791618 -0.18948457670159186
12 593 1 0.36841497352146058 0.19902867961730475 -0.53029651485499574 0.7371862711063053 -0.4916073934602132 -0.61612936854174583 -0.45587613617842632
11 548 1 0.14588762847060269 0.36744919774933993 -0.68155774771790523 0.61577343516774607 -0.44661562098276247 -0.10213353629436765 -0.85986226453369008
10 504 1 -0.071135241545510305 0.55100241634722746 -0.74600209065488654 0.36717433914738223 -0.75463705718408491 0.63135540475620311 -0.58452573717110279
9 461 1 -0.020224348978483245 0.62979747127755281 -0.74683786578168454 0.21255428275020749 -1.0594057533261232 0.80783589037993686 -0.31971760673485167
8 417 1 0.070142276968218842 0.657044741951335 -0.73617540952985283 0.14634901591527932 -1.0144259231644412 0.99574573328464278 -0.053388927953754994
7 374 1 -0.0072737324623993937 0.6474575773755652 -0.71694411225911958 0.25833489545938676 -0.52785610322012189 0.90362902775427367 -0.087554529066494094
6 330 1 -0.066863009786385028 0.66428197993249771 -0.72591314068091128 0.1652540506191667 -0.054494541236305462 0.92921255908269051 0.39135786712503484
5 287 1 -0.41543273077382586 0.65391881448919564 -0.621134593005082 0.11831165467213373 -0.39396894269605537 0.93504082848872216 0.77213326036806107
4 243 1 -0.52643597081424143 0.66576807505710067 -0.48719711023674389 0.2055651104749931 -0.56984976907512275 0.8379043156621534 0.39227210907964782
3 200 1 -0.14308215020930856 0.59265414852067277 -0.71655751996301065 0.33887147876027723 0.092558039077504956 0.58715577265381358 -0.057445762783763704
2 156 1 0.17117923991933928 0.36726562232218835 -0.73789522595474077 0.5397446303522947 0.26009785349659448 -0.21640132588035235 -0.19828345337059239
1 113 1 0.30530411260356943 0.35335043831766949 -0.65399949447410499 0.59516176607345428 -0.15223814400920155 -0.47237289429431623 -0.3235490176141097
0 69 1 0.34165960692812891 0.37090328238854331 -0.61194111172694809 0.60928445235826256 -0.28380661993750139 -0.10095416639521115 -0.18561889599546036
