22 22 1 -0.063813757753674191 0.68003450336920657 -0.68823490421418898 0.24456818102532926 -0.14748136724661165 -0.11181092058827442 -0.21400973345684843
21 21 1 -0.0066502192725739397 0.70453595203072461 -0.6494282940575401 0.28605551516672545 -0.14955755950480176 -0.27976797297977463 -0.1487584357579563
20 20 1 0.065389117550144288 0.6315416680702941 -0.65076655418726359 0.41639197488453022 -0.12588930261170889 -0.50592051944893945 0.031472132025988697
19 19 1 0.025380212674020408 0.60560319181919975 -0.70056147440831829 0.37658231429245609 -0.023014579987935775 -0.54986542146995354 0.0081314737190899874
18 18 1 -0.0082594887695275846 0.63315598935865891 -0.70811188405047332 0.31244652926702993 0.046745564142429148 -0.45816825967043451 0.045030900106526238
17 17 1 -0.0012426535292617805 0.59879199999174393 -0.72885582490065626 0.33198762486947869 0.19692514593034757 -0.47913572319405384 0.13124357942081641
16 16 1 -0.027544127252863523 0.59206844881955045 -0.75178637054723374 0.28898706895933379 0.26741490722498645 -0.43036128591272282 0.2073567839445544
15 15 1 -0.07931911388623869 0.63317273757698367 -0.7170812690546805 0.28034838350256119 0.33738412409614948 -0.19843765176113401 0.27089018005657844
14 14 1 -0.14572123131464851 0.69726887565681739 -0.67460958341433486 0.19360616661139199 0.36684586815615838 0.027620039748266198 0.28078353048300997
13 13 1 -0.19160662922446683 0.71858038726347362 -0.64981760180321169 0.15705480274170794 0.20871662843663638 0.23095320551217313 0.40762120556268316
12 12 1 -0.17576111151181567 0.71395312514769815 -0.66752476408313366 0.11742936646224111 0.0664070103414625 0.38928054339566892 0.22891607313810514
11 11 1 -0.1863111848066181 0.70881086579271402 -0.66058542026133682 0.1627949676381007 0.036804789117256084 0.24344074878340091 0.12633722188163338
10 10 1 -0.14945608053535347 0.69120424740902031 -0.68376825042932665 0.17989037789597709 0.04621912822370073 0.080169627289660705 0.13690361592142172
9 9 1 -0.12879266466298089 0.67657194471476512 -0.69482868745029736 0.20706508216014297 0.036921669068666098 -0.067914231056417751 0.12217791472198805
8 8 1 -0.13639987564673173 0.68752819813824773 -0.67649722871154172 0.22594590112222601 0.051155967009472385 -0.12464260053901474 0.065307193060428551
7 7 1 -0.17052868214776021 0.6883827511691899 -0.67349296750385401 0.20846193700658691 0.0011605314181087486 0.0062534336953498021 -0.011961403758780478
6 6 1 -0.16806288258082067 0.71599325378428746 -0.66906127896829359 0.10707722922883937 0.020168120887852241 0.30949181161988926 0.2253552985464195
5 5 1 -0.2129505309039858 0.68474593570922748 -0.67969143499614793 0.15425507482829351 -0.026877031646452786 0.22687915167629669 -0.1186668340299349
4 4 1 -0.16466042326378696 0.66500294106813129 -0.68457343580263685 0.24903261709000907 -0.02504932522520132 -0.079155400400143627 -0.25143587397115014
3 3 1 -0.11875426433144884 0.66151665329150999 -0.68326955304052073 0.28536969006694402 -0.075688083306582637 -0.27610516052002571 -0.25387764345111019
2 2 1 -0.07479287704879542 0.6117150555801032 -0.7301434336221504 0.29512926431963937 -0.031925789434757705 -0.36382583036670868 -0.17876111974696354
1 1 1 -0.053245318733487791 0.60873059639054006 -0.73651909480479094 0.29008898641437292 0.014414268189345564 -0.26885763551557418 -0.12316150008124697
0 0 1 -0.087525542975457102 0.66349960744144454 -0.71448362346309446 0.20401152431896505 0.03125780540958735 -0.11394838547700858 -0.18075327203255795
