19 19 1 -0.21972443790764187 0.75526600161773139 -0.61187047939648642 -0.08312012168933483 -0.42327822067100385 0.32444188164072579 -0.002745315899060876
18 18 1 -0.14001258383343892 0.70192532783878792 -0.6857536954331418 0.13205748637045969 -0.09403485257066628 0.1450830585632237 0.0046971954141450103
17 17 1 -0.25316065224732165 0.65519705824566454 -0.6737446114742186 0.22955325641208443 0.18150893314483643 0.043336859665926555 -0.017398916809348967
16 16 1 -0.46123220896775868 0.73798129142195901 -0.48354450915451153 -0.093984948733411899 -0.096329252813765753 0.70649829288237698 0.1143302718764215
15 15 1 -0.27564899325209147 0.72905413376602024 -0.61235803004437095 0.13234555375215146 0.12521614393790703 0.2656108424444798 0.0036521226200774207
14 14 1 0.043001721745300939 0.46095080204198174 -0.75131651884142048 0.47031765705723089 0.099106904903876747 -0.54911202026045147 0.094554062320853741
13 13 1 0.17884584434644085 0.47610795498413927 -0.71718152318451645 0.47643052165406724 -0.1704607934484326 -0.77699801966944282 0.17672085922040384
12 12 1 0.098620258792912932 0.51929665960436289 -0.69873374911359576 0.48205411701283929 -0.083301278226539405 -0.72484754131146578 0.037863606284858138
11 11 1 -0.31855420744604179 0.73482260373879182 -0.54470480113080388 -0.2487079362988201 -0.62783814199467991 0.68586810360790396 0.12305848221059473
10 10 1 -0.15646471452536709 0.74860831130499939 -0.64427326027695253 0.0040441866523153536 -0.27804339850866461 0.21054767289168777 0.0042267849889336536
9 9 1 -0.40663275417282463 0.68476310161635046 -0.58618519933381441 0.14878242497202152 0.3310435991464627 0.40356349831853783 0.096079033030274097
8 8 1 -0.5282532679726013 0.73434945917747763 -0.41689400277683836 -0.088762306925398687 -0.085930133234657743 0.81981994453539053 0.15232176136880674
7 7 1 -0.33060718806154776 0.74591112004425197 -0.57394908267697686 0.069985274812796455 0.024441512913005864 0.45310604747558103 0.011718282666879982
6 6 1 -0.21998132671299186 0.66907205268518577 -0.6563503405149248 0.2704718741739448 0.23576845325867318 0.013041762512561462 0.056028330839471972
5 5 1 -0.014277471794951993 0.55475430778123147 -0.72902619515097922 0.40070515167763615 0.15733285497662303 -0.46863491766498555 0.01969194047281228
4 4 1 -0.11442419303682141 0.6508498578216777 -0.69772899119793386 0.2765426214226076 0.24973436268114715 -0.15148590382948152 0.10136225966980059
3 3 1 -0.10172406349527624 0.66624360495606305 -0.71856605900236947 0.17156483500694952 0.34387122289397021 -0.055347620955630582 0.044346961131894756
2 2 1 -0.14730548447931383 0.66040385742707797 -0.7151135385291385 0.17544362727122595 0.32438161351044204 -0.015658127530629652 -0.071804969486253256
1 1 1 -0.24364987040952069 0.67762364798780106 -0.66008366457848044 0.21389363733821726 0.21909257003097368 0.12119615022097936 -0.20651178303643816
0 0 1 -0.12971929008074906 0.69476626174527845 -0.68224059734382092 0.18713768903506359 0.026159579634699084 -0.043925992708702968 -0.18162991917167617
