19 896 1 0.26179621611375459 0.37945450951087695 -0.70246190351443449 0.542240067268417 -0.59329013131072172 -0.27710249697149247 -0.57018086974130378
18 852 1 0.15169034026932543 0.30581154336382488 -0.71784362842590854 0.60677002706358041 0.31871158077002165 -0.11598047019558473 -0.76805116739747226
17 809 1 -0.0084796088766907821 0.52656969477503712 -0.66641107218088358 0.52777716476989411 0.35683127097360129 0.36088636305362004 -0.66016189063484942
16 765 1 0.26203141539156938 0.17720442872079722 -0.62279290953933752 0.7155886525212326 0.82907478664582002 -0.49991427659521365 -0.33250025436126723
15 722 1 -0.6365808909002727 0.2368837845594372 0.42806460018467807 -0.59616402107318156 -0.49402274522243755 -0.97486387233459881 0.4026629197353721
14 678 1 -0.51219541937909385 0.1357441999996388 0.48297514194628949 -0.69711145220509307 -0.4305915056197957 -0.93650064624340457 0.14293135029487436
13 635 1 0.49378214328799069 0.060789124078473825 -0.41451440085118529 0.76201160676899993 -0.56290257353465134 -0.78329816399603713 -0.18761722027589495
12 591 1 0.37545515392964757 0.18464438966873914 -0.53270037061373943 0.73564270668545884 -0.50270674946697458 -0.60108906797927741 -0.4574409081608698
11 548 1 0.14814954592267851 0.36777884179643433 -0.68170329926380935 0.61487482249854308 -0.46465415675642474 -0.10392918702903629 -0.85368172638050843
10 504 1 -0.070605643315444236 0.54970143283227335 -0.74655767194443978 0.3680962107045605 -0.76030750445788431 0.62238508177025254 -0.5831954296432037
9 461 1 -0.019517831746183531 0.62905270842375083 -0.74738164037388299 0.21291413269371084 -1.0686309729776735 0.80422497132695103 -0.31963733703518488
8 417 1 0.071362157731888337 0.65593447783470582 -0.73637201154295195 0.14971193622335999 -1.0159136456558788 0.98729493288058634 -0.059425957956992119
7 374 1 -0.0068516538698821256 0.64510783506417135 -0.71846353767702165 0.25999823269915529 -0.53170090021137328 0.90229809731342137 -0.088430425924533387
6 330 1 -0.066214472853514741 0.66126952236938896 -0.72838180877340031 0.16672793112757484 -0.05200621014480649 0.92680634534147655 0.39048548367920455
5 287 1 -0.4159274249083923 0.65098120407980764 -0.62407933583493092 0.11727246790150281 -0.39105853188035017 0.93903614542131042 0.77459412284597429
4 243 1 -0.52707575204818569 0.66236039971582339 -0.49154387709809866 0.20458364885421176 -0.56686617922019855 0.84229054918345803 0.39712606299639913
3 200 1 -0.14278754815119513 0.58935074448780012 -0.71894868019679925 0.33969134711959698 0.094272849391250815 0.58346959474257809 -0.05805414678477594
2 156 1 0.17038577732176649 0.36261387344930868 -0.73843583937455415 0.54239503758399532 0.26280323330726812 -0.22328477963484983 -0.19408611581307222
1 113 1 0.30274356503043159 0.34970558848453398 -0.65510822618730336 0.5973989849314072 -0.14807552512841099 -0.47279794243514156 -0.32224120339551371
0 69 1 0.33922472582499447 0.36682201807211734 -0.61283367144679401 0.61221163300569492 -0.27879085351497412 -0.10391856906226724 -0.18340830536264258
