19 883 1 -0.21367822733444664 0.68386106554451087 -0.66209058031439594 0.2197992758279273 -0.59047649291951076 1.0140655227254622 0.30417407164865656
18 838 1 -0.29528946809466233 0.68380516982932626 -0.61232995896784959 0.26507855646485107 -0.48585100724546365 0.87138396431348752 0.22945739068489648
17 796 1 -0.072842074106239801 0.62084996844827389 -0.66823625310712376 0.40336045784264801 -0.1706974699450976 0.70413485798655884 -0.045524950665263068
16 751 1 0.15517706440883205 0.57041257625896469 -0.69038986282286574 0.41702686824531193 -0.25537955503678217 0.65511269992090126 -0.3945722390608376
15 709 1 0.35427728928126229 0.4689420340533092 -0.69022227048311935 0.42210684468105164 -0.50812739455474265 0.46717025128151335 -0.56897601827351263
14 664 1 0.18979125785446074 0.42940120051968605 -0.7763115059164053 0.42063562998880305 -0.13046153375735106 0.40123469426525338 -0.50720582603808329
13 622 1 0.30665664505299883 0.32782951464996224 -0.69113082228538103 0.56641654094521499 -0.27415711841309826 -0.19812143346402 -0.5751523655476205
12 577 1 0.38267217424029409 0.33056907443498063 -0.63992117757270273 0.57860779512841998 -0.43360520302956035 0.046374691961035198 -0.43530459552611461
11 535 1 0.31844674715191773 0.41079111365595383 -0.71047044206639354 0.4744197309552452 -0.47783411733240744 0.47737690793631909 -0.40443608297032441
9 448 1 0.1413474315487657 0.59281679911054441 -0.7131052409345805 0.34651127202232468 -0.42058031632415654 0.98229836236564461 -0.087292986469094239
8 403 1 -0.039291094726615614 0.64259575137563896 -0.64980223430130302 0.40408410818318086 -0.085321772080365246 0.84826402895662056 0.14011991128590351
7 361 1 0.067124394094880593 0.49942965747300128 -0.71428141746591545 0.48566077627977983 0.50269954947430562 0.4172520457500915 0.35965127626472193
6 316 1 0.20862902328266228 0.33714059097114196 -0.71918183621693732 0.57060287330102555 0.53221447001243327 -0.0021053373597997079 0.17779709881933653
5 274 1 0.17076132076694278 0.37132131297383997 -0.75082201408456817 0.51887123357082088 0.50780957631183732 0.22771392578972771 0.0061791583044275254
4 229 1 -0.053814694588827233 0.53706735100433278 -0.68084627061058067 0.49508685594263557 0.029699669055187321 0.66481127408383534 0.029120739581636856
3 187 1 -0.12556287534635785 0.6089437560096097 -0.67728533245621447 0.39332689304360952 -0.37036349524344264 0.74996560708752125 0.028464592124940506
2 142 1 -0.0025846277531789445 0.54217825795120067 -0.72131917475301621 0.4309694936280371 -0.19300137368072412 0.60213183488692268 0.0082468785679222865
1 100 1 0.14851989479797589 0.48078442137114835 -0.70773493040413582 0.49588249545820984 -0.067944116718989478 0.41114357323083289 0.053305551969672162
0 55 1 0.22599490976822847 0.46779088809270281 -0.65883550391854895 0.54408984970561836 0.015716720736585279 0.20411406918487751 0.080388543417539954
