19 881 1 -0.22535893055928549 0.69083961010114536 -0.65013510229147087 0.22198723904975073 -0.59650027599805067 1.0102930354215804 0.29817343537149593
18 839 1 -0.30872700288519395 0.68715039710106929 -0.60593115984424006 0.25565484345731099 -0.49768684512951439 0.87339470306043931 0.24465771304389297
17 794 1 -0.067470944548735867 0.61969984341603546 -0.66454661291141026 0.41206501304990095 -0.15643465253686059 0.69083801105010434 -0.072662174644424218
16 752 1 0.14485602432306399 0.56726148179683988 -0.68983196648633693 0.42586735200125697 -0.24310494043141823 0.64045188930523145 -0.3999659413826363
15 707 1 0.3494667186267762 0.48181509696544761 -0.68951045776027231 0.41267729953031046 -0.52419238490673548 0.46480070674705209 -0.55690654311842558
14 665 1 0.17824875598318013 0.43402969702916827 -0.77827436891037816 0.41729439222732184 -0.13178227492571579 0.40492346313767552 -0.50573584423159845
13 620 1 0.31054824424733823 0.32370377406653322 -0.6916722839633912 0.56600804433050633 -0.30281373263470057 -0.22149703386419653 -0.56209213159406057
12 578 1 0.37671291357521325 0.33339964293090119 -0.64059271933015216 0.58014914184235644 -0.44467996176535296 0.028877707126361857 -0.43223267826250589
11 533 1 0.29288807857747906 0.42868729121070714 -0.71362635161697896 0.47029906448924497 -0.50612175818376515 0.49130368533629587 -0.40422169806451663
10 491 1 0.068542569993276681 0.55995414655530074 -0.73336763550043838 0.37937472379527037 -0.65880112779914479 0.83995510380912553 -0.27262950568237909
9 446 1 0.11924988114543075 0.59672679683075291 -0.72246566326100259 0.32823765963056367 -0.39907288272303415 1.003949471340269 -0.043719026731017296
8 404 1 -0.042588635092669018 0.64408267782953055 -0.65156963710246729 0.39849808065666253 -0.097280796592706623 0.85820002603262335 0.13574254026303895
7 359 1 0.068029508789058085 0.50314775237040676 -0.71000074236998112 0.48796851440702926 0.5167651627668155 0.40575879792765696 0.37485597429633188
6 317 1 0.19905744500641395 0.34351299949695457 -0.71895026663782347 0.57051333627315537 0.53768989283570323 0.0048404381716945196 0.20014760895759973
5 272 1 0.15706158458112451 0.37568175141221871 -0.75147817889596658 0.51911022620240888 0.51082590794861393 0.24919460729336904 0.018143870227402069
4 230 1 -0.056104671743160181 0.53335026725798496 -0.68366125872802175 0.4949717583244978 0.052607051117971787 0.66217874925426623 0.035226078846752794
3 185 1 -0.12942820550402931 0.60901954240465106 -0.68065200096449963 0.3860782176868558 -0.36971695133948823 0.74727108500838035 0.036069545299964499
2 143 1 -0.01287765673115676 0.54710952179352168 -0.72275522422997396 0.42205476299676897 -0.19556088953623199 0.60550942653412854 0.017824742279777425
1 98 1 0.1421704249257455 0.47572785683012925 -0.712580561346144 0.49568086517825111 -0.05940594137745675 0.40101091102901565 0.064952790796060852
0 56 1 0.21268238920598642 0.46884391607129222 -0.6637816656341361 0.54253615921202925 0.017394062240645644 0.20585605068192214 0.092255570234437465
