19 867 1 0.51985097686235671 0.39860321182860869 -0.59099293884848003 0.47074174194180779 -0.66065655211681718 -0.39703863961765462 -0.27696566225525909
18 824 1 0.43673388231180227 0.44380954468699985 -0.59420930730836519 0.50912857236035347 -0.67071848551556534 -0.12356874622687912 -0.21719662429899061
17 780 1 0.16911722611407934 0.65559435723302584 -0.65580824991780851 0.3339325409950884 -0.71242267116588009 0.49326918517710161 -0.080294829447740038
16 737 1 0.036026415928748536 0.7459038877981814 -0.62082911947233899 0.23853865921080231 0.058285664491502368 1.1965757098469505 0.36958575959942885
15 693 1 0.20392848039675504 0.70834573953492641 -0.67307555932633156 0.060239352613840634 0.037921900368453491 1.4740095752200089 0.3505055356397821
14 650 1 0.007278870377218187 0.7058057081206297 -0.68509415288247399 0.18008698486179858 -1.0343786878068173 1.1063879634509497 0.56499456351755672
13 606 1 0.16583877748676087 0.6154614139964566 -0.66755688149182946 0.38480197210524081 -0.85358187704948629 0.62829898216979296 -0.12353873782174862
12 563 1 0.38438848976264117 0.40646141390342877 -0.71078211489698817 0.426407543423174 -0.63319098715016253 0.18529072519995368 -0.24338447596783752
11 519 1 0.43337319929816748 0.30684706554185248 -0.66896416973317452 0.52011487972526738 -0.55463067928287046 -0.085258257017699568 -0.32241892876134648
10 476 1 0.45853400256257715 0.34084324525917281 -0.58461827000427669 0.57601556318587843 0.035097574270463679 -0.38517524372689194 -0.26961080782335595
9 432 1 0.34886681455994517 0.23886516319706572 -0.606050917623147 0.67374896271369333 0.5727390981693119 -0.68389760328776439 0.094726623586650308
8 389 1 0.45063406022626462 0.28628343116220784 -0.52576584088748268 0.66222429837771968 0.17754073892223649 -0.85883734060755634 -0.078944703248746362
7 345 1 0.48948720898684012 0.22872302600644559 -0.53751728929238374 0.64742815302124168 -0.046815766412009727 -0.29945966919293521 -0.144447988643463
6 302 1 0.30232548011378507 0.32623280523285858 -0.64711215863964566 0.61920700497055692 0.16582945797878132 -0.040593940649388718 0.13117225913671685
5 258 1 0.22456024758340515 0.36319766024041211 -0.68512570002279249 0.59013806009225389 0.56113009251043511 0.43727183872245567 -0.060982742044460379
4 215 1 0.042447032342168504 0.55443320583457745 -0.67459085618348491 0.48551956342352354 0.34093225061182975 1.2065348127309021 0.12014234339245514
3 171 1 -0.051029948544506015 0.5896698492211373 -0.71501430627220885 0.37207520086286083 0.058002310446229915 1.3291922734979311 0.44820675994846021
2 128 1 -0.021280791685669487 0.61951516523069672 -0.68558006080290457 0.38174345860001219 -0.19293178795061117 1.1098759382677068 0.33290264118996482
1 84 1 0.13130257888534924 0.53359956751523185 -0.68995030288907155 0.47116845593576462 0.015576484317373303 0.6476622809232413 0.13342941708706227
0 41 1 0.26559002711493573 0.44929577767282969 -0.64988608563747707 0.55248829612694317 0.043009830574218137 0.25674138622791598 0.16392606274035268
