19 883 1 0.28477730782425431 0.35239358776352553 -0.62806168203811863 0.63266038899789623 -0.37975698575630051 -0.39064197801839168 -0.61206574162128691
18 838 1 0.018070105437816574 0.43803509098280075 -0.67806576593837165 0.58993690121873643 0.36532810920149811 0.28615108551584018 -0.75761521667865361
17 796 1 0.062244795783313954 0.40709068748903399 -0.70240894823149469 0.58053804957291522 0.50298705278768607 0.086785345052472387 -0.57204378698258029
16 751 1 0.36214496654389516 0.033091803012030234 -0.59935250768811721 0.71311466631131593 0.60773491747301145 -0.8766525004284077 -0.14744193755438725
15 709 1 -0.6447203487489549 0.19887814590262509 0.37287569900720591 -0.63698262777037162 -0.52095222192194357 -0.94820368636170038 0.46224671721247929
14 664 1 -0.51657532198873346 0.059780941343292204 0.50629394069066802 -0.68792631973508667 -0.48752004036602492 -0.94305729390560944 -0.014110631215401416
13 622 1 0.36470264487796261 0.089683437163026708 -0.47969606094840128 0.79299467276157154 -0.42626912703384517 -0.67786331390317389 -0.39779535582101616
12 577 1 0.33935712844511495 0.20957851710291808 -0.57105075475886258 0.71750583275103863 -0.51848609260648004 -0.5350570958094617 -0.54116581814141995
11 535 1 0.082978211989612929 0.47759975048690329 -0.69975195601590745 0.52474783917779599 -0.56628056794723014 0.10994436872526564 -0.82802220454800934
10 490 1 -0.13377096170639541 0.59652810845845083 -0.72450402288601645 0.31836059185318072 -0.84849612603117486 0.72148026831486589 -0.46567639824093493
9 448 1 0.019519871958375713 0.64047228490894759 -0.73442692303183765 0.22367682398547228 -1.0858485748229494 0.84651875117258524 -0.3439140691047553
8 403 1 0.047976251576346884 0.66698609895118854 -0.71953929408347228 0.18732599221788915 -0.9270170847568181 0.93781410150416944 -0.12660851091336486
7 361 1 0.0038176416091245881 0.67548809622018224 -0.70242974600782337 0.22426259028371834 -0.44827434508773356 0.89365207944963387 0.063709813462251116
6 316 1 -0.13480696222334856 0.665978428053978 -0.70334579579712875 0.20881692421202117 -0.013916688086625068 1.0525094965956521 0.37945553249716618
5 274 1 -0.48390153282226089 0.6194764529154454 -0.56319141875259393 0.25476196077712426 -0.50148060883146262 1.0599197235158515 0.49214318988863265
4 229 1 -0.37310398477409301 0.67412714478379043 -0.59884502213814916 0.21847345072504259 -0.23516263047018821 0.87848420008868999 0.29947327522753286
3 187 1 -0.078287414303162051 0.51246505703079137 -0.73639707483284222 0.43470679113833294 0.16770231624951806 0.3094803131368673 -0.096774304004452735
2 142 1 0.22309443577882263 0.35009654739478713 -0.69965415792477426 0.58150265650756361 0.22262462383164075 -0.37389887950539624 -0.207530321752946
1 100 1 0.35654519230443371 0.3372418606833677 -0.61500777209400725 0.61717816998933139 -0.26174051877189053 -0.44510371893300454 -0.25828740751848189
0 55 1 0.34487143452242697 0.41344365263864818 -0.59870327648878019 0.59302818353334219 -0.19847295614920213 -0.10649738093896903 -0.086102676276757634
