363.81854248046875 357.18304443359375 252.0 140.0
362.7398376464844 356.9991455078125 252.0 140.0
360.5348815917969 355.3835144042969 252.0 140.0
361.09332275390625 355.2729187011719 252.0 140.0
363.57476806640625 356.34783935546875 252.0 140.0
362.9091796875 357.3863830566406 252.0 140.0
361.18231201171875 355.66815185546875 252.0 140.0
361.5994873046875 356.9482421875 252.0 140.0
360.7643127441406 355.2958068847656 252.0 140.0
362.15985107421875 357.17388916015625 252.0 140.0
361.7509460449219 357.7247009277344 252.0 140.0
360.7410583496094 356.9544677734375 252.0 140.0
361.1723327636719 358.021484375 252.0 140.0
361.3533935546875 359.15484619140625 252.0 140.0
361.8478088378906 358.8016357421875 252.0 140.0
361.5632629394531 358.20361328125 252.0 140.0
358.42095947265625 356.91021728515625 252.0 140.0
354.36236572265625 356.63018798828125 252.0 140.0
356.9430236816406 359.95855712890625 252.0 140.0
356.4440002441406 358.6820983886719 252.0 140.0
355.2222595214844 358.9844055175781 252.0 140.0
355.2411804199219 357.99853515625 252.0 140.0
352.8338317871094 351.340087890625 252.0 140.0
356.5313415527344 352.7148132324219 252.0 140.0
356.800048828125 354.2314147949219 252.0 140.0
355.7592468261719 354.005859375 252.0 140.0
354.599853515625 352.5199890136719 252.0 140.0
357.0850524902344 354.7972412109375 252.0 140.0
356.0199279785156 354.37310791015625 252.0 140.0
355.6760559082031 353.7682800292969 252.0 140.0
355.70941162109375 353.97216796875 252.0 140.0
356.9098815917969 354.5989074707031 252.0 140.0
356.8626403808594 353.7220153808594 252.0 140.0
355.8670654296875 352.33502197265625 252.0 140.0
375.2947998046875 361.4659423828125 252.0 140.0
375.07440185546875 362.56719970703125 252.0 140.0
376.29510498046875 364.98681640625 252.0 140.0
374.97845458984375 362.2422790527344 252.0 140.0
375.37713623046875 363.4516906738281 252.0 140.0
375.73681640625 362.2050476074219 252.0 140.0
373.00653076171875 360.76422119140625 252.0 140.0
390.4645080566406 372.7069396972656 252.0 140.0
372.4062194824219 361.263427734375 252.0 140.0
373.2756652832031 361.0584716796875 252.0 140.0
377.0343017578125 363.41668701171875 252.0 140.0
380.8729553222656 368.3245544433594 252.0 140.0
388.40533447265625 379.6106872558594 252.0 140.0
379.96392822265625 375.736328125 252.0 140.0
378.40380859375 374.57183837890625 252.0 140.0
373.4493713378906 371.3751220703125 252.0 140.0
373.90948486328125 369.9286804199219 252.0 140.0
366.7362060546875 363.8580017089844 252.0 140.0
366.8092956542969 364.9430236816406 252.0 140.0
367.6697082519531 366.8583679199219 252.0 140.0
368.46484375 366.72503662109375 252.0 140.0
369.4644775390625 366.04901123046875 252.0 140.0
371.2698059082031 368.0582275390625 252.0 140.0
371.8742370605469 365.49310302734375 252.0 140.0
373.9314270019531 368.19085693359375 252.0 140.0
375.4930114746094 366.70135498046875 252.0 140.0
375.39996337890625 368.1653137207031 252.0 140.0
374.7038269042969 367.5506896972656 252.0 140.0
371.5565490722656 365.9942932128906 252.0 140.0
369.9768371582031 365.0494384765625 252.0 140.0
370.57574462890625 367.840087890625 252.0 140.0
365.9041442871094 364.0186767578125 252.0 140.0
367.8623352050781 363.9201354980469 252.0 140.0
363.9023132324219 361.0263671875 252.0 140.0
363.3728332519531 357.2310485839844 252.0 140.0
361.8248596191406 354.527099609375 252.0 140.0
368.2440490722656 361.0343933105469 252.0 140.0
368.2169494628906 360.75225830078125 252.0 140.0
367.8941955566406 360.2196044921875 252.0 140.0
368.3518371582031 359.79449462890625 252.0 140.0
365.7023010253906 359.5623779296875 252.0 140.0
369.20391845703125 364.8935241699219 252.0 140.0
370.0285949707031 364.7780456542969 252.0 140.0
366.7516784667969 362.5213928222656 252.0 140.0
367.55511474609375 362.3997497558594 252.0 140.0
364.8565368652344 360.4393615722656 252.0 140.0
366.5213623046875 359.75640869140625 252.0 140.0
364.8759460449219 358.7742004394531 252.0 140.0
366.0885925292969 358.99700927734375 252.0 140.0
368.095703125 361.3663024902344 252.0 140.0
367.44122314453125 363.3670959472656 252.0 140.0
394.15789794921875 385.7977294921875 252.0 140.0
407.2181396484375 401.3506164550781 252.0 140.0
408.80694580078125 399.3531799316406 252.0 140.0
406.0256042480469 393.2665710449219 252.0 140.0
391.52642822265625 385.2684631347656 252.0 140.0
391.62713623046875 384.9405822753906 252.0 140.0
396.678466796875 389.15704345703125 252.0 140.0
398.94305419921875 390.477783203125 252.0 140.0
399.59991455078125 390.7425842285156 252.0 140.0
386.92974853515625 375.43768310546875 252.0 140.0
388.9085998535156 381.6984558105469 252.0 140.0
394.04986572265625 386.1282653808594 252.0 140.0
393.94482421875 377.6737976074219 252.0 140.0
393.7853698730469 378.317138671875 252.0 140.0
393.13916015625 382.87921142578125 252.0 140.0
392.0425720214844 388.34722900390625 252.0 140.0
390.75079345703125 388.0673828125 252.0 140.0
358.4443054199219 357.05731201171875 252.0 140.0
362.246826171875 363.06329345703125 252.0 140.0
362.715087890625 362.6523132324219 252.0 140.0
357.9300842285156 358.2374267578125 252.0 140.0
358.8636169433594 358.83184814453125 252.0 140.0
360.46331787109375 358.9910888671875 252.0 140.0
360.8395690917969 359.8380432128906 252.0 140.0
360.8428955078125 359.87054443359375 252.0 140.0
363.7782897949219 355.18304443359375 252.0 140.0
360.2767333984375 350.6892395019531 252.0 140.0
356.17474365234375 349.15960693359375 252.0 140.0
356.42181396484375 349.4393005371094 252.0 140.0
357.07373046875 349.6195068359375 252.0 140.0
353.33428955078125 347.7032165527344 252.0 140.0
354.2663879394531 351.6488037109375 252.0 140.0
355.6814880371094 352.48956298828125 252.0 140.0
354.0347900390625 350.6819152832031 252.0 140.0
367.1932373046875 360.95489501953125 252.0 140.0
362.90081787109375 359.766357421875 252.0 140.0
357.23724365234375 356.192626953125 252.0 140.0
360.673095703125 360.1037292480469 252.0 140.0
363.807373046875 360.0369873046875 252.0 140.0
363.0377197265625 360.1775817871094 252.0 140.0
361.0390625 357.8813781738281 252.0 140.0
358.65228271484375 355.6674499511719 252.0 140.0
368.3861389160156 363.1825256347656 252.0 140.0
370.4726867675781 363.41015625 252.0 140.0
371.549560546875 363.62982177734375 252.0 140.0
373.9025573730469 365.6956481933594 252.0 140.0
371.6835021972656 364.61053466796875 252.0 140.0
373.126708984375 366.34893798828125 252.0 140.0
369.511962890625 362.16986083984375 252.0 140.0
373.53985595703125 365.25164794921875 252.0 140.0
363.9698486328125 356.64642333984375 252.0 140.0
325.2297668457031 317.4775390625 252.0 140.0
317.286376953125 311.3854675292969 252.0 140.0
318.2325439453125 312.6623229980469 252.0 140.0
316.1363220214844 311.77545166015625 252.0 140.0
315.7962341308594 311.0128479003906 252.0 140.0
317.6211853027344 312.2069396972656 252.0 140.0
321.3680114746094 315.2642822265625 252.0 140.0
320.22979736328125 314.81158447265625 252.0 140.0
324.2030334472656 316.0461730957031 252.0 140.0
322.9401550292969 316.64141845703125 252.0 140.0
348.0087890625 348.864990234375 252.0 140.0
332.0954895019531 331.0640869140625 252.0 140.0
328.3002014160156 324.0653381347656 252.0 140.0
327.4803466796875 323.9457092285156 252.0 140.0
325.5450744628906 322.7388610839844 252.0 140.0
323.1316223144531 321.55755615234375 252.0 140.0
323.1477966308594 319.1625671386719 252.0 140.0
301.4356384277344 295.4937438964844 252.0 140.0
301.1292419433594 295.7473449707031 252.0 140.0
301.9431457519531 295.871826171875 252.0 140.0
301.83056640625 295.8304443359375 252.0 140.0
301.6687927246094 295.9406433105469 252.0 140.0
300.41876220703125 295.013671875 252.0 140.0
300.97772216796875 295.4033203125 252.0 140.0
299.858642578125 294.8009948730469 252.0 140.0
303.39984130859375 296.47027587890625 252.0 140.0
303.582763671875 296.25970458984375 252.0 140.0
300.6856994628906 293.7006530761719 252.0 140.0
301.9342956542969 293.738525390625 252.0 140.0
300.6146545410156 292.9025573730469 252.0 140.0
301.47509765625 293.08026123046875 252.0 140.0
300.58709716796875 293.1404113769531 252.0 140.0
302.491943359375 295.853271484375 252.0 140.0
302.1042175292969 296.48748779296875 252.0 140.0
320.0823059082031 314.2718200683594 252.0 140.0
320.5405578613281 314.8205261230469 252.0 140.0
321.1755676269531 313.6720275878906 252.0 140.0
321.1234436035156 313.6068115234375 252.0 140.0
320.76568603515625 313.79974365234375 252.0 140.0
322.1023864746094 313.74774169921875 252.0 140.0
319.1434020996094 312.76898193359375 252.0 140.0
320.8583679199219 314.1721496582031 252.0 140.0
320.3282165527344 313.9997863769531 252.0 140.0
323.2344970703125 317.4137268066406 252.0 140.0
323.2261962890625 318.6368713378906 252.0 140.0
323.98760986328125 318.97113037109375 252.0 140.0
324.9244689941406 320.49334716796875 252.0 140.0
320.4314880371094 316.46832275390625 252.0 140.0
321.88739013671875 317.545166015625 252.0 140.0
323.17041015625 318.8152160644531 252.0 140.0
322.3039855957031 318.60906982421875 252.0 140.0
337.5910949707031 333.9576721191406 252.0 140.0
339.98919677734375 337.7283020019531 252.0 140.0
341.4873352050781 339.1220397949219 252.0 140.0
340.78076171875 337.9774475097656 252.0 140.0
344.4633483886719 340.2958679199219 252.0 140.0
341.42547607421875 338.6223449707031 252.0 140.0
339.60479736328125 336.265380859375 252.0 140.0
342.8544921875 337.9261779785156 252.0 140.0
337.25439453125 334.4728698730469 252.0 140.0
336.54608154296875 331.8803405761719 252.0 140.0
334.8927001953125 329.90765380859375 252.0 140.0
333.4455261230469 327.6965637207031 252.0 140.0
334.6700134277344 328.7138366699219 252.0 140.0
333.8544616699219 328.9891662597656 252.0 140.0
336.4570617675781 331.38665771484375 252.0 140.0
334.3340759277344 328.6973571777344 252.0 140.0
338.96685791015625 335.5850830078125 252.0 140.0
372.756103515625 366.2718200683594 252.0 140.0
368.44610595703125 361.0016174316406 252.0 140.0
363.4122619628906 357.3748779296875 252.0 140.0
369.495361328125 364.3641052246094 252.0 140.0
370.03765869140625 362.6437072753906 252.0 140.0
370.5625915527344 362.3385314941406 252.0 140.0
368.6738586425781 363.0508728027344 252.0 140.0
369.24700927734375 363.2597961425781 252.0 140.0
380.72467041015625 375.3192138671875 252.0 140.0
365.4052429199219 360.2127685546875 252.0 140.0
366.1324768066406 359.05914306640625 252.0 140.0
362.8602294921875 358.6327819824219 252.0 140.0
362.2742614746094 360.22528076171875 252.0 140.0
361.9598693847656 359.6423645019531 252.0 140.0
361.1365661621094 359.70751953125 252.0 140.0
362.04443359375 359.84637451171875 252.0 140.0
361.7232360839844 359.7311706542969 252.0 140.0
356.74249267578125 355.6952819824219 252.0 140.0
357.9827575683594 357.4002685546875 252.0 140.0
356.09375 356.17919921875 252.0 140.0
356.6541442871094 356.8700256347656 252.0 140.0
358.85748291015625 359.44488525390625 252.0 140.0
357.003173828125 356.37841796875 252.0 140.0
359.0233154296875 359.7760925292969 252.0 140.0
358.57659912109375 359.25384521484375 252.0 140.0
358.1218566894531 358.111328125 252.0 140.0
357.25469970703125 358.232666015625 252.0 140.0
359.9031677246094 358.9818115234375 252.0 140.0
361.2836608886719 358.3341064453125 252.0 140.0
359.61236572265625 358.3655700683594 252.0 140.0
359.76116943359375 358.32147216796875 252.0 140.0
360.15411376953125 358.5592041015625 252.0 140.0
359.5832214355469 358.2887268066406 252.0 140.0
359.8630676269531 358.51922607421875 252.0 140.0
364.6646728515625 361.80078125 252.0 140.0
363.4623107910156 362.1656188964844 252.0 140.0
361.66552734375 361.2661437988281 252.0 140.0
362.2998352050781 359.99322509765625 252.0 140.0
363.0441589355469 358.25347900390625 252.0 140.0
361.8148498535156 358.88800048828125 252.0 140.0
362.6195068359375 360.31573486328125 252.0 140.0
368.4552917480469 367.3250427246094 252.0 140.0
369.4490966796875 368.72344970703125 252.0 140.0
368.9849853515625 366.32977294921875 252.0 140.0
369.3409118652344 367.4775390625 252.0 140.0
369.05902099609375 366.09295654296875 252.0 140.0
368.466552734375 365.9285888671875 252.0 140.0
368.3917236328125 365.75225830078125 252.0 140.0
368.55218505859375 365.1988525390625 252.0 140.0
368.5469055175781 364.5657653808594 252.0 140.0
370.6390075683594 366.4503173828125 252.0 140.0
384.5352783203125 377.3390808105469 252.0 140.0
384.70892333984375 373.6158142089844 252.0 140.0
382.0311584472656 372.83123779296875 252.0 140.0
381.6753234863281 372.7311706542969 252.0 140.0
380.5973815917969 373.17742919921875 252.0 140.0
380.760986328125 374.3222961425781 252.0 140.0
380.4412536621094 373.8200988769531 252.0 140.0
380.58441162109375 374.24908447265625 252.0 140.0
380.6416931152344 374.7756652832031 252.0 140.0
382.8420104980469 376.7691650390625 252.0 140.0
380.73583984375 375.1219177246094 252.0 140.0
381.8360290527344 375.7784423828125 252.0 140.0
381.0327453613281 374.9459228515625 252.0 140.0
379.7128601074219 373.49810791015625 252.0 140.0
380.38031005859375 375.6731262207031 252.0 140.0
380.935546875 375.376220703125 252.0 140.0
380.9859619140625 374.5932312011719 252.0 140.0
376.5318908691406 364.6473693847656 252.0 140.0
373.0929870605469 365.94586181640625 252.0 140.0
375.69189453125 367.31658935546875 252.0 140.0
376.0772705078125 366.0957946777344 252.0 140.0
377.1947326660156 365.68560791015625 252.0 140.0
376.1926574707031 365.12371826171875 252.0 140.0
377.1196594238281 365.8906555175781 252.0 140.0
376.7476501464844 366.7010803222656 252.0 140.0
377.4617004394531 369.4729309082031 252.0 140.0
379.5406188964844 369.76611328125 252.0 140.0
378.93743896484375 371.802001953125 252.0 140.0
378.1283874511719 371.8988952636719 252.0 140.0
380.8555603027344 372.10321044921875 252.0 140.0
375.96405029296875 370.35009765625 252.0 140.0
378.8057556152344 373.5152282714844 252.0 140.0
379.9441833496094 374.42059326171875 252.0 140.0
379.1631164550781 373.3501281738281 252.0 140.0
361.5010986328125 355.6623229980469 252.0 140.0
360.80865478515625 355.49530029296875 252.0 140.0
361.5924377441406 356.7839660644531 252.0 140.0
361.8599548339844 356.9527282714844 252.0 140.0
366.6337585449219 364.30535888671875 252.0 140.0
363.87713623046875 363.0701599121094 252.0 140.0
366.8795166015625 360.9881286621094 252.0 140.0
355.84637451171875 353.42413330078125 252.0 140.0
358.3335266113281 356.0517272949219 252.0 140.0
357.9216613769531 354.2643127441406 252.0 140.0
364.46539306640625 361.3013916015625 252.0 140.0
358.0321044921875 356.2508239746094 252.0 140.0
359.7628479003906 357.5003356933594 252.0 140.0
359.0252380371094 357.61968994140625 252.0 140.0
359.8489074707031 358.63555908203125 252.0 140.0
363.6050720214844 359.54254150390625 252.0 140.0
363.78765869140625 360.5628356933594 252.0 140.0
380.4684143066406 374.89520263671875 252.0 140.0
380.2873840332031 376.887451171875 252.0 140.0
373.6056823730469 371.15423583984375 252.0 140.0
380.4241638183594 376.49957275390625 252.0 140.0
383.07366943359375 377.5231018066406 252.0 140.0
378.11358642578125 376.6491394042969 252.0 140.0
377.8265686035156 373.9349060058594 252.0 140.0
380.104736328125 376.7406311035156 252.0 140.0
377.1639099121094 373.7129821777344 252.0 140.0
378.90386962890625 377.655517578125 252.0 140.0
377.4255676269531 372.5671081542969 252.0 140.0
384.2032165527344 378.4663391113281 252.0 140.0
370.92095947265625 366.3830871582031 252.0 140.0
372.08380126953125 367.6245422363281 252.0 140.0
372.7347412109375 367.47930908203125 252.0 140.0
372.3862609863281 367.5984802246094 252.0 140.0
368.4266662597656 364.73919677734375 252.0 140.0
360.10809326171875 343.4327697753906 252.0 140.0
372.8829040527344 362.70538330078125 252.0 140.0
359.4837646484375 360.66339111328125 252.0 140.0
363.5113220214844 362.5068359375 252.0 140.0
371.9934387207031 368.9262390136719 252.0 140.0
366.1087341308594 362.3314208984375 252.0 140.0
366.1221618652344 363.6737060546875 252.0 140.0
378.40765380859375 380.374755859375 252.0 140.0
372.46337890625 371.92413330078125 252.0 140.0
364.07745361328125 360.6401672363281 252.0 140.0
366.7240905761719 362.1375732421875 252.0 140.0
365.8449401855469 361.7945861816406 252.0 140.0
362.02215576171875 357.8051452636719 252.0 140.0
362.69189453125 358.00592041015625 252.0 140.0
364.8699645996094 359.8284912109375 252.0 140.0
363.0718994140625 357.84112548828125 252.0 140.0
363.8646240234375 360.18206787109375 252.0 140.0
336.2333068847656 324.7662353515625 252.0 140.0
336.34283447265625 324.81524658203125 252.0 140.0
337.2186584472656 330.635498046875 252.0 140.0
344.66558837890625 332.88568115234375 252.0 140.0
341.3674011230469 330.8997497558594 252.0 140.0
341.8106994628906 331.67242431640625 252.0 140.0
340.2631530761719 330.0437927246094 252.0 140.0
340.35791015625 330.4062805175781 252.0 140.0
339.79083251953125 330.5308532714844 252.0 140.0
340.5813903808594 330.0806884765625 252.0 140.0
336.72796630859375 327.8599853515625 252.0 140.0
338.7325134277344 328.9556579589844 252.0 140.0
336.18359375 325.9379577636719 252.0 140.0
338.1150207519531 326.5535888671875 252.0 140.0
331.6799011230469 319.19384765625 252.0 140.0
329.5693664550781 318.94891357421875 252.0 140.0
328.1351318359375 318.8699035644531 252.0 140.0
355.7431640625 350.4314880371094 252.0 140.0
353.4320983886719 350.7301330566406 252.0 140.0
354.4093017578125 352.5282897949219 252.0 140.0
354.12347412109375 350.7000427246094 252.0 140.0
355.6324462890625 344.4908752441406 252.0 140.0
350.4227294921875 344.6856994628906 252.0 140.0
349.1942138671875 344.1534118652344 252.0 140.0
349.013671875 344.64202880859375 252.0 140.0
352.8283386230469 348.374267578125 252.0 140.0
350.221435546875 347.4251708984375 252.0 140.0
354.2022399902344 350.85211181640625 252.0 140.0
355.52520751953125 348.6323547363281 252.0 140.0
366.21051025390625 359.25177001953125 252.0 140.0
365.1944274902344 358.1465759277344 252.0 140.0
365.332275390625 357.0323486328125 252.0 140.0
347.167236328125 343.3853759765625 252.0 140.0
355.6880798339844 351.0659484863281 252.0 140.0
383.637939453125 380.2976989746094 252.0 140.0
381.8412780761719 376.6458435058594 252.0 140.0
381.3271179199219 378.3892822265625 252.0 140.0
380.3593444824219 377.7416687011719 252.0 140.0
376.343017578125 373.67303466796875 252.0 140.0
372.93841552734375 368.0425109863281 252.0 140.0
376.00244140625 372.174072265625 252.0 140.0
380.1199645996094 376.2779846191406 252.0 140.0
370.983642578125 368.47149658203125 252.0 140.0
371.2683410644531 369.1228332519531 252.0 140.0
369.41497802734375 367.3121337890625 252.0 140.0
369.0841369628906 367.66497802734375 252.0 140.0
368.59759521484375 366.2354431152344 252.0 140.0
369.52972412109375 366.683837890625 252.0 140.0
369.96514892578125 368.50836181640625 252.0 140.0
370.2701416015625 369.1607666015625 252.0 140.0
371.9565734863281 367.231689453125 252.0 140.0
388.0391845703125 385.41937255859375 252.0 140.0
388.2453918457031 385.1085205078125 252.0 140.0
390.7093505859375 387.13592529296875 252.0 140.0
388.88427734375 385.2308044433594 252.0 140.0
385.9989318847656 383.21038818359375 252.0 140.0
385.4591979980469 383.1930236816406 252.0 140.0
379.7552490234375 378.3219909667969 252.0 140.0
382.5313415527344 382.5311584472656 252.0 140.0
381.88818359375 380.423095703125 252.0 140.0
387.5380859375 386.37396240234375 252.0 140.0
383.6026611328125 383.4447937011719 252.0 140.0
382.391845703125 381.41351318359375 252.0 140.0
383.056640625 382.6380310058594 252.0 140.0
385.2386779785156 382.82830810546875 252.0 140.0
380.9559326171875 379.29925537109375 252.0 140.0
388.91180419921875 387.1573181152344 252.0 140.0
392.1139831542969 390.22021484375 252.0 140.0
374.28436279296875 368.6648254394531 252.0 140.0
387.9275207519531 384.5900573730469 252.0 140.0
380.6104431152344 377.5189208984375 252.0 140.0
384.9135437011719 381.55816650390625 252.0 140.0
389.6197509765625 382.84814453125 252.0 140.0
385.2880859375 379.57830810546875 252.0 140.0
