19 883 1 0.54708344850893897 0.36088364136490042 -0.60559062549144127 0.45135650220159917 -0.70771627250661662 -0.36367130280307686 -0.35755311859966094
18 838 1 0.50378464758218588 0.40724905918381016 -0.53431710655757392 0.54300502971366338 -0.64850736849990331 -0.30680353862008142 -0.22025471870185515
17 796 1 0.28002206853685269 0.52493117904189068 -0.66308451885129027 0.45426183997974723 -0.68110457128337876 0.36538682437242165 -0.29646601883294016
16 751 1 0.084285403414260981 0.70480766758520796 -0.66322791652371527 0.23721478290360912 0.17331805078141135 0.86384621380731452 0.22473675859598477
15 709 1 0.11041549694963024 0.77287567872941121 -0.62149410657883353 0.064935958834036134 0.062850048408534975 1.3737898966263165 0.51689074547394742
14 664 1 0.090005175362618803 0.69891500763521897 -0.69130959646077794 0.1597119981449186 -0.76597365390610128 1.2473542679624381 0.54458163576129326
13 622 1 0.10455673414014412 0.62450977775595939 -0.70337151916533935 0.32299215603508413 -0.85012366281156759 0.88027628480653597 0.046947390459673534
12 577 1 0.28990316169640268 0.53931972369443382 -0.69215121751850761 0.38212181900571551 -0.77023563795599859 0.29100373666023566 -0.10089993815306197
11 535 1 0.46528431002340548 0.25447030869717741 -0.68254394503550764 0.50288083671280703 -0.55472700431740951 0.0744887558918709 -0.24449758120114379
10 490 1 0.42916050569970415 0.28264121961116612 -0.64348374158697097 0.56733048185120394 -0.22928156952369272 -0.27049828127151848 -0.30198017869969168
9 448 1 0.38322244685052792 0.34271035484896534 -0.58713711517970391 0.62526808401488543 0.63906276794856776 -0.46949690752832762 -0.097773456278031023
8 403 1 0.39173031704952627 0.24114234787371308 -0.56064671379430586 0.68852958475135728 0.36178277136336362 -0.81758869758474528 0.036613032839258083
7 361 1 0.52431394743128412 0.19422464857889182 -0.48426370687834547 0.67294898217760502 -0.056421725668782112 -0.56257905364922289 -0.081077260299634288
6 316 1 0.35508690800695614 0.358211836340044 -0.62528780698855901 0.59549368300544681 0.11152461142577973 -0.083607103814483968 0.070331159009223279
5 274 1 0.31881119193733692 0.28721406356929613 -0.67857763638822344 0.59615425602546768 0.45748257066401882 0.081108249585454428 -0.044804488952417731
4 229 1 0.07247154607140871 0.4807985296577667 -0.67866073670990212 0.5504545878974233 0.49888607901476328 0.96008641791473004 -0.010054502695636878
3 187 1 -0.032951089666637436 0.58288311120087433 -0.69540979266248182 0.4190068312518242 0.16768310377847559 1.3597603064946386 0.39864206092098081
2 142 1 -0.076628044147914076 0.62105436360134192 -0.69573690193325199 0.3526610037842548 -0.23212337640094269 1.1887120294605595 0.42745240697135428
1 100 1 0.065315577869219293 0.57564318409237925 -0.70077921717642344 0.41626588698714706 -0.054141227529972011 0.82719544825393798 0.27528580641849115
0 55 1 0.20747837257053023 0.47209699793823523 -0.65635183255444463 0.55070810903382628 0.018340270907617487 0.39454810550088265 0.11392185635845103
