12 1594 1 -0.024532957816785123 0.64926166884905068 -0.74093873965834545 0.16990351208144097 -0.0317902363806409 -0.56737466174107754 -0.14834818874249636
11 1466 1 -0.024281496073615357 0.65398549362792746 -0.72779479452337692 0.20500760994982259 -0.049902490059971154 -0.58644499294772867 -0.10918761266805867
10 1338 1 0.081430970773794784 0.66474128939642541 -0.74172490372864441 0.036499073401217774 0.20763248074016466 -0.40419848242617457 -0.065503111579841081
9 1210 1 -0.0063143039287036178 0.64246223049820417 -0.74213237695794432 0.19089773969306048 -0.084920907486945973 -0.41800424323037189 -0.074241382185811888
8 1082 1 -0.040873012739132034 0.60551422170768188 -0.7687165829078545 0.2018829841810334 -0.00086148147232804353 -0.31877514754911312 -0.13677714269817651
7 954 1 -0.080767704817320318 0.67971347936599713 -0.72730434464127414 -0.049945511236138614 0.21135599185152559 -0.13107406190668411 -0.098702808126697225
6 826 1 -0.29186459655643443 0.73129054348559153 -0.60319829960816873 -0.12720459753999219 0.22355741407068064 -0.2720256212079934 -0.24416171454072697
5 698 1 -0.067913740720375815 0.661750071481647 -0.73216254560387151 0.14633035751428797 -0.080920508743922467 -0.26374224779589617 -0.007242711510932311
4 570 1 0.043561179534317207 0.68846463396158497 -0.71580465697775608 0.10836311397646688 0.061180895282794724 -0.0036253804308488042 0.035286906335212961
3 442 1 -0.25648771788090996 0.84750059451429327 -0.45944760176591881 -0.069747359130712297 0.14871217260146122 0.31266594995926877 0.2103950916952757
2 314 1 -0.27782197483264903 0.76496992470222214 -0.57735164598683741 -0.065582325953363732 0.19937143210695984 0.32609516863949961 0.20247734064133172
1 186 1 -0.26737815708249535 0.74941061532295505 -0.60531416179313224 -0.022077506406201573 0.065049321937488788 0.13128506932766956 0.081562916261050222
0 58 1 -0.14641848591646137 0.69972787211776977 -0.68627868674538739 0.13403020585858841 -0.02464600945271354 0.04844053853726437 -0.0014912813445846543
