19 867 1 0.52387171339357907 0.3975717921256422 -0.59104173117653702 0.46708111717336959 -0.65763884592941191 -0.39524321670308615 -0.28811915745792721
18 824 1 0.44076955026817294 0.44347822529282738 -0.59451496343097765 0.50557019839403128 -0.66563242662674726 -0.1236364278894396 -0.23007501184820736
17 780 1 0.1743260814728429 0.65746986058699941 -0.65423038477999829 0.33064543451959327 -0.70997903347655378 0.49368190281360391 -0.090356540621764944
16 737 1 0.04034187136350962 0.74717584670365356 -0.61997776838001972 0.23606853714991113 0.052428945155306654 1.1928397361202814 0.35627958471601417
15 693 1 0.20569821310752537 0.70996629607346928 -0.67142086744395624 0.053198894019473676 0.031282899772293503 1.4693080955652371 0.35286230222841342
14 650 1 0.015254764613949156 0.71147023209711657 -0.67942750366848892 0.17876148426060268 -1.0371950411148616 1.0908942751533024 0.55044572361631017
13 606 1 0.17030025384013453 0.61694594166322858 -0.66630404260368403 0.38264141362017501 -0.84638461766614337 0.62576668289988402 -0.13639457325495952
12 563 1 0.38809946995750305 0.40686611276849138 -0.71087927719686572 0.42248008349675414 -0.62653920444680067 0.18545800208777946 -0.25618733023035939
11 519 1 0.43692396423802898 0.30673983398598259 -0.6697800409524064 0.5161422482829422 -0.54784262908194736 -0.086261244682386828 -0.33432712726132913
10 476 1 0.46225997035531202 0.33981961475826389 -0.58557113032904495 0.57266464929993344 0.034154819520392905 -0.38567973806401634 -0.28052572473213583
9 432 1 0.35238978569413848 0.23824804838150612 -0.60765898108916561 0.67067866305893464 0.57060372632949174 -0.68237486924505941 0.080031304160381678
8 389 1 0.4542458465996746 0.28510413690775432 -0.52700158560733468 0.65927662686643496 0.17652853697865872 -0.85682192101447485 -0.091273159638667195
7 345 1 0.4929774034916502 0.22775086251846025 -0.53909454672747326 0.64380112919862797 -0.046449194864227598 -0.30410486065641223 -0.15641972451973704
6 302 1 0.3062502489069398 0.32651689511779047 -0.64835625368197169 0.61581788749479682 0.16741869795567735 -0.042713583116689852 0.11391792571794612
5 258 1 0.22849551453530351 0.36381578854031221 -0.68620270420213514 0.58698698502753444 0.55909887340876485 0.43188768706766106 -0.075094909155612399
4 215 1 0.046506036250431891 0.55548666007238712 -0.67555254190688252 0.48259768150815607 0.34035189357593049 1.1997506995880087 0.10641026562867348
3 171 1 -0.047082923522209795 0.59135217204423174 -0.71543212198917538 0.36911066871229414 0.059581722776324522 1.3244830340100739 0.43345996224950356
2 128 1 -0.017046157885341164 0.62103236903083014 -0.68588793206624366 0.37892739378830204 -0.18950934162623995 1.1071162797937093 0.31815755518101657
1 84 1 0.13546028250970249 0.53480134586994543 -0.69038054339649002 0.46798796738554488 0.017003653087761191 0.64640402280145226 0.11745988880798471
0 41 1 0.26981605927241992 0.44978199112691875 -0.65048144466587998 0.5493353663855951 0.043991505512712005 0.25424198885141458 0.14566330958220505
