18 852 1 0.1507623845783248 0.30778302001251073 -0.72078757387982328 0.60249945172479125 0.32721620194289697 -0.10160702996839158 -0.77064112338472879
17 809 1 -0.0082617829600543664 0.52803825477253197 -0.66879045404521009 0.52328450485094757 0.35795722285606296 0.37663045025379616 -0.658092609179734
16 765 1 0.26172596252034175 0.17589028347003574 -0.62427256370964401 0.71473484238773455 0.82859067774663187 -0.50332379587850384 -0.34368790159250634
15 722 1 -0.63749920786263359 0.23645089086481919 0.42691192621799939 -0.59618113307667309 -0.49978062908637122 -0.97930992524116645 0.38898007124816464
14 678 1 -0.51497932242741806 0.13495009341508543 0.48398830318801733 -0.69450708573537312 -0.43060205270126051 -0.93673823191146455 0.14040359992374801
13 635 1 0.49990819529584679 0.061373696184125526 -0.41646427590645313 0.75689006638115019 -0.566013478988868 -0.7738624132487798 -0.1867797923926364
12 593 1 0.37140155378568346 0.19762224028139783 -0.53201680099721826 0.73482274015467686 -0.49658922200315508 -0.60852426737119703 -0.45495709660104278
11 548 1 0.14891043665850093 0.36669776665155163 -0.68234717870819817 0.61462245118113046 -0.45099870912494544 -0.10091625370550637 -0.85703354101150686
10 504 1 -0.069065592563441539 0.55057222030335973 -0.7465127807547014 0.36717685428683083 -0.75455782927403103 0.6300006432875247 -0.5833356942631015
9 461 1 -0.018098214438235997 0.63026127766270279 -0.74694770571024383 0.21097938630901408 -1.0648145496957326 0.8121677493615711 -0.31692035150729003
8 417 1 0.072216947019644359 0.65698246506302038 -0.73612913012128067 0.14585148936423536 -1.0154691635470767 0.99879465944877965 -0.054273974778788085
7 374 1 -0.0061384354481544895 0.64724079201499896 -0.71707740113783214 0.25853757471489169 -0.52895945492624541 0.90681737842809629 -0.090942986445873286
6 330 1 -0.064783226244927328 0.66413195168527805 -0.72578014089161558 0.16725750038592851 -0.051979743324579171 0.92624399432318572 0.38884455314518113
5 287 1 -0.41470263398409835 0.65347347706179348 -0.62183379522939031 0.11965312889362015 -0.3893710900966828 0.93865824396116004 0.77338880125501874
4 243 1 -0.52602064323778519 0.66439264278061827 -0.48911976929916579 0.2065104122978384 -0.56572885775106951 0.84407091400838941 0.39492720243719648
3 200 1 -0.14069481584615032 0.59227612611441904 -0.71657553123029616 0.3404900398997503 0.094795139152258345 0.58240233930150009 -0.060143026402887996
2 156 1 0.17335756400606259 0.36593844216865212 -0.73719303331298114 0.54090908957039163 0.26068669901374025 -0.22290379754893072 -0.19657265795269144
1 113 1 0.30615067136520374 0.35169010282955276 -0.65448707462242595 0.59517435020887177 -0.14967239001847912 -0.47283275629848487 -0.32307763712928822
0 69 1 0.34270027484190491 0.3691333503750317 -0.61160599949366579 0.61011080358205527 -0.28123548985017205 -0.10447666949952353 -0.1848445679063046
