19 867 1 0.26861536716191803 0.29559364591383924 -0.68201140188656251 0.6126423334348986 -0.031577295046448302 -0.36594627005093711 -0.77710911197692567
18 824 1 -0.033768574562331434 0.55476138755111803 -0.64325602676550009 0.52661292263316972 0.24705791497295135 0.51902219541946149 -0.74886009172698609
17 780 1 0.20236747309175393 0.27650430773592521 -0.66925838001004312 0.65930720792682673 0.70182287689595246 -0.24937482223329266 -0.52835168765490259
15 693 1 -0.56915596920507072 0.12806361861672169 0.46213654125742354 -0.66790044882426403 -0.44478473794211376 -0.97431948843622773 0.264340715314488
14 650 1 0.4921017012490369 0.056815075496022903 -0.48463644553400936 0.72092681909077705 -0.52264419056386902 -0.92873523131941527 -0.15808189983923282
13 606 1 0.40563998351542441 0.19234676585745303 -0.54059916282955034 0.71148539731028493 -0.52964911229806944 -0.57209157641830266 -0.43801066123760185
12 563 1 0.31880153094468361 0.27090733228250646 -0.60996521775136325 0.67299125872215726 -0.60815419880071786 -0.37424991755728804 -0.60535263801556816
11 519 1 -0.053749989535221115 0.4977879824987349 -0.76468307446254824 0.40568196747613477 -0.55594903729391132 0.52954640694920296 -0.71563932480157866
10 476 1 -0.066191232196056049 0.61138119869045648 -0.7472050648473052 0.25202448637924607 -0.99054219380593533 0.75614778280839956 -0.41330748415044077
7 345 1 -0.022875671250680303 0.66040335031177932 -0.71783435331455681 0.21922125755336805 -0.2044154348863001 0.92663707791590566 0.26236586099658926
6 302 1 -0.29106244421200234 0.68130584595324906 -0.6571853274988394 0.13860895771740714 -0.22627407777203151 1.0488867682591794 0.66967390840219165
5 258 1 -0.50219867492856418 0.62332579639928309 -0.49849353524565559 0.33281471986900218 -0.52476527632361514 1.0802169441141336 0.25498661776346576
4 215 1 -0.22208494420078512 0.62105275374912039 -0.68496420202276243 0.30950896039903125 0.030077984053449951 0.78951582957508049 0.049502993678570577
3 171 1 0.052488219705048765 0.4375612093776301 -0.74693027990425542 0.4978758196602151 0.24775179249133161 0.07848325080351487 -0.12884611374009527
2 128 1 0.24369596126394596 0.32989622787144213 -0.70848808937411245 0.57430426127171863 0.072853134397395131 -0.40993772976111414 -0.29103355667410208
1 84 1 0.38183999398562685 0.33015128901455293 -0.59192450604696834 0.6283500015883966 -0.27242379130338445 -0.34847670611655818 -0.1836446879131447
0 41 1 0.31325005687445057 0.3779438609273465 -0.62073819261119945 0.611323920756636 -0.14565369561921135 -0.11513466939433943 -0.071311430156668312
