114 895 1 0.48044886799480097 0.17209210299331809 -0.6671931845457888 0.54259234036751813 -0.55499674776557828 -0.44026038530505951 -0.65774118191833975
113 889 1 0.53189612252439555 0.33450160141764179 -0.61458554303092783 0.47694842885780214 -0.6865892801790523 -0.40031737392531558 -0.46060616962202805
112 880 1 0.53139349013969084 0.36935954149547906 -0.60505312088530661 0.46379436030460558 -0.67653885198354113 -0.37613590942529918 -0.35104449866901488
111 874 1 0.53084037192145472 0.38080826228111059 -0.58840300955740243 0.47641942158199613 -0.66591031799676303 -0.3991888360090351 -0.29657074572891678
110 865 1 0.52803120501844047 0.38825551716099715 -0.59204228920828306 0.46896335433574793 -0.66581389803208746 -0.37676132757448005 -0.26847978367168668
109 859 1 0.52461474984283862 0.39509992745575268 -0.59609058914335256 0.46189979552552918 -0.62375496883293868 -0.36186042355165371 -0.26082099577629292
108 850 1 0.52597530718597019 0.3965550744275701 -0.59512443860755448 0.46034872840968277 -0.58888941711300724 -0.31668790429281513 -0.24477025234709035
107 844 1 0.51954548154285995 0.41151261818491269 -0.54435442165682613 0.51420630228115483 -0.6041277565389519 -0.33459005625194904 -0.21558158109230188
106 835 1 0.4920281855656386 0.41686585217477951 -0.54038318426790266 0.54047862127938284 -0.66454584062852851 -0.27552160983308188 -0.22317347142496707
105 829 1 0.45322267337703953 0.44769131579076116 -0.57765844497111063 0.5103649822000571 -0.66722809784720871 -0.19108563995431618 -0.22516557572390927
104 820 1 0.4412130625788257 0.44179736295810945 -0.58853148472001626 0.5135920706030489 -0.67019867008189371 -0.066737371697580511 -0.19920547661995491
103 814 1 0.38922180518165261 0.46718981222235711 -0.61090561967534318 0.5069855910929415 -0.66634595653666662 0.00080248656097547239 -0.24408516644968442
102 805 1 0.35611808499553232 0.49590328443410081 -0.63066379816641605 0.4790856037378875 -0.68175022318763656 0.17788139328907454 -0.27900928233747868
101 799 1 0.30792266770049942 0.51602576042212345 -0.65234331932102985 0.46189743345703715 -0.68568740338988243 0.30807496326229616 -0.29511091300675274
100 790 1 0.22479444277200372 0.56887361257144686 -0.66466707462487007 0.42903141065468975 -0.72001490588937966 0.41066382339311208 -0.26368076335563295
99 784 1 0.19949219644266494 0.60501776235227978 -0.65963514367265808 0.39879549649998974 -0.72663991225032643 0.46647044028431967 -0.20818440625266324
98 775 1 0.14646786960612362 0.67169946781238987 -0.66887993691458392 0.28278369490962191 -0.60840872427322179 0.59082744655209485 0.021722716998348428
97 769 1 0.16767896674647617 0.68225579673925663 -0.66775839929071112 0.24598681286447752 -0.40127381048120858 0.7071527585832369 0.074737337979127502
96 760 1 0.13093867632509751 0.69425480818678653 -0.67740548755224972 0.20490761280601191 -0.010276769408363416 0.76509595874624847 0.16912169783049583
95 754 1 0.10070643327805646 0.70950197856535624 -0.65440802164698053 0.24127846549649259 0.11079635323679113 0.83096444930208568 0.17649200677460278
94 745 1 0.068682094334622121 0.73294438912115578 -0.64394297746178331 0.20835722725952974 0.18321615115333373 0.98790457233429152 0.33012299941247397
93 739 1 0.03196908361909765 0.73670660300198476 -0.62997386437888514 0.24366839964460979 0.09112932574820061 1.1421550023284781 0.37145273033906795
92 730 1 0.024351871152448409 0.7609807246328294 -0.60881024607110557 0.22285737005427589 -0.0027958371539230308 1.2792254233351799 0.41994710317338746
91 724 1 0.007635455338006452 0.78275441382828459 -0.59442406204924958 0.18411209061598846 -0.077162022949716608 1.2815631274441552 0.51693691260541541
90 715 1 0.072921023583704725 0.78490837009113679 -0.60666988155170809 0.1027279402033173 0.0025769003768460865 1.3368925016951476 0.5332257421099611
89 709 1 0.10964708332223506 0.77555984520666366 -0.61838237680972419 0.063934964402110481 0.051208698082219214 1.3717118261550134 0.51977757007036096
88 700 1 0.16306239418475954 0.73774620250226552 -0.65446212463687992 0.028644785075147335 0.12903545954964785 1.435326923422779 0.46568024601392316
87 694 1 0.18568677980024423 0.71682028763285399 -0.67028275732280596 0.049092975883568216 0.048180857048092288 1.4691367098206265 0.41179713838482507
86 685 1 0.23554162308553619 0.68056009201851353 -0.68332664960957223 0.12009494110636329 -0.12171345551633207 1.4774648727004658 0.24200407726739673
85 679 1 0.21001927303532333 0.67947804686652724 -0.6852200365900506 0.15708274964391658 -0.29354323143963829 1.425066305277972 0.25630794979356702
84 670 1 0.13367695880202385 0.69117058889884131 -0.69263759702692929 0.15705682701312973 -0.57101989146161725 1.3053136113613568 0.44995914702047957
83 664 1 0.090357626892439355 0.70061846002847528 -0.69065139119582142 0.15482224830098198 -0.76465405085952776 1.2486518677300096 0.56070461272135819
82 655 1 0.021044421429980011 0.71149058968106482 -0.6826643399864738 0.16525033141509915 -1.0049628937413524 1.1104141234460276 0.5958156071750933
81 649 1 0.0086519051788394898 0.71042720857115782 -0.67952694676381165 0.18292472353517741 -1.0492085722045579 1.0747659177604365 0.55923270605112196
80 640 1 0.013958691831644459 0.69140692754177357 -0.70323118200006363 0.16500763658809089 -0.95961145176107288 1.0178571585604561 0.59575199681004498
79 634 1 0.034097287931933826 0.66962863510508475 -0.71959448065988008 0.18060633822439767 -0.89988327874608687 0.994991003856042 0.51724860111873006
78 625 1 0.0831555097578867 0.63178969962022402 -0.71241556167633124 0.29392346645358319 -0.87548812361625172 0.93096450828444055 0.12913852630780762
77 619 1 0.12041874833735169 0.61281723386928533 -0.70174718670565039 0.34279038620178415 -0.8124586847785058 0.84017566668355825 -0.0097248890122784044
76 610 1 0.15491119062806144 0.61959833512776386 -0.66830092493889615 0.38141093305110646 -0.8503398730181827 0.67069925146719889 -0.11365164409813462
75 604 1 0.17057904263816959 0.61744836435207928 -0.66378175326610012 0.38607524085671419 -0.85635231338343643 0.58741526322915416 -0.12041126351733658
74 595 1 0.21871177438622275 0.59108533867502577 -0.65922921585776884 0.41012208317501198 -0.81217249717735007 0.46132654673969886 -0.11908911545611917
73 589 1 0.23382569595712427 0.56939806492291078 -0.66409662024744109 0.42436666521787153 -0.79211461245228854 0.39351799471589932 -0.12756176946580444
72 580 1 0.26774343843568382 0.55757938257037287 -0.68312167398728707 0.38828270864910475 -0.77820596411831378 0.30529812550433832 -0.094483051911245078
71 574 1 0.3104720374249334 0.51665677048932834 -0.69159716588060605 0.39795257962559039 -0.75975815499922439 0.25973660560721606 -0.13655461160928001
70 565 1 0.36360277483885695 0.43957045190198307 -0.70524826648792782 0.42094622288356848 -0.66055406193255495 0.18484522593285546 -0.22150982799972188
69 559 1 0.39664982241036145 0.38424450240166036 -0.70887222109229853 0.43877699907766443 -0.60239462931020737 0.13703775101975188 -0.27277418585869695
68 550 1 0.33532152429988293 0.36378280824759507 -0.73125853114704442 0.46955564567936309 -0.55326294241552143 0.066850440727134891 -0.33759859905927653
67 544 1 0.37128668924908059 0.34173325046286179 -0.7338251107015642 0.45482445714624981 -0.55878217754239123 0.085283550799014743 -0.28313837561618094
66 535 1 0.46659867752484574 0.25512662788241375 -0.6814113603649038 0.50286641948241551 -0.55920162340386137 0.074795760384574986 -0.24244572078098264
65 529 1 0.46940173787532297 0.26711197866341202 -0.67659500932525529 0.50053210954972838 -0.56264403042527777 0.031570481063021696 -0.24288593740970996
64 520 1 0.43461086507938568 0.30483100680745867 -0.67291626818006833 0.51514575535697615 -0.55611988114783906 -0.072220936626918406 -0.32020447052131046
63 514 1 0.43184947021795272 0.31344100999246571 -0.65961361851248346 0.52931147975482717 -0.53370606899487438 -0.1199500697879237 -0.33143664990808597
62 505 1 0.39039427466322629 0.31569925610439126 -0.63909204558466848 0.58265568501106346 -0.41974222512573711 -0.21530383544639756 -0.35178188112045422
61 499 1 0.40241077602802777 0.30667475665649929 -0.64079784491456226 0.57740305066656006 -0.34709349826811753 -0.22871203642916385 -0.33558688861993519
60 490 1 0.43006670993115681 0.28246125873541 -0.64178934525390441 0.56865164964252302 -0.23073492365711631 -0.27418380325969072 -0.30015516709842099
59 484 1 0.42273229271391849 0.28946592401680132 -0.63939311634877671 0.57330910536614799 -0.12409009176180297 -0.32891002951658271 -0.30729810162256926
58 475 1 0.47383193877770635 0.33238852467024005 -0.5643217503740996 0.5886782860921691 0.05904977273197911 -0.41045900355633269 -0.24875389889148172
57 469 1 0.47682957509331236 0.34873887939814885 -0.52577146090761184 0.61202869312437502 0.25060176598573075 -0.43217345974395044 -0.22213475434119528
56 460 1 0.41334243333484311 0.35783795820241643 -0.56070407415970314 0.6218608925596355 0.48894570337953991 -0.40398287420823958 -0.21108506241782457
55 454 1 0.38398416912358069 0.35698553422843771 -0.57373399484187626 0.62924302886634531 0.59966312178068581 -0.41072979158288453 -0.15439253346836951
54 445 1 0.36155464170637852 0.30938320429459332 -0.58297456364648848 0.6585597407237771 0.66707182947831634 -0.48768644498413255 0.0052315601148976735
53 439 1 0.35201410855647997 0.28437597801260195 -0.60815993686178083 0.6521946501642264 0.63024914398147613 -0.58666163756118495 0.021241468805737424
52 430 1 0.35880272091728638 0.22325113237632471 -0.60802595117728897 0.6721041452408949 0.5371697092545924 -0.70561667230297542 0.098083536002560839
51 424 1 0.36673990668114592 0.19378630707764011 -0.60400524805057132 0.68053388480228016 0.48345501795314733 -0.74184345729079726 0.13460932873334111
50 415 1 0.37016892567110343 0.19327927508305098 -0.58477375044204116 0.69545506618675279 0.4452578065221216 -0.75505622730737099 0.13447824690936594
49 409 1 0.379776805157514 0.20669192075429632 -0.5740386557561642 0.69536152457330236 0.39643054459637372 -0.78638641453503788 0.096762191669071004
48 400 1 0.409297658507354 0.25024598154436345 -0.5571228412860727 0.67783959398859928 0.31409711562880227 -0.83234139883379765 -0.000543535667442239
47 394 1 0.44094291721636358 0.26365176836963289 -0.56007273497439258 0.64990431628863066 0.19579170694863543 -0.86177894865503646 -0.078396039897526734
46 385 1 0.45212013445364863 0.29030610742613266 -0.5096607779390292 0.67197889806398314 0.16495111631208417 -0.83373084178897583 -0.080247206129274468
45 379 1 0.46163201528876613 0.27353462990732769 -0.51801692865938676 0.66613298246235297 0.098324766281906534 -0.78827277997466316 -0.11158295885399272
44 370 1 0.49853598902772761 0.21462731326193851 -0.51841629452369309 0.66078856650098816 -0.018738683219059828 -0.68456103738183627 -0.10632535457880721
43 364 1 0.51635834935237002 0.20591559130927908 -0.49523408583639417 0.66761967057272731 -0.042198279576834266 -0.6030308815454809 -0.090735696836529489
42 355 1 0.52631318038912567 0.2033531466255733 -0.48946795370141066 0.66487822659906348 -0.065319270121363834 -0.46626018119634288 -0.11067280950517816
41 349 1 0.49975490279119789 0.22104450746133519 -0.52763805341962899 0.65037100753406962 -0.054353046388212624 -0.36339502247081973 -0.15133436952050433
40 340 1 0.47699145325884545 0.26678852181808665 -0.54929304163031611 0.63212355798581876 -0.033001627717576629 -0.2196554422285398 -0.12818127885887168
39 334 1 0.43753099917827931 0.32356449922932845 -0.57571718732244248 0.61026417215667039 -0.0045156290632709893 -0.14859063062822675 -0.087192791981965376
38 325 1 0.39707801476305726 0.36908885424532439 -0.58371566543088604 0.60446545790001993 0.049717281734848968 -0.10000126233626495 0.00066578500307287736
37 319 1 0.37507154090939726 0.36389597809568214 -0.6106357425036395 0.59500003890980213 0.089679020649419752 -0.082636848532571527 0.049369251567012537
36 310 1 0.3290909706534893 0.37113738456713263 -0.65482210656961404 0.57023169287469966 0.13591235267188942 -0.077126311824360125 0.086657937680812758
35 304 1 0.29311002331427655 0.33523378516396818 -0.65206297126599166 0.61361120020833171 0.15933897998836638 -0.048373709986993203 0.11899674522827298
34 295 1 0.32239449233367296 0.31487324398042071 -0.64450863986068063 0.6176772981768841 0.22131519764989607 -0.026438969054002118 0.14075335432745256
33 289 1 0.32725230397448862 0.28453651308755445 -0.64724761846332379 0.62690942141342931 0.25975676529976682 -0.014927938877628567 0.11265671999652849
32 280 1 0.31051616144350586 0.29352311322668834 -0.66278983684922999 0.61492562774165993 0.37570250931151733 0.035652902816814214 0.02501660440052984
31 274 1 0.3189286401601138 0.28739111103550374 -0.67870165955195738 0.59586485808849154 0.45761805196624061 0.08356649417626659 -0.04513181594131252
30 265 1 0.28777877797718454 0.32603465872650528 -0.67739286838453738 0.59331583336096683 0.53674800548140322 0.25294432192595578 -0.093464245897134965
29 259 1 0.23491661765798105 0.3589708805663186 -0.68099992979965573 0.59345866348587428 0.55734901482635668 0.40963056875007642 -0.075852801078691315
28 250 1 0.16538576360761562 0.38538359319462018 -0.71406699349088676 0.56056700232819201 0.5765401812033818 0.59081263647747673 -0.0010845909963006948
27 244 1 0.14012427592930968 0.40203421019528224 -0.71194778363929112 0.55844787984112121 0.57018149723522282 0.68485068005774818 0.0012543159881847215
26 235 1 0.099045030963293063 0.46436085544548178 -0.68582606314930283 0.55154482036961372 0.52107663866793141 0.85262010961122925 -0.016312737092913761
25 229 1 0.072780844833323047 0.48116146818647443 -0.67845674478565687 0.55034810403310597 0.49757976167710383 0.96132154307077822 -0.011240205930997678
24 220 1 0.057800362800240659 0.53146831699815944 -0.68388553160010424 0.49648879721031697 0.42290121812135772 1.1151511198658774 0.068616160321583977
23 214 1 0.03639357288931791 0.5544784032765756 -0.67584724058762335 0.4842104042069979 0.33094402476700824 1.2150822209528664 0.13906821519573145
22 205 1 -0.00071646267314812455 0.5780647731179448 -0.68456419542898095 0.44408610324801773 0.23417494671266198 1.31969879070911 0.30235915860853074
21 199 1 -0.015685885951920144 0.5897339958957768 -0.68462880715683494 0.42807845481606843 0.18934863407153832 1.3546990407565238 0.36472390984703512
20 190 1 -0.030679418130814894 0.59093602755910324 -0.69226577259167954 0.41306353595284401 0.16773255636942405 1.358658762774944 0.41088901871463934
19 184 1 -0.033647333567612812 0.58326138785741921 -0.694460214989439 0.41999883354034367 0.14704957209285133 1.3606900701086095 0.38291777144070488
18 175 1 -0.049386484426287465 0.58534408763405488 -0.70635289200880458 0.39496691782814664 0.080387758017385888 1.3389609821937598 0.41395863251223847
17 169 1 -0.056901155310994767 0.59139050244618729 -0.71742550989781173 0.36375839493898277 0.035977601063540164 1.3121058472327412 0.46930952001868709
16 160 1 -0.076994187672240783 0.62256610027015913 -0.69950648301149854 0.34230691796103413 -0.12383899667266683 1.2753152507610541 0.50256544616098719
15 154 1 -0.085066252773354362 0.62305822154036172 -0.70445306582344192 0.32910190406926371 -0.17002353947605961 1.2480182655907617 0.51913721074189723
14 145 1 -0.085395731706904746 0.62400809301523441 -0.69670937737430993 0.34339119431988091 -0.24186716240389411 1.2039786433008035 0.45841687993576408
13 139 1 -0.071123192246453429 0.61501082228723658 -0.69521682746226265 0.36520780770344674 -0.22054117635078113 1.1732424909460044 0.39636837696419724
12 130 1 -0.030745813539240129 0.61417598129302031 -0.69107158694999582 0.37981919470055758 -0.18551768657584131 1.1179071850038544 0.33972704256950009
11 124 1 -0.0083483215876488971 0.60617425723218521 -0.69173600174298633 0.39240843427264022 -0.16776410081813398 1.0649907932635601 0.32280030291705264
10 115 1 0.036196255029472248 0.58023448132315847 -0.71007299503807308 0.39725825293270794 -0.082218135258048497 0.98070374499141888 0.33546312424767011
9 109 1 0.054855018681161258 0.57597479984882072 -0.70012098748033968 0.4184191197282392 -0.075897073063241019 0.93944227530857072 0.29525932093671814
8 100 1 0.06526875597758984 0.57478214762238067 -0.70066233655265397 0.41765747018857136 -0.052108960779053144 0.82718859030599856 0.2747145678320318
7 94 1 0.087734327353004057 0.56370045816760284 -0.69773990749538672 0.43324762290620805 -0.025968282149793052 0.75372664383061339 0.21638190947684133
6 85 1 0.12789375140234549 0.53623468628914639 -0.68985220566579641 0.46925417836248551 0.014041754463842699 0.65230818128218804 0.13362799374751178
5 79 1 0.1489608305133536 0.509078346094059 -0.68938821614319634 0.49334956770408844 0.041904441170015801 0.6082408632542361 0.10218596219526144
4 70 1 0.16477230459092215 0.49654628764033404 -0.68617244466449645 0.50542976569801235 0.046764549610804236 0.54953798099337603 0.10475059655099286
3 64 1 0.18232403818072568 0.48892276448679572 -0.67348249629805723 0.52357788594267418 0.03948302917302568 0.50387476449380342 0.10290141935460136
2 55 1 0.20706327498313917 0.47216864082249277 -0.65648631432531646 0.55064261901950373 0.018731602015871721 0.39696438089677982 0.11499569805799671
1 49 1 0.22481816434901419 0.46022918962342013 -0.66616975699236602 0.54209200406023494 0.028644557394656583 0.31447485832749467 0.1487163503641076
0 40 1 0.26787278569596901 0.44619066264149093 -0.64836238468319973 0.55568361626283647 0.047451716544950999 0.24909135438251256 0.16020610915491196
