19 881 1 -0.60239791734203008 0.66398991355446224 -0.33106172306021947 -0.29433361922199974 -0.59923158229140439 1.0154690106934936 0.1688100642175413
18 839 1 -0.63509498449904056 0.68334152268280535 -0.24191947401197025 -0.26678398028270045 -0.48057381861862963 0.8865296939418732 0.1200865694282832
17 794 1 -0.49319977589703257 0.73895665518299114 -0.44677326093363667 -0.10531237406215571 -0.15614407291308433 0.64092322866109952 -0.1906252864022587
16 752 1 -0.35104738236542377 0.7108870425106204 -0.60652250842704158 -0.059462550367913619 -0.28306659380895377 0.5639434514456827 -0.50046051863921714
15 707 1 -0.20556772261981085 0.63529730718811839 -0.7442429306220012 -0.015546804031866516 -0.59598306448818494 0.40364783424208334 -0.63152689473188273
14 665 1 -0.38883047973739965 0.60219277273330729 -0.69690599621311555 0.022287999846556775 -0.17939594118965657 0.35763028761078453 -0.61022529917304136
13 620 1 -0.23748140475403715 0.61923727036642606 -0.71902889265220327 0.20771431562733808 -0.34660596685084843 -0.29476007881088578 -0.63740609282371286
12 578 1 -0.15397638536150071 0.63297763255360584 -0.72925005264538323 0.20934409510312207 -0.50284685010958308 -0.041132316730962175 -0.48986037151038697
11 533 1 -0.26136987892234392 0.63247232589727242 -0.72633619122836435 0.064033434064452832 -0.56560282551311958 0.42885177459998775 -0.48373746189468853
10 491 1 -0.44886224155623139 0.66963843609060714 -0.58183476334161977 -0.10758885250081651 -0.70856327187209178 0.82232730700965795 -0.36555087293017469
9 446 1 -0.39320497892487394 0.66686367488655773 -0.61451819467912816 -0.15182250186909146 -0.44779985557212204 0.95084805313047172 -0.15180452418622695
8 404 1 -0.46604781288432556 0.74848130603234075 -0.45303148164455481 -0.13167250003245734 -0.1030878670699267 0.80349750950434162 0.018190849700967716
7 359 1 -0.42148202644044791 0.7035269080144082 -0.57145020266837643 0.029111113987815917 0.49582821871327071 0.3334051366721838 0.26946620352826933
6 317 1 -0.3295809929225908 0.63975173269423147 -0.66598013552005886 0.19637858516541989 0.49400078381104806 -0.080672595438826405 0.11385340882881231
5 272 1 -0.38282372256711739 0.62956818504428402 -0.66208321921518987 0.13687844480980921 0.47147079530425728 0.17542188076916573 -0.080036125857574372
4 230 1 -0.49705745121569811 0.72998870518840031 -0.4688930843189249 0.013771563680360357 0.061390973720719687 0.60065881017513756 -0.077075126961391224
3 185 1 -0.55067997638018462 0.71317162680004798 -0.41758009454089495 -0.11732288346486265 -0.36074531605058424 0.71397982883607514 -0.087140010098177359
2 143 1 -0.49174282094394423 0.6917185383308645 -0.5266182098560982 -0.048864330829991885 -0.20461979722169307 0.55444640273566692 -0.099648041606760843
1 98 1 -0.36967169377211823 0.68766837153766103 -0.6226415062879731 0.052655524475961391 -0.091757284251562959 0.32593216696216576 -0.032231823395050187
0 59 1 -0.28464608975347061 0.7150124192496996 -0.63142275392408409 0.095074443115258783 -0.023901806249919482 0.12534659624969602 0.014181564604516014
