19 867 1 0.27402748515979924 0.28896794559910316 -0.67767287457041347 0.6181957124282752 -0.03592569157753938 -0.38720635073202397 -0.77048695617215346
18 824 1 -0.033237291568508812 0.54910132533286482 -0.64712079264774247 0.52784249231171132 0.26579412241001144 0.41644698347859394 -1.0582641249011584
17 780 1 0.20526962235563201 0.27434418425966839 -0.67140556615013558 0.65712572346811182 0.56990565138933402 -0.38611665914217425 -0.87214110867942296
15 693 1 -0.56797218395207738 0.13375570996835418 0.46158023280919402 -0.66817714491546287 -0.43933084930590255 -0.98213351199519139 0.2671514623901512
14 650 1 0.4909515261346109 0.05192568929786312 -0.48355653049651443 0.72280246512530089 -0.52111288132422084 -0.93780971479958464 -0.15718342842927119
13 606 1 0.40391731310225998 0.18605074202710642 -0.5420902816690728 0.71300354282945844 -0.52510688768093849 -0.57162594490679408 -0.44495464269098534
12 563 1 0.31806619234507016 0.26599684547579072 -0.60947449231979778 0.67573694489465497 -0.60847010656832168 -0.37852474159072141 -0.60848472773866913
11 519 1 -0.052775617568882854 0.49221281100798547 -0.767167492106964 0.40791582700865103 -0.5548931683901952 0.53698724412803689 -0.71938602146003949
10 476 1 -0.064395102970669707 0.60689600626636386 -0.75001921973495145 0.25495426711374924 -0.983561199566647 0.75066882544999258 -0.41740095632098728
9 432 1 0.052388732020782855 0.62268051309374883 -0.76009368863701787 0.17827502310961121 -1.0431750551580594 1.0657778114115077 -0.18907301544013333
7 345 1 -0.021059419644238873 0.656042362400726 -0.72138613377233984 0.22083243779145834 -0.19902982983837783 0.9427250288558342 0.27127706973786747
6 302 1 -0.28728495631475204 0.67770023025256443 -0.66240435195947456 0.13932058819858978 -0.22597889172277244 1.0608530710735704 0.68652406231567675
5 258 1 -0.49764411785998752 0.62215618466430511 -0.50242175835547009 0.33592319148029626 -0.53064845893972512 1.0765890621171388 0.26124748720534902
4 215 1 -0.21990928178994029 0.61713056248154019 -0.68893078323477253 0.31010345458471339 0.032344541683933893 0.80129363986351632 0.059348436989032263
3 171 1 0.054285860584056329 0.43235588023948573 -0.74898553403190826 0.49914137072970127 0.25443335299475295 0.082224891202730369 -0.12278370444270381
2 128 1 0.24506685766011588 0.32424696503912415 -0.70926920399687654 0.57597164617813501 0.07893061718335323 -0.41191550760138806 -0.28874900027971995
1 84 1 0.38238329843427704 0.32411376729711538 -0.59211159045228967 0.63098109589674234 -0.26837493209277802 -0.34927830517755709 -0.18242831392573738
0 41 1 0.31429173528267301 0.37192797482339301 -0.6210658926694762 0.61413959621526004 -0.14101274990098056 -0.11392305972148466 -0.067611072865940577
