12 1610 1 0.52477591327101814 0.3426319221291006 -0.52963289715300199 0.57157904181486963 0.059232661096475167 -0.65866514074430316 -0.12270953574750643
11 1482 1 0.49311917012240825 0.33306634513888811 -0.52695280147865331 0.60681219401673991 -0.0094441284892404775 -0.6955244243399562 -0.10832706376484172
10 1354 1 0.54283728337564585 0.43805287435638524 -0.50519997467499522 0.50814402351483201 0.25801069585436159 -0.51782344640465761 -0.10508792921748408
9 1226 1 0.54786079397975873 0.32233145187035461 -0.50363235805825646 0.58506874251808916 0.043541890853527387 -0.46151566142239597 -0.046881589711237209
8 1098 1 0.54296973741132593 0.27350954396677701 -0.52784960290870819 0.59308615758899697 -0.0056916123098519483 -0.37044143865628354 -0.075605363745567727
7 970 1 0.46581818529662522 0.47426727489887571 -0.592049190401431 0.45558942739265074 0.28847253080722096 -0.19758839924299754 -0.084762490537294399
6 842 1 0.18186461283887487 0.66308702496353633 -0.61131396681180572 0.39183682050413204 0.36617926777980891 -0.22960215701153089 -0.27690528858517405
5 714 1 0.46091990009780565 0.35571550344174258 -0.58463006218487701 0.5650017846827774 -0.05873421919065621 -0.33340985918746407 0.0080145969283569214
4 586 1 0.53300229967131441 0.40640542106761762 -0.48916110503227511 0.55809013214313907 0.082815743509241271 -0.0020359151667559763 0.048030619591206025
3 458 1 0.21418020990327452 0.58687496826067798 -0.56341904875425508 0.54061408122214871 0.26040475950503361 0.32221059572535032 0.25373865841857934
2 330 1 0.18939744120963897 0.60368516382886328 -0.58875747852525961 0.50304817236198984 0.26532328846137898 0.48465618346687567 0.29901969523735672
1 202 1 0.24132484232032556 0.5464144854089662 -0.61766465627020462 0.51155048920799073 0.14260021689040986 0.21055888561143099 0.15292220181932331
0 74 1 0.35097324240074468 0.44742515209635297 -0.60420836482585449 0.55817628780227724 0.026749774590928772 0.087193825453533699 0.030440358399657287
