19 883 1 -0.21455065962616504 0.68373634014842555 -0.66228157792056364 0.21875955558892202 -0.59332382469417755 1.0121784068389215 0.30715280818027813
18 838 1 -0.2963018416166372 0.68396055636295228 -0.61176782684861608 0.26484580802269087 -0.48934094169058334 0.86830544591498027 0.23138368401191239
17 796 1 -0.0744533585407927 0.6221941233408339 -0.66739132280416225 0.40239283359403638 -0.17611613635993539 0.70445887832857745 -0.044229379366815001
16 751 1 0.15310857160266172 0.57129476102139698 -0.69065457140019249 0.41614459546570359 -0.25743117433788509 0.65765725336227832 -0.39215342701315076
15 709 1 0.35222345286452272 0.47215403185817256 -0.6881868228635325 0.42356594089853589 -0.5134224390228721 0.46398182191069265 -0.56783741997632498
14 664 1 0.18682904944573855 0.42931677424577763 -0.77862792574772433 0.41775658807515903 -0.13154690782534531 0.41237483015840937 -0.50768791366356281
13 622 1 0.30394069508444804 0.32802864783903624 -0.69050551681660011 0.56852387048770103 -0.27056131997242633 -0.19889953162635357 -0.5734313650452767
12 577 1 0.38173351241867332 0.3329482502948371 -0.63902547014298894 0.57885355369958758 -0.43645883256324713 0.048121898551726855 -0.43366587124386369
11 535 1 0.31635198395599262 0.41375907351815999 -0.70846868374966565 0.47623206052776168 -0.48222739881560156 0.47450981912677132 -0.40482884994407986
9 448 1 0.13954256478783233 0.5937266868551776 -0.71291385934648355 0.34607849265753254 -0.4234194010533921 0.98293752133336743 -0.086198758706820824
8 403 1 -0.041110048310371988 0.64393844198722927 -0.64929953568557564 0.40257093762152618 -0.091036102351474468 0.84840134512372922 0.14134029791797564
7 361 1 0.064597865876855787 0.50030511569507197 -0.713832817156278 0.4857618923755016 0.50043026538798074 0.41882749519226103 0.35902484167125326
6 316 1 0.20595788653208991 0.33873360126174179 -0.71943007624758992 0.57031680822317787 0.53108205857099056 0.0029624899400081815 0.17704912242863471
5 274 1 0.16841034360950824 0.37233526028012537 -0.75034888644269604 0.51959691947861342 0.50689977621243587 0.22950064580000773 0.0066457215026587933
4 229 1 -0.055489494463742482 0.53848763050795589 -0.68046041633683274 0.49388825618027177 0.024150712068388983 0.66681634197818707 0.030020713816354933
3 187 1 -0.12789472451063588 0.60967218791371092 -0.67668681714115075 0.39247638684924235 -0.37369925143053739 0.75062594615249389 0.030060211580719351
2 142 1 -0.0050786888152811399 0.54308028523720553 -0.72104503767116801 0.43026975765951408 -0.19581115625806522 0.60432171274575952 0.0097839198628645388
1 100 1 0.14590928634185185 0.48169765066152248 -0.70788922256745379 0.49555090765654686 -0.06914844185561414 0.41462962110026136 0.05404884553187652
0 55 1 0.22353279247966948 0.46896817297904686 -0.65901761729665964 0.54387289278982232 0.014546336643786014 0.20750172549784984 0.080391211625651215
