19 868 1 -0.26679574058408234 0.72471672284882704 -0.59343975734186349 0.22679276627678802 -0.55901002226513286 0.90465759499446396 0.32084760868293866
18 823 1 -0.23082030851516003 0.66412080043805177 -0.63873559574914807 0.31254181532311603 -0.40886175059103214 0.87670815314558304 0.14882799279753628
17 781 1 0.026032093910530196 0.6030782120121293 -0.66710590682001825 0.43656466802608723 -0.09430681056700034 0.63372966875938586 -0.16800069640444712
15 694 1 0.29365645139176949 0.53318754109725597 -0.67653139661384631 0.41446616746168041 -0.42776047640070486 0.41707834560055473 -0.57402626331285955
14 649 1 0.21407922748827923 0.39819067995205304 -0.75795408375887685 0.47023384998379786 -0.14455644135912063 0.16982046959323341 -0.59459221492980507
13 607 1 0.33966640555499911 0.29659592289789399 -0.68049209228679941 0.57757086473681085 -0.37528653005613843 -0.18432493357302876 -0.52932446865024874
12 562 1 0.36759370454125645 0.3514902516043848 -0.63558579041507335 0.58082714677532776 -0.45319465672041109 0.12702746252417779 -0.41252990236979997
10 475 1 -0.023470870688423164 0.5561114780819264 -0.7654859716341651 0.3228317973898493 -0.59715659153432632 0.91913218013000131 -0.098660082945906724
9 433 1 0.065845702708149337 0.56475325603105209 -0.74938331749501552 0.3393269024073392 -0.24722461713420729 1.0033986694452919 -0.0025873240801824065
8 388 1 -0.033589220417421177 0.59806153519204497 -0.66136856969581037 0.45142638316119971 0.19348488136343006 0.75700258454024372 0.22596584619091759
7 346 1 0.12950567877044547 0.45476727936529304 -0.71363091892457098 0.51686159882483818 0.57287362489527383 0.24175127824726986 0.34652845774812918
6 301 1 0.19494951568058602 0.35221062808640663 -0.74579621569607468 0.53078278462314332 0.52874653674179772 -0.0027523828147354009 0.078241031167404704
5 259 1 0.062987380968668502 0.43804646933078611 -0.7336571826222068 0.51565009350565094 0.42863328301283321 0.44445895700056459 0.064737521890845445
4 214 1 -0.10921385030521207 0.6062689389996645 -0.66453960624534436 0.42296267002776333 -0.21234318017226128 0.71758828144244491 0.074722143478978348
3 172 1 -0.082932904071931532 0.60387814331797107 -0.69710895919219362 0.37748168228274648 -0.34099030771625044 0.70297523222557257 0.031517905597717777
2 127 1 0.035520508031812482 0.5544444630121933 -0.70547450041100968 0.44004018022689573 -0.17593602246234757 0.51846558237389317 0.055657024570474473
1 85 1 0.16114965550736438 0.46908750347409056 -0.70177285238429976 0.51137321622344145 -0.03240162354695339 0.34406403809233366 0.079535419503419413
0 40 1 0.24019549238210688 0.46957580025519519 -0.65805606728871258 0.53737036163015517 0.039181927888337839 0.13291709845790725 0.07526694505796229
