19 881 1 0.5357474519699853 0.36688919631270672 -0.60952334965030319 0.45480575146732549 -0.68118390378846283 -0.36589552936087305 -0.36292233897863801
18 839 1 0.50896671632239709 0.40581051875171559 -0.53673060541133888 0.53683420323339848 -0.63784661254694708 -0.31225461693218204 -0.22620161197364391
17 794 1 0.26112002701927456 0.53887465477668872 -0.66751282264213996 0.44255741948032112 -0.68502681296590628 0.38906868207284978 -0.29594580508084412
16 752 1 0.091335181150435138 0.70803116121267851 -0.65914837274385152 0.2363750878269027 0.14583543923784267 0.85175091602744168 0.19437300956547809
15 707 1 0.13235547836034681 0.77516735556332861 -0.61540532712124885 0.053608596024786501 0.047009246497499345 1.3910049099313382 0.48031064869467516
14 665 1 0.10300869990029643 0.69692041538897098 -0.69369563999625317 0.14992498593998146 -0.72195223291244448 1.2645713520903612 0.54274784351870009
13 620 1 0.11538852959667205 0.61751050908016891 -0.70315526543787521 0.33307496318405522 -0.81841534279072392 0.85394604767407145 0.00032214037760610025
12 578 1 0.28035056253347579 0.54662883627369041 -0.69181887222839744 0.3794563551580904 -0.76915767862161377 0.29852365927598223 -0.10857330952449218
11 533 1 0.47370278874209343 0.2598838613680598 -0.68094659660231427 0.49434580924097643 -0.55583824200402143 0.069058964881033996 -0.23801492737581026
10 491 1 0.42833752593828517 0.28385859496825783 -0.64410164780460522 0.56664303510332481 -0.23878537929264879 -0.26342187966456637 -0.31086410164993877
9 446 1 0.37068307803573564 0.319600728256142 -0.59291613665337783 0.63945280127006199 0.66009862451570844 -0.49316905437315139 -0.039903957944967372
8 404 1 0.38493384456479296 0.22543502369995727 -0.56440953317849085 0.69458395047337917 0.37715514796026117 -0.81396467431961861 0.053535812266183015
7 359 1 0.52432801538078244 0.19620096345068719 -0.49114853851663925 0.66735180178137044 -0.056058667349815232 -0.53015479710270663 -0.10441707163530184
6 317 1 0.36243881601001826 0.35787828855884912 -0.62106081739873675 0.59568842218013474 0.10456879041836294 -0.087645932723477663 0.052950936131784442
5 272 1 0.32299327264198241 0.29578311119013945 -0.68242432963245281 0.58522195044991354 0.47726930711540921 0.10779064976009634 -0.077052667773851224
4 230 1 0.07916893593160694 0.48148109348280999 -0.67807754946435295 0.54965359374288891 0.49872550340368743 0.93737159498561895 -0.02798354124048702
3 185 1 -0.031682952209403828 0.58643349541196566 -0.69404971308652708 0.41639757655720144 0.15202106468111257 1.3558422263292986 0.37679579330531421
2 143 1 -0.077984663630393344 0.62332207141764828 -0.69571226635094296 0.3483854617674243 -0.23262727419156837 1.1935392466451751 0.42403753416607026
1 98 1 0.073803986340693198 0.57437203754370891 -0.70074474958833766 0.41666116931205521 -0.042603799211618935 0.80218562351348022 0.24693750160323463
0 56 1 0.20329721558673772 0.47684951854974322 -0.66040246100116484 0.54328019317582577 0.02061705919537881 0.40899291178445618 0.10412704860754017
