19 868 1 0.51994887240662446 0.39422384913973746 -0.58558340487693972 0.48097068807283827 -0.64973451431333251 -0.41999693782350733 -0.27938489700160424
18 823 1 0.43253699551190777 0.44454089065447483 -0.59309835568335167 0.51335122921384213 -0.66228914516519788 -0.11272536996224435 -0.21417838701287883
17 781 1 0.18550312824799564 0.64009780585225207 -0.65624711837336702 0.35384051206721989 -0.71647956915854172 0.49025652829662358 -0.10642531612736802
16 736 1 0.033132414869193307 0.74271076964527116 -0.62205289863545199 0.24562806646858748 0.054471939256558445 1.203961622986536 0.37181041932698211
15 694 1 0.19671873698639378 0.70853044740447746 -0.67548657441154902 0.054810869442476332 0.027712457318118881 1.4983778478748793 0.36996593844799802
14 649 1 0.0034421045487242918 0.7094943165167088 -0.68103341992797461 0.1811061779398227 -1.0453885755083128 1.078434564158927 0.57226527475502365
13 607 1 0.16056035355226025 0.61568982707852216 -0.66856979050827137 0.38491667269542773 -0.84824797938454011 0.64664598265420803 -0.11430023252299171
12 562 1 0.38847004719747963 0.40659451629558524 -0.70179404304442805 0.43732944435071203 -0.62092761629234217 0.15586666380567965 -0.24585510051490275
11 520 1 0.4342165417502904 0.30444960077372618 -0.67233589871750343 0.516459944966562 -0.55159082173285889 -0.068948926198101362 -0.31734704443092282
10 475 1 0.47157799575922538 0.33487857606555621 -0.5634255536403735 0.58993404607045363 0.062379069880608755 -0.4015413443049265 -0.24289487039595845
9 433 1 0.34988892801661131 0.24649084787332998 -0.60357431400911166 0.67269461677235387 0.58166115864122048 -0.66786562712647513 0.081391321665289174
8 388 1 0.45661492897588452 0.28462667926851631 -0.51855869400864685 0.66452038415158621 0.1630296981135653 -0.85216850460711835 -0.075407362317787205
7 346 1 0.49070474163423838 0.22359572790883597 -0.53141138947746391 0.65331136690878444 -0.047012131014702904 -0.31247975678502232 -0.14248821014758076
6 301 1 0.30498675357131161 0.32154956288222464 -0.64282103226145659 0.62479603010790485 0.17440553810614343 -0.035801682586548041 0.13595144637118342
5 259 1 0.23585357140802757 0.35905879499976889 -0.67877103304268793 0.59558354518031709 0.55429597727179236 0.40896409836865882 -0.071573667191894272
4 214 1 0.03787864328428811 0.55531723904605179 -0.67458360376350779 0.48489682813424417 0.3257072337205385 1.212173082418784 0.13802430588393658
3 172 1 -0.04941194684937613 0.58317296330822022 -0.7132852143069397 0.38560596134651104 0.069861998746723303 1.3257694247054002 0.42780681935322351
2 127 1 -0.013259007854262855 0.61610315809310789 -0.68408072376297424 0.39022385969382345 -0.18358867357844288 1.0957982211209516 0.31831920846923689
1 85 1 0.12811578622588818 0.53610420368414524 -0.68872738267068701 0.47099174140476857 0.012918152500122878 0.65094628637016472 0.13783731009577427
0 40 1 0.26857335452566511 0.44616869932443054 -0.64661975401333149 0.55739101060361196 0.045970238831147682 0.24899129232875816 0.16349504949595237
