19 896 1 0.47861577504328501 0.16791412706204778 -0.68172279434603722 0.52724360354748434 -0.53364726782676142 -0.40387642788989286 -0.67866727748683708
18 852 1 0.5229406973096431 0.39899206175609114 -0.60993942113330768 0.44194147157796049 -0.59011280222852658 -0.31475095487491767 -0.27032195929681035
17 809 1 0.38897600062726406 0.48223419156439384 -0.61360343756977853 0.48952903573210554 -0.67919185061586895 0.087184070758338034 -0.26093978123475253
16 765 1 0.14011760432150244 0.66528951197341257 -0.70223901918544751 0.21122803353447719 -0.18682685577820379 0.76751990748247734 0.1276686064596762
15 722 1 0.026481330893812102 0.78608588006213831 -0.59788210738489267 0.15461149358966159 -0.048784982833339256 1.2925418129679749 0.5295492344337619
14 678 1 0.20415446661564529 0.6878593813864996 -0.6782266222522163 0.15867915448417627 -0.3466554914510287 1.4038108649159786 0.262884311765825
13 635 1 0.037397161594511584 0.67410729348951126 -0.71705940112655231 0.17322420276898501 -0.89856487995592083 1.0057653643921014 0.53251767808435269
12 591 1 0.23687437126426439 0.57725469770558091 -0.65844494034008005 0.42085366430096149 -0.79852323459547703 0.40928382284717191 -0.13122642514832453
11 548 1 0.34253970505210179 0.35882588577830044 -0.74078193597240927 0.45293780753565566 -0.5469624029109349 0.080304373304249388 -0.33112213705618671
10 504 1 0.3927104989247151 0.31414640261228594 -0.63522187250294748 0.58616010991358847 -0.40190517557478173 -0.23017312357615555 -0.35674509403618837
9 461 1 0.42192431063505503 0.36246970353432179 -0.56131880645115273 0.6127942457620893 0.46561864326877528 -0.40364528045289028 -0.23001885734675673
8 417 1 0.38036343530569761 0.19631471381144566 -0.58488377848947848 0.68898124494317659 0.45742949369291153 -0.74839311363932925 0.12922575991704188
7 374 1 0.4783365465055987 0.23784218034887075 -0.5380908610258327 0.65198425656182102 0.020918704434617748 -0.72955056619013969 -0.14192792119096162
6 330 1 0.4250198413792915 0.35500152659040413 -0.57291210535757919 0.60423817331177498 0.019960942481037858 -0.13072344781748416 -0.053774077511660905
5 287 1 0.31157957982870127 0.29159706177705225 -0.66312895981974829 0.6149384535424165 0.27756411752671956 -0.017670934435356739 0.086705520214652637
4 243 1 0.14053791203247878 0.40930076222261197 -0.70961525464854602 0.55602893062827163 0.56919902817406864 0.69659512790578737 -0.0076424139742209728
3 200 1 -0.012158383908165083 0.58845930526793999 -0.68541975301375291 0.42868121246782104 0.19697544522967769 1.3501689456354304 0.34842625871243615
2 156 1 -0.076179084213446158 0.62864903700616703 -0.70339674472036162 0.32284695277548781 -0.14950911253824109 1.2567911773428506 0.51824583906594857
1 113 1 0.052535961743079632 0.58006430541471299 -0.70632874835270187 0.40232458731474752 -0.072982118844631794 0.97243496736101576 0.30647731499008862
0 69 1 0.1741314025044122 0.49739401538621314 -0.68382284768907797 0.50464221097548523 0.048476045590935518 0.54209911871893712 0.09055638570674443
