18 853 1 -0.60706624979680757 0.71317518017443116 -0.2035784545708271 -0.28532007215644967 -0.50647574392159911 0.88045352999682658 0.1327232766735823
17 811 1 -0.54009509305327064 0.741993555095392 -0.37486957388141068 -0.13120844955508765 -0.28356180007125897 0.75319212033754734 -0.090705438038799976
16 766 1 -0.37932951269651494 0.73044130730251566 -0.56635352433372588 -0.042524144416839785 -0.14816098194634572 0.54643723199150807 -0.39201451488391525
15 724 1 -0.29732474304336087 0.65139864615777521 -0.69159740334502473 -0.09471447959227923 -0.51384564338036753 0.47198181313366649 -0.64473657131885487
14 679 1 -0.31743083457968413 0.62039817324939472 -0.71632714975186551 -0.034916850018689355 -0.32441204388802863 0.40467046525353823 -0.62965298714380991
13 637 1 -0.28238037670471816 0.64611956193184228 -0.69459253140005595 0.14259049710400781 -0.24173552151371835 -0.14770938207302137 -0.70153510993968615
12 592 1 -0.15354227470560064 0.63873933645625436 -0.72123991273581345 0.21965841258301502 -0.49979695196680024 -0.17968517503730075 -0.51204003043533874
11 550 1 -0.16962028587447131 0.64949665580845473 -0.72408739037383607 0.1583682538108705 -0.53391722126159935 0.19058650871272825 -0.4769864369711041
10 505 1 -0.37841034035268517 0.66326855624174796 -0.64197297463035807 -0.068928488010415803 -0.65653617196400005 0.7255103400246482 -0.39911538348421594
9 463 1 -0.40307044625814831 0.70397946403295109 -0.58253287784210184 -0.051015446740522268 -0.59112883725243559 0.83791979919688342 -0.41509421142148395
8 418 1 -0.45553321107786043 0.73726330841261056 -0.48996184790840774 -0.094179059603308538 -0.23678298466263537 0.85388177257285214 -0.13999474950608221
7 376 1 -0.47590106299573176 0.71762604601328328 -0.5077596087537618 0.026668634031394543 0.35209023062520595 0.56536500420307123 0.2001138776781195
6 331 1 -0.35067300547078645 0.6789656001999993 -0.62786903625980572 0.14769776669037094 0.527570737357418 0.035858151767289403 0.19111734483310663
5 289 1 -0.36391253050073152 0.62528927801872303 -0.67710103065580696 0.13459265665043688 0.48188920321943196 0.010305743391427194 -0.072073613343430529
4 244 1 -0.45224346638940799 0.72126488447492021 -0.51974662325181309 0.071528044498715207 0.24373867932266152 0.50656229508911321 -0.061231333516469325
3 202 1 -0.51553964044472955 0.74514627879942452 -0.40591053975120628 -0.11921634133110218 -0.33692326317373533 0.70158864207189764 -0.068140703741296202
2 157 1 -0.51545355710677399 0.69018194687906953 -0.50308496523378488 -0.069728246958548193 -0.25186213882246844 0.61287712596512522 -0.12004860533981024
1 115 1 -0.4107727078488328 0.69985918199490604 -0.58433177620525911 0.0043912618648291645 -0.14713349790654598 0.41183549694405547 -0.054813108170835963
0 70 1 -0.28863222343498579 0.71184038290536911 -0.63580888704894611 0.075642369143849864 -0.045627490425230031 0.17292243757581843 0.027876886122480737
