19 867 1 -0.59092215701303452 0.69888998267542379 -0.25458824559901122 -0.31232774719807715 -0.55591177339971709 0.90439957658500325 0.18433109890913363
18 824 1 -0.59864774421065392 0.70670952375563301 -0.30803883501966767 -0.21747322479861239 -0.41430848604443021 0.86629225681140465 0.025278817405069889
17 780 1 -0.42031361471953266 0.74494128270799564 -0.51245737856240969 -0.076068296653137288 -0.10940938337651628 0.56475313821573847 -0.28324095811034272
15 693 1 -0.23747978101536935 0.68287121763796121 -0.68830015517242971 -0.059440307201002164 -0.49668339877267215 0.34466334811711741 -0.64997633257126308
14 650 1 -0.34093657953765749 0.61513760493027059 -0.70576327214219414 0.085241887760397289 -0.20042561890466032 0.1145330397792155 -0.68759908815155879
13 606 1 -0.19912699374656223 0.61413796222222827 -0.72799073347377008 0.23067833815793751 -0.44286902109678278 -0.26557340539607954 -0.59448181392150024
12 563 1 -0.15165189633840964 0.65380048017014381 -0.71538566942275683 0.19434499852275011 -0.51712041068337744 0.031801146752549948 -0.46312558935228482
10 476 1 -0.53653988942942099 0.62503716733619419 -0.54853278166501906 -0.14340597595026394 -0.62314931761943426 0.90636007321604251 -0.19114977243056142
9 432 1 -0.45277879207567839 0.6537791102263294 -0.5917418067833472 -0.13193132525271828 -0.29322950332192199 0.96309169587517418 -0.10470485871884173
8 389 1 -0.46851419071251238 0.75167100563787204 -0.45791813200186682 -0.076132363474876397 0.15993042958768108 0.7072910872887147 0.11739459289992921
7 345 1 -0.37387831034195823 0.68516167501755976 -0.61903121661334437 0.08699908620886064 0.53935826537213183 0.14965960057039729 0.24971428057988193
6 302 1 -0.34321051754716547 0.62266624681740157 -0.68336704093900891 0.16583960045055765 0.48170490571022856 -0.087003825536785678 -0.0099979713187837663
5 258 1 -0.44474210676372478 0.67653739992816897 -0.58168159633240013 0.078409983152574567 0.39588318514514031 0.39100488110834908 -0.038717725517497109
4 215 1 -0.52343634144822448 0.73714144880594701 -0.41904589207527249 -0.083889339241684069 -0.18582037303205523 0.66945732051546358 -0.047121621839489557
3 171 1 -0.52158306704360702 0.70590394018259706 -0.46323844713358425 -0.12272274648708847 -0.3450333734373735 0.658229722611688 -0.091535378592301528
2 128 1 -0.44418183702465569 0.71080412490674783 -0.54383405388430528 -0.041285754307233878 -0.19760713751455414 0.46380578854417764 -0.061270088925956236
1 84 1 -0.3414629892481359 0.69659347545341133 -0.62767797629985234 0.064659995341689508 -0.069425420200962054 0.25886389513721048 -0.010519372191291102
0 41 1 -0.25690715853787338 0.71201714771308466 -0.64805457482106255 0.083997388697573228 -0.017312067584361823 0.051236002657550066 0.00073295447733984762
