19 868 1 0.518066090435642 0.39603893737102452 -0.5876932902459534 0.47893348455359069 -0.65398911420516836 -0.41749912054038346 -0.2789145018189681
18 823 1 0.43068864063938289 0.44653092758200441 -0.59477943480499407 0.51122876432181219 -0.66736151879252303 -0.10942654599447506 -0.21351225639430546
17 781 1 0.181992347819839 0.6409699720059121 -0.65745885633066348 0.35182969254191593 -0.71974916380690657 0.49460735799018113 -0.1071207871300103
16 736 1 0.031028860498043175 0.74374137227782844 -0.62223516682460245 0.24230018189271921 0.052658539101820286 1.209645846277593 0.37817407957500421
15 694 1 0.19309120549908701 0.71353474493350388 -0.6716217815144726 0.050081301170348022 0.057565727082138855 1.4713075192166256 0.3917579266559556
14 649 1 0.0019643562214854151 0.71015853198898804 -0.68122411268269789 0.17777713308395879 -1.0525379970056532 1.0834392978037528 0.57958368664292836
13 607 1 0.15894155716626482 0.61686377712030893 -0.6689404161515411 0.38306054550349061 -0.85426444858406381 0.64957476600819097 -0.11374230541167443
12 562 1 0.38611190895416819 0.40826049346493504 -0.70339653605478836 0.43528643018782581 -0.6251785078066181 0.16045847502723451 -0.24455196659170461
11 520 1 0.43187060090576834 0.306374237348778 -0.67424975769807072 0.51479109841404413 -0.55505959592396137 -0.064709367533208939 -0.31748231312395908
10 475 1 0.46952619879383295 0.3341730853164685 -0.56488028272904645 0.59057917663954163 0.06683980235762231 -0.40657589775023117 -0.2375818944053561
9 433 1 0.34784725652287535 0.24921545542221704 -0.60532992749247028 0.67117033738848064 0.58256944697542323 -0.6661413669440599 0.081516095036403433
8 388 1 0.45491702662781863 0.28720271014648885 -0.52079146929724263 0.66282829426317924 0.16220749302843662 -0.85115270143148636 -0.076320891932329507
7 346 1 0.48893625512983141 0.22591440652454908 -0.53355522360941887 0.65209113067375823 -0.047999952719539725 -0.3095938167726609 -0.14353460956771213
6 301 1 0.3027966446933677 0.32395297907131149 -0.64420256297511003 0.62319476664166584 0.17320803232255913 -0.031927274708945783 0.13760989140598398
5 259 1 0.23320320689583018 0.36132653617640992 -0.6802043435527686 0.59361725847569957 0.55518425343398548 0.41556981890859607 -0.070061299346484265
4 214 1 0.035314350441391175 0.55725214229810494 -0.67505080254839012 0.48221298254593858 0.32391997432308206 1.2202051545692705 0.14207523343120693
3 172 1 -0.052174216255794839 0.58476388893700681 -0.71338028374267193 0.38264554893607006 0.066693475771874469 1.3332099210370689 0.43419484445619366
2 127 1 -0.0157257055389999 0.61778398004855184 -0.68426530064315871 0.38713906353712113 -0.18796849880695501 1.1022009385815499 0.32408319484301362
1 85 1 0.12581852979387767 0.53803473752172237 -0.68933263808867062 0.4685176974738014 0.0098382741799386414 0.65629490956591052 0.14154960424677573
0 40 1 0.26639838824903972 0.44836015547056984 -0.6478379852285413 0.55525761104170812 0.04367835756650143 0.25378253535667178 0.16639766382383489
