18 852 1 -0.31733785265755421 0.72290687161194989 -0.55870309936426543 0.25407319616142138 -0.53097697573168035 0.87363023000602713 0.27219602548448274
17 809 1 -0.16848433063604251 0.63797882203097833 -0.62398505837153906 0.41861521699426696 -0.29566901342318963 0.74939305260108469 -0.0024510277092929323
16 765 1 0.10318912339966993 0.571176852219338 -0.67584628368717536 0.4542475196707742 -0.12653613856647591 0.61645748064892569 -0.30056267626646432
15 722 1 0.25045170220182422 0.53676853473206887 -0.71145022308720884 0.37814291617714779 -0.45155318575182135 0.49859890743652174 -0.5717223195072082
14 678 1 0.23490952392356454 0.48635336958468123 -0.74627960948825189 0.38903041002689365 -0.2437696815451536 0.4482814518125145 -0.52955907162559657
13 635 1 0.25758189290398142 0.38154855336760179 -0.7034303729808693 0.54153299090552875 -0.19019645193234033 -0.094971947138880256 -0.61570512498083396
12 591 1 0.37575325066359577 0.32877453526425576 -0.63573903698650469 0.5886872484001886 -0.43386346658754782 -0.085985643230095055 -0.44927048835475242
9 461 1 0.12155838174190987 0.54805676744651233 -0.69729909966874026 0.44568072101621353 -0.56509770151320937 0.90203553140574988 -0.33668129202372143
8 417 1 -0.014361096647590506 0.61626009128224579 -0.66671959815770498 0.41892987029848466 -0.21843305057199286 0.91310534579897062 -0.016984739427924569
7 374 1 -0.0063876678257709565 0.50945397971888406 -0.71010335207833619 0.48597229305326567 0.38975161726613938 0.59117761837788774 0.3307156520226604
6 330 1 0.16394055260543283 0.40373629862458316 -0.70456596630631785 0.56009579136714782 0.55567092841737031 0.11157715173544903 0.27495051442040253
5 287 1 0.18161534709511307 0.37649136001741795 -0.7512822688570262 0.51072994236954206 0.5218556428616814 0.099670433536804853 0.021482803822991874
4 243 1 0.0078634319079508245 0.49152230122589824 -0.68701299972383967 0.5351234736457352 0.2346861038394219 0.58493997457526503 0.037409540660602023
3 200 1 -0.11532140554660135 0.63172302543084291 -0.64908535961832914 0.4078175921811163 -0.34586137717895654 0.74835021580641536 0.046723995266275895
2 156 1 -0.047309478418615381 0.55187056165608583 -0.72111700118310396 0.41616218837592905 -0.22596209155891045 0.65335538358669865 -0.008034000209939246
1 113 1 0.090002503373344214 0.51098585059279245 -0.70920458393264152 0.47730689080445987 -0.11000283779691311 0.47031325855930872 0.046115118655345053
0 69 1 0.20997470504698648 0.47839792319149599 -0.66718890893791194 0.53094727621180371 0.0037605659016648222 0.25860215616303844 0.1068828493640424
