# Camera list with one line of data per camera:
#   CAMERA_ID, MODEL, WIDTH, HEIGHT, PARAMS[]
# Number of cameras: 414
1 SIMPLE_RADIAL 4224 2376 2873.6174080671603 2112 1188 0.016657173095347606
2 SIMPLE_RADIAL 4224 2376 2955.3209358495405 2112 1188 -0.0015535937013366515
3 SIMPLE_RADIAL 4224 2376 2943.1606114765809 2112 1188 -0.0013998765207154339
4 SIMPLE_RADIAL 4224 2376 2880.154222709532 2112 1188 0.015289468591842818
5 SIMPLE_RADIAL 4224 2376 2984.1007750887829 2112 1188 0.0062040719675154612
6 SIMPLE_RADIAL 4224 2376 2927.3264283449712 2112 1188 -0.00093713618426882761
7 SIMPLE_RADIAL 4224 2376 2900.8630765351077 2112 1188 0.010965170287254472
8 SIMPLE_RADIAL 4224 2376 2896.001532281412 2112 1188 0.0089069185130711773
9 SIMPLE_RADIAL 4224 2376 2891.2848591439692 2112 1188 0.0085319743016334711
10 SIMPLE_RADIAL 4224 2376 2884.7572762476902 2112 1188 0.0078823849229671204
11 SIMPLE_RADIAL 4224 2376 2862.2163355151952 2112 1188 0.01144020352333185
12 SIMPLE_RADIAL 4224 2376 2899.6513807237297 2112 1188 0.0066185821196630143
13 SIMPLE_RADIAL 4224 2376 2924.1317232045044 2112 1188 0.0080148219702762657
14 SIMPLE_RADIAL 3840 2160 2626.5268982399998 1920 1080 0.0045395718208290159
15 SIMPLE_RADIAL 4224 2376 2881.251527041557 2112 1188 0.019266806885821434
16 SIMPLE_RADIAL 4224 2376 2901.0627852618959 2112 1188 0.013788954687599617
17 SIMPLE_RADIAL 4224 2376 2953.8707523256267 2112 1188 -0.0045386310431232294
18 SIMPLE_RADIAL 4224 2376 2896.6095552929546 2112 1188 0.0048717556885321395
19 SIMPLE_RADIAL 4224 2376 2931.1168610024702 2112 1188 0.012347187577756246
20 SIMPLE_RADIAL 4224 2376 2915.1727317003147 2112 1188 0.038282504197015003
21 SIMPLE_RADIAL 3840 2160 2663.5698802507354 1920 1080 -0.0029804855978690522
22 SIMPLE_RADIAL 4224 2376 2919.6208273396551 2112 1188 0.030573329086548411
23 SIMPLE_RADIAL 3840 2160 2671.7867933604798 1920 1080 0.028047438674189049
24 SIMPLE_RADIAL 4224 2376 2903.9803638114099 2112 1188 -9.181881921914652e-05
25 SIMPLE_RADIAL 3840 2160 2655.3765137799001 1920 1080 -0.0030492944467960486
26 SIMPLE_RADIAL 4224 2376 2938.5745645288775 2112 1188 0.0077278352208905486
27 SIMPLE_RADIAL 4224 2376 2904.2182362426024 2112 1188 0.016138632018632873
28 SIMPLE_RADIAL 4224 2376 2905.178061296519 2112 1188 0.0032095383643547591
29 SIMPLE_RADIAL 4224 2376 2917.0198954786611 2112 1188 0.0032587588470754684
30 SIMPLE_RADIAL 4224 2376 2919.648578257079 2112 1188 0.020879792781982955
31 SIMPLE_RADIAL 4224 2376 2922.600206237667 2112 1188 0.0097859227840207241
32 SIMPLE_RADIAL 4224 2376 2930.835350924292 2112 1188 0.0099141582367830456
33 SIMPLE_RADIAL 4224 2376 2933.0187416013027 2112 1188 0.0088876561938687655
34 SIMPLE_RADIAL 4224 2376 2913.5911533175204 2112 1188 0.0013270696320035187
35 SIMPLE_RADIAL 4224 2376 2907.8505461230488 2112 1188 0.0086100892543302821
36 SIMPLE_RADIAL 4224 2376 2894.0458251966143 2112 1188 -0.0033330006609595146
37 SIMPLE_RADIAL 4224 2376 2881.5027526589333 2112 1188 -0.00029727429525339062
38 SIMPLE_RADIAL 4224 2376 2923.4329978614992 2112 1188 0.0047648301223454726
39 SIMPLE_RADIAL 4224 2376 2940.8053556288141 2112 1188 0.006781154306454565
40 SIMPLE_RADIAL 4224 2376 2933.7714303175771 2112 1188 0.008297386005454389
41 SIMPLE_RADIAL 4224 2376 2899.4208724428358 2112 1188 -0.0066420246815329905
42 SIMPLE_RADIAL 4224 2376 2899.3591984970908 2112 1188 -0.0056414117433768287
43 SIMPLE_RADIAL 4224 2376 2900.4092015621827 2112 1188 7.7545754882478118e-05
44 SIMPLE_RADIAL 4224 2376 2926.9917451023289 2112 1188 0.0035009919188224701
45 SIMPLE_RADIAL 3840 2160 2655.123424425401 1920 1080 0.0057532386152194023
46 SIMPLE_RADIAL 4224 2376 2904.3236043645011 2112 1188 0.0016178050871412976
47 SIMPLE_RADIAL 4224 2376 2906.8639760895558 2112 1188 -0.0063065216982852662
48 SIMPLE_RADIAL 3840 2160 2640.0752261952966 1920 1080 -0.005088040748924905
49 SIMPLE_RADIAL 4224 2376 2908.8298193999035 2112 1188 -0.00115269504005274
50 SIMPLE_RADIAL 4224 2376 2908.3410727452133 2112 1188 -0.00089278609314246327
51 SIMPLE_RADIAL 4224 2376 2914.7254521275431 2112 1188 -0.0032275230366999928
52 SIMPLE_RADIAL 4224 2376 2894.7139303130934 2112 1188 -0.0010067159257987214
53 SIMPLE_RADIAL 4224 2376 2905.2285150937423 2112 1188 0.0050942789778380465
54 SIMPLE_RADIAL 4224 2376 2903.5841834024318 2112 1188 -0.0097961664954613961
55 SIMPLE_RADIAL 4224 2376 2895.3057657934169 2112 1188 -0.0029442590086266791
56 SIMPLE_RADIAL 4224 2376 2907.6795220276126 2112 1188 0.00069284971568696308
57 SIMPLE_RADIAL 4224 2376 2910.0647775419484 2112 1188 -0.0024942930768636793
58 SIMPLE_RADIAL 4224 2376 2927.1070649117419 2112 1188 -0.013137703196402895
59 SIMPLE_RADIAL 4224 2376 2912.8152483375675 2112 1188 -0.0054802367800242538
60 SIMPLE_RADIAL 4224 2376 2910.6344229330998 2112 1188 -0.0054544746724502959
61 SIMPLE_RADIAL 4224 2376 2936.5657393194901 2112 1188 -0.01644400097675033
62 SIMPLE_RADIAL 4224 2376 2933.214341363353 2112 1188 -0.015830057403078662
63 SIMPLE_RADIAL 4224 2376 2939.4730181854429 2112 1188 -0.016744544217814298
64 SIMPLE_RADIAL 4224 2376 2932.5137684853089 2112 1188 -0.016837890326855592
65 SIMPLE_RADIAL 4224 2376 2896.4103487551624 2112 1188 -0.0076975779238479406
66 SIMPLE_RADIAL 4224 2376 2909.569642841408 2112 1188 -0.017238550493473333
67 SIMPLE_RADIAL 4224 2376 2897.8430362338013 2112 1188 -0.012222601113796373
68 SIMPLE_RADIAL 4224 2376 2905.4642341088643 2112 1188 -0.012914977253723658
69 SIMPLE_RADIAL 4224 2376 2893.4119508951794 2112 1188 -0.01247640159857917
70 SIMPLE_RADIAL 4224 2376 2885.7504824896478 2112 1188 -0.009453477207987792
71 SIMPLE_RADIAL 3840 2160 2638.3075030819405 1920 1080 -0.010128952903860748
72 SIMPLE_RADIAL 4224 2376 2896.4905566527177 2112 1188 -0.011151734034155097
73 SIMPLE_RADIAL 4224 2376 2885.2831463721618 2112 1188 -0.0091149394893295377
74 SIMPLE_RADIAL 4224 2376 2870.342826949578 2112 1188 -0.010642462538628985
75 SIMPLE_RADIAL 4224 2376 2901.4818337594675 2112 1188 -0.013099961542555419
76 SIMPLE_RADIAL 4224 2376 2909.9431785540346 2112 1188 -0.011791536666553779
77 SIMPLE_RADIAL 4224 2376 2914.1004144276176 2112 1188 -0.011456070849746655
78 SIMPLE_RADIAL 4224 2376 2885.5057038946397 2112 1188 -0.013280420682556214
79 SIMPLE_RADIAL 4224 2376 2877.9341512629771 2112 1188 -0.013470298486012115
80 SIMPLE_RADIAL 4224 2376 2940.2289566855652 2112 1188 0.00038282923275592142
81 SIMPLE_RADIAL 4224 2376 2949.5769467339842 2112 1188 -0.0061778094269237778
82 SIMPLE_RADIAL 4224 2376 2933.8453924258665 2112 1188 0.015528851272779519
83 SIMPLE_RADIAL 4224 2376 2952.0238933813062 2112 1188 0.010825801706044838
84 SIMPLE_RADIAL 4224 2376 2941.1596373687889 2112 1188 -0.0020863548636424209
85 SIMPLE_RADIAL 4224 2376 2917.4345733319919 2112 1188 -0.013206703064115196
86 SIMPLE_RADIAL 3840 2160 2636.5335838947813 1920 1080 0.0052167894565101312
87 SIMPLE_RADIAL 4224 2376 2910.3387482793282 2112 1188 0.0010522078171157144
88 SIMPLE_RADIAL 4224 2376 2896.7028871335501 2112 1188 -0.0013326164390240227
89 SIMPLE_RADIAL 4224 2376 2926.0409458264412 2112 1188 -0.011603180437533729
90 SIMPLE_RADIAL 4224 2376 2928.6707102755095 2112 1188 -0.013914405245784836
91 SIMPLE_RADIAL 4224 2376 2936.2613499735312 2112 1188 -0.013370618248716401
92 SIMPLE_RADIAL 4224 2376 2929.5107847517552 2112 1188 -0.011310413532287412
93 SIMPLE_RADIAL 4224 2376 2928.5322439348474 2112 1188 -0.010006621031737719
94 SIMPLE_RADIAL 4224 2376 2930.6075528471515 2112 1188 -0.014162283488615401
95 SIMPLE_RADIAL 4224 2376 2960.8377334257093 2112 1188 -0.016601972905584881
96 SIMPLE_RADIAL 4224 2376 2955.992849466596 2112 1188 -0.018363311738369019
97 SIMPLE_RADIAL 4224 2376 3127.3201884458249 2112 1188 -0.010539088592878443
98 SIMPLE_RADIAL 4224 2376 2886.3258449304112 2112 1188 0.0063485087668341215
99 SIMPLE_RADIAL 4224 2376 2874.1796845740055 2112 1188 0.0096161275463853002
100 SIMPLE_RADIAL 4224 2376 2875.0631276087465 2112 1188 0.038857060627400138
101 SIMPLE_RADIAL 4224 2376 2862.7106718866767 2112 1188 0.063302288590545819
102 SIMPLE_RADIAL 4224 2376 2863.4274283846353 2112 1188 0.050537952051593303
103 SIMPLE_RADIAL 4224 2376 2858.9283126069258 2112 1188 0.048917053749241254
104 SIMPLE_RADIAL 4224 2376 2862.0112073516452 2112 1188 0.045377892822905136
105 SIMPLE_RADIAL 4224 2376 2865.3054175514562 2112 1188 0.041578127000180432
106 SIMPLE_RADIAL 4224 2376 2875.7600505616115 2112 1188 -0.012055307716594639
107 SIMPLE_RADIAL 4224 2376 2875.3019000163226 2112 1188 -0.010007045683518616
108 SIMPLE_RADIAL 4224 2376 2876.2396331056507 2112 1188 -0.011406002347204406
109 SIMPLE_RADIAL 4224 2376 2889.568397230516 2112 1188 -0.01577179616857205
110 SIMPLE_RADIAL 4224 2376 2881.2171801791242 2112 1188 -0.015975781586372893
111 SIMPLE_RADIAL 4224 2376 2875.9045127213235 2112 1188 -0.0040330823802675912
112 SIMPLE_RADIAL 4224 2376 2877.9498364892697 2112 1188 -0.009559205806475712
113 SIMPLE_RADIAL 4224 2376 2876.9042778142439 2112 1188 -0.021269570431958495
114 SIMPLE_RADIAL 4224 2376 2881.6635872110996 2112 1188 -0.013293331433219353
115 SIMPLE_RADIAL 4224 2376 2879.6178182981148 2112 1188 -0.017297449790799307
116 SIMPLE_RADIAL 4224 2376 2926.2098942383514 2112 1188 0.0069625196245481366
117 SIMPLE_RADIAL 4224 2376 2933.1639848642808 2112 1188 0.0050774918409448215
118 SIMPLE_RADIAL 4224 2376 2944.1087042374306 2112 1188 -0.0089851695157670969
119 SIMPLE_RADIAL 4224 2376 2886.3242357657778 2112 1188 0.020251312550066205
120 SIMPLE_RADIAL 4224 2376 2890.8462269996221 2112 1188 0.014225379047100344
121 SIMPLE_RADIAL 4224 2376 2900.6244959969763 2112 1188 0.006974463474296924
122 SIMPLE_RADIAL 4224 2376 2902.7595951696198 2112 1188 0.0099319054088196496
123 SIMPLE_RADIAL 4224 2376 2901.8824017593529 2112 1188 0.0083995210351250262
124 SIMPLE_RADIAL 4224 2376 2905.6186567518885 2112 1188 0.0088748569313156223
125 SIMPLE_RADIAL 4224 2376 2910.4808128205577 2112 1188 0.0036054146534619004
126 SIMPLE_RADIAL 3840 2160 2624.5998727726092 1920 1080 0.015536281682447542
127 SIMPLE_RADIAL 4224 2376 2883.8872754071817 2112 1188 0.01689186209407274
128 SIMPLE_RADIAL 4224 2376 2885.1489122179023 2112 1188 0.013958244565109764
129 SIMPLE_RADIAL 3840 2160 2618.9082762929575 1920 1080 0.0134494591265878
130 SIMPLE_RADIAL 4224 2376 2892.6232455746945 2112 1188 0.0057179968963507665
131 SIMPLE_RADIAL 4224 2376 2886.6014817017754 2112 1188 0.0046856988878124315
132 SIMPLE_RADIAL 4224 2376 2889.2674746539574 2112 1188 0.0045909137092511329
133 SIMPLE_RADIAL 4224 2376 2892.335961767516 2112 1188 0.01002680820473425
134 SIMPLE_RADIAL 4224 2376 2858.5514048794525 2112 1188 0.031776464197086629
135 SIMPLE_RADIAL 4224 2376 2860.2502650667357 2112 1188 0.032635708150955733
136 SIMPLE_RADIAL 4224 2376 2867.0698350335783 2112 1188 0.02232516687636674
137 SIMPLE_RADIAL 4224 2376 2861.950708142705 2112 1188 0.016701605054476428
138 SIMPLE_RADIAL 4224 2376 2870.857679732248 2112 1188 0.016376199693623195
139 SIMPLE_RADIAL 4224 2376 2874.7112378863853 2112 1188 0.014465724154163017
140 SIMPLE_RADIAL 4224 2376 2854.833832713784 2112 1188 0.022451573373848035
141 SIMPLE_RADIAL 4224 2376 2873.7339755132548 2112 1188 -0.0032285928772612057
142 SIMPLE_RADIAL 4224 2376 2862.5754080646029 2112 1188 -0.0011385472569217189
143 SIMPLE_RADIAL 4224 2376 2874.1156248734774 2112 1188 -0.012007195725411
144 SIMPLE_RADIAL 4224 2376 2872.9197856098731 2112 1188 -0.0051192961930374139
145 SIMPLE_RADIAL 4224 2376 2874.2952085655802 2112 1188 -0.0062190587870836088
146 SIMPLE_RADIAL 4224 2376 2861.9379496967158 2112 1188 -0.002343319808933608
147 SIMPLE_RADIAL 4224 2376 2877.8846232617984 2112 1188 -0.003366167072062881
148 SIMPLE_RADIAL 4224 2376 2864.6493728489472 2112 1188 0.0072413501624035608
149 SIMPLE_RADIAL 4224 2376 2874.5127551707201 2112 1188 0.021678224718748054
150 SIMPLE_RADIAL 4224 2376 2864.3710752274555 2112 1188 0.0080472354330059209
151 SIMPLE_RADIAL 4224 2376 2867.4715519411975 2112 1188 0.0054821785683951312
152 SIMPLE_RADIAL 4224 2376 2894.0283570032989 2112 1188 0.039111990113621473
153 SIMPLE_RADIAL 4224 2376 2858.7237508393778 2112 1188 0.022839496146284017
154 SIMPLE_RADIAL 4224 2376 2878.8919298220944 2112 1188 0.014081899798083152
155 SIMPLE_RADIAL 4224 2376 2879.7728067669395 2112 1188 0.0041459800620313641
156 SIMPLE_RADIAL 3840 2160 2610.4295133325099 1920 1080 0.012149368102543813
157 SIMPLE_RADIAL 4224 2376 2864.4382304572569 2112 1188 0.017493033297939914
158 SIMPLE_RADIAL 4224 2376 2855.4637923371206 2112 1188 0.01868126431559821
159 SIMPLE_RADIAL 4224 2376 2869.3888476745797 2112 1188 0.031898885302607705
160 SIMPLE_RADIAL 4224 2376 2884.8175556877613 2112 1188 0.0035129128800980257
161 SIMPLE_RADIAL 4224 2376 2876.4991501279314 2112 1188 0.002323938517372883
162 SIMPLE_RADIAL 4224 2376 2864.5271290317728 2112 1188 0.0058961739438327422
163 SIMPLE_RADIAL 4224 2376 2890.9732749834143 2112 1188 -0.005836687171848676
164 SIMPLE_RADIAL 4224 2376 2900.5855302812802 2112 1188 -0.0091860064286102012
165 SIMPLE_RADIAL 4224 2376 2892.5106044179324 2112 1188 -0.0062002677866795676
166 SIMPLE_RADIAL 3840 2160 2605.6219922148794 1920 1080 0.0053538057120781184
167 SIMPLE_RADIAL 4224 2376 2889.5641982739035 2112 1188 -0.0023834066229962265
168 SIMPLE_RADIAL 4224 2376 2888.8771353222733 2112 1188 0.0010472004391612675
169 SIMPLE_RADIAL 4224 2376 2886.9887284342399 2112 1188 -0.0059193206110529362
170 SIMPLE_RADIAL 4224 2376 2865.9297258235197 2112 1188 -0.0018960105011360041
171 SIMPLE_RADIAL 4224 2376 2891.2038572990423 2112 1188 -0.0051678743971248437
172 SIMPLE_RADIAL 4224 2376 2885.804207365909 2112 1188 -2.4790290712406159e-05
173 SIMPLE_RADIAL 4224 2376 2882.1399542129448 2112 1188 -0.011423243184739893
174 SIMPLE_RADIAL 4224 2376 2875.4529493957693 2112 1188 -0.012060408708077267
175 SIMPLE_RADIAL 4224 2376 2863.6689825725502 2112 1188 -0.0099899359833655211
176 SIMPLE_RADIAL 4224 2376 2881.5526049954383 2112 1188 -0.011254959352936619
177 SIMPLE_RADIAL 4224 2376 2877.1080120999409 2112 1188 -0.013285279393468567
178 SIMPLE_RADIAL 4224 2376 2882.6894796895263 2112 1188 -0.010768966642721423
179 SIMPLE_RADIAL 4224 2376 2872.5546230386053 2112 1188 -0.0041376369326025474
180 SIMPLE_RADIAL 4224 2376 2882.8066085960145 2112 1188 -0.010231748066606185
181 SIMPLE_RADIAL 4224 2376 2890.0611063182268 2112 1188 -0.011744428287429087
182 SIMPLE_RADIAL 4224 2376 2887.5069530250316 2112 1188 -0.011105831511175529
183 SIMPLE_RADIAL 4224 2376 2882.2346077537859 2112 1188 -0.0071815736386128702
184 SIMPLE_RADIAL 4224 2376 2872.5308416936045 2112 1188 -0.011950871815023956
185 SIMPLE_RADIAL 4224 2376 2886.1535510402291 2112 1188 -0.0085834039237495888
186 SIMPLE_RADIAL 4224 2376 2882.7645418201168 2112 1188 -0.011221151080601103
187 SIMPLE_RADIAL 4224 2376 2880.3125331333799 2112 1188 -0.01307686952499912
188 SIMPLE_RADIAL 4224 2376 2876.5621377496245 2112 1188 -0.0051614662143137308
189 SIMPLE_RADIAL 4224 2376 2875.8451496301395 2112 1188 -0.015013323105389623
190 SIMPLE_RADIAL 4224 2376 2880.2739968635497 2112 1188 -0.010705690786047415
191 SIMPLE_RADIAL 4224 2376 2879.1320638989409 2112 1188 -0.011939727539059794
192 SIMPLE_RADIAL 4224 2376 2880.5437883415357 2112 1188 -0.0096546694254862984
193 SIMPLE_RADIAL 4224 2376 2893.6124244540651 2112 1188 -0.008863191180092031
194 SIMPLE_RADIAL 4224 2376 2890.0689856545 2112 1188 -0.0047138189536725739
195 SIMPLE_RADIAL 4224 2376 2876.7713357650196 2112 1188 -0.01588739931131438
196 SIMPLE_RADIAL 4224 2376 2883.4732535098005 2112 1188 -0.0082662001176268367
197 SIMPLE_RADIAL 4224 2376 2927.8448583925524 2112 1188 0.0010116042042731214
198 SIMPLE_RADIAL 4224 2376 2923.8776950626661 2112 1188 -0.0021704056936211807
199 SIMPLE_RADIAL 4224 2376 2924.4021564973245 2112 1188 -0.0025960576892507504
200 SIMPLE_RADIAL 4224 2376 2918.6763559103506 2112 1188 -0.0028764728819374763
201 SIMPLE_RADIAL 4224 2376 2921.3960249064612 2112 1188 -0.0034902472625696237
202 SIMPLE_RADIAL 4224 2376 2919.1463363294451 2112 1188 -0.0046246591498935704
203 SIMPLE_RADIAL 4224 2376 2919.2013109626414 2112 1188 -0.0042460396728473196
204 SIMPLE_RADIAL 4224 2376 2918.9606611174268 2112 1188 -0.0042655864958546733
205 SIMPLE_RADIAL 4224 2376 2921.3535430681823 2112 1188 -0.002061603949178945
206 SIMPLE_RADIAL 4224 2376 2920.0010928183856 2112 1188 -0.0027811075021260076
207 SIMPLE_RADIAL 4224 2376 2914.185123951102 2112 1188 -0.004054323892058182
208 SIMPLE_RADIAL 4224 2376 2894.2367920864544 2112 1188 0.0074179726803036885
209 SIMPLE_RADIAL 4224 2376 2878.6601984252379 2112 1188 0.015214478808047596
210 SIMPLE_RADIAL 4224 2376 2888.2130029581108 2112 1188 0.00013951761610061746
211 SIMPLE_RADIAL 4224 2376 2894.8220912561947 2112 1188 -6.858397430376106e-05
212 SIMPLE_RADIAL 4224 2376 2893.4805193080911 2112 1188 0.005142951032520094
213 SIMPLE_RADIAL 4224 2376 2884.5507679135785 2112 1188 0.018100037739568198
214 SIMPLE_RADIAL 4224 2376 2896.4984544189042 2112 1188 0.011913399537388311
215 SIMPLE_RADIAL 4224 2376 2885.6083491505115 2112 1188 0.0077490798113854778
216 SIMPLE_RADIAL 4224 2376 2899.2839476143522 2112 1188 0.0087639907705201157
217 SIMPLE_RADIAL 4224 2376 2886.3760661326492 2112 1188 0.0074774900617780686
218 SIMPLE_RADIAL 4224 2376 2877.0074778188828 2112 1188 0.009548053865458964
219 SIMPLE_RADIAL 4224 2376 2888.0269277687339 2112 1188 0.0137980481532116
220 SIMPLE_RADIAL 4224 2376 2899.3120028149415 2112 1188 0.0074690083344644623
221 SIMPLE_RADIAL 4224 2376 2866.365280499203 2112 1188 0.01210753541807533
222 SIMPLE_RADIAL 4224 2376 2877.7260126908104 2112 1188 0.0094683873529485141
223 SIMPLE_RADIAL 4224 2376 2868.1748675976796 2112 1188 0.010292818321748548
224 SIMPLE_RADIAL 4224 2376 2870.7626294225247 2112 1188 0.011580236249429866
225 SIMPLE_RADIAL 4224 2376 2868.2629617171333 2112 1188 0.014675365229376368
226 SIMPLE_RADIAL 4224 2376 2880.0936421929468 2112 1188 -0.0034166038069642153
227 SIMPLE_RADIAL 4224 2376 2895.0092788228349 2112 1188 0.011321886758817854
228 SIMPLE_RADIAL 4224 2376 2887.5443435369034 2112 1188 -0.0096339922842041646
229 SIMPLE_RADIAL 3840 2160 2636.2433058887191 1920 1080 -0.010951928665503851
230 SIMPLE_RADIAL 4224 2376 2890.2008918949959 2112 1188 -0.0099540078937460797
231 SIMPLE_RADIAL 4224 2376 2876.5439578255805 2112 1188 -0.0070371880883482061
232 SIMPLE_RADIAL 4224 2376 2891.4872639666946 2112 1188 -0.012109950997405224
233 SIMPLE_RADIAL 4224 2376 2870.688373354431 2112 1188 -0.0035750612298951169
234 SIMPLE_RADIAL 4224 2376 2874.0523163680873 2112 1188 0.0044286565042832701
235 SIMPLE_RADIAL 4224 2376 2875.4755026154762 2112 1188 0.011696011277806973
236 SIMPLE_RADIAL 4224 2376 2852.6899151715479 2112 1188 0.011294302296375602
237 SIMPLE_RADIAL 4224 2376 2865.3647442486595 2112 1188 0.0077623993216990404
238 SIMPLE_RADIAL 4224 2376 2867.9369568955112 2112 1188 0.0057621291979976039
239 SIMPLE_RADIAL 4224 2376 2873.7038753652705 2112 1188 0.0012781924317733003
240 SIMPLE_RADIAL 4224 2376 2878.0007974872583 2112 1188 0.0034269521460956586
241 SIMPLE_RADIAL 4224 2376 2879.3186632854286 2112 1188 0.0046814266976742333
242 SIMPLE_RADIAL 4224 2376 2892.3194671889642 2112 1188 -0.0038075713943857871
243 SIMPLE_RADIAL 4224 2376 2885.4752386172445 2112 1188 -0.0090128734141400532
244 SIMPLE_RADIAL 4224 2376 2864.5022777189838 2112 1188 0.0083980000812470673
245 SIMPLE_RADIAL 4224 2376 2878.8584420156549 2112 1188 0.011355180967674549
246 SIMPLE_RADIAL 4224 2376 2876.6401529999575 2112 1188 0.0090989055338946793
247 SIMPLE_RADIAL 4224 2376 2877.2981404736793 2112 1188 0.0065780164118449573
248 SIMPLE_RADIAL 4224 2376 2882.3733361970444 2112 1188 0.0035071250271331874
249 SIMPLE_RADIAL 4224 2376 2884.2173453872797 2112 1188 0.0037870453912034175
250 SIMPLE_RADIAL 4224 2376 2882.9907153214544 2112 1188 0.0024705634378510916
251 SIMPLE_RADIAL 4224 2376 2873.9794018951306 2112 1188 0.007327167281500852
252 SIMPLE_RADIAL 4224 2376 2885.3157172603492 2112 1188 0.00077673968021596063
253 SIMPLE_RADIAL 4224 2376 2884.6547512836933 2112 1188 0.0029759831312600633
254 SIMPLE_RADIAL 4224 2376 2879.8616496337636 2112 1188 -0.0017305042546749529
255 SIMPLE_RADIAL 4224 2376 2876.4572897673065 2112 1188 -0.01456184931824615
256 SIMPLE_RADIAL 4224 2376 2876.7343289779533 2112 1188 -0.013113091026055507
257 SIMPLE_RADIAL 4224 2376 2876.8411116611119 2112 1188 -0.016464748930781686
258 SIMPLE_RADIAL 4224 2376 2876.9911458512042 2112 1188 -0.014949150625168148
259 SIMPLE_RADIAL 4224 2376 2877.0465177185706 2112 1188 -0.012984478634567261
260 SIMPLE_RADIAL 4224 2376 2879.3589427870943 2112 1188 -0.011930391523689266
261 SIMPLE_RADIAL 4224 2376 2879.4241350749503 2112 1188 -0.011162185550915216
262 SIMPLE_RADIAL 4224 2376 2902.0804122242989 2112 1188 -0.015396341270925722
263 SIMPLE_RADIAL 4224 2376 2874.2664490622906 2112 1188 -0.0139432598512443
264 SIMPLE_RADIAL 4224 2376 2871.8519928920573 2112 1188 -0.012390601907246687
265 SIMPLE_RADIAL 4224 2376 2878.7179316148995 2112 1188 -0.0096869100523398182
266 SIMPLE_RADIAL 4224 2376 2876.3184355386188 2112 1188 -0.011599226855580968
267 SIMPLE_RADIAL 4224 2376 2872.0063091208831 2112 1188 -0.01231080513297003
268 SIMPLE_RADIAL 4224 2376 2879.1413807980198 2112 1188 -0.0037942995272799433
269 SIMPLE_RADIAL 4224 2376 2863.4824272135943 2112 1188 -0.010870925107607739
270 SIMPLE_RADIAL 4224 2376 2892.7231902539506 2112 1188 -0.0033458182452706735
271 SIMPLE_RADIAL 4224 2376 2860.8621568183157 2112 1188 -0.019494228355789091
272 SIMPLE_RADIAL 4224 2376 2879.2720304454206 2112 1188 -0.0099088743343467619
273 SIMPLE_RADIAL 4224 2376 2883.1331595401639 2112 1188 -0.0075773632153809381
274 SIMPLE_RADIAL 4224 2376 2873.5988602912885 2112 1188 -0.011013836984242367
275 SIMPLE_RADIAL 4224 2376 2854.0835100605336 2112 1188 -0.032946902708032771
276 SIMPLE_RADIAL 4224 2376 2883.7334991041562 2112 1188 -0.026023881689382713
277 SIMPLE_RADIAL 4224 2376 2851.2169510092326 2112 1188 -0.022892269138312424
278 SIMPLE_RADIAL 4224 2376 2904.9341496291959 2112 1188 -0.013914411704321086
279 SIMPLE_RADIAL 4224 2376 2895.624307017511 2112 1188 -0.020363433765229626
280 SIMPLE_RADIAL 4224 2376 2885.1217422596233 2112 1188 -0.027439010305898473
281 SIMPLE_RADIAL 4224 2376 2897.6980668799433 2112 1188 -0.023807388940692908
282 SIMPLE_RADIAL 4224 2376 2899.5759585967508 2112 1188 -0.023554725379896373
283 SIMPLE_RADIAL 4224 2376 2896.4605400544483 2112 1188 -0.023903004482784165
284 SIMPLE_RADIAL 4224 2376 2901.1749514961266 2112 1188 -0.020992806347486362
285 SIMPLE_RADIAL 4224 2376 2899.834930330429 2112 1188 -0.021994353121823008
286 SIMPLE_RADIAL 4224 2376 2871.1366396799908 2112 1188 -0.028484306157964996
287 SIMPLE_RADIAL 4224 2376 2896.3867587506475 2112 1188 -0.023977107600361439
288 SIMPLE_RADIAL 4224 2376 2895.7358240033409 2112 1188 -0.025759582466057394
289 SIMPLE_RADIAL 4224 2376 2991.8461150227281 2112 1188 -0.0018353925354691744
290 SIMPLE_RADIAL 4224 2376 2986.8391815136474 2112 1188 -0.0054023085946113608
291 SIMPLE_RADIAL 3840 2160 2708.2762660522362 1920 1080 -0.0024352364969510349
292 SIMPLE_RADIAL 4224 2376 2988.465228516583 2112 1188 -0.00080175567100705409
293 SIMPLE_RADIAL 4224 2376 2970.7509779092438 2112 1188 -0.0015953399849991268
294 SIMPLE_RADIAL 4224 2376 2993.3959305063809 2112 1188 -0.0012018428573813283
295 SIMPLE_RADIAL 4224 2376 2988.8221428494003 2112 1188 -0.00091495555376488969
296 SIMPLE_RADIAL 4224 2376 2981.4862873299271 2112 1188 -0.00064579982845022342
297 SIMPLE_RADIAL 4224 2376 2901.9860959884181 2112 1188 -0.0045371674513528431
298 SIMPLE_RADIAL 4224 2376 2908.479732773963 2112 1188 -0.0057511409750195704
299 SIMPLE_RADIAL 4224 2376 2973.8210523189227 2112 1188 0.003878384200815912
300 SIMPLE_RADIAL 4224 2376 2975.94745185589 2112 1188 0.0045138820414382707
301 SIMPLE_RADIAL 4224 2376 2983.1486676935538 2112 1188 -0.0026250038253384069
302 SIMPLE_RADIAL 4224 2376 2980.2525424332875 2112 1188 -0.0022026690092490217
303 SIMPLE_RADIAL 4224 2376 2966.7329250717362 2112 1188 -0.0020343652747021068
304 SIMPLE_RADIAL 4224 2376 2967.3862634411644 2112 1188 0.00053357801735748475
305 SIMPLE_RADIAL 4224 2376 2967.1567529934455 2112 1188 0.0015664115761027074
306 SIMPLE_RADIAL 4224 2376 2971.8811541915829 2112 1188 0.002090605641782668
307 SIMPLE_RADIAL 4224 2376 2981.7092591770547 2112 1188 0.0010380725020474133
308 SIMPLE_RADIAL 4224 2376 2984.7531370014758 2112 1188 0.0010052378744246754
309 SIMPLE_RADIAL 4224 2376 2980.4508781181148 2112 1188 4.9420100197110182e-05
310 SIMPLE_RADIAL 4224 2376 2978.0863023423753 2112 1188 0.00053655575578535626
311 SIMPLE_RADIAL 4224 2376 2945.7411317068577 2112 1188 0.000442238169818831
312 SIMPLE_RADIAL 4224 2376 2950.0556804713892 2112 1188 0.00075843964995867962
313 SIMPLE_RADIAL 4224 2376 2957.4774116239651 2112 1188 -2.1378352548768906e-05
314 SIMPLE_RADIAL 4224 2376 2959.4427157408518 2112 1188 0.00093277136295249368
315 SIMPLE_RADIAL 4224 2376 2945.6963801871311 2112 1188 9.4284435284076328e-05
316 SIMPLE_RADIAL 4224 2376 2965.1675869573646 2112 1188 0.00050316989133951005
317 SIMPLE_RADIAL 4224 2376 2921.0360689742624 2112 1188 0.0030491008101313027
318 SIMPLE_RADIAL 4224 2376 2929.5482438246872 2112 1188 0.0034916890933127183
319 SIMPLE_RADIAL 4224 2376 2929.4770835449849 2112 1188 0.0017547577222002488
320 SIMPLE_RADIAL 4224 2376 2949.997417067731 2112 1188 0.0017398038917847589
321 SIMPLE_RADIAL 3840 2160 2664.0094362396831 1920 1080 -0.00030485837515447327
322 SIMPLE_RADIAL 4224 2376 2889.8027536445879 2112 1188 0.0066501036492507305
323 SIMPLE_RADIAL 4224 2376 2884.1882430170913 2112 1188 0.0066684207441201652
324 SIMPLE_RADIAL 4224 2376 2880.7824077770956 2112 1188 0.0046437996010424394
325 SIMPLE_RADIAL 4224 2376 2887.0545100200434 2112 1188 0.007308921658536899
326 SIMPLE_RADIAL 4224 2376 2887.8221449804537 2112 1188 0.0069775717639071685
327 SIMPLE_RADIAL 4224 2376 2910.4731359111529 2112 1188 0.010443328363090039
328 SIMPLE_RADIAL 4224 2376 2876.9763145441566 2112 1188 -0.00020955934985795964
329 SIMPLE_RADIAL 3840 2160 2620.5562085215206 1920 1080 0.00024324008341156502
330 SIMPLE_RADIAL 4224 2376 2859.3614566929086 2112 1188 0.010649555388884813
331 SIMPLE_RADIAL 4224 2376 2907.6153399802047 2112 1188 0.0093290642386688605
332 SIMPLE_RADIAL 3840 2160 2646.4560093897667 1920 1080 0.0081957248342526528
333 SIMPLE_RADIAL 4224 2376 2910.1888744281237 2112 1188 -0.02338342219730398
334 SIMPLE_RADIAL 4224 2376 2869.3352649577328 2112 1188 0.012418735530823262
335 SIMPLE_RADIAL 4224 2376 2872.0920632476573 2112 1188 0.0061385552996918846
336 SIMPLE_RADIAL 4224 2376 2876.2992847844139 2112 1188 0.011251110919382983
337 SIMPLE_RADIAL 4224 2376 2928.598667119189 2112 1188 0.020008173500433872
338 SIMPLE_RADIAL 4224 2376 2878.3875833242096 2112 1188 -0.0070039826715140533
339 SIMPLE_RADIAL 4224 2376 2887.5025809656727 2112 1188 0.0017867887089033066
340 SIMPLE_RADIAL 4224 2376 2896.6269281071463 2112 1188 -0.012577890389072373
341 SIMPLE_RADIAL 4224 2376 2903.0561751822388 2112 1188 -0.013481465582856832
342 SIMPLE_RADIAL 4224 2376 2901.9082834487922 2112 1188 -0.013648086071010557
343 SIMPLE_RADIAL 4224 2376 2905.4503829533419 2112 1188 -0.014177247184016719
344 SIMPLE_RADIAL 4224 2376 2907.7818474926889 2112 1188 -0.014552171109880014
345 SIMPLE_RADIAL 4224 2376 2913.0727407766431 2112 1188 -0.016756568455900716
346 SIMPLE_RADIAL 4224 2376 2896.5224529711227 2112 1188 0.033406617899056176
347 SIMPLE_RADIAL 4224 2376 2863.1941580643324 2112 1188 0.015999899374949594
348 SIMPLE_RADIAL 4224 2376 2870.3348539354847 2112 1188 0.0044331667718951751
349 SIMPLE_RADIAL 4224 2376 2869.0458518257542 2112 1188 0.0056731011250409158
350 SIMPLE_RADIAL 4224 2376 2914.1599372137807 2112 1188 -0.004401885237660573
351 SIMPLE_RADIAL 4224 2376 2898.1876566954602 2112 1188 -0.0096992587198516285
352 SIMPLE_RADIAL 4224 2376 2903.0413748170104 2112 1188 -0.0094894796485607072
353 SIMPLE_RADIAL 4224 2376 2910.5862155356313 2112 1188 -0.011702056412611942
354 SIMPLE_RADIAL 4224 2376 2903.8121651918514 2112 1188 -0.0078513985657924692
355 SIMPLE_RADIAL 4224 2376 2917.9891528477092 2112 1188 0.0018662549816435376
356 SIMPLE_RADIAL 4224 2376 2833.8024879148747 2112 1188 0.021134125282836078
357 SIMPLE_RADIAL 4224 2376 2880.0195012769955 2112 1188 -0.00076705373515722401
358 SIMPLE_RADIAL 4224 2376 2887.0715475416814 2112 1188 -0.006965748591415407
359 SIMPLE_RADIAL 4224 2376 2891.0234804871716 2112 1188 -0.0028804906805229603
360 SIMPLE_RADIAL 4224 2376 2886.6856432846225 2112 1188 -0.0027063387334137594
361 SIMPLE_RADIAL 4224 2376 2893.985510653959 2112 1188 -0.0052011341524045313
362 SIMPLE_RADIAL 4224 2376 2890.205497549864 2112 1188 -0.005571215134731659
363 SIMPLE_RADIAL 4224 2376 2844.9437690340101 2112 1188 0.03367585262631808
364 SIMPLE_RADIAL 4224 2376 2879.2030302477247 2112 1188 0.035638465084919878
365 SIMPLE_RADIAL 4224 2376 2912.2767504024105 2112 1188 -0.0035673537737148397
366 SIMPLE_RADIAL 4224 2376 2874.5640645360222 2112 1188 -0.0034430705732985158
367 SIMPLE_RADIAL 3840 2160 2627.776797772292 1920 1080 -0.0053042525317374273
368 SIMPLE_RADIAL 4224 2376 2861.5332542067176 2112 1188 -0.0024789294940721967
369 SIMPLE_RADIAL 4224 2376 2844.4452782735766 2112 1188 0.017643359521225577
370 SIMPLE_RADIAL 4224 2376 2885.1990234829705 2112 1188 -0.0075621917095630188
371 SIMPLE_RADIAL 4224 2376 2860.2713392098331 2112 1188 0.00078945483416447196
372 SIMPLE_RADIAL 4224 2376 2940.5827163925696 2112 1188 0.0091112982411992414
373 SIMPLE_RADIAL 4224 2376 2890.3361880676475 2112 1188 -0.0079821248000430771
374 SIMPLE_RADIAL 4224 2376 2867.8266203177068 2112 1188 -0.0116739680111526
375 SIMPLE_RADIAL 4224 2376 2860.4857167159657 2112 1188 -0.012168630856872899
376 SIMPLE_RADIAL 4224 2376 2891.8620319209599 2112 1188 -0.013112558797795305
377 SIMPLE_RADIAL 4224 2376 2900.2040305809519 2112 1188 -0.010105954307444731
378 SIMPLE_RADIAL 4224 2376 2891.0812032954423 2112 1188 -0.0072383799299549053
379 SIMPLE_RADIAL 4224 2376 2875.9098163194744 2112 1188 -0.0087282518376490363
380 SIMPLE_RADIAL 4224 2376 2891.9233092816212 2112 1188 -0.0071483943770570451
381 SIMPLE_RADIAL 4224 2376 2866.0009175753489 2112 1188 -0.0093504941179674058
382 SIMPLE_RADIAL 4224 2376 2886.0042602243898 2112 1188 -0.012366408007833988
383 SIMPLE_RADIAL 4224 2376 2836.8343306417087 2112 1188 -0.016552717744433634
384 SIMPLE_RADIAL 4224 2376 2845.4520748683608 2112 1188 -0.015421499968987413
385 SIMPLE_RADIAL 4224 2376 2869.9612837609743 2112 1188 -0.012409502909922786
386 SIMPLE_RADIAL 4224 2376 2840.4193593528403 2112 1188 -0.021914036492020051
387 SIMPLE_RADIAL 4224 2376 2859.0415491902113 2112 1188 -0.011874115769362533
388 SIMPLE_RADIAL 4224 2376 2851.7719883858022 2112 1188 -0.011792792666071998
389 SIMPLE_RADIAL 4224 2376 2848.3257155635406 2112 1188 -0.013789484956585128
390 SIMPLE_RADIAL 4224 2376 2852.0587087522581 2112 1188 -0.014541955673237001
391 SIMPLE_RADIAL 4224 2376 2860.4959790027146 2112 1188 -0.017300276329682705
392 SIMPLE_RADIAL 4224 2376 2851.1600300292166 2112 1188 -0.015139649702835278
393 SIMPLE_RADIAL 4224 2376 2857.6798305781572 2112 1188 -0.01355173048277673
394 SIMPLE_RADIAL 4224 2376 2864.9421260303575 2112 1188 -0.011528371088381844
395 SIMPLE_RADIAL 4224 2376 2848.9252081506625 2112 1188 -0.013497951517308236
396 SIMPLE_RADIAL 4224 2376 2865.0076027750397 2112 1188 -0.007405688499398694
397 SIMPLE_RADIAL 4224 2376 2859.946242940307 2112 1188 -0.017691634985234416
398 SIMPLE_RADIAL 4224 2376 2855.3691260888568 2112 1188 -0.018297621554548348
399 SIMPLE_RADIAL 4224 2376 2858.7799484139668 2112 1188 -0.019725952654919707
400 SIMPLE_RADIAL 4224 2376 2854.7512600319319 2112 1188 -0.021550472605008242
401 SIMPLE_RADIAL 4224 2376 2873.2950278298449 2112 1188 -0.017088875950501903
402 SIMPLE_RADIAL 4224 2376 2985.0015107073332 2112 1188 4.8652887974344988e-05
403 SIMPLE_RADIAL 4224 2376 2755.2337279034837 2112 1188 -0.0021176815397810096
404 SIMPLE_RADIAL 4224 2376 2759.1842038382674 2112 1188 -0.011823492826903613
405 SIMPLE_RADIAL 4224 2376 2765.1770453091913 2112 1188 -0.012738649990506796
406 SIMPLE_RADIAL 4224 2376 2978.9080441885922 2112 1188 0.0037557473539943202
407 SIMPLE_RADIAL 4224 2376 2858.6245762337444 2112 1188 0.015311951514085867
408 SIMPLE_RADIAL 4224 2376 2841.0053841408385 2112 1188 0.04885955174429224
409 SIMPLE_RADIAL 4224 2376 2840.9804650696838 2112 1188 0.035085535125473792
410 SIMPLE_RADIAL 4224 2376 2847.3886610502509 2112 1188 0.038974220585478073
411 SIMPLE_RADIAL 4224 2376 2845.5245641606243 2112 1188 0.031713670054567808
412 SIMPLE_RADIAL 4224 2376 2846.7508785423561 2112 1188 0.02997376863155642
413 SIMPLE_RADIAL 4224 2376 2845.3425708762779 2112 1188 0.031150041974202482
414 SIMPLE_RADIAL 4224 2376 2861.9182888560044 2112 1188 0.012358263578531288
