# Frame list with one line of data per frame:
#   FRAME_ID, RIG_ID, RIG_FROM_WORLD[QW, QX, QY, QZ, TX, TY, TZ], NUM_DATA_IDS, DATA_IDS[] as (SENSOR_TYPE, SENSOR_ID, DATA_ID)
# Number of frames: 414
1 6 0.9560951813027091 -0.21154382516965453 -0.086775138180459746 -0.18330654575353408 -0.85937811765779848 0.37536855372778144 3.4813853067305498 1 CAMERA 6 1
2 2 0.95651926206824511 -0.20433633781407665 -0.16814223506346332 -0.12266112313612043 -0.97599907054083446 -0.090953002047792372 2.3028690513389232 1 CAMERA 2 2
3 12 0.83119895629235174 -0.37804050103331749 -0.14610626002817897 -0.3805872244539506 -0.74470836792544015 -0.080033817148657135 2.1219365043312823 1 CAMERA 12 3
4 10 0.98520365207107818 -0.093392566136586461 -0.1246959395729296 -0.071431891968909256 -1.0436196779669038 0.28789501630025216 4.459125540003515 1 CAMERA 10 4
5 1 0.96670129278210049 -0.1745902490551044 -0.096577655327664547 -0.16024859425187818 -0.72510078606982797 0.31314880085210939 4.7238100476043572 1 CAMERA 1 5
6 11 0.99330393346623846 -0.068001264338761705 -0.081885885718031154 -0.044920212922492618 -0.74932353777741434 0.16904561841920465 4.6071295558518193 1 CAMERA 11 6
7 3 0.95361496267525681 -0.19244126800351261 -0.12189245132645267 -0.19679200095709504 -0.77344947438787248 0.2856327215743884 3.2770776617256652 1 CAMERA 3 7
8 4 0.96520502756037596 -0.16654574263501223 -0.12048978259662116 -0.16162915167798519 -0.74481566429498236 0.26352694228904394 4.5296725949832677 1 CAMERA 4 8
9 8 0.96868551304390293 -0.13860386802597663 -0.13640622842757236 -0.15437190623061339 -0.82651619943969379 0.26211429521371182 4.2952662898914573 1 CAMERA 8 9
10 7 0.96145072600591719 -0.1539717134566008 -0.14594077366270825 -0.17494714487714119 -0.78446069935762808 0.24871818005583257 4.244767568663395 1 CAMERA 7 10
11 9 0.97393146073190595 -0.12346417707012973 -0.1333960156442924 -0.1357188630487281 -0.89189724153781336 0.25913460798542931 4.3112546422380387 1 CAMERA 9 11
12 5 0.95333955664799996 -0.1991742433972877 -0.12810332371199901 -0.18725076488829528 -0.89496078713452243 0.33267178057654018 3.3880697590688493 1 CAMERA 5 12
13 21 0.85348596739231142 -0.39200138200412155 -0.088901987632082111 -0.3316520112502474 -0.95159528077123778 -0.13239106539994427 1.9118255074145636 1 CAMERA 21 13
14 13 0.8966000902941873 -0.32379286681109376 -0.14516662468200128 -0.26493982064828142 -0.77913586970106552 0.119760230409917 2.2515157932574343 1 CAMERA 13 14
15 23 0.8826638126625187 -0.35147102080797626 -0.093015221958291761 -0.29786051069639119 -0.01709105090939594 0.11853818805732301 2.1604821782083747 1 CAMERA 23 15
16 16 0.93905696837814379 -0.2370989618337844 -0.15967620014522485 -0.19094398012237451 -0.75731225458901952 0.026210844494582629 2.1166336720098196 1 CAMERA 16 16
17 19 0.93880769870522141 -0.25552873134968873 -0.18632339560433539 -0.13648723221274311 -0.93423573578394825 -0.18095551422091 2.4404589730364652 1 CAMERA 19 17
18 14 0.93858902531309496 -0.29490751572865803 0.02165229005235007 -0.17779588595930632 -0.31838330029400402 -0.028109643259409987 2.9127802080705778 1 CAMERA 14 18
19 24 0.70760029497360444 -0.51700698163508751 -0.12091793655219972 -0.46624506014949108 -0.50170729471650088 0.14654481150713988 1.9719470757093385 1 CAMERA 24 19
20 17 0.96018509493707027 -0.19137488908872649 -0.16314662002334851 -0.12166928808012448 -0.97470136756579162 -0.18412362429742388 2.3054953191940473 1 CAMERA 17 20
21 20 0.89495821560180788 -0.34741770727417531 -0.17793813233928935 -0.21607579702222285 -0.82535598252006714 0.11467329032984311 2.5304553708865414 1 CAMERA 20 21
22 22 0.85065999319212726 -0.39100469163668861 -0.07296823156587777 -0.34375651889472086 0.073613070585791016 0.0045290182906391691 2.131919354079256 1 CAMERA 22 22
23 15 0.91724120726063796 -0.34489050026105728 0.037275954327521961 -0.19577950291513549 0.030938922435663353 -0.047179034180641462 2.7100378708578905 1 CAMERA 15 23
24 18 0.91003193938520521 -0.35799012232122662 0.034242045969371075 -0.20618541147973346 0.054864268328562123 -0.19000019344123176 2.5924673523432507 1 CAMERA 18 24
25 25 0.69228642618850234 -0.52115908356334562 -0.11441619811973554 -0.48584117501750562 -0.4916950586570995 0.051119767187335546 1.9220321068820265 1 CAMERA 25 25
26 27 0.81408184416690244 -0.40997026079905707 -0.12146668243842966 -0.39298979797899369 -0.70741457670532648 -0.025696777659842501 2.2300388639526414 1 CAMERA 27 26
27 29 0.85599373094463116 -0.39299282422403886 -0.079816817780943586 -0.32628307999531309 -1.0160582024734639 -0.12291759804615787 2.0867048953587055 1 CAMERA 29 27
28 26 0.67405208010173512 -0.5553966222200577 -0.071174152344226124 -0.48179105987466764 -0.48844399648303721 -0.23615317425675802 2.4371444007698662 1 CAMERA 26 28
29 28 0.64692694269866524 -0.56881932747868458 -0.1156732149510266 -0.49451977800705677 -0.82355348064320044 -0.36186162490322915 2.4257419937506679 1 CAMERA 28 29
30 34 -0.47270478880177819 0.64479817207541612 0.055224303734701261 0.59811017062836014 -0.74062226991833835 -0.38089368395203588 2.0233547884284899 1 CAMERA 34 30
31 35 0.51579681338496119 -0.6292884183757067 -0.062440791384115443 -0.57797134995728516 -0.62336048752852768 -0.36785749710854593 2.0062612987753092 1 CAMERA 35 31
32 32 0.66743548403552566 -0.53880014503566942 -0.099054632710555118 -0.50439315825889475 -0.45835696843343693 -0.22612627031126611 2.6063375730538789 1 CAMERA 32 32
33 31 0.65392066826105655 -0.55045545495646675 -0.1018922930547561 -0.50892485923339037 -0.48654093662094372 -0.20379805712240481 2.6133367625682573 1 CAMERA 31 33
34 33 0.66395237504484061 -0.54178348213573091 -0.1015962795690889 -0.50528813377608339 -0.45531670534105662 -0.17137039003414473 2.578490072153897 1 CAMERA 33 34
35 30 0.71344395941494732 -0.50286634953963216 -0.038641036640547667 -0.48644631930188503 -0.03529509313498061 -0.19921623941566616 2.4504758662967485 1 CAMERA 30 35
36 36 0.60529194631575922 -0.57021373056039926 -0.1158127200164429 -0.54319920387281995 -1.116381648975459 -0.42658722055299497 2.3608840209275459 1 CAMERA 36 36
37 37 0.57960612263116718 -0.59235405074546699 -0.11131028956783745 -0.548437271354004 -1.1051299902950442 -0.40834477210625886 2.3849292660206363 1 CAMERA 37 37
38 45 -0.21319959869208593 0.68835857790975064 -0.014486978972240572 0.69318001036949783 -0.56526096161220929 -0.15749308824211988 1.8475517106608106 1 CAMERA 45 38
39 42 -0.38931977176803367 0.64688264990820865 0.16205144283170417 0.63538357110833699 -1.1001699339082911 -0.75164517515414586 1.9140158836036629 1 CAMERA 42 39
40 48 0.044084892746874119 0.74449958276339678 -0.030162467217382753 0.66548262116150347 -1.1177432748395322 -0.18237623885915133 2.962465062919367 1 CAMERA 48 40
41 38 0.60739365045561045 -0.57080510366095882 -0.08110414901978226 -0.54651313253442224 -0.57126333044429023 -0.57377840271358849 2.5048565503021312 1 CAMERA 38 41
42 39 0.63665653363591046 -0.56631208923458842 -0.08821745679486602 -0.51592320754363086 -0.50542027141541512 -0.54525210563752657 2.6099428665820521 1 CAMERA 39 42
43 44 -0.20996115092611584 0.67553822111796535 -0.026846960004974125 0.70628865745461844 -0.62338609774661502 -0.16802424961746931 1.8140803286725995 1 CAMERA 44 43
44 40 0.65160696665189288 -0.55251803896314278 -0.097043055377616816 -0.51060241189600653 -0.51928045633256725 -0.26801897262606539 2.6344221409789825 1 CAMERA 40 44
45 43 -0.37561566354725506 0.68534762285069317 0.12069488583750607 0.61208190112396788 -1.0090488258323753 -0.65883255630016424 2.0872016100543505 1 CAMERA 43 45
46 41 -0.3795884077863203 0.63132384025718125 0.18801712051105079 0.64960943019009842 -1.2135442228868538 -0.75202929205806435 1.9617147322533568 1 CAMERA 41 46
47 47 0.046974161201751193 0.74134872469489033 -0.029113499248408069 0.66884071402252754 -1.1174883168655503 -0.17095602926976081 2.9398439079954723 1 CAMERA 47 47
48 46 0.06694534699732646 0.74767613880292094 0.034670931103319536 0.65977014066763573 -0.93825628477130452 -0.70884594999710226 3.335621496660369 1 CAMERA 46 48
49 54 0.0024250028836053485 0.72722491409900725 -0.055110625899907867 0.68417896970575365 -1.2646313925402504 -0.085941105155412117 2.9427762171618386 1 CAMERA 54 49
50 53 0.11228486898267791 0.77753851077985803 -0.057002441822194105 0.61609795818367308 -0.86922179371528818 -0.081148195527683362 2.827730961203295 1 CAMERA 53 50
51 58 0.22987172672544254 0.69161202157551405 -0.11137158449488928 0.67559467954653996 -1.1146259072888633 -0.31243411000324967 3.0214139880812332 1 CAMERA 58 51
52 52 0.24230526236244973 0.75895657003310701 -0.07951622367555003 0.5991245736968448 -0.89237746718802025 0.26582289865045866 2.9994108821031449 1 CAMERA 52 52
53 50 -0.0081791057783429811 0.72029765431233816 -0.025759443015330591 0.69313840069379362 -0.74493709551102238 -0.5145310232814565 3.019942727943647 1 CAMERA 50 53
54 59 0.12402187249624103 0.73863926243600087 0.033950662144293237 0.66172348278604332 -0.59718469574083199 -0.6361179856524557 3.177492063297005 1 CAMERA 59 54
55 49 -0.00876468811225024 0.7230848389318012 -0.0291789392566775 0.69008701295787434 -0.87132263408709687 -0.49992425396657819 2.9876235685864834 1 CAMERA 49 55
56 51 0.21550511890996765 0.74466488631835659 -0.087525550752292486 0.62559653833247653 -0.84917804617276116 0.14350010352889747 3.1730720278746665 1 CAMERA 51 56
57 56 0.070571383376218488 0.74681397026939944 0.038197930481673206 0.66017383450553435 -0.84492472708096289 -0.70203938706344737 3.2988820904790557 1 CAMERA 56 57
58 55 -0.069239092936064922 0.75599891337361158 -0.044410192486744403 0.6493838046876439 -1.1563749068646589 -0.23043421262072297 2.9370684428879312 1 CAMERA 55 58
59 57 0.085720491446402328 0.74520946034483626 0.027647042855153073 0.66071968230113332 -0.69763830909744007 -0.74093880302067905 3.1909325831652593 1 CAMERA 57 59
60 60 0.10368914262039186 0.68975115020380739 0.022698194032258239 0.71622392063016638 -0.94699515607232132 -0.61053577174124884 2.9031931118840109 1 CAMERA 60 60
61 65 0.38157578883677989 0.67377924937873357 -0.14052413298541008 0.6169881753558315 -0.86504366021124535 0.053919261322062657 2.6949353071207653 1 CAMERA 65 61
62 66 0.28526838765919321 0.70729711889801294 -0.085460928419423474 0.64113115843373636 -1.0923527993604825 -0.14718078446882896 2.8443138280743057 1 CAMERA 66 62
63 64 0.52900379299371392 0.54921087746543129 -0.20137471406751162 0.6147931551393061 -0.87440851932977093 0.38058060358329537 2.5225519217096766 1 CAMERA 64 63
64 62 0.53659945104164319 0.53700335322938497 -0.20476391306231967 0.61786743535293265 -0.93700605721897601 0.37790767828688332 2.4920743135437466 1 CAMERA 62 64
65 61 0.5326087783579887 0.53897021684518309 -0.20755388349567641 0.61867631279670821 -0.8678238911074625 0.36651958048578848 2.518238715598045 1 CAMERA 61 65
66 63 0.53696326551708207 0.53880246779281593 -0.20898106819253581 0.61456428900702498 -0.91669324881799752 0.3932375237131564 2.5255173462973666 1 CAMERA 63 66
67 68 0.69014061123949766 0.49710828653935957 -0.13071572777680476 0.5094140621180917 -1.1553658365658082 0.22707905417955568 2.4193286835149186 1 CAMERA 68 67
68 70 0.63703541556141619 0.53988227563418423 -0.11828946163721291 0.53732728484800296 -1.1625715476178922 0.24973327434830989 2.6581085736796104 1 CAMERA 70 68
69 71 0.62610849677642888 0.53877851530608545 -0.13507563323105293 0.54722978264725408 -1.2788465933163933 0.14743153989533928 2.6209802286143273 1 CAMERA 71 69
70 67 0.70080021693219074 0.48513193863540988 -0.14063468596974055 0.50373400040679783 -1.1797165843404374 0.12939098475810093 2.382779967278589 1 CAMERA 67 70
71 69 0.65066676801323053 0.52636255563862822 -0.13611663135649249 0.53013911352865661 -1.2791827234847748 0.17201651839857685 2.3867353396945079 1 CAMERA 69 71
72 72 0.6142799645198439 0.55060260422700835 -0.094291986293498081 0.55732030173748626 -1.1850302536118333 0.24513301138214377 2.7273561144751302 1 CAMERA 72 72
73 75 0.870832326362878 0.30150543082280051 -0.20159025969929253 0.33182360033630431 -0.92481507319822176 0.5367973346109074 2.0502522626755693 1 CAMERA 75 73
74 77 0.8333072006785387 0.35896286185909798 -0.18064854562303032 0.37961938315569144 -0.95336583790532303 0.47719323438058903 2.1913537762254225 1 CAMERA 77 74
75 73 0.57208477591277673 0.57772718243057142 -0.10360986509988217 0.57290078347271045 -1.4038152239191137 0.16105445314872691 2.7546990288410123 1 CAMERA 73 75
76 76 0.86257912519467184 0.3086593871866159 -0.18978753642564192 0.35308260577018402 -0.90004038534761188 0.53528791336678871 2.1119377557813173 1 CAMERA 76 76
77 74 0.53795494353528606 0.60167564053113998 -0.092480777793837107 0.5831279517018858 -1.5221224939804601 0.085235467231668444 2.7726105395392877 1 CAMERA 74 77
78 78 0.78331982715245008 0.40165661667263552 -0.17883345333107559 0.43943214111240125 -1.1561290094253891 0.27523116240228085 2.0758128064252448 1 CAMERA 78 78
79 84 -0.19733105732737249 0.65619730879301319 -0.028011821282888965 0.72779178589434745 -0.56200565767719668 -0.09219594568473391 1.7781687227932732 1 CAMERA 84 79
80 80 0.8422752034350226 -0.43610897378612812 -0.038741636482635886 -0.31445274726793021 -0.16395559282887415 0.037341085755023554 1.2075278498081932 1 CAMERA 80 80
81 81 0.85462168584657905 -0.41389813656658359 -0.069998711081214679 -0.3056309655032185 -0.43027604753117782 -0.013039439210225838 1.2163804787977766 1 CAMERA 81 81
82 85 -0.32750228596875741 0.58102354775435616 -0.0048713200648505955 0.74507057375862429 -0.36633424910904666 0.043773851145736162 1.2817866183810098 1 CAMERA 85 82
83 86 -0.30501514709529737 0.59026994047032699 -0.015818321300833237 0.74719270481637778 -0.39101190010106013 0.058929691420891488 1.2927488437577446 1 CAMERA 86 83
84 79 0.76187965343700148 0.42373279573681472 -0.17910060575628972 0.45597465336738568 -1.2137618207650711 0.2230190125211674 2.1056670663124417 1 CAMERA 79 84
85 88 -0.020609143735211444 0.69464997430418918 0.013731527767198352 0.71892149887096113 -0.16510190962020427 -0.6883809009682792 3.0343781402730903 1 CAMERA 88 85
86 82 0.72632863072316256 -0.49075265033860566 -0.071245371640837205 -0.47595446567629685 -0.0096707276758918603 -0.026316484263928398 2.4031926470414025 1 CAMERA 82 86
87 91 0.070591967210829429 0.64079504042438218 -0.06233773429793453 0.7619137071974883 -0.39079678716857086 -0.47481937703121979 2.5389163085127837 1 CAMERA 91 87
88 95 0.50535401281911529 0.50569214501739312 -0.28460475684598796 0.63866494234141402 -0.84737619325149638 0.35529938335311262 2.4616688517607175 1 CAMERA 95 88
89 93 0.22052797336485844 0.62633358219902591 -0.17995222383419368 0.72573469939810142 -0.57085583630867898 -0.33081159704442864 2.5053514357605198 1 CAMERA 93 89
90 87 -0.0097697437799355476 0.69606724575820567 0.020206514860289675 0.71762569508502216 -0.29450684200917437 -0.56290583869954336 3.1563075853151026 1 CAMERA 87 90
91 92 0.14369171680216111 0.64085496734365366 -0.12595276925671284 0.74350084147227269 -0.46735238588767269 -0.46935168941714239 2.5074405001426752 1 CAMERA 92 91
92 94 0.35159548036438665 0.59648348056393174 -0.20754883047113332 0.69102211149263437 -0.56885321286623369 0.11171590900475539 2.6058590572958615 1 CAMERA 94 92
93 90 0.019988768457788547 0.63561937165277316 -0.022372753449686249 0.77141942120895202 -0.28885701093142957 -0.44103886810020382 2.5157388113852681 1 CAMERA 90 93
94 89 0.01303471450647244 0.63749843270919948 -0.023236343354780361 0.76999085504864795 -0.33211193477038764 -0.49130753681689276 2.5703592461026408 1 CAMERA 89 94
95 83 0.72600258604150913 -0.46000337665400209 -0.07164874123519864 -0.5061458252394947 -0.11887799337105903 -0.025073616963966035 2.4162520516876476 1 CAMERA 83 95
96 96 0.52102408955290236 0.50619503065027094 -0.26518199441364182 0.63401813766590609 -0.80587675708688811 0.42842887122544748 2.508682944634296 1 CAMERA 96 96
97 97 0.95935459291302772 0.0091825015178840265 -0.28195161584501793 0.0075982264336157974 -0.46864925561603527 0.44417986335502829 2.5965407904609696 1 CAMERA 97 97
98 98 0.93564809901438117 -0.11273004525436164 0.30432790028554607 -0.13870508575937393 -2.1294746592331415 0.96548050333543445 4.227685822547353 1 CAMERA 98 98
99 99 0.9259357071655071 -0.12222347613592954 0.31810202049940017 -0.16283609130460455 -2.2678204745962689 1.1831422361284476 4.2536785360706402 1 CAMERA 99 99
100 101 0.88873916651295637 -0.1358144260874668 0.41927792571301237 -0.12610771817054475 -1.5986077913831069 1.0741973466842245 4.7254913123196554 1 CAMERA 101 100
101 100 0.8936081876846983 -0.15918751093851885 0.3994505973174225 -0.12869717777333983 -1.7707364847944038 1.2870595619535559 4.6050460631584755 1 CAMERA 100 101
102 102 0.89741437130780266 -0.13555587468800029 0.40253241688471597 -0.11933023240043529 -1.7851405177454376 1.0083039794114825 4.6397114065537757 1 CAMERA 102 102
103 104 0.9028773598497869 -0.14169377691246832 0.39185780784150537 -0.10574878291785655 -1.9011438424013698 0.9351873692136814 4.5904285658367039 1 CAMERA 104 103
104 103 0.89983744354361939 -0.13553518043801566 0.3984419161565711 -0.11474680609933467 -1.8278674318468771 0.97287505674423447 4.6229756999254166 1 CAMERA 103 104
105 105 0.90604935655006469 -0.13764309385552381 0.38744136739070861 -0.10009060417197703 -1.9542884408933088 0.86025722099965241 4.583370767061524 1 CAMERA 105 105
106 106 0.14389364175782651 0.92639864419643059 -0.10351849999592824 0.33221091500924343 -2.9870065534681385 0.49621751059543695 3.9074108814834312 1 CAMERA 106 106
107 108 0.15350412045149855 0.93246356892060633 -0.12306876211829029 0.30298887344410735 -3.0471583161545253 0.5877589673158693 3.933608296326796 1 CAMERA 108 107
108 107 0.15338874290607452 0.93239943130213088 -0.10262580734456246 0.31075897046430373 -2.9118698949770456 0.54582999326254711 4.0091539252392296 1 CAMERA 107 108
109 110 0.13024117960314663 0.92930284463872226 -0.118569864040627 0.32461461061287306 -3.0283041843338636 0.29642651590174551 3.7722285095193087 1 CAMERA 110 109
110 118 0.92253239307025559 0.14053492837644499 0.32009136112630365 0.16347916740247145 -2.7835576815525362 -0.17142307390292388 4.0112581338584219 1 CAMERA 118 110
111 109 0.12499860099561196 0.93035521025724177 -0.1302777261084927 0.31912732032269497 -3.1932173564421396 0.33034323989879161 3.8089808313489266 1 CAMERA 109 111
112 116 0.93451320865320786 0.043538503847481848 0.33133686764889114 0.12249629248279376 -2.6345279937949164 -0.087974147676642578 4.3078643473770191 1 CAMERA 116 112
113 117 0.93359711861481942 0.079664114877880263 0.33196630719913051 0.10885044694167854 -2.6415202339012489 0.077383979762434218 4.2838956047403816 1 CAMERA 117 113
114 119 0.93185617875739035 -0.076875186707395765 0.35283560243895651 -0.035232164735031463 -2.3159200723517976 0.32084070386501273 4.4492754676840311 1 CAMERA 119 114
115 112 0.4471047567010753 0.85166429229160712 0.073423942328851105 0.26338981465424582 -2.8933598730560415 0.34141827292979127 4.1740490348364174 1 CAMERA 112 115
116 111 0.44957177124478692 0.84381729818630913 0.058294035791446638 0.28715743969559293 -3.090070165412206 0.35166163420149782 4.0050600435765054 1 CAMERA 111 116
117 114 0.45052272220068784 0.85333884978343788 0.10434280485466686 0.24073774798776773 -2.6880672697458494 0.35234146108350606 4.3455460849085501 1 CAMERA 114 117
118 120 0.93279008805336305 -0.077923919778989367 0.34964422220148234 0.039742071370243853 -2.3515382984744346 0.22760210870457562 4.4600841330066423 1 CAMERA 120 118
119 113 0.45025926940973826 0.85324255753194911 0.10550177157694914 0.24106659768842417 -2.6730442072039344 0.3259328943878898 4.349254692818648 1 CAMERA 113 119
120 115 0.44646041963534533 0.853784805052343 0.09771763912907741 0.24935088402450795 -2.745184045947771 0.29997506515647343 4.2508671888698677 1 CAMERA 115 120
121 121 0.93660083435791308 -0.085000439151723436 0.33526030539557655 0.056163422706776774 -2.5242688577314945 0.31089017873672287 4.3397589977245685 1 CAMERA 121 121
122 122 0.93338818304756066 -0.082983214349647672 0.34584490974347409 0.047870494961949873 -2.4192031239051688 0.38237073875665717 4.4140686629668133 1 CAMERA 122 122
123 123 0.93659135926637471 -0.062510560262933779 0.34206018515011916 0.043403747974626733 -2.4417865747397731 0.27268336139780519 4.4047356285429924 1 CAMERA 123 123
124 124 0.93446080393394493 -0.031417809732137786 0.34545078348965924 0.080372155185369623 -2.5023807542790149 0.3441506182002087 4.3177437456903247 1 CAMERA 124 124
125 125 0.93906971345255219 -0.040895177529604539 0.32713164201382505 0.097265340817283913 -2.6814095160884124 0.27724610905104902 4.1943709303552588 1 CAMERA 125 125
126 126 0.95025974548147762 -0.21717315671748066 0.1984901656692393 -0.10219535337499436 -1.9340792434023646 0.31786049669922506 4.2613462934709663 1 CAMERA 126 126
127 127 0.95064878760525062 -0.20577538054645844 0.21938100260394358 -0.076127203298925861 -2.0899903984369317 0.08338952661202767 4.2941242946533906 1 CAMERA 127 127
128 128 0.94495000069442314 -0.2255091480441356 0.2234191212994619 -0.079366344087368174 -2.4259281015251166 0.22887852890847615 4.2391639889159638 1 CAMERA 128 128
129 129 0.94665984079149579 -0.22016330902302586 0.22126768954516834 -0.080024201064394646 -2.4746996597990569 0.19550933949847765 4.217500369317011 1 CAMERA 129 129
130 130 0.9591025261094378 -0.17188523825965987 0.2129929745224908 -0.072192811851157737 -2.8778566564954282 -0.13724742808929358 3.7918128449980162 1 CAMERA 130 130
131 131 0.96389426387825272 -0.16105936444294625 0.20183568271920274 -0.065039114147634358 -2.9373755797332897 -0.27395168030349748 3.6799549512973422 1 CAMERA 131 131
132 132 0.96600809130749832 -0.17487321497793448 0.17183903684024915 -0.081969943452102054 -2.6285123240486992 -0.081466285490224694 3.6079155283975632 1 CAMERA 132 132
133 133 0.95711637954599904 -0.20683012287239838 0.16876818954762721 -0.11254703227612914 -2.3014736349384846 0.069647272206270386 3.9634150922318168 1 CAMERA 133 133
134 134 0.90554264277150798 -0.35383910312279149 0.16598292520696348 -0.16504568992673291 -2.102057319339381 0.85857979985122435 3.7848118251024268 1 CAMERA 134 134
135 135 0.90986334255663259 -0.34798858434544405 0.16356814754133056 -0.15587849161068765 -2.0725858849020113 0.63560613684628608 3.8028106436874354 1 CAMERA 135 135
136 136 0.91111743187214711 -0.34300640387333109 0.16270716433648 -0.1604307043996584 -2.0538349653859531 0.42646746095416493 3.8057130828978174 1 CAMERA 136 136
137 137 0.92072579233780716 -0.3257867859525112 0.14917324934402842 -0.15451319394405871 -2.1628406703682006 0.074308235217026647 3.6833709663010841 1 CAMERA 137 137
138 140 0.92698745553391393 -0.31075306114502022 0.135617474775068 -0.1604203628202891 -2.2273513626762509 0.0089826875291185576 3.6009698740437397 1 CAMERA 140 138
139 143 0.71824207924206407 -0.58841563596733615 0.21264147698099334 -0.30443218821690626 -2.4146277314291584 -0.21087866687126031 3.5819961990081395 1 CAMERA 143 139
140 139 0.91284025404681002 -0.33803758826285313 0.16123223212382132 -0.1626573909712048 -2.0899528869635042 0.21844000667722221 3.7561603779976975 1 CAMERA 139 140
141 142 0.69698126862437448 -0.61601541846450669 0.18643926956421375 -0.31620011727562453 -2.3750988169724252 0.043544235738021853 3.5367645994201915 1 CAMERA 142 141
142 141 0.69799377631830539 -0.61662419540448221 0.16309408561183628 -0.32554509534183673 -2.3760379410075747 0.021492943199874274 3.380090573947764 1 CAMERA 141 142
143 138 0.91773000165065988 -0.3292475557750506 0.15817717251383345 -0.15603740955925882 -2.0985854623930171 0.11286469899765635 3.7423159623664501 1 CAMERA 138 143
144 144 0.70675729000654552 -0.60500640456332488 0.18827278820154422 -0.31466607806177438 -2.6788488467219258 0.026751809133200612 3.5779394373218394 1 CAMERA 144 144
145 145 0.71959596996771014 -0.59527779355017807 0.17955911478521283 -0.30916745108405735 -2.8383807780312629 -0.11266114656329847 3.5052452243066377 1 CAMERA 145 145
146 146 0.72342978902510291 -0.5844603290055822 0.17821755464257336 -0.3213937886565375 -2.7758140072783903 -0.098335552588348904 3.4153479136056384 1 CAMERA 146 146
147 156 -0.46110563099789037 0.84447436166661094 -0.13614715946549313 0.23602669450569591 -1.9904314498642615 -0.29673342166410843 2.520761141580516 1 CAMERA 156 147
148 147 0.66379975038108019 -0.67694439302079124 0.1119046092427648 -0.2976466673456169 -2.442256381080941 -0.31912655825484937 3.156537547041335 1 CAMERA 147 148
149 152 -0.44179940942832036 0.87608713585060716 -0.083393876927528934 0.17415531435148185 -0.71691603241644331 -0.17577616842272159 3.5721961574039902 1 CAMERA 152 149
150 148 0.56508385290796492 -0.76127190387401977 0.13898627748764211 -0.28605618718154457 -2.3317432873273822 0.085367932425313126 3.5466981710826411 1 CAMERA 148 150
151 150 0.53931454604830098 -0.77210135166124583 0.14594622315645006 -0.30281846563570053 -2.5049750749593427 -0.24483311205103919 3.731862814923725 1 CAMERA 150 151
152 149 -0.48839002107993956 0.83548360934189125 -0.12304335926527177 0.2197786558592521 -1.9802557160946628 -0.46978454289663385 3.5115984525847428 1 CAMERA 149 152
153 153 -0.50337132009684826 0.82418578700744238 -0.14112489893248098 0.21775873231670034 -2.0739431887309845 -0.71702535395268752 3.5418013673035431 1 CAMERA 153 153
154 154 -0.473980166240838 0.83146679475637941 -0.12571170556422503 0.2611557740353333 -2.008869681740316 -0.20481050340446738 3.1819966393656469 1 CAMERA 154 154
155 151 0.53973077921036139 -0.76828908765254744 0.10496250981964725 -0.32772768467029623 -2.0787667951751638 -0.65255953964341673 3.5295421902189434 1 CAMERA 151 155
156 155 0.52668170351292942 -0.77816106089684467 0.1470842721548031 -0.30893035359657994 -2.5107410375787076 -0.27974447798368651 3.7944533787395409 1 CAMERA 155 156
157 157 0.54343661735090432 -0.78878195768465009 0.14034318314334976 -0.25060617929047546 -2.3210629033060846 -0.54648175937564114 4.0705299051917381 1 CAMERA 157 157
158 163 -0.31864954508031923 0.887568318421739 -0.083203169527651347 0.32212137484908565 -2.5945615320290445 -0.7088495992690772 3.8643963960282175 1 CAMERA 163 158
159 160 -0.49897372427723924 0.80139743278127584 -0.13148527058340545 0.30248801766696626 -2.4491123930259309 -0.10872031507328435 3.5252890912256714 1 CAMERA 160 159
160 159 -0.48518033644928993 0.83550787130174597 -0.15366111460769921 0.20715911752394242 -2.0149918921526719 -0.58265316059661143 3.923633964185008 1 CAMERA 159 160
161 158 -0.49680257105382181 0.82018727213382814 -0.13548399229332755 0.24924713008627358 -2.2187789145419288 0.064833331176653339 3.5776247308573739 1 CAMERA 158 161
162 166 -0.39081901441468847 0.84079370331174763 -0.098750829033118132 0.36135124215715708 -2.7602357915317053 -0.64875463250454046 4.1538035270556515 1 CAMERA 166 162
163 164 -0.29916503068641792 0.88713489415402502 -0.068364916766133488 0.34470016266935738 -2.8224976930817967 -0.58468742799871676 3.8125124224955629 1 CAMERA 164 163
164 162 -0.3845361281772583 0.8384272271780675 -0.11090424953763596 0.36996215791271703 -2.5394746345073451 -0.43622127892497364 4.1635206508744744 1 CAMERA 162 164
165 165 -0.30534702075456427 0.88625239733834971 -0.084447316883914353 0.33791794240532341 -2.7338514078970908 -0.60523896898002105 3.798932780461139 1 CAMERA 165 165
166 161 -0.39285116374567325 0.81695532247750535 -0.11705166552379118 0.40564870493747684 -2.5348477560294733 -0.31281391233465011 3.9423114803897894 1 CAMERA 161 166
167 168 -0.3584220553611065 0.85903280554243289 -0.083550427423171425 0.35583085210535365 -2.7426798542569779 -0.52499404830114604 4.0895141108625364 1 CAMERA 168 167
168 167 -0.31752872822550426 0.89144883960798849 -0.083206267895699862 0.31236387450525327 -2.4000886377312738 -0.50903875833308654 3.9118076304793532 1 CAMERA 167 168
169 173 0.12196929908490818 0.92073421917014886 -0.07044988554680702 0.36388020192958331 -2.1167758880795544 0.054690092956987506 3.4907633695858662 1 CAMERA 173 169
170 172 -0.3069240580265663 0.84255600843696676 -0.10756569867568601 0.42933275640193408 -2.4469272014706624 -0.01440808204621646 3.3998617761448995 1 CAMERA 172 170
171 175 0.14330107528914665 0.91895237705719068 -0.11233624646896914 0.34981694963391385 -2.7662633461976203 0.46462901779911342 3.7124824998360491 1 CAMERA 175 171
172 169 -0.29000155757904611 0.85090320845177836 -0.1495467167799038 0.41170208397401636 -2.8592982558886573 0.054327765919421615 3.7041238627473532 1 CAMERA 169 172
173 171 -0.30724339552783886 0.88737509903504208 -0.084440445325912716 0.33322175905879065 -2.7099829690609321 -0.60659707453967371 3.8296144603962001 1 CAMERA 171 173
174 170 -0.40745100894892583 0.79635096096002489 -0.12926012019480129 0.42790260996139401 -2.8155560709671903 -0.46806451120802511 3.3960588955242774 1 CAMERA 170 174
175 177 0.050720262098537069 0.91574970145090095 -0.013170221621423476 0.39831706537340827 -2.2596742045427147 -0.072068718663464898 3.2535066726867852 1 CAMERA 177 175
176 174 0.056194811665297426 0.91195024906348188 -0.014700740653011522 0.40616840669752768 -2.197433729677237 0.013177332451881543 3.2632821790003894 1 CAMERA 174 176
177 180 0.10576312634181381 0.93562203172266711 -0.06264889555092501 0.33090888587011907 -2.3394103205019543 0.085960378670429008 3.6044182786997929 1 CAMERA 180 177
178 179 0.089998676122116761 0.94078540656119791 -0.071583726621642876 0.31890253555076314 -2.2198460256338071 -0.22790476402164161 3.7289125184795986 1 CAMERA 179 178
179 178 0.071858872139413971 0.92177915136346578 -0.03628818941454557 0.3792659567052048 -2.3313924997605557 -0.026016431058857755 3.3500626470044366 1 CAMERA 178 179
180 176 0.087338804789020452 0.91756408343308371 -0.12131058178227504 0.36841800813651404 -2.9769875882557502 -0.026497684784437762 3.5408645093438933 1 CAMERA 176 180
181 181 0.10616800879866943 0.92442672629591904 -0.10567276302284916 0.35070906571209781 -2.849988915751779 0.12025369793510114 3.6859166012623037 1 CAMERA 181 181
182 183 0.15264763014508995 0.92390922958296051 -0.071392598028551621 0.34350186818886708 -2.5301137374147791 0.52433945422302031 3.7314421290697579 1 CAMERA 183 182
183 182 0.12718286923982505 0.93094005585557749 -0.087268191957456845 0.33099757226906723 -2.4367417805267051 0.26029393665242445 3.6347969252424819 1 CAMERA 182 183
184 184 0.13234530924494459 0.92842716432068273 -0.095725892682306482 0.33368289309236637 -2.8491482226156051 0.38553488466315322 3.8949625697072814 1 CAMERA 184 184
185 188 0.45454663196989925 0.83813236018772652 0.039784823670971928 0.29889575770900784 -3.1388424354343778 0.42270923060758664 3.8779241565810727 1 CAMERA 188 185
186 187 0.44778805160242918 0.84089252410334181 0.078047397309176106 0.29375879139606126 -2.8148074416350761 0.26196106620373999 3.9303042158914616 1 CAMERA 187 186
187 185 0.41232528504972987 0.85151383705667827 0.011463672765129204 0.32369836084911857 -2.2679737408596332 0.38708648602314011 4.1236611530918097 1 CAMERA 185 187
188 186 0.43342832274386295 0.85013312570693622 0.027387953159987571 0.29776409730003173 -2.1705768612013538 0.58560026327765757 4.2095001490291457 1 CAMERA 186 188
189 189 0.4462247265413285 0.84781694754853554 0.039034027724952874 0.28384196580521398 -2.1459802568113289 0.71574114254929933 4.2545910434506764 1 CAMERA 189 189
190 190 0.4483028095183097 0.84347212532027016 0.016588980232747616 0.295472791506315 -2.3483388690263745 0.71329032106329548 4.1040045734133841 1 CAMERA 190 190
191 192 0.4263402207592516 0.83144267434102237 0.059050570028059648 0.35135470059038992 -2.7364420708495478 -0.0067798455311169842 3.5678270898423605 1 CAMERA 192 191
192 191 0.44894519727203297 0.83870764357528849 0.012578686120341633 0.30799265431215783 -2.2662145925578945 0.67513885521439165 4.0811019207686554 1 CAMERA 191 192
193 193 0.42066709743590086 0.826269499833302 0.05531461544187808 0.37048373796780409 -2.5319822404039334 -0.049572582422940575 3.4894866226718277 1 CAMERA 193 193
194 194 0.45627181945541573 0.82993500113672258 0.0017906979581543887 0.32096840040704266 -2.3083968217477833 0.73302073511535715 4.0352559826978167 1 CAMERA 194 194
195 195 0.45902038407966111 0.83285354218743979 0.019890456337337152 0.30864159475334396 -2.276598193655015 0.73579226876396642 4.0677893166081329 1 CAMERA 195 195
196 196 0.47150740997601231 0.82533656431337887 0.024833854224967051 0.30965076720304396 -2.5321882436750527 0.84487595661927029 4.0123071663513556 1 CAMERA 196 196
197 199 0.97914920656506121 0.041866450318849946 0.19877002466046284 0.0021234211050801615 -2.4053417507719135 0.57809933928669155 3.4626325159226909 1 CAMERA 199 197
198 200 0.98041096098816949 0.025611789254730406 0.19495867097586383 0.011379825866428422 -2.5004345813868039 0.64570699893461658 3.3760269397953451 1 CAMERA 200 198
199 198 0.98203910996198218 0.033594981015928227 0.18482215155749884 0.017644717319197079 -2.3036502611552074 0.57381205428187443 3.5443851139989837 1 CAMERA 198 199
200 197 0.97989791613410948 0.029622920168768774 0.19425175644988785 0.034479148377505341 -1.9891842306951559 0.53375440006956709 3.652075958199724 1 CAMERA 197 200
201 201 0.97807103178258215 -0.0039786820985960522 0.20268059304399666 -0.047768232957137564 -2.3679277081203014 0.69092266170686156 3.3345805556982548 1 CAMERA 201 201
202 202 0.97865991678379993 -0.017855023434817919 0.19846112340498118 -0.05019111391173401 -2.3983953239619487 0.60954485231508526 3.2929240960866797 1 CAMERA 202 202
203 203 0.9765922694492668 -0.029720973714453799 0.20555965926993749 -0.055941303651440122 -2.3739021122260469 0.63516711822150984 3.348209936454444 1 CAMERA 203 203
204 205 0.97567460019160501 -0.029432433195815365 0.20727263195040371 -0.065045080225012028 -2.3962266771997904 0.6376760561019128 3.3985213615372727 1 CAMERA 205 204
205 204 0.97932651123559644 -0.037083627981946775 0.1900854825441696 -0.058411456519779192 -2.5452733695277301 0.6533771937392916 3.2559440469550194 1 CAMERA 204 205
206 206 0.97890357571697206 -0.039585312874380177 0.19378115620527725 -0.051280171147430484 -2.4064456887087475 0.55137145569837487 3.3390346149341887 1 CAMERA 206 206
207 207 0.9785077244388819 -0.053872459432655888 0.19498907120138995 -0.039995667767114933 -2.5423523404816613 0.23608499990731352 3.2237205373612912 1 CAMERA 207 207
208 209 0.9518443037177956 -0.21848953576175137 0.18829455308054563 -0.10392259389948393 -1.9573537044398908 0.34009736677935709 4.2315891409775208 1 CAMERA 209 208
209 208 0.96611899825455638 -0.2149344816837625 0.081607765564664245 -0.11729203892203317 -1.5886667597310986 0.049514058714893908 3.3908661694646103 1 CAMERA 208 209
210 210 0.95173093793925323 -0.25890143335262977 0.12625889816017932 -0.10600452920795769 -1.1610365963552614 0.26798184829167143 3.4440006561180825 1 CAMERA 210 210
211 211 0.95048253898375179 -0.26007125334990017 0.12937985514450537 -0.11048411356751624 -1.0848179597667222 0.33184256631576609 3.4541393022228424 1 CAMERA 211 211
212 212 0.96859483479462816 -0.22330006661585053 0.088010079768643598 -0.064925743104263162 -1.646892948976574 0.26752509780722095 3.6923594367886077 1 CAMERA 212 212
213 214 0.990337324493483 -0.10332038160592584 0.08538076720981487 0.035595042499750117 -1.6590856445723305 -0.27001672423219208 3.8280688149392343 1 CAMERA 214 213
214 213 0.97439994641042693 -0.18992039663588758 0.11676931283513244 -0.028981286324720631 -1.4741552695020617 0.30168614673665384 4.1005476607262095 1 CAMERA 213 214
215 215 0.94164506181503871 -0.29160075760958959 0.11878719135084739 -0.11900915465560861 -1.5377267172900175 0.30844109596654268 3.4175419127078479 1 CAMERA 215 215
216 216 0.95300162020044465 -0.25803748648239266 0.10895519139464593 -0.1154700555699726 -1.3219976981160648 0.18784077530796517 3.5198947563665013 1 CAMERA 216 216
217 217 0.94348914942892703 -0.28357465681333666 0.10635265902397775 -0.13454646350464852 -1.3751558064034968 0.27673767513457836 3.5815169148242796 1 CAMERA 217 217
218 219 0.95122143783641133 -0.26188458057220132 0.10085970231369573 -0.12814664688607752 -1.5579331823528286 -0.26496288589016348 3.6924959768731211 1 CAMERA 219 218
219 218 0.94121750826746353 -0.28995117616431032 0.10306916050138865 -0.13933651971130684 -1.4269285361455266 0.19808482518674322 3.6321155682422099 1 CAMERA 218 219
220 221 0.88113394603012229 -0.42222821267304217 0.048209380743567253 -0.20736962454669094 -1.5295763418023662 -0.2948126950687634 2.4174472567299867 1 CAMERA 221 220
221 220 0.96127537196195012 -0.24306803949728595 0.085605016238514228 -0.097669691456275548 -1.7064991104447862 -0.20534171026519424 3.5685471778408315 1 CAMERA 220 221
222 224 0.89062527012994719 -0.3983351017940247 0.051439893049639134 -0.21323628276572526 -1.6625683696153606 -0.063632343122994581 2.6067820837790072 1 CAMERA 224 222
223 222 0.87703438022463753 -0.42161919133642883 0.056689558325327724 -0.22323585594093318 -1.6971216456881462 -0.13449065019428055 2.3354012558762984 1 CAMERA 222 223
224 223 0.88887918691566215 -0.40535515335047323 0.044217767041585351 -0.20886785247668391 -1.6771835481681669 -0.11573652567904989 2.3941730827686691 1 CAMERA 223 224
225 225 0.88133098736525672 -0.41616311965787123 0.051853068668793523 -0.21765846598751762 -1.5248760434226944 0.12740809925855651 2.7087109347190754 1 CAMERA 225 225
226 226 0.69594210439545656 -0.6392495817971956 0.022125689383684453 -0.32639701801798215 -1.8037820760927306 0.011741288439934229 2.3570800915689119 1 CAMERA 226 226
227 229 0.72154064708233356 -0.58975763401113857 0.041093838178518555 -0.36038357925597703 -1.8069509730964319 0.052238469431518823 2.2845044819790026 1 CAMERA 229 227
228 227 0.87415590047310832 -0.42664797230130036 -0.023769813151193413 -0.23077687358571153 -1.5869090147806795 -0.71209740168742419 2.0558555833301457 1 CAMERA 227 228
229 228 0.71968315741223188 -0.59340750217818639 0.047428967007841639 -0.35731524230625211 -1.8024360919978182 0.0041720106290553333 2.4167762826352703 1 CAMERA 228 229
230 230 0.72387892285066291 -0.58827502922758113 0.053248914894377657 -0.35650574764290127 -1.8055735104688799 -0.068770281868376359 2.4894773306752573 1 CAMERA 230 230
231 231 0.71729600277401184 -0.60284283276385198 0.075261412593669308 -0.34117837440858539 -1.9411605433869117 -0.10112197505260023 2.7730160913369359 1 CAMERA 231 231
232 236 0.58282004576317814 -0.72289988285707918 0.060160261899593025 -0.36622028413237956 -1.6313221327856338 -0.19643769147995119 3.1341313595679301 1 CAMERA 236 232
233 232 0.71297222993271747 -0.61122991885992528 0.12169534843537805 -0.32133911651781427 -2.151540503783326 -0.14516564173656685 3.0396596407666023 1 CAMERA 232 233
234 234 0.61436215366414104 -0.69243123477065394 0.01554089944702094 -0.3779637677126258 -1.456589421572178 -0.24532642385969822 2.8573575506104176 1 CAMERA 234 234
235 233 0.6949106932749155 -0.6235456908620215 0.14515879802623 -0.3274428547627215 -2.2941275104296319 0.086118686085095222 3.2484167811650551 1 CAMERA 233 235
236 235 0.56111235279558536 -0.72003299155690637 0.056164134963100902 -0.40441440201068657 -1.5279612416412984 -0.18518608947018919 3.1527374530840029 1 CAMERA 235 236
237 239 0.6727975983817267 -0.66534438622851899 0.053345985227595399 -0.31908375888796586 -1.7033142240239167 -0.22815232205633973 2.6688229637193239 1 CAMERA 239 237
238 237 0.59062708272996645 -0.72114881021217159 0.057898427551845925 -0.35742385869228482 -1.7721138400012952 -0.22931328401731318 3.1102079942697811 1 CAMERA 237 238
239 240 -0.45056281653857883 0.79391104221711162 -0.099696868548417097 0.39592794773822459 -2.2421674605366655 -0.20242976021286391 3.731961583962601 1 CAMERA 240 239
240 238 0.59814537551399116 -0.71497655653359926 0.056437482174999498 -0.35755481253135185 -1.8149986964035902 -0.2886987846847367 3.0631219350586312 1 CAMERA 238 240
241 242 0.57949563373600677 -0.74612047932679915 -0.0062009199170928592 -0.32779656709952504 -1.9436793379362647 -1.2819627647427969 3.3905514148020286 1 CAMERA 242 241
242 241 -0.42459068673914585 0.81152897361742637 -0.10007369441809673 0.38875278699880794 -2.1618155949335138 -0.061076715167919786 3.8508067613212567 1 CAMERA 241 242
243 244 -0.50686873470496818 0.78155833218409065 -0.082387612364520399 0.35420748227709814 -2.1139962854189407 -0.78807006297334636 3.4741103566897529 1 CAMERA 244 243
244 249 -0.50774518941459912 0.7891644885799356 -0.044019462137235059 0.34274847854345075 -1.9460658239726059 -0.72626064018997516 3.4074892248432853 1 CAMERA 249 244
245 243 0.59106492733867388 -0.71570235550169214 -0.037989605816451326 -0.37009347447552815 -2.234229867198998 -1.0082554753243118 2.9984708943309784 1 CAMERA 243 245
246 245 0.53010860667424153 -0.78644788151848044 0.072970981102710344 -0.30847987082125239 -1.6530947504417934 -0.81535823000828112 3.6040035953659153 1 CAMERA 245 246
247 254 0.064185575336142983 0.87973986651066816 -0.051460368887436929 0.46828389853221414 -1.8041052538327556 0.073816405014770423 3.2315698557615611 1 CAMERA 254 247
248 248 0.55010795140605306 -0.77123134564667484 0.034246364792144324 -0.31845037257063796 -1.8495154941488883 -0.96060972605346906 3.3879101749319465 1 CAMERA 248 248
249 246 0.53639703256623417 -0.7804669277500621 0.065746557094796529 -0.31436760070449082 -1.7242674573156456 -0.8317215357132095 3.5348535033067665 1 CAMERA 246 249
250 247 0.54344776245965098 -0.77587455019313323 0.056571281505261674 -0.31540910251458265 -1.7752748177466191 -0.89349308654831661 3.4703083327270576 1 CAMERA 247 250
251 251 -0.43732742961846854 0.82282936312968924 -0.087698784964216125 0.35214412048292615 -2.0788507831200143 -0.39197921072000025 3.6664500420685369 1 CAMERA 251 251
252 250 -0.41515783475361434 0.820309056652191 -0.071306448146500806 0.38684934311668867 -2.1576794070211052 -0.56409230668052601 3.4523092270888891 1 CAMERA 250 252
253 255 0.039795162440967383 0.88272289935261739 -0.026467461531695494 0.46745705843946184 -2.1488045694646183 -0.064531726553143737 3.0327025529782548 1 CAMERA 255 253
254 253 -0.31037322035244569 0.8500581492923982 -0.15293233576208701 0.39709105704861614 -2.1909931537890954 -0.31050244482422729 3.5283272470263691 1 CAMERA 253 254
255 252 -0.31440208871762615 0.83937189464754547 -0.15265522719134361 0.41629620547987611 -2.2889820923808095 -0.17715736678234714 3.4334709167717183 1 CAMERA 252 255
256 256 0.059543110561997126 0.91189976175947496 -0.010439039307302209 0.40593653315014105 -2.1610769034003083 0.050309545189502709 3.2904388411684624 1 CAMERA 256 256
257 262 0.28446296917149283 0.80036559451073896 -0.028585951730466332 0.52695215879363588 -2.0500486323405296 -0.13097759541480428 2.8309672009813758 1 CAMERA 262 257
258 257 0.3538665954767059 0.82316636345617922 0.035627663625614335 0.44261296892955498 -2.020979595027725 -0.057455375491286084 3.4514623381068761 1 CAMERA 257 258
259 259 0.39849505729822221 0.8088717420137449 0.018335296639846774 0.43196297431338404 -2.3005316101449029 0.31546156143329362 3.6674747381427819 1 CAMERA 259 259
260 258 0.38346518111114725 0.80702335923701507 0.030029783686557579 0.44806915159709143 -2.2219873101088252 0.17972657919231613 3.5698971450886439 1 CAMERA 258 260
261 261 0.39124119060708634 0.8463850183300029 0.053446373407769338 0.35736006588373537 -2.0022523531478535 0.24868246859822796 4.1010099794659647 1 CAMERA 261 261
262 260 0.42647829922836483 0.79918406673728903 -0.001621516307062606 0.42357816096370643 -2.1727345891933543 0.33229670290591173 3.566650466419075 1 CAMERA 260 262
263 264 0.5246108830188988 0.75934547170482281 -0.056863901831939491 0.3807156060472951 -2.212083468068224 0.74986857733176049 3.4966033107176799 1 CAMERA 264 263
264 265 0.42278138194387194 0.83117769488410065 0.021616723819279465 0.3604611766336337 -2.0699695423947175 0.16203325255631126 4.2072599454655402 1 CAMERA 265 264
265 267 0.5724594600873828 0.74093486832452682 -0.047227989909028205 0.34795862458995186 -2.0881126145281996 0.92346527144333568 3.8947479974398114 1 CAMERA 267 265
266 263 0.45524458697303744 0.78515188944184733 -0.016927874096138936 0.41952630861035511 -2.1841915648667554 0.4543150010547391 3.4833648733265661 1 CAMERA 263 266
267 266 0.40489497270824543 0.83978719445338823 0.041909752360925465 0.35925075054165473 -1.9453985888395424 0.070638193615661343 4.2227344430905012 1 CAMERA 266 267
268 268 0.60511546071391042 0.72371204060037964 -0.040415291215755079 0.32930649208749624 -1.97993285819464 1.1954995429889581 4.0141949999924522 1 CAMERA 268 268
269 270 0.50382615146653187 0.78932410587064417 0.0066617907840042095 0.35083085031604866 -1.9785420423575044 0.46963439640805144 4.2111372318582685 1 CAMERA 270 269
270 269 0.56926615212020992 0.73283697010659454 -0.040263816024575301 0.37049271033905046 -2.06002292849784 0.88257160010169777 3.926156028011988 1 CAMERA 269 270
271 271 0.50437583701037636 0.78155719543994795 0.010756033796499951 0.36695731772659052 -2.0952037266119525 0.50053422998623087 4.0321693064019657 1 CAMERA 271 271
272 278 0.8652271724656998 0.46384653540593396 0.035415955486016212 0.18701348003802959 -1.7537945718121677 0.7255909385310837 2.6943508494497039 1 CAMERA 278 272
273 275 0.74723798681232356 0.6265121350779429 -0.013323556750505549 0.22122481438631458 -1.7671102960372624 0.69774759721514135 3.0071664204826734 1 CAMERA 275 273
274 272 0.47976757778862167 0.80493492110480147 -0.00064494718654207052 0.34914528227082275 -2.1550840460737861 0.38605350266355165 4.1951653675476894 1 CAMERA 272 274
275 273 0.4615959993728882 0.81596729764651643 0.013965356796344775 0.34775202565037172 -2.0772752465150668 0.35751614051546038 4.2607690098324396 1 CAMERA 273 275
276 276 0.71491327898553336 0.6385467452585657 0.0060223223330399516 0.28481711550319877 -1.8667114786733414 0.5631632206894458 3.1495874582543739 1 CAMERA 276 276
277 274 0.44530277775841232 0.82162896809649666 0.021480693735014763 0.35520396211471322 -2.0628115265079692 0.28214490183664309 4.2653867904054588 1 CAMERA 274 277
278 279 0.84338164995951881 0.50176875856959358 0.036254329659963155 0.18873560611605716 -1.6959431693392761 0.73922905738211719 2.7061834793131201 1 CAMERA 279 278
279 277 0.64324535870208077 0.70257633640736672 0.010118169576559465 0.30417021989842197 -1.9793697694825167 0.61143436024343356 3.5106036241116545 1 CAMERA 277 279
280 280 0.76816197439897227 0.60134105644471292 -0.0034710455369497692 0.21978186177278103 -1.7955232555303731 0.84928301941544915 3.0080246941628594 1 CAMERA 280 280
281 281 0.82509681485475028 0.53383277661142647 0.014101689380581067 0.18449649072135407 -1.801775166500807 1.0515967712156424 2.9547031212407679 1 CAMERA 281 281
282 286 0.78634515807432159 0.58616520728874721 0.0052553047489423618 0.19504877315483435 -1.767048208043756 0.79843567206547938 2.9611673722735756 1 CAMERA 286 282
283 282 0.81314474879600329 0.55090408526663837 0.0071518177654092433 0.18774759078258155 -1.8356022367300229 0.97014901776111451 2.969146688580131 1 CAMERA 282 283
284 283 0.81002544827509659 0.55498028168442426 0.0096794428573228307 0.1891083511486939 -1.8186094841940637 0.94648538262159587 2.9767180057099232 1 CAMERA 283 284
285 289 0.9408188441376415 0.30821698784824186 0.050904703408511519 0.13141880416500817 -1.527645826711824 0.81030854583632561 2.5407436458119985 1 CAMERA 289 285
286 284 0.80584441847833199 0.55987018942513078 0.0088012505012401293 0.19256864280043498 -1.819604130774892 0.90329323019717467 2.9816654700492577 1 CAMERA 284 286
287 291 0.94728078572050656 0.29221981889963666 0.056379517486620602 0.11869305141826621 -1.8130679802197338 0.90492609003613678 2.6004684033308885 1 CAMERA 291 287
288 285 0.80021091815423651 0.56999907616852763 0.015863757058300364 0.18577373561882785 -1.7524808464322166 0.90528286496284105 3.0222533235383042 1 CAMERA 285 288
289 290 0.94854421046817694 0.2894850219046684 0.043561265966699687 0.12068437756203228 -1.8519156462785933 0.92371753502155918 2.5461878081719491 1 CAMERA 290 289
290 287 0.76411664009151492 0.6012186799974687 -0.024967652533246527 0.23246177209239086 -2.0111213611709582 0.66580611821178204 2.7916606660828691 1 CAMERA 287 290
291 288 0.76469199887310668 0.60485832137350515 -0.0107775194982009 0.22198288897602977 -1.8859562855248795 0.77190365911672154 2.9951314981893082 1 CAMERA 288 291
292 292 0.94521367092348063 0.29737806235506309 0.068110370172664567 0.11618253657176252 -1.7740572760883135 0.84123740974885786 2.6877720416601791 1 CAMERA 292 292
293 295 0.92841438080521776 0.33581593156837303 0.053368045544975186 0.14975396266422905 -1.7943604921003802 1.0082407533020943 2.615641600145 1 CAMERA 295 293
294 294 0.93365918829671479 0.32788265111778742 0.032832538044206126 0.14034069848289482 -1.8547870025271889 0.89206925917171742 2.5938587594606499 1 CAMERA 294 294
295 297 0.88553675140382015 0.42878473347776591 0.069611464290856503 0.16468927800210059 -1.6014333511788945 0.81766351216736888 2.7474136085217702 1 CAMERA 297 295
296 298 0.87730606289992619 0.44379981646677358 0.053758089598764471 0.1746020123188165 -1.6873528978940933 0.73492044953042945 2.727624640594795 1 CAMERA 298 296
297 293 0.94254168372884817 0.30435895839029686 0.063202508629025253 0.12241830657283057 -1.7592867649937387 0.80457638810841126 2.69097394866992 1 CAMERA 293 297
298 296 0.91810579446916163 0.36480140781019504 0.062731442520254282 0.14165609461360038 -1.6932041343419308 0.98522724357457436 2.7380858498423688 1 CAMERA 296 298
299 302 0.94881377059499883 0.28680347932839856 0.060062564924951774 0.11785024933814033 -1.8019855698333147 0.87219538088668369 2.6741452185042807 1 CAMERA 302 299
300 303 0.96799140441286113 0.22879397693227493 0.074687863877106922 0.071187640021322648 -1.6776014577747373 0.95778266163013193 3.0213005201010978 1 CAMERA 303 300
301 299 0.96975231368984582 0.22105193610922519 0.076296226662973018 0.069966973870149052 -1.5090254382805435 0.94380586401770561 3.0672208552732747 1 CAMERA 299 301
302 301 0.9543992046584171 0.25341576420742373 0.034626116365433314 0.15395986705630732 -1.5036571415807027 0.63502593350819991 2.3470276339324019 1 CAMERA 301 302
303 300 0.96866081886919486 0.22654836667589756 0.080849869380477057 0.061930236276828671 -1.5472972385763735 0.98116954547681812 3.0813125052754744 1 CAMERA 300 303
304 304 0.96681034925846543 0.22522962159130197 0.090923525111051742 0.079260827058157138 -1.6840073248623089 0.94232711357229448 3.0387290531806861 1 CAMERA 304 304
305 305 0.96661512290137719 0.22409607826880745 0.09271885616221999 0.08270045704145644 -1.6552135846965161 0.91869024397349897 3.0463090968966267 1 CAMERA 305 305
306 308 0.97949420472992621 0.16561071012642706 0.042144759400874796 0.10671464213945651 -1.7019228916452429 0.83693238210413057 2.7236387721421416 1 CAMERA 308 306
307 307 0.97723126062680854 0.16656006724998096 0.050108251528856555 0.12151530924184521 -1.6596169404335659 0.86090611592523969 2.7183581912453767 1 CAMERA 307 307
308 306 0.96713904876711054 0.21899222862134238 0.084416724443045946 0.097766460443309666 -1.646033312262968 0.85090569647932635 2.9733624681266915 1 CAMERA 306 308
309 309 0.97915946808717691 0.16648976740128629 0.046961515085632746 0.10640728126761026 -1.6817785676785877 0.74311785166995425 2.7493075461490863 1 CAMERA 309 309
310 310 0.98108418269154996 0.14782381544243098 0.080061762281360638 0.09597947843627079 -1.7045323854906216 0.68258178838660455 2.8338905468307245 1 CAMERA 310 310
311 311 0.97921294540859205 0.033424413342408532 0.066583283914087743 0.18865704980244319 -2.07741044346781 -0.22461884164030271 3.3004033313128178 1 CAMERA 311 311
312 314 0.98778331880450865 0.1101272221874815 0.1010241882892723 0.04416133382624763 -1.6972165450813153 0.42873297321786585 2.9812073531359427 1 CAMERA 314 312
313 315 0.98676783642996035 0.12424083554113877 0.097163108444230262 0.037586994144646252 -1.7661788773117459 0.42684753857752517 2.9610124769336061 1 CAMERA 315 313
314 313 0.98971203849784894 0.083523443028571911 0.11214413184686446 0.030292061821514293 -1.6314349665613725 0.84451790191432818 2.9373489533585944 1 CAMERA 313 314
315 312 0.98232317987321915 0.029583426287910955 0.10156722923811531 0.15443474064383036 -2.0750920832058113 0.16174428733218613 3.3590643593390257 1 CAMERA 312 315
316 316 0.9859856808200399 0.1333985884842383 0.085122552095976314 0.052831855285644463 -1.7501144595623497 0.50029387873443032 2.9707937407041896 1 CAMERA 316 316
317 321 0.99767757081925457 0.016767230384205842 0.063510174641207146 0.018021719853490378 -1.5843297381155985 0.090410898644334173 2.9795381703461103 1 CAMERA 321 317
318 320 0.99186357698165262 0.019684476467099046 0.11810287038582828 0.04325364782311359 -1.6059524570089974 -0.020173190451583448 3.2004882505140055 1 CAMERA 320 318
319 317 0.99059040255070308 -0.090214590011262835 0.070888469373761531 0.074611038281083078 -1.6194560507574218 0.08209478695547931 3.6429728822455751 1 CAMERA 317 319
320 318 0.98958876164584875 -0.0046993381794621873 0.078412654730071404 0.12059624630598298 -1.702157293026614 0.21983756270599669 3.6262811929304863 1 CAMERA 318 320
321 319 0.98910547394820936 -0.0054574915632699342 0.083461702698119727 0.12113926437887863 -1.7412796471287408 0.28843967449546715 3.6099499263311206 1 CAMERA 319 321
322 322 0.96994672698662809 -0.17123729046850339 -0.074012182390890205 -0.15621566508731027 -1.2572474101531979 0.33706133913397462 4.3612327891579641 1 CAMERA 322 322
323 324 0.95236421840395147 -0.26250710750474276 0.074189608325788609 -0.13633897472766271 -0.39686562157749378 0.57918514326551851 4.3214413210771045 1 CAMERA 324 323
324 323 0.97132884279953591 -0.16908299049195941 -0.064337394795854652 -0.15424630012707871 -1.1752635928141459 0.28700430042333386 4.4541475955745495 1 CAMERA 323 324
325 326 0.96826130601447202 -0.18557335297222383 -0.071799070928943262 -0.15125299122839178 -1.3707660378174746 0.44145076371075342 4.7363840930142516 1 CAMERA 326 325
326 325 0.97012597786263222 -0.17284080260497675 -0.067326243339829658 -0.15636118760320622 -1.2911939314329333 0.33588880398870885 4.572391596021391 1 CAMERA 325 326
327 327 0.96332450106720324 -0.23395164380965444 0.065991693060275317 -0.11365575414127965 -1.3659162856944023 0.041151269444545002 3.1352937470511368 1 CAMERA 327 327
328 329 0.95787672150429681 -0.24584197735087371 0.078429088028288463 -0.12602692856466635 -0.32736019662682853 0.36305502420699803 4.228738781815375 1 CAMERA 329 328
329 332 0.95489160135348972 -0.24847756640235197 0.057326160900891335 -0.15216648755786638 -1.1006152288115334 0.057262999637449088 2.9230292786683716 1 CAMERA 332 329
330 328 0.95653133131510137 -0.25081024860904788 0.078001900239649369 -0.12671911838484101 -0.34589887523689389 0.42197552998947235 4.2606157740437345 1 CAMERA 328 330
331 330 0.88734557057115071 -0.41000379799485803 0.054228433150347692 -0.20389703542623905 -1.3541505490135597 0.092903984840003409 2.7597256942468698 1 CAMERA 330 331
332 333 0.92311647799140917 -0.33885340550746629 0.028222019532678704 -0.17954903299719027 -0.14257660236664818 0.055498487050665721 2.7144430420423054 1 CAMERA 333 332
333 331 0.9543470860738591 -0.24894447110904042 0.060635343579490485 -0.15353059862962692 -1.0533385267367887 0.053051484916949943 2.9351795242281029 1 CAMERA 331 333
334 334 0.86514016022915285 -0.4213223530755083 -0.019842183082964319 -0.27134160338601726 -1.2449552444529464 -0.051431744539766004 2.3844085467073901 1 CAMERA 334 334
335 338 0.73794778049427856 -0.5951994857150984 -0.039944157809987391 -0.31555524036989341 -1.5421610960919949 -0.39777490153952794 2.558803817336202 1 CAMERA 338 335
336 337 0.77184221871496805 -0.48514785228118573 -0.079658535972316966 -0.40316952821717 -1.2207909835491468 0.17042603067072079 2.6520037961507752 1 CAMERA 337 336
337 335 0.87074776504030615 -0.43524718991924982 0.060067305721872459 -0.22079432086904607 -1.3089447809196764 -0.18245538550674559 2.5946423929823439 1 CAMERA 335 337
338 336 0.87931330527204754 -0.41610852754745181 -0.0143788084659047 -0.2312034911953959 -1.3690827581883482 -0.23713675574813467 2.2364325534758875 1 CAMERA 336 338
339 340 0.7114731520025982 -0.5960524908646011 0.0090831637189748172 -0.37208181660818485 -1.5467110193796596 0.025660887524022683 1.8481811763070826 1 CAMERA 340 339
340 339 0.66789980795854242 -0.6601574041175674 -0.0042679918204282111 -0.34363328209519783 -1.4155950889111915 -0.35333323400686401 2.7854505608004008 1 CAMERA 339 340
341 341 0.72695168992603043 -0.57978881464210053 0.017072759917087694 -0.36755229804533962 -1.4682143463115451 0.10318550553871206 1.8088739752426022 1 CAMERA 341 341
342 342 0.72498393319885035 -0.57838742155858425 0.018963130638440802 -0.37350593952804423 -1.44915483088468 0.22834698482156707 1.7719664514853597 1 CAMERA 342 342
343 343 0.72942396659778075 -0.57217058592081982 0.028676032207950519 -0.37381704447041225 -1.4022688563392758 0.27097132403704383 1.7542671166203445 1 CAMERA 343 343
344 345 0.74488367192319094 -0.55658787307976243 0.034273158327709469 -0.36631080445574393 -1.4795064998007996 0.095504723912580858 1.9066549997010844 1 CAMERA 345 344
345 344 0.73403558839402683 -0.57102744004629424 0.038981237729646401 -0.36551317457825738 -1.3770943199479231 0.22769316165912323 1.8178290989346173 1 CAMERA 344 345
346 346 0.77257528184464608 -0.55150170599401827 0.047810933148007204 -0.31094600309357578 -0.11586714881258239 -0.59641971206192257 3.5633165669615328 1 CAMERA 346 346
347 350 0.66207734985177136 -0.62620370180683926 -0.025602415375014929 -0.41093432928344098 -0.95355574415359468 -0.340831696496258 2.2433352975512766 1 CAMERA 350 347
348 352 -0.35472236167569993 0.71604015685650202 0.041631268534991772 0.59977110415249024 -1.6371999317642794 -0.49081546939047338 1.8084784596149717 1 CAMERA 352 348
349 347 0.66438947975658835 -0.66291450638863147 0.037531059249089338 -0.34310697457196709 -1.3889073590132606 -0.083711795440739048 3.4376797391801248 1 CAMERA 347 349
350 348 0.60139120081562814 -0.69332932988408236 0.021675597193342878 -0.39642556979884419 -1.5163998778770349 -0.24133544010509483 2.8631860554683581 1 CAMERA 348 350
351 349 0.57711737226929183 -0.7038032854309817 0.049404318456526528 -0.41128540863904955 -1.5451579797871642 -0.24962298839882904 2.9977254010589127 1 CAMERA 349 351
352 351 -0.35582471762259738 0.71397747449141957 0.014189945554072211 0.60284623387131298 -1.7191427172777436 -0.53367329549654641 1.7605504385527584 1 CAMERA 351 352
353 353 -0.38695084192897694 0.70808062665078908 0.058307636833824499 0.58778490247635373 -1.4501289219792406 -0.68866516777104736 1.8290238853754863 1 CAMERA 353 353
354 354 -0.39184428368285962 0.71073805289137071 0.062626426481519143 0.5808505902755069 -1.3934734347038269 -0.67603261957964178 1.81359143527827 1 CAMERA 354 354
355 355 -0.36132462863788689 0.73729146249882893 0.0904965774356387 0.56360995514492707 -0.86163649482868399 -0.76981520307917672 1.8301867973601766 1 CAMERA 355 355
356 357 -0.14645517057397051 0.8278845290039728 0.019763615902184017 0.54107992860065535 -1.3484588311606147 -0.84397227379061512 3.1855070684043523 1 CAMERA 357 356
357 356 -0.15368379297445989 0.85501392511243557 0.002873956053175052 0.49530215022490487 -1.0268597601185281 -1.0604015042742521 3.2642496300436825 1 CAMERA 356 357
358 363 0.024544874259644887 0.85126272391460622 0.012350915948909793 0.52401982681601478 -0.58945893974718477 -0.85670364631344109 3.0439296972718206 1 CAMERA 363 358
359 364 0.010421649568330553 0.87071927562076123 0.022016868789874289 0.49117673985177812 -0.62374455405396134 -0.77291191946974014 3.1566480159764159 1 CAMERA 364 359
360 358 -0.098165203293908071 0.80316830356575042 -0.00215581037728067 0.58760498763301661 -1.3665679572182179 -0.44311048612480314 2.5942845607889948 1 CAMERA 358 360
361 367 0.10506662686747201 0.82625827477072822 -0.01257206399591944 0.55326323797851751 -1.5410283249985786 0.13513667743941926 3.2719785569971211 1 CAMERA 367 361
362 359 -0.10973565067710796 0.81466844194298516 -0.023119717655181737 0.5689805755280275 -1.2532956862633706 -0.44931275937426113 2.6401729868029022 1 CAMERA 359 362
363 360 -0.10649070481878149 0.8124898584788649 -0.018964946294837564 0.57285276508735428 -1.2779065788893305 -0.4258111784052056 2.6208958830014404 1 CAMERA 360 363
364 361 -0.10872409437295855 0.80901385557973882 -0.019846158746065309 0.57730562336236724 -1.3121199050417449 -0.44138253877272587 2.6060725614726508 1 CAMERA 361 364
365 362 -0.1072645596836951 0.80595959030200293 -0.018635211412323795 0.58187299467470455 -1.3454697531629853 -0.43367475050374599 2.5815064543396278 1 CAMERA 362 365
366 366 0.12212421726026412 0.81943462801184319 -0.028135835426674735 0.55930397883307004 -1.647531516861279 0.26968490632055986 3.2879481211736223 1 CAMERA 366 366
367 365 0.070437299054184568 0.73799772268126074 0.0094102582388447004 0.67105096323535862 -1.1077008855023589 0.013191484403124161 3.1693036366252412 1 CAMERA 365 367
368 372 0.065209173834298889 0.87390841321469026 -0.067801808863956411 0.476901209555193 -0.77644470334432081 0.071045172199558151 3.4465547058648585 1 CAMERA 372 368
369 371 -0.10057477492989611 0.82538410977630305 -0.046817301256900562 0.55356474443338721 -1.3558632808785047 -0.85271135166946144 2.619365211743613 1 CAMERA 371 369
370 368 0.062798119558049453 0.81708629727536308 -0.032076271873364558 0.57218658824505497 -1.8823393504791124 -0.098307425506912363 3.3341778535052171 1 CAMERA 368 370
371 370 -0.032967532621408648 0.82581574113829537 -0.038539203293798799 0.56165490587240829 -1.4968779933692764 -0.53185690696859578 2.6361417500241133 1 CAMERA 370 371
372 369 -0.11858667859843466 0.846484271342548 -0.016947079001972235 0.51876234880913275 -1.2890950013649887 -0.99419020666610725 3.2610252354197531 1 CAMERA 369 372
373 373 0.069213493852764124 0.84872513306479513 -0.068278823885303597 0.51982029873955393 -1.9493590612300431 0.08697466148702053 3.0823863606954571 1 CAMERA 373 373
374 377 0.27758079098086114 0.77221841829955129 -0.076865433522876031 0.56632086668841641 -1.7610442665722956 0.14731352796782876 3.0349458909297815 1 CAMERA 377 374
375 378 0.15052521953402737 0.77458117225316725 -0.053709995916205018 0.61194885588080272 -1.569010596004228 -0.55837754623145752 2.9721507276370032 1 CAMERA 378 375
376 376 0.32044059495689431 0.76278421389635631 -0.053848197562403465 0.55908714862127695 -1.6766395460664245 0.050431622500557216 2.9649452318785396 1 CAMERA 376 376
377 374 0.3779511011356072 0.74592748994659586 0.0070501131822087006 0.5483570377012329 -1.5312460224553308 0.26956972356600473 3.6782541873200669 1 CAMERA 374 377
378 379 0.49353211329581681 0.6337830466015727 -0.069590677075348287 0.59152535080957303 -1.5930392507622027 -0.043502979709905854 3.0034886725335763 1 CAMERA 379 378
379 375 0.3606980766725183 0.73315386272530803 -0.0067115599192310296 0.57648700420664911 -1.4522138906973736 0.069594196514953549 3.6882487726392328 1 CAMERA 375 379
380 381 0.4517047760559621 0.6664923554374107 -0.045317268782757214 0.59135190925691328 -1.5267565163980352 -0.083594969165182983 3.0436259292843868 1 CAMERA 381 380
381 383 0.8982047539359177 0.36001494681483248 -0.083370130938812764 0.23804806099625397 -1.4167984389106114 0.65255762708414311 2.8641911499593058 1 CAMERA 383 381
382 380 0.4996274106143373 0.64672409193879177 -0.047282717621730606 0.57435593849377187 -1.3907597391947346 0.12465186156901945 3.0846964486718433 1 CAMERA 380 382
383 384 0.88711300152778716 0.38015636062864311 -0.099796666911967077 0.24197580306139546 -1.5399469020935972 0.59654569864874862 2.8449953424055741 1 CAMERA 384 383
384 382 0.39590164880883366 0.73751020351723207 -0.010494564605378056 0.54701960503455593 -1.5032896116430401 -0.25591053386686091 3.3299318591626665 1 CAMERA 382 384
385 385 0.88753092391950261 0.38583620568541338 -0.039454465397897522 0.24872198662169703 -1.4955678470498754 0.77549711632409302 2.7684992182722139 1 CAMERA 385 385
386 386 0.89756775820993662 0.36604573390464712 -0.037223527012345707 0.24289308172312835 -1.4996969205548876 0.75999764733603581 2.6955713056588038 1 CAMERA 386 386
387 388 0.87202034027039643 0.40388991655380491 -0.095752522539474791 0.25939336130323382 -1.621313967972225 0.74906227152721327 2.8954547608836148 1 CAMERA 388 387
388 391 0.91354947623829152 0.32791602495225292 -0.038958160006399359 0.23744619772313166 -1.5595510753468322 0.78815902362268186 2.6278206247649805 1 CAMERA 391 388
389 387 0.88430512811331963 0.38362202725666505 -0.093986739342332454 0.24900817943145684 -1.5467507116751671 0.63774819660649007 2.8798314435757355 1 CAMERA 387 389
390 389 0.86663462598458263 0.41392618131563252 -0.09656175181630941 0.26131469448193367 -1.6313970166891214 0.77728085169066508 2.8794161800154017 1 CAMERA 389 390
391 390 0.85770834632523063 0.43172839814288516 -0.090887184106859142 0.263982011974571 -1.6110780831951574 0.79745118426917172 2.8945278004423947 1 CAMERA 390 391
392 393 0.86200885732372612 0.42434596869294577 -0.086262182973989895 0.26349585298074718 -1.5870860711582919 0.82330303210686351 2.8276525871824303 1 CAMERA 393 392
393 392 0.85416052183854174 0.43818681635495754 -0.090360932971428082 0.26502267581803235 -1.6011083896928555 0.83354025543928512 2.8839075757631378 1 CAMERA 392 393
394 394 0.87251269845009605 0.40631381184560256 -0.076899111804306336 0.26022529460169119 -1.5757224241004235 0.82748214084273208 2.7588753977664631 1 CAMERA 394 394
395 396 0.90798072029298837 0.34105602440042182 -0.068094294218992282 0.23369845290720762 -1.3161496036313318 0.64850680681422157 2.9401981531420116 1 CAMERA 396 395
396 395 0.9382076148925873 0.26218762507240978 -0.063427452099302381 0.21679732225431841 -1.1939161132807377 0.68813651571587187 2.9194550743476233 1 CAMERA 395 396
397 397 0.92005847815398878 0.31676758124536208 -0.028294565638130015 0.22880147246964738 -1.5630103364628065 0.70907787105578957 2.643343877536847 1 CAMERA 397 397
398 401 0.92467764754861903 0.29492410675223807 -0.023771450762747171 0.23963709543595457 -1.5250271877670902 0.59582166547252047 2.6162871010377775 1 CAMERA 401 398
399 398 0.92430168036361704 0.30730151534051947 -0.018461617792443558 0.22559111466301171 -1.5925315317995048 0.66864748727209677 2.6693700472727673 1 CAMERA 398 399
400 399 0.92658358003003805 0.30367281403264607 0.0043844964030704961 0.22182530835660663 -1.5415998186253517 0.67853396066568206 2.7204067781528094 1 CAMERA 399 400
401 400 0.92993693955758461 0.30115689200245144 0.01628833537600682 0.21037230087722084 -1.5323199856642349 0.69931341381752377 2.7173853982235725 1 CAMERA 400 401
402 402 0.97294631073133209 0.16857539696385826 0.044429825192217332 0.15160409824987253 -1.5652534619442415 0.75244796347262721 2.7184646132425399 1 CAMERA 402 402
403 403 0.98170516060883906 0.13809448119780765 0.0077447041029577177 0.13086218496968324 -0.68731076536230873 0.39875584932832608 3.4794362358358519 1 CAMERA 403 403
404 404 0.97851293597944367 0.15400113357863857 -0.011308311942605022 0.1366316473529918 -0.85195025724274875 0.44366330234061085 3.3709343622129104 1 CAMERA 404 404
405 406 0.98176999004047216 0.14150434445298721 0.050637694677321814 0.11636163901659417 -1.5064458987687794 0.61588961983605528 3.0876685570921918 1 CAMERA 406 405
406 407 0.99599046427580085 -0.060600799524423161 -0.061564364524596529 -0.023245799391674329 -0.64655256288580332 0.18469891552102199 4.6809001715003218 1 CAMERA 407 406
407 405 0.97450523905109887 0.16898521454272772 -0.017187407676644006 0.14658829880064089 -0.89763774294909671 0.39398507269381899 3.3684512585146402 1 CAMERA 405 407
408 409 0.99953263780847057 -0.030038768575742118 -0.0045629807765856121 -0.0033700956256924883 -0.52651428365393727 0.30520782162949767 4.8552951508674909 1 CAMERA 409 408
409 408 0.99913069217346684 -0.041324514653374084 0.00015638651307643166 0.0054881680815029692 -0.31821936895256764 0.21800972232243193 4.8361004014373945 1 CAMERA 408 409
410 411 0.99963721805199135 -0.022716180259679183 -0.011177950634978531 0.0091902589347375076 -0.67738651940181782 0.45885560767054412 4.8017799426932193 1 CAMERA 411 410
411 410 0.99962020112150762 -0.02677116632746852 -0.0064817015230320936 -0.00086354422604851709 -0.61314211461672508 0.46578401427180949 4.9325528021882956 1 CAMERA 410 411
412 412 0.99978513293569893 -0.0088745999753391987 -0.015463268739746247 -0.010574344230591186 -0.70310053421081042 0.46040985317046779 4.6227255581598401 1 CAMERA 412 412
413 414 0.99851881310182722 -0.0013779145621181919 -0.040481717910426825 0.036325084283436018 -1.1092429601542493 0.43361676046899716 4.3318142928509609 1 CAMERA 414 413
414 413 1 4.7237186891776516e-15 -1.2482804568003539e-14 8.6461178511034268e-15 -0.63142057066080848 0.42680732904857638 4.5087627012923877 1 CAMERA 413 414
