19 867 1 0.27155494878684439 0.29038784784033306 -0.68314010159840122 0.61257849228009953 -0.023389883407869631 -0.3651719834409663 -0.77979565646263693
18 824 1 -0.037335660698861017 0.54235480439536743 -0.65317683010318872 0.52708381041898122 0.31131435746592373 0.35601369803801219 -1.2963365314245885
17 780 1 0.21407776543975543 0.26312387839143275 -0.67046278679964644 0.65986073264092882 0.61359358306325573 -0.29527544646625209 -0.48323038541753288
15 693 1 -0.56980209731964004 0.13321457068215203 0.46148497824683765 -0.66679161879902571 -0.43900767373847632 -0.98515610862290537 0.26690527406164605
14 650 1 0.49256689783865143 0.050493902396980213 -0.48561368686629885 0.72042179596570521 -0.51448009433864794 -0.93559229871204286 -0.16300772505504024
13 614 1 0.37570549336801562 0.18306494075281041 -0.53465485508460175 0.73449084109655838 -0.46620970811695356 -0.61432856381520895 -0.44968036890274582
12 563 1 0.31884000327019812 0.26484967650911273 -0.61007979554951186 0.67527649465233464 -0.59929037759627068 -0.37786860394352878 -0.61364315785477574
11 519 1 -0.051422343433445698 0.49135288095499063 -0.76821881925081414 0.40714608523468393 -0.54798786261301902 0.54674928081710195 -0.71882218043018908
10 476 1 -0.062596653325600951 0.60664790434433369 -0.75039118770643054 0.25489810622991149 -0.97245231193541926 0.75023475876307921 -0.41835411611171164
9 432 1 0.050292840955942913 0.62373327114723631 -0.75989404639020808 0.17603543641342465 -1.033595627233423 1.0622351340173011 -0.17674778898393342
7 345 1 -0.021287196828446615 0.65756189618183836 -0.71997572205187477 0.22089401892494506 -0.19574111536844843 0.94889238024903633 0.27090897896809035
6 302 1 -0.28303909414778011 0.68091993041672705 -0.66107877743980259 0.13860652785485844 -0.23224580271482506 1.0628508970656234 0.66246417759746956
5 258 1 -0.50166012387245995 0.62125551677614865 -0.50263821505841522 0.33126051342464458 -0.5385007111330008 1.1079056901339985 0.27245860967277036
4 215 1 -0.21917500148121635 0.61863272135716674 -0.68728710417561989 0.31127529812984761 0.036764756783610707 0.80335922452872521 0.058717538251517452
3 171 1 0.054657733381918289 0.43389862037422228 -0.74847923477517464 0.49852116758395199 0.2599624675875517 0.0854144669291729 -0.12434776979177137
2 128 1 0.24500274978449205 0.32570999421033286 -0.70976737268186041 0.57455802922405641 0.086061217207834884 -0.40781992041888093 -0.2919628893413026
1 84 1 0.38412569078414904 0.32358046816615404 -0.59124228620854591 0.63101164276094368 -0.26152989717247299 -0.35441265570003827 -0.18484459971252246
0 53 1 0.35155522067032363 0.41351801136546745 -0.60300683033055136 0.58463197284316459 -0.18371969636338029 -0.098441432055934711 -0.072775910703123309
