19 881 1 0.53687863205903719 0.36744395974081573 -0.60812202036587859 0.45489985627006835 -0.68650988509573108 -0.36809433539259245 -0.36051638532841079
18 839 1 0.51016758078048374 0.40632012858089267 -0.53537001290764408 0.53666744070221406 -0.64339261026724548 -0.31400926629512693 -0.22344501107805159
17 794 1 0.26151232837743277 0.53905569279380683 -0.66703406473795956 0.44282707533794552 -0.68719292935627962 0.38807726225810846 -0.2951650524961873
16 752 1 0.091521811757079324 0.70782722119713504 -0.6591847976869758 0.23681170875491925 0.14659008786431729 0.85124664309311759 0.19452806396226713
15 707 1 0.13248468861095869 0.77533832296898908 -0.61507764241056939 0.054569094054681057 0.04666130689740447 1.3907364020039295 0.47966060848817726
14 665 1 0.10111741029953301 0.69682782117260889 -0.69382236662947538 0.15105224440181025 -0.72079547113012421 1.2661452236311594 0.53782747045979795
13 620 1 0.11552080995819959 0.61775012572001176 -0.70276117682803985 0.33341633580672075 -0.82043409510263932 0.85318567410661617 0.0008376211051994289
12 578 1 0.28063144692201097 0.54672114631459301 -0.69139259198232328 0.37989243599061145 -0.77102786265956125 0.29732675628522587 -0.1079191950737925
11 533 1 0.47415150767869241 0.25999569378806714 -0.6804125305064006 0.49459213025235349 -0.55816602607920518 0.068767285601175759 -0.23706095285716411
10 491 1 0.42903366123367448 0.28417371390057783 -0.64343888083174228 0.56671141199941988 -0.24155551233251837 -0.26417080852883712 -0.31033249892633125
9 446 1 0.37032403768319672 0.31868921973340059 -0.5936473819211453 0.63943731067079634 0.66230816086071609 -0.4928768618016644 -0.038354092556885669
8 404 1 0.38541194376070276 0.22459197271387124 -0.56338440225097097 0.69542367999616228 0.37683294032803238 -0.81762288541061545 0.056472210724948374
7 359 1 0.52485094231410478 0.19564639822573326 -0.49015538030243955 0.66783357086467654 -0.057259112680115291 -0.53227464727073204 -0.10171616571512763
6 317 1 0.36256757257409372 0.3580947616490594 -0.62075982997599477 0.5957936979235402 0.10349756601264318 -0.087679881455728567 0.05373058842510163
5 272 1 0.32318343656442683 0.29546679776296997 -0.6822319426545973 0.58550099416810364 0.47735716706863629 0.10724504938819765 -0.076066164219305843
4 230 1 0.079324792487406551 0.48118063553300933 -0.67796809934827063 0.55002911700288437 0.49910352338872727 0.93702872655037484 -0.027198411052732786
3 185 1 -0.031313619164351096 0.58622802673605445 -0.69371334783950345 0.41727442882746851 0.15220568134508508 1.3553371077740162 0.37626682543579332
2 143 1 -0.077501758648040195 0.62322210156407298 -0.69540670066063381 0.34928099032843624 -0.23287615128291031 1.1929759399185229 0.42310955645726767
1 98 1 0.074135411500328138 0.57439433314693034 -0.70042089108214267 0.41711589054610176 -0.043361440033709397 0.80115586234408442 0.24763681913551663
0 56 1 0.20373292689878014 0.47687723472663207 -0.65991176758673586 0.54368874965120151 0.019459765352944476 0.40787454319241362 0.10491505701293491
