19 896 1 0.26216297336905003 0.38168075403647128 -0.70177561354550566 0.54138836857220973 -0.59549594148401297 -0.28102603502030205 -0.56733220986608268
18 852 1 0.14383215041908831 0.31493096850135666 -0.72149590488888149 0.59964527581995708 0.31802300633757202 -0.084499014586235766 -0.77188677384592985
17 809 1 -0.011137566509140053 0.52715825188591103 -0.66916415602096768 0.52364058702280802 0.35740036715996715 0.37186828696526952 -0.65599193387418742
16 765 1 0.26121028274810215 0.17653492765341419 -0.62350423509659159 0.71543488615084638 0.83544693210506138 -0.4974039087210303 -0.33293758803470608
15 722 1 -0.63581465261038828 0.23745124856023428 0.42823794307717633 -0.59663128998749826 -0.49341413123041994 -0.9791437630733375 0.4059865340480453
14 678 1 -0.51182382311079666 0.13480521022942021 0.48313527868149869 -0.69745554115269615 -0.43117865496156393 -0.93902895002162046 0.14725118281129007
13 635 1 0.49360849968912845 0.06089652871750463 -0.41517904580800152 0.76175364898815101 -0.56015373151605108 -0.78452923389717932 -0.18424681557963021
12 591 1 0.37580047037085584 0.18528173190139965 -0.5345413105104807 0.73396885059953276 -0.50267123227683241 -0.5967476293510211 -0.45703499876642345
11 548 1 0.14700136606757769 0.366820129541088 -0.68386148158422377 0.61332459998206179 -0.45848773310484764 -0.098920674707041148 -0.85338309203520013
10 504 1 -0.069676568325123242 0.55017328852714464 -0.74656489869144793 0.36755323486467878 -0.75903725001812461 0.61960009964286089 -0.58430138800469977
9 461 1 -0.018734835983851339 0.62947708005654734 -0.74730098055876049 0.21201145266248361 -1.0672354177039305 0.8019834190615287 -0.31992687095290206
8 417 1 0.073319407685934535 0.65643919650120974 -0.73580601486548236 0.14933637949678449 -1.0173730247872699 0.97946815152796018 -0.059207596569925698
7 374 1 -0.0051293549999689254 0.64560323013709808 -0.71807906714517189 0.25987037592182233 -0.53230856629372114 0.89448964233218309 -0.087509652180157979
6 330 1 -0.06698556811235859 0.66175352453952418 -0.72809453716022055 0.16575147474947566 -0.047240130837185521 0.92602275830586755 0.39310416881108379
5 287 1 -0.41650189276776783 0.65192091042611044 -0.6230084566106171 0.11569685761383022 -0.38951455673791302 0.93888448668324609 0.77546230548118911
4 243 1 -0.52607237877826463 0.66375863207272268 -0.49107017874930831 0.20377048407129222 -0.56657600163509803 0.83902048764301862 0.39595599778282503
3 200 1 -0.1415424036671323 0.59072977185753173 -0.71863187143903395 0.33848532901340184 0.091783789265849597 0.57981826737316966 -0.057327522010782422
2 156 1 0.17095136878221259 0.36359383139624696 -0.73877125560063261 0.54110275103749961 0.26088583674922217 -0.22414915750985301 -0.19204029908847045
1 113 1 0.30235344532641856 0.35047821700524578 -0.65637419645235562 0.59575190115986432 -0.14730520887651341 -0.47037447561263585 -0.32021073459828481
0 69 1 0.34003493862187129 0.36744962680623294 -0.61348096507417904 0.61073571843149499 -0.28053348348126095 -0.10350202777200634 -0.18139914363803727
