19 867 1 -0.029998422344083994 0.61055686773068429 -0.78870615917345299 0.065291656477849999 -0.8120991856663895 -0.56901550334088391 -0.35463472300918136
18 824 1 -0.092580181853320676 0.67032686421127463 -0.73370073638740496 0.061433170757052999 -0.78102515847623522 -0.31797161819181058 -0.32283471760000476
17 780 1 -0.32664549493460387 0.70368465490946253 -0.59342117271045347 -0.2144339965183428 -0.77511474356427779 0.37738312573219251 -0.29858836784401876
16 737 1 -0.39999916171532307 0.70356637700151992 -0.4761639985044705 -0.34389369041642609 -0.0041293178403524703 1.125359970448095 0.11713213970254271
14 650 1 -0.45634299663353095 0.64144427863680575 -0.50188143247734651 -0.35835085399943417 -1.0962017408400873 1.0538260141850224 0.29985204404516774
13 606 1 -0.33770276155852691 0.71072097851735394 -0.59941844759649121 -0.14673125165448658 -0.89106967629979739 0.49448458284497676 -0.34523837849480793
12 563 1 -0.21080235530357294 0.58639850015058526 -0.78165418964470579 0.026756192376509537 -0.75514847926529172 0.03861586393681473 -0.40504899531090865
11 519 1 -0.14701758889070596 0.57860530077927608 -0.78539407442492593 0.1635783675340387 -0.68144995691283694 -0.25820842012930689 -0.44493312483165304
10 476 1 -0.071063709645673684 0.64147693231787373 -0.74192838476752454 0.18165782766425859 -0.090408427622913817 -0.58444649795467518 -0.35077645418626247
9 432 1 -0.16533168498742437 0.63545662651616175 -0.68172094235019509 0.32267145290074911 0.4845446642934631 -0.89657917869770021 -0.0032716147167598224
8 389 1 -0.036022653977912995 0.66181597843834072 -0.69367417886729987 0.28198956125514052 0.067912116907720185 -1.0714453694948234 -0.12500853769941403
7 345 1 -0.016350760741293165 0.60970985134669498 -0.72922110652409255 0.31019852932235231 -0.18053264526197726 -0.50789968423448351 -0.18550106773131875
6 302 1 -0.2271684822121981 0.66136469430427025 -0.67950494512082971 0.22195551665494523 0.10242052257034795 -0.24837636482855011 -0.0094573507333886985
5 258 1 -0.30950474078449131 0.66830589897665382 -0.65336893792440009 0.17516584079229836 0.51876425249053637 0.23933212072270751 -0.23131660290437969
4 215 1 -0.43382379087823791 0.73486806198888655 -0.52027423023060071 -0.03287210511496258 0.36143092367064256 1.0653280155399214 -0.10908256542512242
3 171 1 -0.52915118713215192 0.68230632743336228 -0.4847253129278149 -0.13963691384466997 0.083852536144612203 1.2601430284333528 0.18765917393257278
2 128 1 -0.48702808742760823 0.71064993995107451 -0.48409428655279652 -0.15307849826503814 -0.17199525196859991 1.0278259704041819 0.076839305302591573
1 84 1 -0.37981295328043441 0.70980206667599377 -0.59252369229494306 -0.028962402042134173 -3.5502900145213115e-05 0.50244500832294414 -0.08932858828852229
0 41 1 -0.25483143283467224 0.70478533871419979 -0.65609709152609641 0.088742175226527123 -0.0083838628409669737 0.062008027281393069 -0.0077220188165150801
