12 1610 1 0.00015459854300573883 0.64649242134843476 -0.74476559715415669 0.16544404049085829 -0.0080051131273170748 -0.568560249422985 -0.14143491462659635
11 1482 1 0.020176140077898013 -0.66448258811614536 0.72046745158522807 -0.19743977478794239 -0.057530718717865623 -0.6032432167590569 -0.13208778663388276
10 1354 1 0.030112054534131193 0.66966933072639712 -0.7401393286273269 0.053197987511584013 0.14523088025448028 -0.45207945076372091 -0.12013661224847039
9 1226 1 0.034425079776802758 0.64227261285425064 -0.74193250473411088 0.18930653205503301 -0.020906155260999232 -0.41183103614094391 -0.075504260115681954
8 1098 1 0.013887968932761001 0.61212261822044622 -0.75599994043936425 0.23146730792391915 -0.057799050630000598 -0.33852132040510013 -0.10023487771446746
7 970 1 0.082011189665716994 -0.65914967532257507 0.74747598227402656 0.008690581984951342 0.17043574767682126 -0.18700328572272856 -0.11462992776373288
6 842 1 0.30016848859851486 -0.74791625822300845 0.56193331115141809 0.18641647715956092 0.25106017448132739 -0.20056641575883166 -0.28819752595623543
5 714 1 0.083883776358747109 -0.65154003384938552 0.73825756094734218 -0.15308451933300982 -0.094657640505132742 -0.30418918309532778 -0.045216078833954745
4 586 1 0.035077845972409982 0.68257394791278325 -0.72089034963630894 0.11480180379215947 0.012949901471746688 -0.045199906468191761 0.0089308579443849768
3 458 1 0.24015013691602871 -0.79952246815203354 0.55006302881763325 0.022856049248828544 0.18194684583106499 0.21724490321073209 0.14037281372121757
2 330 1 0.27538443606224011 -0.7855447984922902 0.55079495928739486 0.060890842989619186 0.18468808709709919 0.35424117697210944 0.17351733392216456
1 202 1 0.2586015845059072 -0.75033434667395194 0.60818166015589836 0.015448525574418613 0.081102868405156278 0.13472085967319933 0.057506536828246635
0 74 1 0.17561314843339823 -0.7118019359422405 0.67437022598326346 -0.087879601691575882 -0.01333879644329249 0.032068155969536376 -0.030805345149817073
