18 853 1 0.16942611579813099 0.29922123789477728 -0.73443465722322632 0.58512150562740173 0.27925216836957467 -0.11307136402613509 -0.79174028722594991
17 811 1 -0.014526091273703566 0.53860444028288634 -0.67141799621291753 0.5088144297691426 0.32539790131921198 0.4349622330760865 -0.68612622582660088
16 766 1 0.25772827958922845 0.18448385462965897 -0.63018711015090312 0.70880607184237132 0.84154645202077649 -0.4886785535397758 -0.3484622143266638
15 724 1 -0.63797663549452688 0.22754964653000162 0.42613089137085625 -0.59968277809741577 -0.44220648362031545 -1.0085795152569177 0.41492200576457167
14 679 1 -0.51124945914933895 0.13722397105217007 0.49178760593395277 -0.69133097929857934 -0.4353311380300976 -0.94535287902801657 0.14612431442910451
13 637 1 0.50678816363951151 0.083643665033591413 -0.42935065735623701 0.7428509322349991 -0.6118573773782765 -0.78624837331467512 -0.19137486569219697
12 592 1 0.36822646478172616 0.19120002295774005 -0.5339583089762352 0.7367091326504317 -0.50219279646695725 -0.62578508265845023 -0.45984855845384986
11 550 1 0.17985734833783323 0.36156369095718965 -0.67677304006338912 0.61554957872916749 -0.50140337290678838 -0.12616661409444463 -0.82570017325359968
10 505 1 -0.055875602025035186 0.54164494659341789 -0.75515771684290034 0.3650143718003051 -0.70611801176682398 0.64591508011261001 -0.56491685039701689
9 463 1 -0.017142202077070182 0.62851664760883141 -0.7470683872529652 0.21578181886748116 -1.0175492526608192 0.78844097960662862 -0.30874061963710431
8 418 1 0.072856085521612393 0.65088543612734961 -0.74195549761191371 0.14332543180899573 -0.95590769517645391 1.0028816716846314 -0.048235889998154764
7 376 1 -0.0056763811729874875 0.63731535684994611 -0.72664576787520951 0.25648166142836037 -0.56133704627352943 0.93183069829288567 -0.11295859309795094
6 331 1 -0.063447584688407693 0.65416462421295429 -0.73813253082668129 0.15232667317620358 -0.049923011718982446 0.90588528753889264 0.41052024983357571
5 289 1 -0.4011803445509704 0.65868232346822531 -0.62683848867024572 0.11074943348869568 -0.37869898613243203 0.93527421760038187 0.80113640365723027
4 244 1 -0.51746235236187021 0.66713497536414745 -0.49601197519232837 0.20281952322151614 -0.58932368710981231 0.86337334654333353 0.39651191551939624
3 202 1 -0.15111552205632944 0.59626794032792796 -0.71880150126949005 0.32396457229681908 0.083807399473939601 0.62818558812723946 -0.038123857189142248
2 157 1 0.16680655748826914 0.36829390708734655 -0.74289115601971167 0.5335240394667764 0.25745967258393032 -0.20370871064874063 -0.19538623234727082
1 115 1 0.29759448783839965 0.3397154806431037 -0.67068301130746255 0.58840055350346154 -0.12667656813010383 -0.45785430640849695 -0.32779943975366699
0 70 1 0.33997180789258258 0.36161104422686158 -0.61780168725575424 0.60989974401974556 -0.28618952145452314 -0.10652763673483129 -0.19232714287277594
