18 853 1 0.52250463691821314 0.40394267156500857 -0.6089846276047084 0.43926864881191391 -0.59302181972045409 -0.3139665971134814 -0.26968638119970273
17 811 1 0.38351062674240122 0.48352590442684212 -0.61198992351374859 0.49456105026729646 -0.67718054288545448 0.045237941819533244 -0.25787733332783563
16 766 1 0.15412659931543521 0.67725171884886637 -0.68273652768022108 0.22681696248488575 -0.25896459699979851 0.74604063465352821 0.092761278163089197
15 724 1 0.01091958431620136 0.7828618779601858 -0.59512484977746494 0.181202803213312 -0.078718708752539557 1.2864224553422168 0.50538524205396695
14 679 1 0.21195102157325277 0.67972520830385563 -0.68416389459244387 0.15801952723139714 -0.29704551651757216 1.425166748148021 0.23386147711157063
13 637 1 0.03676973720177084 0.67923145937133 -0.71467074527522301 0.16290591417798014 -0.90427720002580758 1.0344785615302723 0.57168457028879716
12 592 1 0.23354415291147937 0.58162423784461426 -0.65758038679430175 0.41804115765793648 -0.8054684261923456 0.42122848743299851 -0.13329743406246614
11 550 1 0.33562896209178161 0.36440899791864062 -0.73469782595379618 0.46344189126565916 -0.54662612172578262 0.075719949021500921 -0.35050513500703823
10 505 1 0.392148591763326 0.31619371133300644 -0.64148751580961261 0.57856268973371583 -0.41609601808313057 -0.21538419880856766 -0.36530688440149955
9 463 1 0.44020585297358666 0.36082168348216309 -0.54811023374662116 0.61286351775833359 0.40208219326102201 -0.41667866107658119 -0.24304938088367523
8 418 1 0.3784446952491366 0.20262770046697456 -0.58846546086267015 0.68514963986923283 0.4648611719810975 -0.73839435509172091 0.12069666932298222
7 376 1 0.47050090150340423 0.2569110955738278 -0.53403679003630411 0.65378153655732729 0.049769677250833401 -0.74888850167344956 -0.14430090687855671
6 331 1 0.42619999911604395 0.3532850948692518 -0.57679124167562124 0.60071213240869625 0.012368490112640903 -0.13152329822042619 -0.071605386519403944
5 289 1 0.33004175833849775 0.28606026091425274 -0.6485272576438692 0.6234214954358126 0.2598171873125914 -0.01814340740831509 0.09768877006181273
4 244 1 0.14299990507907204 0.40351442571640933 -0.7118701775649775 0.55674768583240664 0.5716939895833012 0.68176671163167935 -0.0099780197174880684
3 202 1 -0.0064846827076336308 0.58401063389567709 -0.6848858280181217 0.43568443966577769 0.21125218374346003 1.3421410066112054 0.3199820879439359
2 157 1 -0.074238410053596854 0.62874566824782097 -0.70214107170970985 0.32583041379014221 -0.14040476771463933 1.266179202754268 0.50937539286301914
1 115 1 0.038844044715839653 0.58227157433131105 -0.70994561156939151 0.39424381102207934 -0.081639401436030518 0.98439655541793203 0.3218968115083406
0 70 1 0.16749194266157857 0.49834693096118732 -0.68639843733894423 0.50244797816656761 0.047564565741096701 0.55098772154671372 0.089430844184686331
