18 853 1 0.5236220850639357 0.40321305555173947 -0.60775937118647061 0.44030408878518518 -0.59385414414220217 -0.3196313185917814 -0.26591039296292601
17 811 1 0.38396134641573726 0.48261373917230266 -0.61140542893230587 0.49582362256436113 -0.6758238005238093 0.041598786884121546 -0.25393941320070057
16 766 1 0.15281107774212663 0.67822456909087392 -0.68353213135138169 0.22236014438524235 -0.25816672844353528 0.74722168546952061 0.10384582572826508
15 724 1 0.01153192364009843 0.78260239171690393 -0.59506301764674729 0.18248429040683922 -0.075353780159424802 1.285530111301759 0.50519700558783798
14 679 1 0.21099483272944988 0.67956708472430638 -0.68409269708951115 0.16027145631576797 -0.29533734411196111 1.423359765352995 0.23323133336884175
13 637 1 0.037596292362684358 0.67933167074997458 -0.7140706887139957 0.16491831746700422 -0.90375296149271478 1.0307228802392079 0.57085496054802876
12 592 1 0.2321634332345224 0.58015999484019076 -0.65804728960247905 0.4201050884036282 -0.80000732150964504 0.41929250006929603 -0.13578101864980469
11 550 1 0.33636996318058426 0.36355720496070532 -0.73398959666018004 0.46469417748200625 -0.54715182971874365 0.070846062789752112 -0.34785810020901059
10 505 1 0.39271791816266566 0.3153882640347373 -0.64111047848642477 0.57903387987063781 -0.41620543963988482 -0.21773057440600041 -0.36235289221891098
9 463 1 0.44071311325747264 0.36001075946541816 -0.54746652270225216 0.61355082217559065 0.40419353164483601 -0.41923339751319777 -0.23929329822119783
8 418 1 0.37918958003639719 0.201808612967461 -0.58796301403507378 0.68541085507216915 0.46500764116553867 -0.74075685713109229 0.12487326612715362
7 376 1 0.47106462434452362 0.25599354654287287 -0.53355583465294376 0.654128118282157 0.050538366686569983 -0.75095742894119488 -0.1409000154372736
6 331 1 0.42687197893244577 0.35246498217383437 -0.5760849988191119 0.6013940672130712 0.013370828928708244 -0.1338894087990157 -0.067768081854048798
5 289 1 0.33079892400053146 0.28511975110410936 -0.64795921661197586 0.62404138726371039 0.26022276358436053 -0.020698864888877455 0.10187543740457974
4 244 1 0.14378663097265074 0.40272750203135965 -0.71165148704692505 0.55739404808897663 0.57302066125671713 0.67945615421866279 -0.0072615417301414627
3 202 1 -0.0056851899041833057 0.58340079533657363 -0.68474619409074577 0.43673085567045233 0.21360416782866359 1.340311579926911 0.32177992824309382
2 157 1 -0.073423614183105806 0.62833234128225568 -0.70211874894932169 0.32685884438529239 -0.13825571682321577 1.2642553014410935 0.51062608162285028
1 115 1 0.039633437143876842 0.58176524229457705 -0.70978202633187781 0.39520610902958964 -0.079942423111791408 0.98188026783291804 0.32371420406998153
0 70 1 0.16826682997575512 0.49767030375952448 -0.68606369365739617 0.50331615405327856 0.048903083841185559 0.54824606620763927 0.092075844125234729
