18 853 1 0.52174508289875254 0.40464268738842152 -0.60645520227762995 0.44301066764181785 -0.59534515738627025 -0.31921101663383444 -0.253165379448689
17 811 1 0.38186723008352724 0.4831097536583403 -0.60977735899854968 0.49895286046004983 -0.68046422669604645 0.041346736607460167 -0.24088423000398376
16 766 1 0.14909333454319898 0.67714925278083304 -0.68458830555511829 0.22489757435401869 -0.25391837985707233 0.74537301953206425 0.11655865336931819
15 724 1 0.0087672513797238429 0.78156330816116626 -0.59566979212752225 0.18509302900480365 -0.06801765563370761 1.2869656266627372 0.51802430640838182
14 679 1 0.20791337808290306 0.67955326282878059 -0.68553517514624462 0.15818000452055178 -0.28859568772597111 1.4295306069548914 0.2617134670550772
13 637 1 0.035432937598013761 0.67807504426089027 -0.71463428409136198 0.16809694014167362 -0.90755317833891058 1.0278101344112196 0.58385108078211978
12 592 1 0.22990002869593246 0.57932853105228599 -0.65718435632412731 0.42383151336026514 -0.80449626631157634 0.41684834791330544 -0.12381031204190228
11 550 1 0.33484766050517839 0.36400604293582428 -0.73235428351469789 0.46801052165318391 -0.55515034783289696 0.069627238060576524 -0.33564652347742441
10 505 1 0.39130359288130317 0.31596716118038948 -0.63900926023807025 0.58199090764700401 -0.42271878940058316 -0.2164214653957878 -0.35058795939513349
9 463 1 0.43875248407699419 0.36040877630440565 -0.54555081358797197 0.61642199950401655 0.40847792623883455 -0.41794807058243821 -0.22711915571421759
8 418 1 0.37755603724942638 0.20232839348250362 -0.58589570831847448 0.68792505325892295 0.46518739471794485 -0.7392161631584695 0.13843447817294141
7 376 1 0.46924744398110091 0.2568095743299077 -0.53170435761034418 0.65661720579639582 0.050572744094343633 -0.74903778785118647 -0.12945196179061955
6 331 1 0.42480648566204371 0.35286240174936639 -0.57423820026201788 0.60438238271062406 0.013805092791016866 -0.130463335023768 -0.053468031373208678
5 289 1 0.32898214214127319 0.28501797590934885 -0.645979191414217 0.62709360371519618 0.25889104235157012 -0.017271723578702956 0.11760292891366951
4 244 1 0.1417370161168757 0.40183774115214194 -0.71011766826643719 0.56050864869675943 0.57295115256145857 0.68237615451013667 0.0071849674954287106
3 202 1 -0.0081761449420198733 0.58203032835724466 -0.68414158014041759 0.4394589239612931 0.21431263022229655 1.3437284830324243 0.3376829800725144
2 157 1 -0.075887213360457673 0.62664672852402881 -0.70203103233516961 0.32970811048097176 -0.1387867415753512 1.2641004228167181 0.52519996619251308
1 115 1 0.037222562199440472 0.58041082553979895 -0.70933464984676575 0.39822369214586412 -0.080961708678895711 0.98179380998925359 0.33909150537676158
0 70 1 0.16593147846303116 0.49687183111701111 -0.68495801001208523 0.50637698646145579 0.04743518210297111 0.54877936930406945 0.10775125395126238
