19 881 1 0.53628311823762864 0.36801609509986788 -0.60890209489120617 0.4540955953077187 -0.68547702061158478 -0.36492127946609865 -0.36351175257439566
18 839 1 0.50976656053880032 0.40694180056061402 -0.53613478172660356 0.53581332620222721 -0.64305629121794095 -0.31175429760738582 -0.2269089556251925
17 794 1 0.26083332066592263 0.53948963861420884 -0.66752215972815687 0.44196275287647879 -0.68582549309875751 0.39049719696487806 -0.29780151979225883
16 752 1 0.090690546083664642 0.70843569045210864 -0.65917812804672304 0.23532592897831867 0.14313431265937643 0.85335126974226039 0.19431221506199015
15 707 1 0.13178512736699369 0.77538160478026119 -0.61533843696139012 0.05267499569212606 0.044200949711125891 1.3912173045568494 0.48087061784170038
14 665 1 0.10085005885110084 0.69763901626280123 -0.69412970108987582 0.14598981705064354 -0.72238772513064331 1.266761314350499 0.55245189120980498
13 620 1 0.11506587438049388 0.61806882197112856 -0.70301969192795 0.3324365933855723 -0.81930268431963504 0.8550724615398273 -0.0011083449418691112
12 578 1 0.27996475019026945 0.54723691862990387 -0.691868220393838 0.37877415322116653 -0.76984949579050155 0.30059101783879066 -0.11030872006641686
11 533 1 0.47331396571308004 0.26058474876277504 -0.68127952480885945 0.49389035994784641 -0.55573318192547971 0.070651451123706688 -0.2406669444730854
10 491 1 0.42825050852280783 0.28476019425530086 -0.64428763150457058 0.56604468163553179 -0.23995250472611776 -0.26175878504416833 -0.31384228277712323
9 446 1 0.36909640032069096 0.32021807062786439 -0.59606771889268317 0.63712754532177418 0.66105130773447129 -0.48422712738490353 -0.043931303716026757
8 404 1 0.38485758394982866 0.22595603379495968 -0.564385873599207 0.69447613101503458 0.37607501929309189 -0.81375111208724693 0.051338013921057295
7 359 1 0.52424001209972204 0.19646066195159514 -0.49109294433025946 0.66738544938308397 -0.056777191262395416 -0.53096804856813695 -0.10569778039895271
6 317 1 0.36208337961154829 0.35873431822421448 -0.62138583535310665 0.59505038337926419 0.10345382841211002 -0.085675947994732021 0.049756834488855171
5 272 1 0.3223208154769549 0.29651285999862254 -0.68290587108865364 0.58466142937460419 0.47679318327931092 0.10989621045329534 -0.080015197782559513
4 230 1 0.078454205351009554 0.4822035303932502 -0.67828708673032867 0.5488636633207844 0.49711711397979164 0.9389666029589897 -0.029890775923430583
3 185 1 -0.032266324848237903 0.58704877239582798 -0.69393987285864134 0.415668228237704 0.14998119140252314 1.3567254831651132 0.37477172501069145
2 143 1 -0.078398684195630314 0.6239253475398796 -0.69549575747349413 0.34764415477612304 -0.23443561831761781 1.194623823332551 0.42212571101788093
1 98 1 0.073241710565249918 0.57503472858021121 -0.70083118509568021 0.41569984695395734 -0.044301760545811877 0.80417544942876173 0.24525631203451442
0 56 1 0.20282051773263871 0.47758302339316383 -0.66067953118469847 0.54247658975007962 0.019486347634512895 0.41099730536031576 0.1013194558982279
