18 853 1 0.52145629948456695 0.4045043173111294 -0.60652395879198684 0.44338276062090526 -0.59472446165707793 -0.31964876858781704 -0.25337179276869054
17 811 1 0.38166255046322844 0.48300108336476166 -0.60999076686033993 0.49895382089678858 -0.68015028145380418 0.041901979020290712 -0.24232749472373638
16 766 1 0.15218952056861457 0.67590208958428366 -0.68314960051678952 0.23087082630433217 -0.2531887575031973 0.7411375887262337 0.10483883422424425
15 724 1 0.0087416093528061307 0.78148051991854173 -0.59575210920895394 0.18517884767664805 -0.068005794763343744 1.2878965757905159 0.51837835295703949
14 679 1 0.20809286515962677 0.67917547733421257 -0.68501226793235048 0.16179067723351551 -0.29072744919561605 1.4282257614886276 0.250691079406341
13 637 1 0.03533500049538435 0.67789727481930295 -0.71478984500468445 0.16817312511436813 -0.90764330477440547 1.0288159260927965 0.58349604514517794
12 592 1 0.23151548183751558 0.58029172946357022 -0.65651098266785757 0.42267649570588328 -0.80912520559251999 0.41666819014388318 -0.11890213997136656
11 550 1 0.33454303176730071 0.36356228592739354 -0.73281394618061713 0.46785376393738948 -0.55349830817884016 0.070817660219216413 -0.33642628254386414
10 505 1 0.39091226511549854 0.31575321576416876 -0.63934375352028772 0.58200263964302268 -0.42159723293732831 -0.21568486488822783 -0.35133393725897827
9 463 1 0.43865597514155902 0.36070472490775912 -0.54570467730633909 0.61618133862346902 0.40825466717820319 -0.41711513462285804 -0.22778203656544144
8 418 1 0.37753705709663954 0.20239369042016273 -0.58583595796879617 0.68796714670665704 0.46546152951314274 -0.73957649746051801 0.13816376613983272
7 376 1 0.46917050251390496 0.25687337405421085 -0.53171611805987529 0.65663770761980467 0.050692032293104816 -0.74923883252944845 -0.13006661206230161
6 331 1 0.42479655613406181 0.35281221031087445 -0.57426811666077981 0.60439023845449158 0.013810207280691178 -0.13040241319675455 -0.053727392671992322
5 289 1 0.32903768511120512 0.28499169376736277 -0.64595470656652643 0.62710162918367718 0.25892375575109478 -0.017258447448739583 0.11741591634310282
4 244 1 0.14183853750910236 0.40169834622780926 -0.71010947254174683 0.56059326157349088 0.57341070767603308 0.68260417716464716 0.0069787794289468425
3 202 1 -0.0081961917307931294 0.58188017182079133 -0.68421249690327224 0.43954697947353494 0.2146576496055061 1.3446284471336927 0.33776085120641225
2 157 1 -0.075812929839736837 0.62656139814407785 -0.70211034988175858 0.32971847175092905 -0.13874305129134457 1.2649815733010463 0.52545322065607492
1 115 1 0.037308238436547431 0.58033769250738287 -0.70938464762723952 0.39823319765025306 -0.080968081251603874 0.98241496683044682 0.33919408825284281
0 70 1 0.16605942722615491 0.49676447768240711 -0.68496220337059033 0.50643469499625771 0.047487998454712396 0.54897436844572511 0.10757887148236205
