19 883 1 0.54846397167875116 0.36143236896319086 -0.60697047755833922 0.44737093536418709 -0.70749928807478568 -0.36329035102332075 -0.36519294366772675
18 838 1 0.50568695415035136 0.40807337286225609 -0.53587775223507073 0.53906573015027648 -0.64849424068375294 -0.30734999185103284 -0.22858738218955149
17 796 1 0.28208207960525289 0.52657020227513796 -0.66330032186537702 0.45076180567433111 -0.6792435419742 0.36576458695445768 -0.3053814037983999
16 751 1 0.086641639077834259 0.70685523555860641 -0.66195380629495904 0.2338077429703932 0.16885488202152929 0.86656631546508212 0.21713339647769925
15 709 1 0.11248636487597033 0.77449604633736602 -0.61947911832390379 0.061223474953793412 0.056913898537756191 1.3750416327101846 0.51164963738320335
14 664 1 0.10444819186684016 0.70008035501554577 -0.68651352967371204 0.16636479589142764 -0.76711290435188451 1.240527147600309 0.50348666437233225
13 622 1 0.10672836907697927 0.62650039295855309 -0.70268348135060843 0.31990973397809613 -0.84776135636913674 0.8821706216277444 0.037930611934429141
12 577 1 0.29177598757991297 0.54102343558466504 -0.69203823579849866 0.3784752243051504 -0.76879701975714143 0.29301763449418056 -0.11034524122559615
11 535 1 0.46663680015694053 0.2561360910497526 -0.68403038535146321 0.49874525713732165 -0.55333635340859411 0.073469807440705956 -0.25339262915720923
10 490 1 0.43078367254362598 0.28394685299781736 -0.64514992049095532 0.56354342533027224 -0.22814851421638244 -0.27157557546589389 -0.31007997754934419
9 448 1 0.38545821662104873 0.34430900363223677 -0.58874867917537055 0.62148874971825019 0.63650848954607731 -0.4699243983782721 -0.10698265459930828
8 403 1 0.39385340081984366 0.24261093619834376 -0.5627676138071035 0.68506353365908002 0.36152995132009785 -0.81889460679778392 0.028096393343449176
7 361 1 0.52633891688895995 0.19493755198553303 -0.48655583275548436 0.66949990067636411 -0.057477734374487228 -0.56652814071909363 -0.087915536086522209
6 316 1 0.35712568885910972 0.35984029785508231 -0.62668502527733772 0.59181253914530607 0.11158948845906851 -0.084644193794208553 0.060687955520661356
5 274 1 0.32064888726578572 0.28913737735825501 -0.68010582078050663 0.59248623667565214 0.45749845348529056 0.079576670027918045 -0.05402213609842732
4 229 1 0.074958252760933264 0.48336421526398865 -0.67903674111933576 0.54740241135319156 0.49923435998673904 0.95897086533617604 -0.019196423386617822
3 187 1 -0.030634497284592502 0.58570539387618148 -0.69501540985666987 0.41588976811437994 0.1675918982562164 1.3603146539590449 0.38985049578694758
2 142 1 -0.074433909180256011 0.62394336946730633 -0.69493701544166553 0.34959520796338189 -0.23173664496930452 1.1908667083874911 0.41958084014651315
1 100 1 0.067598584720775887 0.57812724512390878 -0.7004279499757553 0.41303753665005932 -0.053971750463637461 0.82878911465306671 0.26576966883167646
0 55 1 0.20986265969391546 0.47417467504289801 -0.65694423191991735 0.54730276608227357 0.0191151350104567 0.39408026755443865 0.10388179823856358
