18 853 1 0.51969827496654142 0.40632728650024585 -0.60740213069397586 0.44257710161119568 -0.59490491874515306 -0.31087048980375437 -0.26106997725622844
17 811 1 0.37984188493048049 0.4824058874993854 -0.61201427309899281 0.49844080057866591 -0.67725111869497734 0.046222418025370457 -0.24212177781235519
16 766 1 0.14760142686634367 0.67410483730228721 -0.68757598119909535 0.2259109496920805 -0.24933317045059858 0.74736120497167347 0.1144791765553979
15 724 1 0.007374985994211599 0.78023558095947898 -0.59805361003320501 0.18305716951996318 -0.067837259932494745 1.2871144650325528 0.52161637619584622
14 679 1 0.20596784035058921 0.67778053252325998 -0.68794074982427156 0.15788705838357842 -0.27900464951991516 1.4282769237253634 0.26382019621724462
13 637 1 0.034054875485470738 0.67676312741461786 -0.71648541124574483 0.16577270673929018 -0.90490776494649461 1.0275502578117546 0.58670263325148653
12 592 1 0.22967156410890863 0.57963898955179061 -0.65855053274143283 0.42140338187670207 -0.80652526094836485 0.41988580851953855 -0.11703888473741772
11 550 1 0.332142582442571 0.36111720936043212 -0.73575058991356257 0.46684765767213465 -0.546985194833986 0.076486336403274999 -0.33431635125585929
10 505 1 0.38800080109003215 0.31360886671561605 -0.64250973574534054 0.58162367261253467 -0.41509019356263821 -0.20906872325284329 -0.3516514623228249
9 463 1 0.43648010123719949 0.36000973785834356 -0.54709841574021911 0.61689661481132585 0.40891341504606732 -0.41412969862398796 -0.22768258135387998
8 418 1 0.37493698566597028 0.20113697427017385 -0.58669342722806528 0.68902612200738977 0.46712252661615372 -0.73628485485788508 0.13869093277973135
7 376 1 0.46704705911165889 0.25630052761548738 -0.5323700023671859 0.65784440766699237 0.052351008574565081 -0.74642328449279527 -0.12869349278387673
6 331 1 0.42256255706754603 0.35254802550818637 -0.57625038183314903 0.60422369410009591 0.014743029133300263 -0.12573413142523218 -0.054946328531610689
5 289 1 0.3265738087342101 0.28462274317606301 -0.64761691030947088 0.62684270674307052 0.25950600381474165 -0.012920803856021382 0.11628137436907093
4 244 1 0.13934430797329575 0.40108600883671464 -0.71164990030208741 0.55970313269706407 0.571976582905112 0.68519353298329777 0.0083136663731587859
3 202 1 -0.010567977796018273 0.5810234934578814 -0.68602077198083855 0.43780762705338555 0.21308287634753645 1.344923943385343 0.34019082243168958
2 157 1 -0.077587190143052848 0.62572504342114688 -0.70377237686097993 0.32734208334517056 -0.13996641498533588 1.264360783035942 0.52873442035401719
1 115 1 0.035341972059235567 0.57958351980513645 -0.71116107540568885 0.39633800399290164 -0.081890006032590251 0.98354197113749275 0.34171190343066182
0 70 1 0.1639221211106601 0.49614552785370092 -0.68675300777903281 0.50531125032776236 0.047038735679706123 0.55185965353698041 0.1086683746427352
