19 881 1 -0.21480946026429901 0.69107677939210088 -0.64624748030436241 0.24214453321573237 -0.25594210549436214 -0.34207255690104832 -0.59353101381138851
18 839 1 -0.44402716594326208 0.72173662012395345 -0.51227564859183417 0.13967743889498671 0.40274644134462334 0.31894697970765157 -0.68641404783905424
17 794 1 -0.41152287565727352 0.68127626973325051 -0.58173511841786552 0.16761807512457449 0.5593413675372062 0.094102926926752484 -0.51074663067170933
16 752 1 -0.16161212433046876 0.50335998712199725 -0.69128077776390506 0.49258616599338895 0.68245581002309175 -0.82222950974152065 -0.12355298422253902
15 707 1 0.21011064580068448 0.2941498904148554 -0.72061868865314904 0.59164014743251148 -0.42986230281510562 -0.96464545635968224 0.43846507437056936
14 665 1 0.039501227985747289 0.41687401794585011 -0.72143833095966603 0.55152737082708114 -0.39450205845057634 -0.92537211570330391 0.021543859111307889
13 620 1 -0.081143663984148781 0.60679010972989422 -0.60143848739691441 0.51331590118261705 -0.3203515186529024 -0.628010920743583 -0.40094105552233017
12 578 1 -0.13457188525409888 0.63935142252414645 -0.65151260742665351 0.38555348342302848 -0.41891226454781283 -0.48854368792463043 -0.50847297210146014
11 533 1 -0.43401723832245248 0.70643722446338664 -0.5568578093719011 0.04984841896134623 -0.47898128617893709 0.21395486699715802 -0.77142326113789883
10 491 1 -0.5888041553133373 0.65736245960503059 -0.43716550304672647 -0.17340872623277778 -0.76677532238779522 0.74705454777791724 -0.35055946702542656
9 446 1 -0.47244107124379964 0.63090058409318772 -0.55297182181152527 -0.27015930758596562 -0.95495106802294949 0.87078808065596025 -0.2584251729003087
8 404 1 -0.44162129171282649 0.615149168686556 -0.56615189753702155 -0.32562887446503191 -0.82926554168861522 0.93186584761154467 -0.036699187638602138
7 359 1 -0.47254443154745418 0.64477933785743868 -0.51939954775989672 -0.30196932869487131 -0.35217920755840321 0.92928023987695751 0.1580403075596748
6 317 1 -0.56859306020463984 0.63458296757876564 -0.4265411236741255 -0.30342883673254334 0.025245460988845468 1.0559944211788732 0.44963527964273575
5 272 1 -0.72975244071771816 0.64179233969953053 -0.07119232312229512 -0.22471230740212281 -0.51111884780529038 1.0302218391845193 0.53823878995329877
4 230 1 -0.67983229204651452 0.64462578408655202 -0.16621395791550952 -0.30766633448533476 -0.2565646324079241 0.86806905877022089 0.40856743993603606
3 185 1 -0.55169980073361047 0.67159328209030056 -0.49425621294865474 -0.017337510874595164 0.20526408771450558 0.30837744019165769 -0.016559959577709962
2 143 1 -0.30976230503378838 0.6520067144337871 -0.66884077312528689 0.17772613459640871 0.28289887693798976 -0.31819599288688405 -0.16521131673829184
1 98 1 -0.15103793851294919 0.66488895706181461 -0.69812994008871865 0.21846007108561771 -0.18989157714375984 -0.37124561057549954 -0.23057592990593939
0 56 1 -0.15763664574557076 0.70711585261072263 -0.67285319337890737 0.14968780532997053 -0.13146834102961905 -0.043079373450038122 -0.0769454796027364
