19 867 1 -0.26218291746972755 0.63868504798115044 -0.67785112618338583 0.25270413135580772 0.04783295480389109 -0.32673919112106864 -0.71387827772509682
18 824 1 -0.459123359801411 0.76955948732855328 -0.44363597101700719 0.013079035403100396 0.27866249906434537 0.56575084145460219 -0.67250348658519665
17 780 1 -0.30069858716105713 0.65662535915974818 -0.62257965523652714 0.30136036612873124 0.75944892378004425 -0.21045957030868062 -0.46518152321566014
15 693 1 0.10792325586657758 0.36475367296551758 -0.72387950027537762 0.57559169380941488 -0.34419271173730659 -0.9658465177535569 0.28165160685863561
14 650 1 0.035011037224431316 0.53578276608588871 -0.68643491494783171 0.49042651068063858 -0.41423774464955965 -0.89421909412991407 -0.14574024537519401
13 614 1 -0.083428445744360535 0.64313070165850295 -0.64010907914093884 0.41192591788604588 -0.37435815380700399 -0.56550440458711848 -0.4175191922045608
12 563 1 -0.17489416037638836 0.66468040237408244 -0.65648614721136089 0.31086642450681212 -0.51567671772403645 -0.33511944464968396 -0.56430590625598953
11 519 1 -0.55440458795026282 0.64937693430954213 -0.51910162367952861 -0.038453274759339073 -0.50200609861555501 0.54087683984755319 -0.62719154580157632
10 476 1 -0.5535087099295567 0.62834705851375783 -0.49670449330525557 -0.22823831496835822 -0.91759114654546903 0.75983198745347746 -0.3375349473971212
9 432 1 -0.50361696623038132 0.57280326214756283 -0.55785376084015448 -0.32720873416599544 -0.96806198313124325 1.227251452587252 -0.037531665013620596
7 345 1 -0.50853503049905713 0.63855784372697688 -0.50252278926465832 -0.28479264253092051 -0.1303692082546625 0.95236757155607543 0.31482912528761492
6 302 1 -0.65958196526189228 0.60008768445362892 -0.2815009755272016 -0.35440598590539618 -0.18558893511390034 1.0312673364539111 0.73209077831296521
5 258 1 -0.69741826464680645 0.69645768349521797 -0.021648956672327455 -0.16758813177701906 -0.51912974925839839 1.0235136772249305 0.31578681278609605
4 215 1 -0.62807800328742769 0.67060927846872775 -0.3456257049444777 -0.19064125865028153 0.058040490660366532 0.8019004963212748 0.1271876358327127
3 171 1 -0.46736408408240193 0.66482799308072615 -0.57852401994703895 0.069889275789564068 0.29744040243422476 0.11945342288386467 -0.06832590606555608
2 128 1 -0.30026106103584888 0.63803726013881457 -0.68094767151086977 0.19764113580959172 0.14570101856833628 -0.36089877802313969 -0.24830025729374314
1 84 1 -0.11856119156544159 0.67441863826179482 -0.68931670508283294 0.23652742824762596 -0.18389974007300219 -0.30137247353135355 -0.17150529665202174
0 53 1 -0.15054696237075121 0.70866751686599128 -0.67447058332630527 0.14218085274537914 -0.11230052495614759 -0.050749971872887947 -0.062817332548040963
