19 881 1 0.27601977504602598 0.3369630096147806 -0.6275943877462492 0.6452862143299678 -0.31675557294642254 -0.39340326525330849 -0.62780978721046976
18 839 1 0.015376012336954327 0.43029397855442536 -0.68592793243958639 0.58661191750898811 0.37829538824804515 0.2802749441835497 -0.75006890719838026
17 794 1 0.086374511657875186 0.38027240351724628 -0.71458735091624859 0.58077298557145229 0.52724590139497252 0.056927979132357712 -0.57099893060111506
16 752 1 0.3435668068560091 0.031504363869703032 -0.62032759992189468 0.70438838225731193 0.63256430394803553 -0.85412598778360904 -0.16709372858233068
15 707 1 -0.63609800788401749 0.19022608508053931 0.38936599268208832 -0.63842578633981228 -0.51343089909962014 -0.96133785010844008 0.42587701121850413
14 665 1 -0.51026464586932629 0.075511616412637483 0.50682569460451932 -0.69069219066907694 -0.4717199578924906 -0.94901590572053907 -0.002375505778598094
13 620 1 0.33826533813216431 0.090374290279407854 -0.50513963720514443 0.78882380516759332 -0.3754933440867661 -0.67751606081510463 -0.4292765273837455
12 578 1 0.3351984593760054 0.20397117037593265 -0.57626412288596307 0.71690823343151577 -0.48414012606015339 -0.53905558123493214 -0.53671133510070812
11 533 1 0.05382878331195376 0.47581362344465095 -0.71326355826120069 0.51181925939553852 -0.51273389032867356 0.18134090745621634 -0.83594055044427962
10 491 1 -0.13982343360436231 0.59060102103027112 -0.73039831839693869 0.31330199146512294 -0.83273893055197423 0.73677864018874717 -0.4481690177478862
9 446 1 0.025882976443058217 0.63745192792377781 -0.7380409413172796 0.21972865096798547 -1.0807499563002201 0.8862129881637687 -0.32226740688168476
8 404 1 0.051577678751398147 0.66174987667988638 -0.72809699147407536 0.17117714442989504 -0.92239790082983397 0.96370639532290892 -0.084353473771661233
7 359 1 0.0034109345814942577 0.66700056721439815 -0.71373907604743902 0.2137174306974052 -0.39300653969060012 0.92014214254974014 0.10606627404543598
6 317 1 -0.12971694968725106 0.66234043457730507 -0.7086353480259483 0.20570514144261207 0.0039248749063655018 1.0543744846701844 0.39686636775621376
5 272 1 -0.4886225647796692 0.61989476488271966 -0.5556638090084105 0.26118231375305712 -0.50337756814004098 1.0501834729098452 0.47198287377366982
4 230 1 -0.38563909412508091 0.67933541827232136 -0.59061665763310589 0.20238043949318787 -0.26864945118859884 0.87401164385188779 0.33488955570173257
3 185 1 -0.073744494092559107 0.49877201230971002 -0.7454809971975771 0.43594301479076497 0.17946441988888678 0.28720966789509556 -0.083373103713704183
2 143 1 0.22035300197275517 0.35040086439994539 -0.70943085619881918 0.5704135771721921 0.23415988219485193 -0.35712674301433406 -0.209389830406602
1 98 1 0.35820403530132816 0.33326758944932672 -0.62232990411927736 0.61100578831576635 -0.25853997826112046 -0.41566073176437096 -0.25334617609196308
0 56 1 0.33659455127863874 0.41130084347146928 -0.60929977621813081 0.5884636835946 -0.19570857817155571 -0.088392817285890352 -0.096021458465125387
