18 853 1 0.17109485373657538 0.29305210330169423 -0.73261903686170693 0.59001386644988096 0.2997662729761631 -0.12845548612708899 -0.78317360988959717
17 811 1 -0.013804452515906821 0.54119829679374354 -0.66676903208091076 0.51218443796758673 0.32879224461364154 0.42941703222365873 -0.68874884286131854
16 766 1 0.26344852628227305 0.18586781515244313 -0.62400392331773602 0.71180554435479704 0.82402910815028407 -0.49943949528882797 -0.34907031686790391
15 724 1 -0.64162510921155258 0.22649316617276105 0.42363718956265395 -0.59795451041509617 -0.44330776675299005 -0.99901696400236351 0.40732791512593453
14 679 1 -0.51559813690979517 0.13393061352168442 0.48868749301395004 -0.69094550157634993 -0.4312037353348484 -0.94002475625837434 0.14414560185225411
13 637 1 0.51024537256473357 0.086906562716783556 -0.425062605022962 0.74257571394715249 -0.60151077103233286 -0.78376333894666428 -0.18702185713576913
12 592 1 0.372037488118443 0.19484642913098174 -0.52985314438583031 0.73680297357833269 -0.49465558312837343 -0.62154735671937222 -0.45438248253189162
11 550 1 0.18173516130664361 0.36592218637831436 -0.67081021119600392 0.61894017902874521 -0.49153061680371252 -0.13339158009222998 -0.81794115394600797
10 505 1 -0.05621714172763121 0.5438997167870816 -0.75090052876301994 0.37035270615769106 -0.7418447311138624 0.62152382883832946 -0.59015616495257051
9 463 1 -0.018480300546016393 0.63155079238277911 -0.74295663967097103 0.22094684134703427 -1.063448213054621 0.7716507649863682 -0.33256220719497948
8 418 1 0.067932489722002026 0.65434833312423113 -0.73868078879376697 0.14684729498607885 -0.99569818857378178 1.0063900056095911 -0.060749150895838627
7 376 1 -0.0079911753331615865 0.64212904231740842 -0.72025048600288222 0.26238458708913259 -0.54579464305258074 0.9165676608773069 -0.11126632906452655
6 331 1 -0.068829357480315143 0.65750506799964803 -0.73482353539092904 0.15160467321029938 -0.046154643336096715 0.91463923258506785 0.41043522874173893
5 289 1 -0.40074855836109846 0.66310855653506728 -0.62312654561152236 0.10677520019055019 -0.39795173278726131 0.93319804879779533 0.78167832816303506
4 244 1 -0.51813166002677025 0.66901004320937785 -0.48946851509798223 0.21067918191094764 -0.57498637592164115 0.84934593622850973 0.38841700283853492
3 202 1 -0.15310866958735003 0.59958791044608806 -0.7141967917346187 0.32707035270727819 0.088132993841874549 0.62594937910645365 -0.038190147019632442
2 157 1 0.16752919544663419 0.3729368273120281 -0.73801606563953492 0.53682807151394718 0.26116849465934439 -0.20733951220000624 -0.1943708749489243
1 115 1 0.29892057412239464 0.34472589962098416 -0.66551561195557984 0.59067716625939681 -0.12018602906446066 -0.46017771987776934 -0.32456829635633716
0 70 1 0.34131597709394873 0.36637070398231003 -0.61209820642024648 0.61205530529603847 -0.27768894943182953 -0.11365773210622292 -0.1902719505632369
