19 883 1 0.54746616527970127 0.3611334931549397 -0.60548128780007426 0.45083900465644483 -0.70813910696012694 -0.36454170060288665 -0.35687735656572839
18 838 1 0.50435546533572695 0.40738026845214631 -0.53444162144963525 0.54225366271158049 -0.64906018458867532 -0.3066146404416335 -0.2196991371044191
17 796 1 0.28076089496713696 0.52514521164713857 -0.66264383555833628 0.45420146822513807 -0.68168498498953167 0.36431000510357037 -0.29666361068880504
16 751 1 0.085189688925064871 0.70542344276060998 -0.66245611469196442 0.237217999763606 0.17377788703490957 0.86340346560566961 0.2250996615357326
15 709 1 0.11134726552501585 0.77338565996180408 -0.62075793803964197 0.064311661355610533 0.064204486693650073 1.374731739575334 0.51836882721297584
14 664 1 0.091753576204598175 0.69960409588053607 -0.69057364866683935 0.15888179898217927 -0.76662680967861807 1.2477389296706156 0.54591402602973593
13 622 1 0.10536649267696081 0.62462756752552628 -0.70301271267624266 0.32328227591949904 -0.85004603697641457 0.8797491443833253 0.045881110709184658
12 577 1 0.29066319401529062 0.53973298419934401 -0.69156533499131179 0.38202172824389857 -0.7712871471648467 0.289774710896128 -0.10105792612381559
11 535 1 0.46623873748915556 0.25518175155445877 -0.6822488465096912 0.50203607915598314 -0.55686578565637546 0.07461981421028091 -0.24396647452303727
10 490 1 0.43006226515959317 0.28292203444482705 -0.6432885514747817 0.56672869175018581 -0.23044702713076692 -0.27143562456607268 -0.30098142411867029
9 448 1 0.384430971514374 0.34300481279866146 -0.58699423652911653 0.62449843299969077 0.63883590749907926 -0.47058426454466973 -0.096749530560746949
8 403 1 0.39299423215572882 0.24139670367303076 -0.56061984004599741 0.68774163745910022 0.36078510036454636 -0.81911156283174491 0.037785264278924965
7 361 1 0.52536419425520253 0.19428626586109424 -0.4840550472298602 0.67226186976775038 -0.057602525499621145 -0.56340034402009886 -0.079236448484927918
6 316 1 0.35605413981068862 0.35852089981550667 -0.62505840997227435 0.59497075393844567 0.11102619216613675 -0.084370824715072901 0.072024586906099267
5 274 1 0.31980951690086407 0.28753516075117913 -0.67842805596340749 0.59563476822054395 0.45725277315733942 0.080435855926897462 -0.043402419853663964
4 229 1 0.073741703784790058 0.48134908506512342 -0.6782142260892402 0.5503550517257545 0.49905503496604392 0.95996033587314722 -0.0097435710087617703
3 187 1 -0.031854397371766763 0.58352745754889312 -0.69521258906507244 0.41852175530077901 0.16804435572618434 1.3606852366475255 0.40075756819747482
2 142 1 -0.075944108916507019 0.62161853601009076 -0.69553752525604751 0.35220794847680875 -0.23226041439728062 1.1892087813507204 0.42998541081879144
1 100 1 0.066297127575779061 0.57608350961124 -0.70034396926550213 0.41623407542227797 -0.054125113875518709 0.82681788817741908 0.27616446767476893
0 55 1 0.20849293926219445 0.47237132795458814 -0.65604027367737938 0.55046088155066852 0.018138564670294295 0.39380001481985721 0.11540582015784563
