12 1610 1 0.83490466526583174 0.26380116808531767 -0.43889431186835071 -0.20177940094018118 0.13938856111455319 -0.3797304453757937 0.26702450281156498
11 1482 1 0.80218681220579713 0.20788111103320067 -0.52377349518935401 -0.19734003074853124 -0.032912380971486362 -0.058157645767529818 -0.15777681917174097
10 1354 1 0.81733696808530709 0.17975560841119614 -0.53121330249464394 -0.13213867374304994 -0.049535670038356953 -0.028183941066073404 0.36535671191524788
9 1226 1 0.84344225139166618 -0.04056139911282481 -0.46191552919831813 -0.27128211396036639 -0.10756245823373606 -0.076163223113706768 -0.30089594071615355
8 1098 1 0.85762292219101377 -0.10061543596004699 -0.44896776127625804 -0.22975510160538554 -0.27536438437937955 -0.045743834527049727 -0.31418394187424387
7 970 1 0.77550649734681487 0.27631695097972403 -0.50976825718556695 -0.24974975303317734 -0.14959256508654223 1.1325646168881092 0.91061731381242084
6 842 1 0.81051390158664804 0.033037331582497255 -0.51506443155763482 -0.27691944930052903 -0.083559830382809216 -0.11143995808140605 0.45815923489691668
5 714 1 0.74469431406378905 -0.26839829152442485 -0.57774391321737706 -0.19900931246578546 -0.19043357438703432 -0.088436051255942824 0.15315811887480771
4 586 1 0.80713681287556149 0.047078399347544882 -0.58386552697110905 -0.073585569446074445 -0.020167085819970839 -0.076756929215714267 0.73426785533639649
3 458 1 0.78534444352368094 -0.17065037110881717 -0.56826381133436343 -0.17660350108263953 0.0089345600931400523 0.08424557190529694 0.70940789772663138
2 330 1 0.80124621075636515 -0.29534953589134699 -0.50960776380353645 -0.10522874354705261 -0.044025012633722674 0.21338080960254738 0.73986284869633145
1 202 1 0.77235259856227867 -0.13259208513628626 -0.57930276176375506 -0.22427463669838729 -0.13738934038224038 -0.035884840065944681 0.51832132957204646
0 74 1 0.78831605863539256 -0.20442631231172995 -0.54578930693482319 -0.19718444910233943 -0.021515904702825283 -0.1180432263767366 0.44156114050029976
