19 868 1 0.28182907931278917 0.30441649189673148 -0.669315666118657 0.61637610969531531 -0.0715432439397167 -0.38517819313086976 -0.76397571737890946
18 823 1 -0.043496595066115022 0.55127247738657659 -0.64773468979513815 0.52406724142014172 0.26482376944348285 0.53612361364225691 -0.7484113379545756
17 781 1 0.11073940632679599 0.36469241818640402 -0.69913880085547175 0.60493070771958257 0.63649252285351421 0.17589531471477643 -0.59502389274643619
16 736 1 -0.53605980359910133 0.13198609741150236 0.49676623040085099 -0.66965877085923609 0.020498152428131241 -1.1290493828557455 0.22830473557224229
15 694 1 -0.56249606618509029 0.13883666255366542 0.46268795343993768 -0.67100105394762266 -0.43885797479882677 -0.98429493243456212 0.26917499869272848
14 649 1 0.48855047389672274 0.063097883645767225 -0.48983567254738286 0.71930390339185968 -0.51169054979592798 -0.91701464108472852 -0.18102861346080401
13 607 1 0.39370603424500089 0.19316934192556445 -0.54598272757231447 0.71385154278170082 -0.50281603883893189 -0.579474593752488 -0.44739110112328778
12 562 1 0.31086863964950928 0.28060019600029196 -0.61477857312399498 0.66833488979304834 -0.59820375157872308 -0.36771482742784528 -0.61106084677894723
11 520 1 -0.061507670281272284 0.48783113368520087 -0.77362752685523706 0.39967241735680437 -0.5240819520124721 0.54900931900660255 -0.71627205015119921
10 475 1 -0.06535161143974566 0.60930878749821971 -0.75250962933144283 0.2412493028448629 -1.0149742261271477 0.79092908853689292 -0.39860190876057455
9 433 1 0.061057255074129409 0.61799119152270598 -0.76026495335386013 0.19067275501500397 -1.0523049467473371 1.0655258526106093 -0.23184857593551009
8 388 1 0.039319177306661707 0.65470166244208661 -0.71046406223029213 0.25506969982874694 -0.72519759867662181 0.90409401518537702 -0.1982976649789939
7 346 1 -0.025281737894780471 0.65607093079090506 -0.72312680034199428 0.21452132324625561 -0.18741903216513087 0.93832651419195323 0.25843582065052007
6 301 1 -0.30124690156064676 0.67654740103579236 -0.65880537959688734 0.13232305266289143 -0.23598692865073045 1.0272617404375199 0.69153217626604624
5 259 1 -0.49783283072145507 0.61994215860957991 -0.50584471863800129 0.33459724036578525 -0.51574825413695879 1.0800234714078625 0.27636331610593873
4 214 1 -0.21806513340222433 0.61322661346946294 -0.69516785025520844 0.30519236245128467 0.047068102310887552 0.79361087922237672 0.046532136728214143
3 172 1 0.042225905774299306 0.43823535446932177 -0.75304194339659403 0.48897298336428435 0.25503059296501107 0.10612025058281783 -0.12619538319554208
2 127 1 0.24245489115438945 0.32955336431573129 -0.71257454959628075 0.56995413595407274 0.074932993758309169 -0.40522033079068992 -0.30448594039985866
1 85 1 0.37851524436736433 0.32604413731969278 -0.59874990715324461 0.62603512599929467 -0.26182865964651297 -0.35234025701884136 -0.19604714526062608
0 40 1 0.30185178054384182 0.37170996892749159 -0.6311595216020881 0.61020886577749667 -0.12856560412428128 -0.10396491491505337 -0.083330820135592149
