19 881 1 0.53430289769207095 0.36725754065021271 -0.60854192233182614 0.45751397915047298 -0.68638298486138849 -0.36868157304385252 -0.35338660935847538
18 839 1 0.50703711804896712 0.40623105130690085 -0.53585855057547771 0.53920803744921697 -0.6424861315392798 -0.31181232287030358 -0.21541400616972722
17 794 1 0.25896716481904819 0.53865520208949158 -0.66691488454081382 0.44498440150799201 -0.69268731788671034 0.38850714956450033 -0.28632988280254507
16 752 1 0.089294850145879651 0.70747273395059485 -0.65898929555451857 0.23925272997074687 0.15002100038791422 0.84874921368081102 0.20355368223716686
15 707 1 0.13035949873692443 0.77484149392090584 -0.61601742654316916 0.056121213303062897 0.053959580967842327 1.3928816073063623 0.48926760100500144
14 665 1 0.10053157903330046 0.69499117567366231 -0.6955620788270428 0.15190148732192993 -0.72266469108937215 1.2690838906491035 0.55424254984721333
13 620 1 0.11322322426259247 0.61680952249045706 -0.7030240851081121 0.33538582291232755 -0.82672462129778146 0.85337746636789902 0.010285533589565939
12 578 1 0.27837230026151794 0.54642403045865362 -0.6913553553876034 0.38204373304807976 -0.77688885700613819 0.2959122172649909 -0.097694416512253093
11 533 1 0.47227282271399246 0.26025485494827644 -0.67981203382076227 0.4970728217012958 -0.56310477268331416 0.072338157779409412 -0.22730762724019699
10 491 1 0.42681821854997531 0.28407306511167585 -0.64267127632656751 0.56929986173954406 -0.24399410353383327 -0.26322790924840905 -0.30084053532176613
9 446 1 0.3692130327772985 0.31889666387674342 -0.59081200371211895 0.64259460818259595 0.66397423423984092 -0.49777328801494625 -0.025805701134578612
8 404 1 0.38359289778807726 0.2252670622796038 -0.56239832672506929 0.6970074328981759 0.37606397166520444 -0.81729392678128565 0.065670215423617256
7 359 1 0.52298122864571983 0.1967927441448532 -0.48923704309939509 0.66963450179595163 -0.05802296924172233 -0.52753471744826053 -0.094512728409422819
6 317 1 0.36067927985843096 0.35824307436309888 -0.6194479824504513 0.59821112810590904 0.10179108153356892 -0.08674936961016301 0.066966704205303207
5 272 1 0.32180276520419521 0.29556796510533101 -0.68078810143001856 0.58788614481184898 0.47634213940010706 0.10933054805033229 -0.065158416045530479
4 230 1 0.077720253949421628 0.48062723442161542 -0.67664203896821251 0.552369961854559 0.49814444781498701 0.93958280621789037 -0.017856296173016782
3 185 1 -0.033443858044526417 0.58535148042423146 -0.6934312231815537 0.4188057920339599 0.15096383039193723 1.3585263406381884 0.38935170138845748
2 143 1 -0.080052478884801853 0.62206191564164959 -0.69541609596301379 0.35075208795985768 -0.23604406475248552 1.193310842141277 0.43592297727806129
1 98 1 0.072006087999615373 0.57353627712729238 -0.69986055272770287 0.41960275123696678 -0.045407823457371516 0.80041826970238428 0.25917981406266322
0 56 1 0.2016754149048173 0.47641576261976182 -0.6588975114397666 0.54608526584122685 0.016616512321307998 0.40828893935231336 0.11753735979960873
