19 881 1 0.27819733663418061 0.33664722351023679 -0.62415699943481839 0.64784483392940728 -0.29478931810906467 -0.38181578825660811 -0.63854351297862111
18 839 1 0.023477354913323825 0.43371448210557589 -0.68299648912309097 0.58724471701642178 0.35904252535759201 0.28444074905605532 -0.75992472838634695
17 794 1 0.091218514120111255 0.37922472264208645 -0.710904845169406 0.58521969680916808 0.5218786460752266 0.059180664115531162 -0.58248527502140346
16 752 1 0.35051457666445923 0.032790998711561666 -0.61814129508832338 0.70282687858089465 0.63021302021615155 -0.82890588586405889 -0.18095896180029092
15 707 1 -0.6438760160205671 0.18598471068266448 0.38496913228436674 -0.63453300195812501 -0.5139249462710811 -0.94514021092640521 0.40302289661311597
14 665 1 -0.51823793042463562 0.07154323932248563 0.50187158421906264 -0.68879309326523064 -0.46639742893018044 -0.93531174369023795 -0.016932012837585268
13 620 1 0.34559488000181166 0.091809494981057435 -0.49804408915708193 0.78999194983464816 -0.36355289033165655 -0.67874861184618707 -0.43105957061221756
12 578 1 0.34117325467055198 0.20135111078633505 -0.57217692135314369 0.71810313406463433 -0.4611209489810581 -0.53182593604048423 -0.54613806201836568
11 533 1 0.060615201811016199 0.48231129716598015 -0.70919564688652348 0.51063014440266352 -0.51500181035345571 0.19339742207264835 -0.8260246992318222
10 491 1 -0.13328152593327128 0.59154950687359942 -0.72844631332317067 0.31885919207132957 -0.811618125948387 0.73904166389039283 -0.44223768797450286
9 446 1 0.03201930041736973 0.63919755813727408 -0.73473987537463803 0.22485231065432648 -1.06105476967679 0.89063312122087923 -0.32707213935919899
8 404 1 0.057389210749004403 0.66388343013265205 -0.72446244505362445 0.17640701627722929 -0.90030590853684289 0.970403895619384 -0.089883912151732498
7 359 1 0.0074202672007113793 0.67352715400749741 -0.70675642213538314 0.21633647916988702 -0.40552739409482408 0.90490043256067632 0.084088072143274128
6 317 1 -0.12741493888280006 0.66764129522629212 -0.70325242344373606 0.20846237832895312 -0.019295472403957525 1.0409622166174657 0.36058943318981784
5 272 1 -0.4883379650335874 0.62086768262725212 -0.55349252675903715 0.2639988170386699 -0.50455927946987766 1.0506354956330497 0.44795398192515634
4 230 1 -0.38572319388916743 0.67867683360319697 -0.58844535590334968 0.2105883100793072 -0.26622175690786515 0.87341978569260825 0.31284443679422075
3 185 1 -0.068693792893704281 0.50018264762457865 -0.74019416726887222 0.4440845376437737 0.17893440454028867 0.28627513521921072 -0.10520169229816878
2 143 1 0.22649619329518722 0.35183898903568506 -0.70314327700810808 0.57488984354868844 0.22848142381364231 -0.35089506078605609 -0.2288638840988878
1 98 1 0.36187709804324925 0.33477995821006634 -0.61716675332137139 0.61324753899825846 -0.24879429101469688 -0.40795902948060131 -0.27280791999240322
0 56 1 0.33876723265517344 0.41412610424897189 -0.60586454715249916 0.58878220282411953 -0.19167314622852299 -0.081001751566522118 -0.12454055546817394
