114 895 1 -0.61068617710285422 0.65447686949470874 -0.33741999675434647 -0.29132484648962614 -0.68125086163317594 1.0593749582104373 0.12544295595881363
113 889 1 -0.61333429460112676 0.64684796331819761 -0.34178060641824953 -0.29764874011762876 -0.63453697051009861 1.0447201109708895 0.17645663201582551
112 880 1 -0.591111237356723 0.67501361356915923 -0.32554078718697949 -0.29827390506812895 -0.60825393172873665 0.99976207450622567 0.15607514945580755
111 874 1 -0.57525650579988741 0.69689573649254188 -0.29189113139488482 -0.31339408483000425 -0.60192105604851198 0.93988853576020004 0.1565468416515024
110 865 1 -0.58708004306265082 0.70749067887755912 -0.24779455955631371 -0.30560075031520989 -0.54599869178148208 0.90210031550293646 0.16335135717911256
109 859 1 -0.5981649500400823 0.71323968986061947 -0.21479528020510316 -0.29555172974064015 -0.528184987586794 0.88395512128259002 0.15444590876510267
108 850 1 -0.60626832284786525 0.71275243770896224 -0.20927762258659541 -0.28394640328004034 -0.50440266265369105 0.87404979328725607 0.11876000342974395
107 844 1 -0.61974340985373499 0.70040086104424015 -0.22091977663628676 -0.27667886092422322 -0.49529052102155546 0.87511459239863054 0.11099395798683354
106 835 1 -0.62904692814880281 0.68387134641956993 -0.26171937116850275 -0.2610036675757702 -0.4712231621217442 0.88592830172337578 0.1036485614956426
105 829 1 -0.62240186566838096 0.68946446480967749 -0.28058284834291614 -0.241925473220576 -0.44748307026052736 0.87849298904109763 0.074854027151560087
104 820 1 -0.55836879629775982 0.73223635688712541 -0.34691722686175741 -0.17805235937838321 -0.37437691653779981 0.83850405267921946 -0.05736077486962269
103 814 1 -0.55282118244423972 0.73128460916337235 -0.37655609182318511 -0.13348059916173327 -0.29127695808049597 0.80797042055742707 -0.07764710961355055
102 805 1 -0.53949757984717128 0.74047227831021611 -0.38133504989785233 -0.12339670219469112 -0.22753056306245328 0.6952979907444623 -0.10768702737342979
101 799 1 -0.52309531366715345 0.72768600294940322 -0.42599336878199329 -0.12399203073081831 -0.17931761800335136 0.67906727507692988 -0.13043940624333292
100 790 1 -0.46750580363148747 0.74293313187377363 -0.46692313227172927 -0.10710496573296843 -0.15191159945107238 0.61626678998153728 -0.21637237956193037
99 784 1 -0.43115723959900409 0.74972078874213466 -0.49535534295082512 -0.081518451158672539 -0.1228489584655085 0.57661968087733184 -0.26878589629170846
98 775 1 -0.39682109647824493 0.7439698579298718 -0.53393099374533992 -0.06292504906413493 -0.10765832734517823 0.54895612207938949 -0.31821350038698365
97 769 1 -0.38295089928486531 0.73328382552357996 -0.55935207593346459 -0.052618391379255787 -0.13040152252094336 0.54986421696044885 -0.36107531681720362
96 760 1 -0.36203375193755816 0.72447384827809735 -0.58514042336891303 -0.040986467996014748 -0.20373174656909823 0.54968352975636403 -0.44715437746425452
95 754 1 -0.36043893937510807 0.71229094002409299 -0.60066733100935299 -0.043865079503422992 -0.24497850983763136 0.56577633756897905 -0.4940232655835512
94 745 1 -0.32782707230032326 0.69929028896624879 -0.62669837470081347 -0.10378655776090549 -0.37581098333369406 0.58485943612363089 -0.51462382563595266
93 739 1 -0.31440434954159202 0.69232315581665682 -0.64050469587123904 -0.1076674856968676 -0.41753926457301394 0.56879423311207788 -0.56254239801950201
92 730 1 -0.31339663027387138 0.67150663006594558 -0.65971690747241041 -0.12503999322416368 -0.47426295908496052 0.50884464374470217 -0.60659151229909869
91 724 1 -0.29982450789177806 0.6606034643374924 -0.68233692211475594 -0.090136852018018132 -0.49992941153634252 0.44981084963295248 -0.65082619796421459
90 715 1 -0.24705812798646792 0.62248926902838753 -0.74148071384424707 -0.040935831948938461 -0.58592460902554955 0.45304531084609445 -0.63226222066527082
89 709 1 -0.204172054272275 0.63467256130095095 -0.74523216339293341 -0.011555727178238428 -0.60275714776692502 0.40114134896212922 -0.63341294260657832
88 700 1 -0.19879652814076798 0.64466607197742865 -0.73722196978335441 -0.037274164096874972 -0.5609080300708702 0.38774578648319674 -0.62044168397777566
87 694 1 -0.23138791064706354 0.67955988572777393 -0.69397759518617719 -0.055254808801150523 -0.50458294011097704 0.34396358609408573 -0.6412360119128061
86 685 1 -0.2796472390661941 0.65074419555610952 -0.70398790462968175 -0.052253648368291383 -0.39060767725780937 0.37933657644267132 -0.64111887461616202
85 679 1 -0.31914604246893286 0.62508730644541599 -0.71142655655497045 -0.035831794897412172 -0.32035990359452776 0.39803129111253366 -0.62435348755511133
84 670 1 -0.37655993071973015 0.61548747621882849 -0.69216340028839496 -0.016959141939866702 -0.23297910683798043 0.40145869508980281 -0.59289007059198096
83 664 1 -0.38329538711860367 0.60490011873806993 -0.69788652095654891 0.01161449230199833 -0.20151314754456492 0.35294692944479972 -0.60488868088874015
82 655 1 -0.350570600389569 0.61689786231099042 -0.70150815559198698 0.066510068835898259 -0.19400874519425257 0.19048290748007404 -0.66067453581798463
81 649 1 -0.34814616006611532 0.61279305637291437 -0.70523138910654815 0.076990967724855447 -0.20271931113109568 0.12281975690507363 -0.69196996847805747
80 640 1 -0.29752571809039025 0.64132585681148291 -0.69428722435398382 0.13470279343300923 -0.21947479316111268 -0.089202611564769815 -0.70639355059868991
79 634 1 -0.27821741757382912 0.64588823302421949 -0.69434745914538176 0.15265996520945982 -0.24661683373894014 -0.18295412843835682 -0.69736770314256469
78 625 1 -0.24703260571194494 0.63820872953712116 -0.70485300391287709 0.18667284787235211 -0.31433736367977416 -0.27951727472263915 -0.65400288031353992
77 619 1 -0.23355150047562975 0.62063275026761966 -0.72116369480648179 0.20047845573501424 -0.36204427681756346 -0.2904933085350157 -0.63235691203758582
76 610 1 -0.21207690147662331 0.60514884042892314 -0.73449353610970536 0.22212049477854454 -0.42623131261602343 -0.26653895434378272 -0.60928105545683919
75 604 1 -0.19565196837671092 0.62047953709663306 -0.72478734967866421 0.22673497537972412 -0.45033761917775406 -0.256670239326523 -0.58329123139465278
74 595 1 -0.17097598743452228 0.64004654031182717 -0.71799650495775547 0.21351500374469815 -0.48184034704845424 -0.20420344679853958 -0.5350476884012344
73 589 1 -0.13931115089154969 0.63673932941566191 -0.72499363757570734 0.22257505495295099 -0.51189402791707606 -0.15127186247703095 -0.49890034837339725
72 580 1 -0.13646880618668139 0.63534529924406891 -0.73070009826372628 0.20926056022057105 -0.5244448776196502 -0.063414143713083335 -0.48152287344724681
71 574 1 -0.14935789102530253 0.64153318846806506 -0.72660321667139616 0.19538463093409456 -0.52409748368909082 -0.030275232149732489 -0.47832113245837404
70 565 1 -0.14696106207762055 0.65540596869286027 -0.71794830721998193 0.18274487843645196 -0.53194342143657247 0.016193473042478881 -0.45578897510217353
69 559 1 -0.14629967053040185 0.6621184879537817 -0.7059762095079013 0.20443362228691672 -0.52935687398011233 0.042410512527902386 -0.47367099048981787
68 550 1 -0.16822523945003132 0.65193610952993519 -0.72230495647870374 0.15797192076204472 -0.55389694229718056 0.1867679692288059 -0.48155107072214182
67 544 1 -0.19665211610425284 0.62562249954649063 -0.74565256944900182 0.11801135100922541 -0.55162115998148886 0.30662460017939364 -0.48060409688798189
66 535 1 -0.24380965339953689 0.62511390808443268 -0.73862726001001888 0.064955566341132476 -0.56679919243417054 0.41831629600000236 -0.47227205779052805
65 529 1 -0.28030474681097539 0.6461835108518299 -0.70914313618119118 0.031498120984314308 -0.59890489022024118 0.46523166729160109 -0.47180712378672712
64 520 1 -0.31308514982932428 0.66801542122321622 -0.67505819415718127 0.0054332739268238743 -0.63766947969087884 0.55541722356396706 -0.47976142638719188
63 514 1 -0.34191999865428968 0.66895211259121956 -0.65950105831140027 -0.025537025397210637 -0.65365721373023855 0.62836760498515853 -0.46125274037357022
62 505 1 -0.37643873812320106 0.66502737728254491 -0.64195928006407788 -0.062615865757190373 -0.67023157672558076 0.72021653957793608 -0.41422535258697135
61 499 1 -0.40906204364960547 0.66965199287864996 -0.61501072759087383 -0.077435507533719958 -0.68671657192723246 0.75383628621332766 -0.40444899832389158
60 490 1 -0.43100323733661411 0.67550442975503333 -0.58931762267074816 -0.10312475161852847 -0.70863832215734468 0.77956358311359797 -0.36826352228730624
59 484 1 -0.45620625349015048 0.67202216196981879 -0.56152500732879596 -0.15796117954195965 -0.73618198291110881 0.79073166262111616 -0.2589986646481568
58 475 1 -0.53303601134123768 0.62425801085305987 -0.55564710369108405 -0.13202591661834709 -0.6061732271466499 0.91737687535561807 -0.20931883971567486
57 469 1 -0.49205403314488427 0.6741081628466955 -0.54502389890835645 -0.080062243711001929 -0.61555943773711141 0.86935804290673724 -0.35161409208034466
56 460 1 -0.3743804521078149 0.70784407321079279 -0.59824295293876228 -0.030023563396305138 -0.57559260085562403 0.83578622749156573 -0.45622563388090154
55 454 1 -0.31453160356583043 0.69730697139002329 -0.64083566235419387 -0.064517531448763585 -0.45090486055938866 0.89162736879060489 -0.38441349904547772
54 445 1 -0.39278423941473345 0.6654200190506232 -0.61461993546376315 -0.15867915567136523 -0.44778577834988775 0.95482962484630118 -0.14666335174000139
53 439 1 -0.42589542864128382 0.64145430149771721 -0.62033820094803171 -0.14943218996284646 -0.34671771971812709 0.98606118992926006 -0.11195749957249615
52 430 1 -0.46344128270225604 0.67549815359911791 -0.56011728414171236 -0.12326009077224635 -0.29870597947395061 0.92861405615258596 -0.12387961952330372
51 424 1 -0.47482898078116942 0.70869569513900299 -0.51158355906420938 -0.1028110538656128 -0.28001329659172081 0.88463288611102775 -0.13330986035985015
50 415 1 -0.44595776504009776 0.74447699751245511 -0.48617920266065051 -0.10249612127068555 -0.21146243430305453 0.84013103529259969 -0.12412752719901314
49 409 1 -0.45522871067860454 0.7469787885713236 -0.47040695217190959 -0.11621880117583368 -0.15466315058309307 0.82719924046151327 -0.053924147955181356
48 400 1 -0.46217851595628939 0.75297940861435653 -0.44535064176539924 -0.14517518889384276 -0.055205826407592154 0.78840121831589738 0.065203775042480788
47 394 1 -0.47557903761878811 0.74733237985509182 -0.43836228569102059 -0.15217555480909634 0.039783452081489749 0.74333224620773142 0.1378936390493915
46 385 1 -0.44689886190445466 0.75468335352387583 -0.47916186649705261 -0.033739425565954752 0.2348077109550801 0.67457037048253587 0.10338583752809864
45 379 1 -0.50174472343849275 0.7104748821303507 -0.49342560693124049 0.00297401883513208 0.31084470135744174 0.59511378878724908 0.22231400758099204
44 370 1 -0.47817105553820477 0.6829262755388108 -0.55199644200242171 0.016250287407746856 0.43335228349256499 0.45054718306510128 0.25857963987545413
43 364 1 -0.45221185027587107 0.68662602423804164 -0.56916185996515833 0.010194237104120219 0.48053155228705213 0.37251732109998092 0.26769665362054212
42 355 1 -0.40652703396697665 0.70909840311594519 -0.5742782352445297 0.046040567729531627 0.51220000791554321 0.29022768287556833 0.27065860888876914
41 349 1 -0.38009334606311185 0.69658299009601365 -0.60427033092303939 0.071823069786838251 0.54074466295988344 0.20280996869215204 0.25307983414110996
40 340 1 -0.37071748609801375 0.68505002837620554 -0.61659674795425257 0.11438292938707634 0.532521301280383 0.10994230339992563 0.23574533447395682
39 334 1 -0.36365014583701244 0.68382251942352557 -0.61815037053954902 0.13429613830561138 0.52835299588197893 0.06632743640991863 0.20781597111870764
38 325 1 -0.33566988189154323 0.66494455935581565 -0.64466341316812836 0.1719986834148346 0.51412698792581235 -0.020765195348287996 0.16251804131538267
37 319 1 -0.32968717055408142 0.64646680498832176 -0.6611738669210685 0.19035797151912612 0.50274159957903253 -0.071783068152534435 0.12275873963926436
36 310 1 -0.33701775873840212 0.62217851412392144 -0.68332672760330937 0.17993751748995013 0.48643505803099207 -0.10710803106421166 0.053515342679709157
35 304 1 -0.33892412558597468 0.62176940265792535 -0.68542050010969291 0.16950511804534896 0.48492278845082049 -0.094064077673560231 0.0049073304371909689
34 295 1 -0.36196244108812242 0.61712365013931458 -0.68263258838860363 0.14884334365409654 0.47939893958639029 -0.042061859241724418 -0.04855304146752365
33 289 1 -0.36594873588307375 0.62687095894136324 -0.67480890428058182 0.13321886595057164 0.4799069464926779 0.014005511698137071 -0.071309891826710131
32 280 1 -0.37447930223738951 0.62420636759600789 -0.67308402659793687 0.13072702852548546 0.47884607314663807 0.089584457097879988 -0.082030845049643031
31 274 1 -0.38098179903168133 0.62798557516267139 -0.66603404543863265 0.12994474406778378 0.47321204909467213 0.15502187356463804 -0.08345570292250018
30 265 1 -0.40175156145053986 0.66071772541224816 -0.6214535679232982 0.12586990551168667 0.44860304797958345 0.2843969699597132 -0.067809440728470838
29 259 1 -0.43966008265112988 0.67520387167133522 -0.58556639128693833 0.088942367848134918 0.40673731943061231 0.37665632409811911 -0.042084197133509506
28 250 1 -0.46282317378150184 0.69677838974266082 -0.54414210570015364 0.06483790714269938 0.31228424637081059 0.46678434236516614 -0.026863503500620646
27 244 1 -0.45405240299523708 0.72296691269481339 -0.51614506296897245 0.068916851752937214 0.24054144635386082 0.50855153055388336 -0.059701405791428193
26 235 1 -0.46662520963412751 0.7355857501194345 -0.48870107261682288 0.048433248686231792 0.14142948937635905 0.56303421040650015 -0.096949433020731224
25 229 1 -0.49755810810700352 0.73374409919191685 -0.46265886449500143 -0.0015169252512328083 0.032397303546732231 0.60969838796615061 -0.071604293070146652
24 220 1 -0.52842014460602016 0.73130971632995079 -0.42620269883931028 -0.065646851242446361 -0.11663663855846829 0.65303126206169371 -0.038571794215862938
23 214 1 -0.52220567846331445 0.73875330941916661 -0.41637847599048522 -0.090408749215656614 -0.20369644563496406 0.67277386607439293 -0.047342636786489492
22 205 1 -0.51355033691442242 0.74568753664381127 -0.40409146539286717 -0.13010087142603283 -0.32186276916019946 0.6938244666884722 -0.047755598317363673
21 199 1 -0.52304578960591774 0.74142778733836801 -0.40336573327986924 -0.11833859621293198 -0.34586499048725006 0.71256545213744704 -0.072932801205478917
20 190 1 -0.53876645510674726 0.72234237845872029 -0.41405740272578412 -0.12848603963966618 -0.37031455114997541 0.72441812739611566 -0.078087183768502488
19 184 1 -0.54536893386219776 0.71396957342069911 -0.42031100132933158 -0.12711741174602814 -0.37433019754411123 0.71185624965466709 -0.084886415393063422
18 175 1 -0.53244793550171809 0.70818417569069969 -0.44734449428711948 -0.12189041271668583 -0.3572837805034581 0.68004568164209367 -0.091853715492550669
17 169 1 -0.52299228765559147 0.70337831202783607 -0.46675634241717445 -0.11779870132978724 -0.3332099997494064 0.65370335030097249 -0.094687064154532055
16 160 1 -0.51726427650801665 0.69825377215489592 -0.48802455964614933 -0.081922933921331112 -0.2736868896092875 0.61839575746432562 -0.12168721367114838
15 154 1 -0.51052725424382528 0.68975973276455416 -0.50933545482962905 -0.064581949369203806 -0.23259280048522643 0.59942197086041382 -0.11764624369717389
14 145 1 -0.4927811063973252 0.69119855513445128 -0.52442126128095023 -0.066284834422153868 -0.22035453543475716 0.56943611371710789 -0.093196373920828024
13 139 1 -0.47872953655022688 0.6987185116322705 -0.53005455863915163 -0.040652640783150867 -0.20790513822560622 0.53629094800572175 -0.099201680461096092
12 130 1 -0.45204794463003956 0.70641749251106123 -0.54289811492522877 -0.043458242495234209 -0.20109570846837391 0.47937368949967735 -0.065348036708294296
11 124 1 -0.43376020217096589 0.7118545133244969 -0.55030084591464301 -0.047793491793077 -0.19381171575286824 0.44249008642323673 -0.04489692119724234
10 115 1 -0.41250212502106787 0.70148030397815231 -0.58116997757762823 0.002972733799284952 -0.14583313020224598 0.41262826937233082 -0.054659554179822878
9 109 1 -0.39454254207915096 0.70114790539500926 -0.59350269714009296 0.021962370940947374 -0.13079556029622835 0.38447413180909096 -0.051618341079285777
8 100 1 -0.36761937129390498 0.69265589272049666 -0.61949736640590036 0.036150036586419618 -0.10973773748699825 0.34077564874862765 -0.029507156084377349
7 94 1 -0.36153584302783154 0.68749975490121762 -0.62768138450053723 0.051497580218973341 -0.093498259298409478 0.3165626683991985 -0.026768732631307027
6 85 1 -0.34643316685372039 0.69485982581088179 -0.6269588604690306 0.063847244710700718 -0.073092267576360351 0.26911576871096909 -0.013958065520284505
5 79 1 -0.3230379875360686 0.70378221656995166 -0.62919236171221904 0.06673846126135069 -0.060002327372374216 0.22897313616247 0.0046839166748538349
4 70 1 -0.29137996247611625 0.71341257202510089 -0.63291470066373656 0.074560051151271484 -0.041618000003698224 0.17658456749220788 0.026017215453307544
3 64 1 -0.28517904532894489 0.71773647059416112 -0.63017281814708026 0.080059291483720998 -0.036182414556653227 0.15135756430677544 0.023854144106568404
2 55 1 -0.27823448402311357 0.71511192945540292 -0.63604584962509314 0.081524091075313193 -0.028717480381231949 0.11681830541717157 0.0153553347612372
1 49 1 -0.26591613762643068 0.71104713067085124 -0.64625351547324428 0.077826598621961798 -0.025809565883091735 0.091465149237731927 0.013488780072794554
0 40 1 -0.2580917102912092 0.71215523674767844 -0.64782434595950089 0.080914798609164243 -0.015671085467534457 0.048710604224136145 -4.2083392087352098e-05
