19 867 1 -0.26447674273970501 0.72267349323897878 -0.59072449665730276 0.24256884335904341 -0.55141545964547634 0.89383451046539875 0.30272156095457464
18 824 1 -0.23424347492759623 0.66410729336090613 -0.63489376520598872 0.31780718094665333 -0.41982576339974526 0.86855888953047811 0.14513511328871351
17 780 1 0.034879135598801507 0.59694960035032307 -0.66443300509856962 0.44828941798480415 -0.089249658399995588 0.6282036258112681 -0.18003934386264925
15 693 1 0.29833742127356083 0.53470572731641408 -0.66778555412421292 0.42325763070012634 -0.41883770202581361 0.40803113040702949 -0.57605058658485997
14 650 1 0.22377151418540517 0.39168437145386481 -0.75193341508050293 0.48073464809948324 -0.13238766879229846 0.18367907762637117 -0.59146454653363145
13 606 1 0.3433552735227442 0.29306702952083785 -0.6713749349199748 0.5877708474509038 -0.35627058262512001 -0.17536815698891803 -0.53274555838772397
12 563 1 0.37253952495553011 0.34926798485797872 -0.62864821216535927 0.58653866235777863 -0.43700702665480096 0.12086885627322688 -0.41346876763375334
10 476 1 -0.025430935110615727 0.55485961832084629 -0.76828954086791579 0.31814344703169928 -0.59557842844819719 0.92114352150601642 -0.092147321208934943
9 432 1 0.065416631957209592 0.56693244397272824 -0.74475667945500057 0.34589847736242785 -0.24387111610926299 0.99435586944376175 0.00084940035962492754
8 389 1 -0.037229697945840884 0.60197655248329274 -0.65703530032592672 0.45226407548777331 0.15809240360359827 0.76124916440917467 0.21886980036971082
7 345 1 0.14139595388547982 0.44394575818297066 -0.710545578840722 0.52729908819005733 0.56172196520778717 0.23297243797688308 0.32896586609084844
6 302 1 0.20744887527055753 0.34443412841472898 -0.73687712117033111 0.54345395722902956 0.52220134383433492 -0.0020012822184771973 0.069241765537950153
5 258 1 0.063890581829235293 0.44181619197383226 -0.73110116927362612 0.51595302727089443 0.40975894499142074 0.45895653366966799 0.057594241014798042
4 215 1 -0.10445293771352833 0.59604574053504455 -0.66529191275716004 0.43727077402104453 -0.18841364682783221 0.71154988987661416 0.06320230161323323
3 171 1 -0.072882759257831081 0.59926399420739129 -0.69668941818936492 0.38754951068545168 -0.32940321556031349 0.69461493420905218 0.022827696448651579
2 128 1 0.038319603428259144 0.54785784202263044 -0.70336906349529016 0.45128190019672421 -0.17032216622843546 0.52450979365615724 0.039168304111115708
1 84 1 0.17038663890693601 0.46582139061636124 -0.69536371534938501 0.52004627553876048 -0.02430212871152666 0.34040251882825284 0.066917523889579236
0 41 1 0.24618537466810267 0.46426639205371217 -0.65324319513797613 0.54508972336201944 0.036446614139938854 0.14647367713952783 0.059385368326148442
