19 867 1 0.27190933703036613 0.29193209224368238 -0.68054476305043432 0.61457285283240515 -0.02156419225074992 -0.35894590407276628 -0.77931929829257951
18 824 1 -0.031162324251732331 0.55130591962845976 -0.64258603034297745 0.53120041993385325 0.25018597767307615 0.51682615886123928 -0.74947705308795309
17 780 1 0.20477101702226014 0.27327184601101984 -0.66649587832745216 0.662702476936609 0.70033097026223878 -0.24899043383797778 -0.53285874764808561
15 693 1 -0.57100898755120155 0.13094573070990903 0.45817204855816956 -0.66849108121545642 -0.43336796729830263 -0.97374628773512462 0.24895061315625133
14 650 1 0.49412422498586883 0.054379029665250538 -0.48087094922988427 0.72225155008593123 -0.50629132253056175 -0.92518970225924224 -0.16730243396110775
13 606 1 0.40673099192545165 0.18831017124547955 -0.53709483803271674 0.71458961269489929 -0.50503684067406418 -0.57515344699860405 -0.44423083084048692
12 563 1 0.32151714700237305 0.26808089407648444 -0.60641124404477564 0.67603606524406279 -0.5847956552458573 -0.37555877249576453 -0.6073982218721653
11 519 1 -0.051540581893793964 0.49448408958765705 -0.7644794726067502 0.41036592149643741 -0.52973642320945158 0.53278308903191063 -0.71281547095554887
10 476 1 -0.064217925833882888 0.60884235807456333 -0.74769545806491822 0.2571741491769563 -0.97443818208847088 0.77705014257255933 -0.41333926731537368
7 345 1 -0.02276841571672512 0.65796831248719179 -0.71917926991099479 0.22212716344201619 -0.1988368400688833 0.93537674194232912 0.24352578687086612
6 302 1 -0.28585690425310595 0.67947687622768715 -0.65945892590810085 0.14734629280314168 -0.21975925280096723 1.0344080367557764 0.64118063774357581
5 258 1 -0.49822121350051596 0.62152011931414497 -0.49938819588008382 0.34073419775748898 -0.50810646941879933 1.0610850147391058 0.23806336831232497
4 215 1 -0.2201944457779576 0.61842897981589762 -0.68587638861367639 0.31405983906680474 0.033119896786572185 0.79226019977845763 0.037946054039584419
3 171 1 0.055338677415167147 0.43469585989633291 -0.74550881078051956 0.50218896166636662 0.25376728722976577 0.083830094481168946 -0.14467303102203019
2 128 1 0.24677410037131214 0.32701955159662127 -0.70558124463168326 0.57820053915875846 0.081094300530412125 -0.40434536217389461 -0.30487123650826653
1 84 1 0.3840685775322269 0.32748768956336544 -0.58841486099777185 0.63167324804347502 -0.26097429065146349 -0.3499574539409917 -0.20030632370512369
0 41 1 0.31560062400776606 0.37525180799155233 -0.61773815224282558 0.61480232757252928 -0.13598314551252447 -0.11819011191334267 -0.091359254623679387
