19 868 1 0.28706386805199435 0.30931012791821633 -0.6636639275313575 0.61763401114243799 -0.067435669855846314 -0.36997764589749316 -0.76426559574868769
18 823 1 -0.036065201885468419 0.55604589785674552 -0.6389090791218528 0.53038424684874685 0.2496805416178747 0.52379151915438904 -0.74834291881938753
17 781 1 0.19904066947490764 0.28698297438897791 -0.66755203611715197 0.6575696642802803 0.68207810142920589 -0.22262076839386899 -0.54808829427059713
16 736 1 -0.5438576523191857 0.12926794360705193 0.48588709550815695 -0.67187973863491002 0.00046787848453447962 -1.120551131307457 0.21628632260712122
15 694 1 -0.57118879415623758 0.13299745513318867 0.45939257162672881 -0.667093324425166 -0.43211848441850886 -0.9685815450178803 0.24212148421424073
14 649 1 0.49685440058545399 0.069640920153568084 -0.48373989960434832 0.71713426664036117 -0.50447559979219403 -0.90251725476910216 -0.19466733403044023
13 607 1 0.40051481228693137 0.19881818401997703 -0.53956263183041342 0.71339426769073533 -0.49102920671593603 -0.57000825818792011 -0.45756344309964142
12 562 1 0.31686734630674063 0.28513514505405074 -0.60872933000334351 0.66913499138306187 -0.58154987219803467 -0.35629792276539574 -0.62020906503861928
11 520 1 -0.057578268689632756 0.49356319220644218 -0.76777246504125829 0.40448184161734718 -0.51575896391563225 0.55480086813627039 -0.71023066816146596
10 475 1 -0.063342605641434416 0.61539815705919476 -0.74608860672959099 0.24622066019527755 -0.98958859213067019 0.7758607930786966 -0.39572595117519471
9 433 1 0.062127381617956202 0.62487146274051353 -0.75370354887118085 0.19392473778457342 -1.0277823342854724 1.0317778101095056 -0.22994301192108205
8 388 1 0.040758436371768292 0.66090201268935245 -0.70341459726541089 0.2583702456584962 -0.73402771179582116 0.8732094233874671 -0.21011402996233741
7 346 1 -0.027332782899646739 0.66169088580542257 -0.71690137164034728 0.21787729106353604 -0.1955537332290771 0.94137720058934626 0.24338745972371581
6 301 1 -0.30085375137962633 0.68173051966942078 -0.6522516478160848 0.1389183456324958 -0.24739637894716845 1.0192657359384913 0.65432686155293773
5 259 1 -0.49618586204594112 0.62182476649750862 -0.49874703818174643 0.34407112924652788 -0.51153413059271091 1.0641746778932284 0.25350107015671208
4 214 1 -0.21631519565331295 0.61848012023375265 -0.68769952567320658 0.3126650594389444 0.034908741876381683 0.7873343966384464 0.03265015818754808
3 172 1 0.046376967144924036 0.44466466782702635 -0.74618424728727417 0.49328650823334208 0.24565508409061793 0.1169442050374264 -0.14128526829892016
2 127 1 0.24782345632414424 0.33644952687002766 -0.70596494518722164 0.57183804222112811 0.07121259699580193 -0.38686916632148849 -0.31832074142603145
1 85 1 0.38441439738129662 0.33232357393246492 -0.59124368421680218 0.62627271948287078 -0.26117558217052034 -0.34310184300707341 -0.21222688876420603
0 40 1 0.30716255712288337 0.37792998360552721 -0.62364987369361402 0.6114580329307947 -0.12993556127936323 -0.098514283537175854 -0.10308339005247795
