12 1594 1 0.50414667730009677 0.3480337932995341 -0.54277852784040093 0.57454336320613486 0.00060023971214295661 -0.66278829790798843 -0.16141144274267077
11 1466 1 0.49468021869939005 0.32619719465625513 -0.53386653766580872 0.6032191901677485 -0.020678290377232886 -0.6835472185812369 -0.11415981360345433
10 1338 1 0.58114202051501551 0.45218902493171081 -0.46882174280566652 0.48785777763164923 0.28143049800558773 -0.47088859778481557 -0.076963968335729507
9 1210 1 0.5182494018820677 0.32903610006847306 -0.53122199226656908 0.58391437491548903 -0.062869308499384546 -0.4857300221829346 -0.074977594100471848
8 1082 1 0.51192545972982517 0.29532985355569247 -0.57484861913938701 0.56591666025371612 0.036045907599121324 -0.37158049689999867 -0.14622351936951472
7 954 1 0.45213929712109902 0.52461062330197461 -0.57224144182676384 0.43919640500985302 0.29087733362771967 -0.14661701862305115 -0.1085841086860397
6 826 1 0.21227874184754972 0.61464928170574906 -0.63364446901541238 0.41909269039724867 0.29989407166848447 -0.30421143787620031 -0.26874543539080853
5 698 1 0.4666244121830404 0.37386175140321209 -0.56704695988412346 0.5665216624973205 -0.057894863646772113 -0.30342090297408703 0.0066879920320422259
4 570 1 0.53433361425703119 0.41957651126042106 -0.47763203183158359 0.55705545688197355 0.11186845036228611 0.0076348453360797052 0.046045511133082299
3 442 1 0.14094891286764885 0.65776993160905506 -0.50296269276998984 0.54267914158737285 0.19839936253239199 0.39277211355159808 0.27020196204734565
2 314 1 0.20794021381845879 0.5965631465154777 -0.60253499930020238 0.48767289684274245 0.26481149940406262 0.3996184896096534 0.26080217101654302
1 186 1 0.23422226182906886 0.55532876852318658 -0.6155812391845622 0.50774957299656676 0.10777151005101381 0.17009770631306995 0.11842104100391376
0 58 1 0.37967055558469365 0.41124754993602702 -0.5879394429370457 0.58399737442260946 0.0026917977430039662 0.069091656910043459 0.017351111948417264
