19 883 1 0.28445387617785683 0.34950086834927208 -0.63843696831033692 0.62396584269109112 -0.38140206281108668 -0.37017887036888136 -0.62659530820997111
18 838 1 0.020207831619307417 0.43887930641650214 -0.68379228981528695 0.58258450230827674 0.35935755970037847 0.29715445276390523 -0.7640344256850603
17 796 1 0.066699569761451624 0.40637311540124549 -0.70901789254751679 0.57245583805233513 0.49575299820071017 0.095838435223650223 -0.57786153388696015
16 751 1 0.36386658784938924 0.026443757073065503 -0.60328987688973779 0.70918485488698113 0.60823822889287027 -0.88502073143433624 -0.14879768493693066
15 709 1 -0.64441186882262391 0.20595005396753016 0.37421947981508935 -0.63425365550245649 -0.53212702263509382 -0.95247671138875833 0.4671615587390664
14 664 1 -0.51877429658187557 0.065006786136895145 0.50780992478900988 -0.68467249634253047 -0.50335372853652638 -0.94928670483172595 -0.011974598667032148
13 622 1 0.36570696515104462 0.082503076156905025 -0.4883658357928552 0.78800410436431523 -0.42610559445507051 -0.67195969325963112 -0.40115875428442105
12 577 1 0.34117042637519096 0.20133742172590674 -0.57888229861340024 0.71271401496799613 -0.51598136501365643 -0.53084023508426825 -0.54478492889295027
11 535 1 0.088735306746022785 0.47004689649415449 -0.70561252787562612 0.52277425427986746 -0.55879222079145707 0.10979179771080634 -0.83147592390904046
10 490 1 -0.1262282977777483 0.59615371425743491 -0.72888509387093603 0.31207961444149734 -0.81593074288195411 0.74975660892800366 -0.42628851794518907
9 448 1 0.028271321800508845 0.63993969510469184 -0.73712456471636123 0.21523311800157832 -1.0308723360723135 0.86209565241672914 -0.2933063911870748
8 403 1 0.053956727529929617 0.66473584691044774 -0.72337269487360889 0.17873687279854603 -0.88940760556175646 0.94656903324751596 -0.09696440627892644
7 361 1 0.0081826168420384721 0.67332377078035033 -0.70698747554936026 0.21618708078904553 -0.4519427853826487 0.90642667765265517 0.073994062535741367
6 316 1 -0.12941193108408486 0.66679646069309428 -0.70610423106846132 0.2001295754441807 -0.022313115946455006 1.0638761069146474 0.39583815635847042
5 274 1 -0.48069185019680694 0.62367236924255054 -0.56551683117439666 0.24527297987390179 -0.52153728961259549 1.0733945485736256 0.50607073591888208
4 229 1 -0.36708768545258824 0.67866257804343355 -0.59978589929126691 0.21194483094397065 -0.24804069657488542 0.879617699765885 0.30793038079772267
3 187 1 -0.073838268007772406 0.51381735400187123 -0.74087934795343813 0.42618942816571181 0.15612104340198849 0.31555634132507659 -0.089182712181934368
2 142 1 0.22523756505408601 0.34800643918241803 -0.70700959000067876 0.57297207368523007 0.21816032285988254 -0.36312577215546665 -0.20512634421310208
1 100 1 0.35918305251305099 0.33344067939778127 -0.62262261264514773 0.61003764665230575 -0.26990459040183068 -0.43498903319032312 -0.25797664097137973
0 55 1 0.34804103367056427 0.41018198147105112 -0.60685083290685593 0.58510703940241793 -0.20743043804255309 -0.090454132642412699 -0.083159519099638077
