18 853 1 -0.36396070913996698 0.62702827015438989 -0.64790256171489535 0.23364593117108262 0.34216856019196945 -0.097547086773280195 -0.7122778999222642
17 811 1 -0.46140027121976673 0.75099037936541657 -0.47214415627336626 0.01425256172849587 0.37000971186380804 0.46907760058926906 -0.61094762225996091
16 766 1 -0.22537249683029295 0.62309508480314479 -0.6323640714443044 0.40134204129772427 0.88787146004307893 -0.42662661475663899 -0.31086124026736334
15 724 1 0.18855276088949866 0.24356937908720355 -0.74527260339290902 0.59134639642427633 -0.3540056595545118 -1.0082323872551511 0.43582791908818824
14 679 1 0.053755393485135639 0.37766166389026962 -0.70643909962899332 0.59617600070303778 -0.34213324923842658 -0.92074050188512424 0.17941865849365426
13 637 1 0.092253052222254273 0.56831679208752028 -0.65700556893688977 0.48667142978907457 -0.502332549811631 -0.74895211627719804 -0.1786099633594784
12 592 1 -0.088287627116109088 0.64585392392105889 -0.63875457049887796 0.40874270944051344 -0.39519994900116623 -0.55552674812841663 -0.44025093121502079
11 550 1 -0.32207821201411779 0.69354480535377883 -0.60954087240331523 0.20909603817954933 -0.41046603651701802 -0.079218896498656752 -0.763026606783199
10 505 1 -0.55319209150562743 0.65653256354452183 -0.50327086487225747 -0.098295165049040387 -0.67018881831753263 0.64050849105299978 -0.48754330524168632
9 463 1 -0.52192695382401599 0.61837310132695666 -0.52263036329296919 -0.26844825533335842 -0.97032179961128928 0.79025623788185573 -0.25619272568918411
8 418 1 -0.44705570451694748 0.58608008015316093 -0.58589846391682932 -0.33671104330927448 -0.90480573661213715 0.99839747533116974 -0.011637014412654016
7 376 1 -0.49618039607049613 0.65676993270740369 -0.51590890174270332 -0.2372683610376142 -0.46345362875313478 0.92378497504371271 -0.050155822336142665
6 331 1 -0.54904237754819007 0.59286761069304883 -0.48750165954763119 -0.33076063215813895 0.013275853701741386 0.90744009568266726 0.45821692002465242
5 289 1 -0.71900486094367422 0.56444034468084836 -0.17834851521303333 -0.36418527476717039 -0.36102842466770441 0.90713710867277408 0.85054316007886843
4 244 1 -0.71307427378954791 0.63714799510631936 -0.00021540872945027283 -0.29251917200516275 -0.56750647802569409 0.82711927869599622 0.46430737922296289
3 202 1 -0.59770450672073383 0.66754923761609719 -0.41321424325963629 -0.16242329627014082 0.1260082508003452 0.64166918125171324 0.037348250663356869
2 157 1 -0.37612502414327709 0.64482341922549469 -0.6502094327223884 0.14128134282484459 0.31810939501875479 -0.16607189195060831 -0.1406891544298868
1 115 1 -0.23232512903247837 0.65961716234006063 -0.68667815165734747 0.19850276976137496 -0.039976505265072598 -0.40524526246993603 -0.28916307338719915
0 70 1 -0.16237810088517493 0.69145681813600723 -0.6746758746863426 0.20083148439020063 -0.19302368602477993 -0.071151310669921558 -0.16736239327378355
