18 853 1 0.52364802616460404 0.40329041463410736 -0.60771193108710386 0.44026786729506751 -0.59401644590147695 -0.31979828319888975 -0.26593864443307652
17 811 1 0.38381309055002694 0.48288849024389568 -0.61120884348959059 0.49591326575574185 -0.67534329330292453 0.04109523116892648 -0.25522716873584711
16 766 1 0.1525901661925162 0.67813630564639438 -0.6838265858332 0.22187517358485426 -0.2577538667485354 0.74777051683030393 0.10451192657644581
15 724 1 0.01156353313128392 0.78248584725763903 -0.5952419849735342 0.1823983631170617 -0.074517928131501474 1.2860710717311925 0.505462786292039
14 679 1 0.21256611850093227 0.6794952842972658 -0.68409482675578914 0.15848050949310041 -0.29429382620672728 1.4240802343214898 0.23578230826911642
13 637 1 0.037427643848728417 0.67916330641203126 -0.71407674272107347 0.16562240248309473 -0.90233498478467933 1.0299913534858705 0.56774938999767477
12 592 1 0.23401368882913709 0.58109960061431065 -0.65693625020953605 0.41951830802374079 -0.8035418123953908 0.41687699823224261 -0.13209322687468453
11 550 1 0.33577448012042022 0.36357722878045029 -0.73454158739425646 0.46423674305306312 -0.54510931192285972 0.072690408219657929 -0.34862788331302452
10 505 1 0.39216955430974032 0.31560780945539141 -0.64164599261295097 0.5786926398763077 -0.41488433030640276 -0.21590215316159209 -0.36328835709188334
9 463 1 0.44064514130063814 0.36019397674581977 -0.54723983153043054 0.61369432566279991 0.40418138958372729 -0.41956901017395687 -0.23895722679489345
8 418 1 0.3790889797738955 0.20202016696779673 -0.58781445595956427 0.68553159148010989 0.46495559585935131 -0.74065959265252013 0.12513904180332763
7 376 1 0.47100076015790676 0.25627480228365335 -0.53336362849012642 0.6542207192140852 0.050480032532781084 -0.75095103617307812 -0.14039593203340836
6 331 1 0.4268261059250843 0.35261582532945507 -0.57607012583673201 0.60135244669537014 0.013269811241370446 -0.13393242061992042 -0.067622292312479723
5 289 1 0.33081204827731608 0.28530237128060615 -0.6479041589115152 0.62400813017250978 0.25996856954735831 -0.020792302130073055 0.10197696850959355
4 244 1 0.1437870920235412 0.40271918361481523 -0.71155710297705743 0.55752042161604076 0.57325352479980851 0.67908577104881307 -0.0068176227281393845
3 202 1 -0.0058095150209485089 0.58329242906845569 -0.6849305444704985 0.43658486114155243 0.21427751700811296 1.3407356144117237 0.32271083548401786
2 157 1 -0.073353296834850465 0.62821857227786138 -0.70229066871827062 0.32672394451565423 -0.13771292888249761 1.2645162788420676 0.51106202278054991
1 115 1 0.039724319993140654 0.58168698444834477 -0.70989231831034161 0.39511406824921136 -0.079572640246429419 0.98202877431482316 0.32387877704785228
0 70 1 0.16837455589164044 0.49765074817680593 -0.68608100417147555 0.503275866183168 0.049021872591900259 0.54789256980107959 0.092228308349393787
