18 853 1 0.17767855849378147 0.29203230731443042 -0.73143235553686847 0.59004590551072378 0.28553137653245608 -0.13781576493373468 -0.79003739505811932
17 811 1 -0.0095480121289098514 0.53768698333615617 -0.66856096865730053 0.5136416791920827 0.33004930792751563 0.42261810292246477 -0.68933430933528783
16 766 1 0.26893898849880399 0.18241667631398895 -0.62154442286176126 0.71279625916333056 0.82159003630190497 -0.51518652419209898 -0.34401379745875632
15 724 1 -0.64341340112943002 0.23053320310910161 0.42142631978171463 -0.59604823169484933 -0.44953080041692001 -1.0016356890886993 0.41910099564010678
14 679 1 -0.51817557694374239 0.13764764407678348 0.48660190935257031 -0.68975776860689553 -0.44305641155620318 -0.94336455773379913 0.15134809409560221
13 637 1 0.51531835541838023 0.090227314116453822 -0.43070484520183605 0.7353906177507904 -0.64647730354669763 -0.69199214217862448 -0.21256585925603988
12 592 1 0.37086071642751678 0.18754315960973986 -0.53274361858630814 0.73720697850063177 -0.4891610308844202 -0.62546163685223732 -0.46335383216957282
11 550 1 0.1830959562896799 0.36059144391468262 -0.67323812752111023 0.61903158644592726 -0.49006014636961714 -0.13514601172159318 -0.82630042747344634
10 505 1 -0.059119294113109573 0.54228316589683201 -0.75211502485277493 0.36980652568496769 -0.73712068187240065 0.62185999767034938 -0.58489517375555711
9 463 1 -0.021091959870903749 0.63074808795272153 -0.7450452687222926 0.2159155536947657 -1.0744595431753903 0.79293209891805483 -0.32284041433403637
8 418 1 0.073668026237656906 0.65265211702870063 -0.74022670830275916 0.14381465976549435 -1.0125504858129686 1.0164241823929396 -0.050374169646803531
7 376 1 -0.0034436506749061157 0.64232534589613066 -0.71875765072301001 0.26607091313517306 -0.55234116406326317 0.90524767214554858 -0.12825907593596078
6 331 1 -0.06269637117998994 0.65628979375498508 -0.73593814735374286 0.15410358504408911 -0.05114323501197101 0.90831626478842964 0.40307636998313562
5 289 1 -0.39721840876106745 0.66151218575676551 -0.62609019838235613 0.11238428416008317 -0.38421729115409897 0.93311335236106385 0.77786333890758641
4 244 1 -0.5149959690800161 0.66826327095160187 -0.49271633563280925 0.21315244574946299 -0.56925595765546333 0.85226561460585115 0.38331525413141926
3 202 1 -0.14876605032855819 0.5981463695342758 -0.7156126669130517 0.32861541935246502 0.088590138485689432 0.62142135458839587 -0.04508020107282204
2 157 1 0.17078498897460048 0.3691620135678304 -0.73952441490374299 0.53633528230088245 0.25847941306555217 -0.21015531087194425 -0.19872530898169244
1 115 1 0.30091652867468094 0.34012346580550268 -0.66764393502999086 0.58992952697462309 -0.12154531600030179 -0.4605614546433463 -0.32837485446416709
0 70 1 0.34265430238344718 0.36072635026155753 -0.61246024046833036 0.61429388986914435 -0.27509619326067752 -0.12234884567833353 -0.19260173575933948
