19 896 1 0.26178052989991019 0.37884577399400449 -0.70282286405204442 0.54220554724005487 -0.58956924223048568 -0.27866258892573603 -0.5710746135981779
18 852 1 0.14546571418805188 0.31140272215809767 -0.71907479690409737 0.60398634677086693 0.32466250094634597 -0.098152086490070331 -0.77245342260090555
17 809 1 -0.020399815581333906 0.53520388983447087 -0.67019992405957907 0.51378274165335058 0.34212337317990532 0.40983027549116402 -0.65932955419988859
16 765 1 0.26287478582474327 0.17747131005627867 -0.62241661123916103 0.71554059503152079 0.87558511895685109 -0.34433793584159234 -0.40264606551768622
15 722 1 -0.63692520715009893 0.23711748806104807 0.42830345858801616 -0.59553146408394386 -0.49459104301210066 -0.97608499874866217 0.40476911878361582
14 678 1 -0.51291789099622043 0.13516919466152255 0.48324752430466944 -0.69650294770657839 -0.43254784118238404 -0.9367919926566235 0.14542962604975573
13 635 1 0.49520529798230289 0.060879535358653959 -0.41513219649847721 0.76074348794789071 -0.56407772057110783 -0.78151809349481294 -0.1846828642281233
12 591 1 0.37760610489504765 0.18544742278871512 -0.53198018685911819 0.73486050629786293 -0.50731605405357427 -0.60215108288311991 -0.45184778492468364
11 548 1 0.1483996386525675 0.3667905338534691 -0.68184099878507698 0.61525206533504873 -0.46076731960611472 -0.1056545866169908 -0.85326174597326832
10 504 1 -0.069166122692897888 0.55008827323559462 -0.74653520806829954 0.36783708654067693 -0.76153173070807922 0.6223307992284971 -0.58258063688576789
9 461 1 -0.018332527244348331 0.62898131713113892 -0.74733807614971093 0.21338280409082139 -1.0678094130492315 0.80509062353458605 -0.32001495553621495
8 417 1 0.073529092718128297 0.65624200750260409 -0.73569274946072527 0.15065217722927071 -1.0163504513379291 0.98684223689901507 -0.056605907292586966
7 374 1 -0.0063443465847506609 0.64451832141672116 -0.7185718270941569 0.26117123105569984 -0.53919414751535677 0.90650142988723914 -0.089241464690196615
6 330 1 -0.066290369343998665 0.66131331779096403 -0.7284064585555351 0.1664160862991535 -0.047566088046001043 0.92798690877834544 0.39161889024247393
5 287 1 -0.41551676164573659 0.65163095212668165 -0.62381833493381877 0.11650582827615327 -0.3898707902254453 0.9404742618477705 0.77425770145736272
4 243 1 -0.5261617807452218 0.66298856697107711 -0.49176339022715698 0.20437394300875947 -0.56823636028203894 0.8431696624484829 0.39993728288666236
3 200 1 -0.14206098881457074 0.58971031767389248 -0.71917394156684689 0.33889416999586874 0.094670779301019511 0.58490331034435694 -0.056651684850326636
2 156 1 0.17105223405058981 0.36280562800360106 -0.73856506779408249 0.54188084497381628 0.26380692289573632 -0.22437470227754799 -0.1936158093433889
1 113 1 0.30327691140372876 0.34933537653006541 -0.65498668458687936 0.59747832824956926 -0.14631385418715515 -0.47623881021715914 -0.32014386631273589
0 69 1 0.33952424784511365 0.366830346940067 -0.61270021955564513 0.61217417672220087 -0.27694550434269571 -0.1056739154903048 -0.18205876830803155
