19 881 1 0.27590732727476053 0.34331627702367984 -0.62193814987052232 0.64745812097951927 -0.3110738178862606 -0.39686663425121382 -0.62707216405484723
18 839 1 0.016836950591088255 0.43323747394895201 -0.67844268863267032 0.59307446960900123 0.37927210946703627 0.26065744768574961 -0.74815678216814552
17 794 1 0.088430797759085883 0.38108080844373815 -0.70720971339078409 0.58890732100160192 0.52874907996093179 0.033569944466131131 -0.57088795198095132
16 752 1 0.34618994065308473 0.037087693696845697 -0.61746461978556977 0.70534705732704694 0.62684009632296778 -0.84808409185394307 -0.16910497095622701
15 707 1 -0.64028302566232598 0.18301941908303787 0.38751216318518383 -0.6374761663550601 -0.51471809640156574 -0.95378962825655966 0.42018656827686035
14 665 1 -0.51481939543996647 0.065978872883306672 0.50366480184291862 -0.69060085852568243 -0.47602734888532122 -0.94099926281381252 -0.0034860001423981496
13 620 1 0.34321763192293081 0.098214172457327331 -0.49807847722064552 0.79023633426671847 -0.3787688750395064 -0.68178539667749916 -0.42127171565680843
12 578 1 0.33800654659805413 0.20861669418745343 -0.57147321926770445 0.71808704836040771 -0.47807218812617791 -0.53961209805993104 -0.53459186378447499
11 533 1 0.052775738833189291 0.48208436849186193 -0.70578420318338486 0.51640879309245713 -0.50421712513218464 0.16886554619850638 -0.8350915033933014
10 491 1 -0.14489901710627603 0.59512534091418146 -0.72382591077857628 0.31765729069073639 -0.88616462535111473 0.71420661079815984 -0.48230828326813835
9 446 1 0.019828160038414838 0.64294233510515408 -0.73247792588453475 0.22295310244738184 -1.1436297197185146 0.86375073004891101 -0.33265457464758719
8 404 1 0.045080694900833718 0.66722377891411133 -0.72282086729561945 0.17409811486871271 -0.98464313469982978 0.93955659247429091 -0.088318297325465131
7 359 1 0.001285750867166754 0.67598543673261535 -0.70531265257947351 0.21348559267882672 -0.40509993781696663 0.90125928481268791 0.094048295591031408
6 317 1 -0.13429905411899565 0.66947800191258533 -0.70097994173788292 0.20588853853245387 -0.01002734177620216 1.0397639748395191 0.37285431102529748
5 272 1 -0.49049203174220601 0.62098495520051955 -0.54867794169032846 0.26971794251490988 -0.48625138219887676 1.032268882388524 0.45170788802227752
4 230 1 -0.39025475887016564 0.68043039375177772 -0.58464720031265427 0.20713124729157764 -0.2630219357548208 0.86874979165406663 0.31968952565121306
3 185 1 -0.074506021751873597 0.50420639943925494 -0.73850448214549125 0.44140218547061083 0.17739643278655415 0.27703723547540932 -0.095111105837989068
2 143 1 0.22188244376045418 0.35848001400066964 -0.70253964646703049 0.57332216585001183 0.22390532955322071 -0.36302630598484992 -0.21428695920683341
1 98 1 0.3590604549327468 0.34068974790514395 -0.61600268276842385 0.61281871723856696 -0.25967379257562551 -0.42112574171470751 -0.25559338647356528
0 56 1 0.33758849068102476 0.4183742894324618 -0.60213276678183614 0.59028221730731611 -0.19893644166388449 -0.10029736703802865 -0.10188201074110906
