19 883 1 0.28486330886609701 0.35609522450579095 -0.62900814850867282 0.62960133057016376 -0.35786487633107422 -0.35702580574518827 -0.62675450587887394
18 838 1 0.017582680245058498 0.43752980613413078 -0.67524851966389787 0.59354692720234403 0.37133429059066952 0.29581696480416703 -0.7561618166937949
17 796 1 0.066019157596767686 0.4062252916873928 -0.70048398311709803 0.58304774471745546 0.49929049140416937 0.098499968146683478 -0.57897559853099223
16 751 1 0.36259942579757221 0.034501802539278488 -0.59892276039765335 0.7131779645435401 0.61919508450086425 -0.85501724403030788 -0.16873986794259738
15 709 1 -0.64652383224809018 0.19551768101149603 0.37166778059943034 -0.63690095902850075 -0.5047304501229507 -0.94890708397964751 0.43025708826379888
14 664 1 -0.51695633146070674 0.06117090204670441 0.50292236522123712 -0.68998794675396835 -0.45829921920738725 -0.94168999248574237 -0.036625363931934184
13 622 1 0.36770832631134287 0.090426974819791076 -0.47711717685893063 0.79307802171817621 -0.39494793050262594 -0.67228765970977211 -0.40303066892845391
12 577 1 0.34014465108082664 0.20859731542020049 -0.56771592317968023 0.72006069668385009 -0.48044287478647862 -0.5311778564890397 -0.55065523522296278
11 535 1 0.084171098261644567 0.47681920187032073 -0.69934440724376656 0.52580992288282646 -0.53741867215683281 0.13717040144246179 -0.82450332987302144
10 490 1 -0.13145245881843506 0.59730805396535003 -0.72398760984669752 0.31903805498275667 -0.82843995408706694 0.73286186843677159 -0.46081646626665501
9 448 1 0.02154322786420412 0.64114028789773392 -0.73346820953820624 0.22472072927173362 -1.0588400947098278 0.85236809340749342 -0.34138162613946382
8 403 1 0.050453880322423962 0.66796237641405443 -0.71817932810115537 0.18841210774223829 -0.90956247504949161 0.93833291167927968 -0.12956270646652274
7 361 1 0.0053539742680595625 0.67615912776667519 -0.70117818978447677 0.22611792292498717 -0.44519282996566006 0.89543345629238669 0.051942921767957194
6 316 1 -0.13413206527809163 0.66807422311038345 -0.70016737273942731 0.21319256936126854 -0.01817412557703699 1.0479483036433561 0.36383520244210593
5 274 1 -0.48309535048449587 0.61973522435801487 -0.56098493810384087 0.26046695231989236 -0.49669196346636896 1.0519398512804059 0.47787592912382659
4 229 1 -0.37225775612726764 0.67529247776893997 -0.59614618768652938 0.22363800074807191 -0.24049754458821179 0.87668234593685002 0.29108834883242291
3 187 1 -0.075853024027441818 0.51428908686965902 -0.73423693070776974 0.43663392385097433 0.16293440245728341 0.32576501738907776 -0.10595994231135052
2 142 1 0.22594314288606154 0.35157276578932978 -0.69801004539738043 0.58148797327404544 0.22355554748205514 -0.34877172568500064 -0.22636623819370849
1 100 1 0.35903932418371515 0.33746483327403565 -0.61302580076275304 0.61758207356772743 -0.24830034452916167 -0.42725827009898648 -0.2798977580605736
0 55 1 0.34736443676228657 0.41365429483235039 -0.59651324521620908 0.59363290063910468 -0.19098078810483543 -0.09651347891466272 -0.11310121222116352
