19 883 1 -0.22610972347120076 0.68117293195031126 -0.66435874737510003 0.20857920441928468 -0.58475129744584364 1.0267413911786518 0.32533492053002067
18 838 1 -0.30713465374190141 0.68273107593210491 -0.61228812491033757 0.2542633172937373 -0.48396705426072228 0.8808437798244213 0.25157367940232589
17 796 1 -0.078534863711529249 0.62286749873602054 -0.66991344062576885 0.39633866360612535 -0.16752393516279568 0.70418555374898473 -0.039207370993278201
16 751 1 0.15932472470552103 0.5682233580997591 -0.69362730876615342 0.41306053302290496 -0.25149741105353224 0.64386466690650368 -0.39595099431319197
15 709 1 0.34529238427339892 0.4717576790912818 -0.69532471332449441 0.41802081840670147 -0.51267018346553173 0.46526765964323319 -0.56709817766025949
14 664 1 0.1823937392051771 0.43019896453007195 -0.78062910421604748 0.41506574957090714 -0.13200742863836074 0.39806218015356243 -0.50777451669730422
13 622 1 0.30059115501531103 0.33061516529581664 -0.69461464926831451 0.56378103819198966 -0.28136256250763275 -0.21216510788396223 -0.56979763004137929
12 577 1 0.37786424571682697 0.33369476978123863 -0.64524565726546834 0.57404220594791922 -0.44427297260126786 0.043839256935649031 -0.42632275312272061
11 535 1 0.31127582934261971 0.41848438202607408 -0.71582373624098727 0.46430007398374656 -0.4969374196068444 0.48834125893597169 -0.39196288213796654
9 448 1 0.13311530386295903 0.59409051070210606 -0.71678846377918659 0.33992804998154635 -0.42114222122592898 0.98727181597298708 -0.080541584117414716
8 403 1 -0.044672985331239874 0.64457707529665487 -0.65195485864466696 0.39683696989219364 -0.080098515456240318 0.85101834501087492 0.14964409870555989
7 361 1 0.06049131618128651 0.5022880463739996 -0.71758583845270674 0.47866280781837706 0.51158298615790909 0.41531226540533489 0.37722601372126063
6 316 1 0.20024398465975005 0.34025135480013124 -0.72607392140560734 0.56298136986843972 0.53809835840909759 -0.0055970129160602365 0.1938604688377368
5 274 1 0.16340182553324048 0.37369032077403125 -0.75467205281544292 0.51393139646409192 0.51417294728015395 0.22259956982835946 0.016477753432341716
4 229 1 -0.059759934507681856 0.53987457906189573 -0.68288956980414561 0.48849362796569556 0.03244709886019382 0.66465097157998343 0.039326721581198855
3 187 1 -0.13124694530313102 0.61089388767660335 -0.67856697566690327 0.38617322134274767 -0.37068131439107477 0.75017007968685268 0.035919310015780428
2 142 1 -0.0089674702304034931 0.54408512271478648 -0.72361653177044905 0.42458224016862645 -0.19285822485036774 0.59979408473025853 0.016846018053625018
1 100 1 0.1415278378745233 0.48268145152981784 -0.71154282200560792 0.49060707282705029 -0.065832545381467406 0.4082038983851573 0.065454361905583625
0 55 1 0.21869882787599776 0.46971236575040359 -0.66361723243922477 0.53958621642563087 0.021505127314181315 0.20013720216786082 0.094136336042026467
