19 881 1 0.28205666992316442 0.33779315077555599 -0.62341178259484176 0.64629526654842495 -0.31236570749123888 -0.39230088737998836 -0.63409948851628606
18 839 1 0.023515304355382356 0.43153429293931261 -0.68257393852910286 0.58933691800133303 0.36834674056083994 0.27259931169968854 -0.75797024214935071
17 794 1 0.093194747085177734 0.38089539376549059 -0.71119514980184184 0.58346799142909067 0.51775840578761823 0.053781711876762651 -0.58063450185515986
16 752 1 0.34990462054088606 0.03125841490913888 -0.61879204787939979 0.70262797375476393 0.6238807177688882 -0.84273626770955889 -0.18249672998283131
15 707 1 -0.64146066940058677 0.18986635320690523 0.38692745233929687 -0.63463857758434683 -0.51544196081804072 -0.95272154442784152 0.40463730325634167
14 665 1 -0.51614000746172395 0.075686487939848071 0.5048339766714186 -0.68775991758669996 -0.46710801474616859 -0.9400911309682537 -0.020168503375819408
13 620 1 0.34592278051737657 0.090487463485653591 -0.50093024642389361 0.7881740525345633 -0.3715298524925511 -0.68019239156454336 -0.43253533220381957
12 578 1 0.34195927526941133 0.20117706617042866 -0.57421651573526222 0.71614735575936705 -0.47179749254882536 -0.53441039376481625 -0.54604673616966337
11 533 1 0.061123253206057132 0.47970380178588073 -0.7086689550107782 0.51374752814355462 -0.51058424958739002 0.17750240907872672 -0.8364514879732533
10 491 1 -0.13446577820261635 0.59524621212229201 -0.72648697379816018 0.31593920039782869 -0.82368303857933134 0.73020167263569113 -0.44906427113403735
9 446 1 0.02716950207305871 0.64206847305973858 -0.73376942070320539 0.22043668320114093 -1.0553094001167969 0.87705152087553895 -0.30759693698689677
8 404 1 0.053473194866272514 0.66683065248517126 -0.72320803622795526 0.17160313130097277 -0.91536974908064306 0.94407779109321366 -0.078424589496648295
7 359 1 0.0080027979057570309 0.67403660208601213 -0.70609015375947681 0.216903916603507 -0.40017414088321057 0.90169503766339165 0.08987189406612385
6 317 1 -0.12541945358836543 0.66788409179955477 -0.70434685056568269 0.20517386451710606 -0.021924174154327625 1.044756467673523 0.36618104402210405
5 272 1 -0.48486218459254499 0.62099043571946377 -0.55440745940802261 0.26816396038587537 -0.49435934990450453 1.0415309707990057 0.44655606773603762
4 230 1 -0.38344514856679907 0.68008207581282265 -0.58936334047756922 0.20762716850120638 -0.2699379718080242 0.87455229003920154 0.31478420209976604
3 185 1 -0.06850680578860166 0.49983109282236426 -0.74265788829334178 0.44038046864537261 0.17830000651358149 0.28949162347182894 -0.10313011186910744
2 143 1 0.22591402543152148 0.35040128392041264 -0.70580420706852898 0.57273223641123738 0.23080350600316515 -0.35252689469648646 -0.22783059254280238
1 98 1 0.36397809460461289 0.33442879189441743 -0.61807292819019077 0.61127995651619349 -0.25892462349626078 -0.41286454072166845 -0.26735715951836098
0 56 1 0.34180582560944672 0.41288124186406377 -0.60527635843374361 0.58850521460512084 -0.19929824599589541 -0.089612586158641344 -0.11437176632280205
