18 852 1 0.16280910166539592 0.31063589735347547 -0.71299753320919823 0.60715159007278108 0.29826376523475978 -0.12915467291268362 -0.76324234298703053
17 809 1 -0.0063450266009554852 0.52842911872724452 -0.66629734992122758 0.52608958230184544 0.35655474281404353 0.3695024675591545 -0.66042063595775125
16 765 1 0.26242999777350096 0.17706260779816782 -0.623050649029533 0.71525325440167709 0.83203172841441253 -0.51411120995225279 -0.33860261797986391
15 722 1 -0.63760076885940775 0.23615754745664738 0.42718879527322084 -0.59599044079764218 -0.49576752294341792 -0.98560983723476037 0.3928782924598776
14 678 1 -0.5154930885379081 0.13333249032362293 0.48395579173923492 -0.69446102434607504 -0.42874767844374234 -0.93894958580533472 0.1417312751868644
13 635 1 0.49988394403345104 0.063227487167568555 -0.41570941449304172 0.75716841591939699 -0.56457365090186229 -0.7767531523866088 -0.1875383889253576
12 593 1 0.3732017728604714 0.20092910108889006 -0.52912418283257323 0.7351023957321684 -0.50245823901789732 -0.61225891653980158 -0.45115546118606031
11 548 1 0.14843537305523763 0.36818654805026674 -0.68015703104924319 0.61627268232095112 -0.44926481812564989 -0.10499569057310748 -0.85862959888120582
10 504 1 -0.068341558069339683 0.55267541577061141 -0.74395096169609198 0.36934574971819667 -0.75708991039914086 0.62415477848423084 -0.58695919747624103
9 461 1 -0.017994855203924045 0.63243702400789259 -0.74438975327221024 0.21350290647569264 -1.0674110098282317 0.80647944747336531 -0.32215708834347218
8 417 1 0.073368233361599658 0.65927810941998266 -0.73310188307428692 0.15010365020860073 -1.0175704771470508 0.9854996323596521 -0.062767947143099218
7 374 1 -0.0040165885597812966 0.64838843621897524 -0.71537415275714056 0.26041529210255032 -0.53321793062172052 0.90023083917032687 -0.090499326846614089
6 330 1 -0.064545488442644877 0.66498912242124708 -0.72518013838556683 0.16654463027732289 -0.056090757128567578 0.92812230062397671 0.38775745372173559
5 287 1 -0.41494642687792244 0.65439591420634557 -0.62086853010360044 0.11877591766970687 -0.39434568676499687 0.94048166682364831 0.7713457790367042
4 243 1 -0.52514496843048797 0.66531883280385196 -0.4887182569011666 0.20670771204806834 -0.5714171961895913 0.84255679435188713 0.39409151708845952
3 200 1 -0.14045784058047839 0.59269191464140081 -0.71654976628080835 0.33991811040469494 0.091326923282195313 0.58705850895996992 -0.05975003550097753
2 156 1 0.17439916141735623 0.36665419413887562 -0.7365600918796491 0.54095181436754369 0.25858512157511543 -0.21971407716231894 -0.19924904655827522
1 113 1 0.30740428797428404 0.3526446928999552 -0.65319115796616256 0.59538696278919623 -0.15189554829830179 -0.47132958326036944 -0.32508733257551337
0 69 1 0.34420076524590854 0.3693891750544237 -0.61028677297930478 0.61043224462936918 -0.28268883433017322 -0.10505033063996161 -0.18709228830916497
