19 881 1 0.53693883407467202 0.3674614630348168 -0.6078291534017527 0.45520597746707198 -0.68689099678950027 -0.36880500456525533 -0.36031467707770143
18 839 1 0.51016780351364444 0.40628699427734649 -0.53509980623271747 0.53696171922107383 -0.6435340376858375 -0.31468961651307381 -0.22309330012625034
17 794 1 0.26147492611709811 0.5389967716612093 -0.66689247514669658 0.44313403135345514 -0.68716399582388377 0.38767946995847258 -0.2955198924346385
16 752 1 0.091349336220224411 0.7077890259932369 -0.65918711949502518 0.23698593829069442 0.14655830096224318 0.8512497269574455 0.19448656238501705
15 707 1 0.13232992726997234 0.77528260240168245 -0.61517068539234321 0.054687334876672655 0.046733817785593532 1.3908084051603127 0.47967988078359541
14 665 1 0.10090048793038309 0.69676492207721363 -0.69390278438886832 0.15111803570560572 -0.72065291312398161 1.2662483803163387 0.53802949596078553
13 620 1 0.11552292234508944 0.61764299787452026 -0.70269347582537756 0.33375658888159149 -0.8202918447727171 0.85286072312384731 0.00028794952130082241
12 578 1 0.28060186407385901 0.54673023074532889 -0.69125921448880745 0.38014385047209703 -0.77114965108021283 0.29705743810445312 -0.10821226772931344
11 533 1 0.47413628311139666 0.26003675237624296 -0.68024848041259411 0.49481074902156552 -0.55837769816765093 0.068530425686856439 -0.23711018219766708
10 491 1 0.42902564911978813 0.28405554355730761 -0.64319371148794513 0.56705492685812098 -0.24158018507000686 -0.26491400885408134 -0.31009251892505485
9 446 1 0.36988861279880197 0.31860166582703847 -0.59471786463932086 0.63873786026261248 0.66297919878376754 -0.49014446271781514 -0.038850612422921586
8 404 1 0.38545980576724564 0.22478242650196759 -0.56321950484511818 0.69546918568386984 0.37625870784565202 -0.81757825889886071 0.056315684336322495
7 359 1 0.5248760485629782 0.19565043854665048 -0.48985019692517151 0.66803654399575196 -0.05756879443478051 -0.53268292125513128 -0.10139742643538818
6 317 1 0.36254114557395117 0.35797536978246097 -0.62049286682516047 0.59615950433934306 0.10356700838197462 -0.088406233311809676 0.053922440074076559
5 272 1 0.3231856697768567 0.29551437905671396 -0.68200251469675854 0.58574298507870071 0.4770487199993379 0.106948789578689 -0.076288672095646201
4 230 1 0.079177730245053951 0.48114011676555063 -0.67787789145136612 0.55019690961829637 0.4990820108595283 0.93702369635266758 -0.027269415645322367
3 185 1 -0.03148106399096761 0.58614911819478988 -0.69371553410065367 0.41736903526365254 0.15223081309100386 1.3554101199041462 0.37635644146942421
2 143 1 -0.077646977338314591 0.62313377772117007 -0.69541938046017826 0.34938106310094802 -0.23284077629956001 1.193032687178732 0.42313050866739327
1 98 1 0.073981023948345562 0.57433712134517068 -0.70040968519951807 0.41724088009111604 -0.043352590994138553 0.80127237619111125 0.2474952545165445
0 56 1 0.20358578256694795 0.47682248184377501 -0.65988364469102267 0.54382600656298019 0.019546644866013128 0.40792485820836727 0.10478416386648352
