19 883 1 0.54818254785152287 0.3621552320853586 -0.60794770081121785 0.44580160966798577 -0.70733075626725872 -0.35923129450960356 -0.36846188351134773
18 838 1 0.50546531365245528 0.40894984695213998 -0.53681721569744678 0.53767287108695305 -0.6487056730951456 -0.30436616974723762 -0.23230933394811451
17 796 1 0.28165757766153793 0.5274556702921499 -0.663931674799498 0.44905930122916671 -0.67931988047250114 0.36940546072577685 -0.30697972501623738
16 751 1 0.085972954028058143 0.70749435918845816 -0.66205185672807032 0.23183554924798974 0.16577622020229252 0.86966166856545468 0.21756784185503208
15 709 1 0.11191407631695734 0.77478070243974206 -0.61941525984182066 0.059286073610856534 0.053755186893559667 1.3764548942451307 0.51304198718109284
14 664 1 0.10908461365994274 0.70028616363668461 -0.68527306582956571 0.16763251871347387 -0.76920006777532768 1.2398099009722596 0.49045357997693628
13 622 1 0.10627059068110645 0.62730768772645862 -0.70283526491327331 0.31814181880076953 -0.84819224662204951 0.88512040459591268 0.03755620923873744
12 577 1 0.2912745574384159 0.54177511769575171 -0.69260494804043571 0.37674559053121609 -0.76856783911351845 0.29702962886508999 -0.11172467029955413
11 535 1 0.46586868739641363 0.25677292083496983 -0.68515401596982484 0.49759221017801508 -0.55106145956392849 0.076036544811487652 -0.25674609800688625
10 490 1 0.43022400871583394 0.28476074518895378 -0.64622145852342194 0.56233126079542395 -0.22708086993558199 -0.26847708460671155 -0.3136161765111507
9 448 1 0.38496025485323165 0.34505002130494966 -0.58991249761471698 0.62028165387890966 0.63577170590915888 -0.4666090061098937 -0.11085401389058783
8 403 1 0.3934614684886959 0.24363332540490687 -0.56388925853863103 0.68400276291226969 0.36146554124004093 -0.81578488701444785 0.023381083654158117
7 361 1 0.52601713046164011 0.19568135094557246 -0.48787293358640266 0.66857668821670357 -0.057158380184688759 -0.56512088345439071 -0.092362436920152155
6 316 1 0.3566390726950282 0.36079447280156446 -0.62764958958056138 0.59050140806133944 0.11142947581911539 -0.081520723514002885 0.056365295244684761
5 274 1 0.31993311214374903 0.29013737623742913 -0.68104864452247449 0.59130013568252804 0.45775862046421567 0.082553435887608884 -0.057857254516607275
4 229 1 0.074208549196564749 0.48458749985621558 -0.67951503543139657 0.54582722800526462 0.49738976289143183 0.96196886396695702 -0.021462941465672566
3 187 1 -0.031293242637018506 0.5867325731815467 -0.69513887654630979 0.41418300646810224 0.16524205613894449 1.3626578070253748 0.38826269842680461
2 142 1 -0.075074749852694356 0.62483838484732679 -0.69491409584084485 0.34790109824149784 -0.23363618400677122 1.1934028714472871 0.41847329885546558
1 100 1 0.06693878277722061 0.57910284563246228 -0.70072330934318183 0.41127355529358828 -0.055577654492483135 0.83223167275421484 0.26423489750864848
0 55 1 0.20931737871855108 0.47525492521664425 -0.65760926511918649 0.54577380429361044 0.01832494762607392 0.39751485869911524 0.10054775235005799
