# Camera list with one line of data per camera:
#   CAMERA_ID, MODEL, WIDTH, HEIGHT, PARAMS[]
# Number of cameras: 132
1 PINHOLE 768 576 539.98815999999999 541.18470000000002 385.07839999999999 288.22028
2 PINHOLE 768 576 541.97046 543.46686 385.30797999999999 287.97000000000003
3 PINHOLE 768 576 539.36770000000001 542.76575000000003 385.02562999999998 287.95479999999998
4 PINHOLE 768 576 539.40625 541.3519 384.75155999999998 288.19058000000001
5 PINHOLE 768 576 540.66120000000001 541.60310000000004 384.86682000000002 288.10467999999997
6 PINHOLE 768 576 542.09984999999995 541.56939999999997 384.5625 288.03885000000002
7 PINHOLE 768 576 542.19119999999998 543.04280000000006 385.21030000000002 287.87432999999999
8 PINHOLE 768 576 546.04809999999998 545.49990000000003 384.69760000000002 288.26035000000002
9 PINHOLE 768 576 543.06066999999996 541.80346999999995 384.68759999999997 287.88799999999998
10 PINHOLE 768 576 541.80380000000002 540.95579999999995 384.68085000000002 288.01352000000003
11 PINHOLE 768 576 543.64940000000001 542.75194999999997 385.23140000000001 287.68407999999999
12 PINHOLE 768 576 543.95514000000003 543.00585999999998 385.29208 287.73676
13 PINHOLE 768 576 542.85582999999997 541.92456000000004 385.20996000000002 288.05333999999999
14 PINHOLE 768 576 544.80193999999995 546.13653999999997 385.28366 288.38837000000001
15 PINHOLE 768 576 545.96172999999999 544.87260000000003 385.40679999999998 288.22253000000001
16 PINHOLE 768 576 543.42376999999999 543.65246999999999 385.40370000000001 288.08618000000001
17 PINHOLE 768 576 544.85950000000003 544.72253000000001 384.95663000000002 287.83550000000002
18 PINHOLE 768 576 545.75507000000005 544.29859999999996 385.25689999999997 288.08816999999999
19 PINHOLE 768 576 542.34190000000001 542.99699999999996 385.39263999999997 287.81204000000002
20 PINHOLE 768 576 545.88819999999998 544.25854000000004 385.04656999999997 287.97579999999999
21 PINHOLE 768 576 544.01513999999997 543.55975000000001 385.18664999999999 287.74515000000002
22 PINHOLE 768 576 545.13009999999997 544.02909999999997 384.64999999999998 287.85520000000002
23 PINHOLE 768 576 545.12 544.35040000000004 384.61687999999998 287.73352
24 PINHOLE 768 576 545.39580000000001 544.49009999999998 384.89803999999998 288.17586999999997
25 PINHOLE 768 576 542.87865999999997 542.92049999999995 385.00015000000002 287.96472
26 PINHOLE 768 576 546.68176000000005 545.17610000000002 385.11739999999998 287.99970000000002
27 PINHOLE 768 576 546.10895000000005 543.88009999999997 385.2235 288.00155999999998
28 PINHOLE 768 576 547.31500000000005 545.79596000000004 385.0754 287.78622000000001
29 PINHOLE 768 576 548.85329999999999 547.70232999999996 384.74606 287.50385
30 PINHOLE 768 576 543.46123999999998 542.51030000000003 384.98372999999998 288.01195999999999
31 PINHOLE 768 576 543.55989999999997 543.61789999999996 385.29494999999997 287.93475000000001
32 PINHOLE 768 576 540.99756000000002 540.61487 385.43133999999998 287.83499999999998
33 PINHOLE 768 576 541.93899999999996 539.70794999999998 385.33066000000002 287.7928
34 PINHOLE 768 576 541.27155000000005 540.67769999999996 384.65474999999998 287.99470000000002
35 PINHOLE 768 576 539.73400000000004 540.59389999999996 385.495 287.82760000000002
36 PINHOLE 768 576 543.40099999999995 545.00260000000003 385.49286000000001 287.96487000000002
37 PINHOLE 768 576 542.81757000000005 544.46420000000001 385.64839999999998 288.46298000000002
38 PINHOLE 768 576 542.34050000000002 542.01715000000002 385.56357000000003 288.08587999999997
39 PINHOLE 768 576 544.76575000000003 544.21276999999998 385.43619999999999 288.2611
40 PINHOLE 768 576 544.71063000000004 544.68859999999995 385.6465 287.73862000000003
41 PINHOLE 768 576 546.13840000000005 545.45856000000003 385.36901999999998 288.37142999999998
42 PINHOLE 768 576 543.42089999999996 543.61599999999999 385.64776999999998 288.26593000000003
43 PINHOLE 768 576 548.33950000000004 549.41907000000003 385.36284999999998 288.00348000000002
44 PINHOLE 768 576 539.17236000000003 545.79700000000003 385.47059999999999 287.93862999999999
45 PINHOLE 768 576 548.19683999999995 547.33950000000004 385.40505999999999 287.97176999999999
46 PINHOLE 768 576 545.26750000000004 541.35393999999997 385.14807000000002 287.71355999999997
47 PINHOLE 768 576 545.99445000000003 543.86126999999999 385.29047000000003 288.41762999999997
48 PINHOLE 768 576 548.40660000000003 546.37199999999996 385.20078000000001 287.94278000000003
49 PINHOLE 768 576 545.67359999999996 544.58825999999999 385.08172999999999 288.63592999999997
50 PINHOLE 768 576 550.81524999999999 549.68589999999995 385.28232000000003 288.10525999999999
51 PINHOLE 768 576 547.67179999999996 546.71400000000006 384.58890000000002 288.93657999999999
52 PINHOLE 768 576 545.40729999999996 545.76940000000002 384.98016000000001 288.04509999999999
53 PINHOLE 768 576 544.23662999999999 545.72266000000002 384.62625000000003 289.07260000000002
54 PINHOLE 768 576 541.50840000000005 540.74585000000002 384.92329999999998 288.25214
55 PINHOLE 768 576 548.56164999999999 547.23486000000003 385.14105000000001 288.27643
56 PINHOLE 768 576 542.58356000000003 542.38793999999996 384.86180000000002 287.99594000000002
57 PINHOLE 768 576 543.92619999999999 543.68413999999996 385.41160000000002 288.04462000000001
58 PINHOLE 768 576 545.12963999999999 547.08672999999999 384.76891999999998 288.79930000000002
59 PINHOLE 768 576 540.50287000000003 544.399 385.65474999999998 287.88098000000002
60 PINHOLE 768 576 548.79926 546.24249999999995 385.19139999999999 288.19403
61 PINHOLE 768 576 545.14453000000003 544.59795999999994 385.23446999999999 288.39681999999999
62 PINHOLE 768 576 542.33680000000004 542.1318 384.48642000000001 289.1651
63 PINHOLE 768 576 543.85204999999996 544.11300000000006 385.42746 288.45056
64 PINHOLE 768 576 543.36389999999994 543.55790000000002 384.50905999999998 287.93747000000002
65 PINHOLE 768 576 546.69150000000002 545.82587000000001 385.29876999999999 288.51276000000001
66 PINHOLE 768 576 538.78390000000002 538.13666000000001 384.42743000000002 288.13357999999999
67 PINHOLE 768 576 539.14435000000003 538.15599999999995 384.41595000000001 288.12862999999999
68 PINHOLE 768 576 548.3152 549.26775999999995 385.26983999999999 288.44763
69 PINHOLE 768 576 542.04250000000002 542.02124000000003 385.42547999999999 288.00475999999998
70 PINHOLE 768 576 546.94439999999997 546.18413999999996 385.29807 288.17397999999997
71 PINHOLE 768 576 540.24132999999995 539.16459999999995 385.45141999999998 288.30871999999999
72 PINHOLE 768 576 544.37085000000002 545.15869999999995 384.89751999999999 288.08803999999998
73 PINHOLE 768 576 541.58199999999999 540.16265999999996 384.88565 288.04021999999998
74 PINHOLE 768 576 549.61329999999998 548.78909999999996 385.49813999999998 287.77715999999998
75 PINHOLE 768 576 548.57830000000001 547.69600000000003 385.42795000000001 288.09429999999998
76 PINHOLE 768 576 552.23706000000004 551.28710000000001 384.74518 287.86754999999999
77 PINHOLE 768 576 539.83879999999999 538.77746999999999 385.60244999999998 288.12887999999998
78 PINHOLE 768 576 545.10850000000005 542.99756000000002 384.96118000000001 288.43454000000003
79 PINHOLE 768 576 547.17319999999995 544.92439999999999 385.21384 288.28455000000002
80 PINHOLE 768 576 547.87440000000004 546.57479999999998 385.41660000000002 288.02605999999997
81 PINHOLE 768 576 548.49379999999996 546.42949999999996 385.44254000000001 287.97732999999999
82 PINHOLE 768 576 549.87365999999997 549.45690000000002 385.23570000000001 288.05309999999997
83 PINHOLE 768 576 546.12683000000004 547.72799999999995 385.46472 288.31747000000001
84 PINHOLE 768 576 539.47140000000002 539.53449999999998 385.07772999999997 288.08640000000003
85 PINHOLE 768 576 545.53129999999999 543.45794999999998 384.59482000000003 287.85964999999999
86 PINHOLE 768 576 539.70579999999995 538.21690000000001 385.15535999999997 287.91899999999998
87 PINHOLE 768 576 539.88040000000001 539.23035000000004 385.07422000000003 288.11032
88 PINHOLE 768 576 548.96609999999998 548.1277 385.15732000000003 288.29852
89 PINHOLE 768 576 548.23395000000005 548.37005999999997 385.33298000000002 288.38968
90 PINHOLE 768 576 546.11379999999997 545.99350000000004 385.05203 288.38126
91 PINHOLE 768 576 542.74567000000002 544.34860000000003 385.19418000000002 288.33337
92 PINHOLE 768 576 549.90485000000001 549.08500000000004 385.22985999999997 288.11000000000001
93 PINHOLE 768 576 546.80664000000002 545.52202999999997 384.47894000000002 288.01177999999999
94 PINHOLE 768 576 550.17489999999998 549.07780000000002 384.46199999999999 288.01107999999999
95 PINHOLE 768 576 548.87530000000004 544.63616999999999 384.65395999999998 288.31099999999998
96 PINHOLE 768 576 551.34673999999995 551.25559999999996 385.25409999999999 288.25693000000001
97 PINHOLE 768 576 551.28570000000002 550.20809999999994 385.01925999999997 288.45816000000002
98 PINHOLE 768 576 542.81573000000003 541.06024000000002 384.86450000000002 288.03521999999998
99 PINHOLE 768 576 540.70420000000001 539.88589999999999 385.14636000000002 287.78823999999997
100 PINHOLE 768 576 552.54759999999999 551.16454999999996 385.51803999999998 287.85318000000001
101 PINHOLE 768 576 541.17957000000001 542.37130000000002 385.40613000000002 287.9787
102 PINHOLE 768 576 540.29909999999995 539.35834 384.98566 287.81207000000001
103 PINHOLE 768 576 541.61379999999997 539.46799999999996 385.29500000000002 288.12954999999999
104 PINHOLE 768 576 536.60693000000003 537.23004000000003 385.45728000000003 288.17214999999999
105 PINHOLE 768 576 541.26697000000001 544.03240000000005 385.69454999999999 287.88677999999999
106 PINHOLE 768 576 543.18510000000003 544.62630000000001 385.42595999999998 288.27625
107 PINHOLE 768 576 551.72220000000004 551.89530000000002 385.19357000000002 288.36367999999999
108 PINHOLE 768 576 549.42859999999996 547.15545999999995 385.20413000000002 288.53845000000001
109 PINHOLE 768 576 540.69159999999999 541.21050000000002 385.54061999999999 287.96893
110 PINHOLE 768 576 542.78107 542.49130000000002 385.05489999999998 287.90447999999998
111 PINHOLE 768 576 555.02679999999998 554.20776000000001 385.21118000000001 288.32709999999997
112 PINHOLE 768 576 537.95776000000001 534.78560000000004 385.10406 287.62959999999998
113 PINHOLE 768 576 536.62114999999994 535.33812999999998 385.10579999999999 287.73424999999997
114 PINHOLE 768 576 545.68259999999998 545.67693999999995 384.91669999999999 287.93024000000003
115 PINHOLE 768 576 550.01940000000002 548.98530000000005 385.25585999999998 288.58942000000002
116 PINHOLE 768 576 551.62720000000002 551.54369999999994 385.22161999999997 288.35095000000001
117 PINHOLE 768 576 540.76340000000005 545.56020000000001 385.64022999999997 287.95659999999998
118 PINHOLE 768 576 547.16229999999996 550.10235999999998 385.39587 287.93880000000001
119 PINHOLE 768 576 544.19335999999998 540.74054000000001 385.45614999999998 287.99059999999997
120 PINHOLE 768 576 540.9529 543.45159999999998 385.59192000000002 287.92937999999998
121 PINHOLE 768 576 540.74519999999995 543.54280000000006 385.72185999999999 287.76846
122 PINHOLE 768 576 552.76179999999999 553.07640000000004 385.28167999999999 288.48712
123 PINHOLE 768 576 559.63806 562.27049999999997 384.47005999999999 287.79577999999998
124 PINHOLE 768 576 540.31695999999999 540.21500000000003 385.66345000000001 287.88042999999999
125 PINHOLE 768 576 546.32659999999998 543.87360000000001 385.08377000000002 288.16034000000002
126 PINHOLE 768 576 549.06629999999996 550.44293000000005 385.11829999999998 288.62137000000001
127 PINHOLE 768 576 551.22770000000003 548.64954 384.89627000000002 287.73903999999999
128 PINHOLE 768 576 545.76775999999995 544.98455999999999 385.05408 287.34656000000001
129 PINHOLE 768 576 545.38369999999998 545.7645 384.64389999999997 287.20350000000002
130 PINHOLE 768 576 545.63049999999998 545.39890000000003 384.95422000000002 287.43182000000002
131 PINHOLE 768 576 552.18413999999996 559.86206000000004 385.40584999999999 287.79694000000001
132 PINHOLE 768 576 549.41150000000005 553.01909999999998 385.36218000000002 288.56952000000001
