18 853 1 0.17368965537154735 0.29301389276632311 -0.72843137202323516 0.59444301536411881 0.29169075724781346 -0.12512818383372359 -0.7862541558602486
17 811 1 -0.015925519547227804 0.53646060701168408 -0.66672876546704196 0.51713552213186897 0.32897397495400266 0.43195814600790555 -0.686061449428228
16 766 1 0.2568109216944679 0.1886117683649812 -0.62416950958959017 0.71336258286467691 0.83795453647498175 -0.45396165500271363 -0.35556070634882414
15 724 1 -0.64489253244493205 0.21752736576531134 0.41776107755461445 -0.60188964837449599 -0.43645694834397403 -0.99498249024463825 0.39906268833916353
14 679 1 -0.5155735223261444 0.13646909021907488 0.48314505095116722 -0.694356529624648 -0.4160051976765663 -0.93711026322096413 0.12982625744456178
13 637 1 0.51250793673110695 0.080082971618012588 -0.42248035615355761 0.74325815239983439 -0.57596850088751894 -0.78398767742963416 -0.18669697552530651
12 592 1 0.37245231326099565 0.19650835291402541 -0.51899307618345425 0.74384805468266524 -0.4816755517892618 -0.63478011711858529 -0.4450054073994047
11 550 1 0.17909628530702965 0.36181849175902836 -0.66701113481076058 0.62618531254645882 -0.46040026284528024 -0.13645808193400857 -0.81765085913537427
10 505 1 -0.064441918425822642 0.54076282966495459 -0.7516909445872072 0.37199936159615021 -0.7096714033431617 0.62990126659448309 -0.57360183596461567
9 463 1 -0.026500855632647147 0.62892096034544631 -0.74557556403511038 0.21879947121194368 -1.0406032479865945 0.7967330555471861 -0.31936913814232304
8 418 1 0.069104551346706594 0.65135389436465707 -0.74119425972779296 0.14694806778496522 -0.98283349831323386 1.0138980888175051 -0.053833430398651613
7 376 1 -0.011258359989379223 0.63862002977453769 -0.72170249856352775 0.26680181871246611 -0.53179069227991227 0.92108944621341993 -0.11717336074114819
6 331 1 -0.067091973754895562 0.65452637646412737 -0.73625913023271727 0.1581656812313422 -0.051703791280654617 0.90388918914937111 0.38865786342667852
5 289 1 -0.40262928414210758 0.65753452428318593 -0.62620333554606344 0.11579029094826092 -0.37705625946680438 0.92607321685153177 0.75891191807147518
4 244 1 -0.52005476917842997 0.66456380900366674 -0.49196230445141181 0.21417532961609856 -0.56631812143419169 0.84673750651798696 0.37277878833783057
3 202 1 -0.15480627602117158 0.59532295920882294 -0.71539409356201866 0.33141647822624148 0.088758895492362877 0.63179448966114604 -0.048922918715864801
2 157 1 0.16695997976949806 0.36897933383194076 -0.73629050868279888 0.54208385253937563 0.26439814443015724 -0.19633432533700065 -0.21070602233639726
1 115 1 0.29796021780742066 0.34156940906145639 -0.66335378608573825 0.59540893668409001 -0.10951859547498269 -0.44718333622259759 -0.33906693702554058
0 70 1 0.34031478247631275 0.36285352979979535 -0.60885405829227424 0.6179157713159269 -0.26375891940208318 -0.11771125144662579 -0.20895632599707289
