19 19 1 0.22669838803888406 0.32533498305512137 -0.63401270490982142 0.6639223446111957 -0.44654392328446962 -0.48428982088000844 0.35768390048827053
18 18 1 0.3849972658404705 0.18561849104127073 -0.58851859612707302 0.68627162486259263 -0.618693674536274 -0.44406140920303139 0.49025610372322176
17 17 1 0.37180235879666323 0.15625759556503727 -0.58354003774154639 0.70485998196384025 -0.58967332046448295 -0.34711009069546467 0.48886719113402682
16 16 1 0.10355751109163693 0.37948905316461429 -0.68854114493974627 0.609241325050914 -0.4720128387234403 -0.4171383669190975 0.19021649727397349
15 15 1 0.11021926348507911 0.40129132699964326 -0.70002109573477789 0.58033391281050706 -0.33654051536022805 -0.39129732464961964 0.28400551969175536
14 14 1 0.015508694240421384 0.37428279276712295 -0.73696713046950302 0.56262893637720657 -0.16901815404648307 -0.3555993220673575 0.34942525159331655
13 13 1 -0.070107013928041126 0.38703069763360148 -0.72503044872401901 0.56535218590750036 -0.031022967316186704 -0.26871131049480756 0.32707509745216018
12 12 1 0.15569641451865193 0.18783570021201285 -0.72128040714937813 0.6482522275274698 -0.17165163887348808 -0.379992696663772 0.35433463958275446
11 11 1 0.22181767485618631 0.098261386644682425 -0.7197818423157698 0.6504273352870219 -0.27345796953179785 -0.41276571915729282 0.34905975760088248
10 10 1 0.43031090433490132 -0.10430199747857001 -0.5922770498020592 0.67317272316265819 -0.48029153900496774 -0.29649308678350744 0.42670237225920721
9 9 1 0.49867136406651336 -0.0082073846534476483 -0.51174621050313951 0.69955366165353583 -0.47218085607193216 -0.28924511858278817 0.69705142218738081
8 8 1 0.41152643977728037 0.034938598053685613 -0.57211188178938954 0.70859951908372265 -0.4132566310031508 -0.24786528748929026 0.68312280638660428
7 7 1 0.1987554028831249 0.23591594787515352 -0.67756022231059698 0.66764668838042529 -0.2273008917879383 -0.368991775392851 0.52679152318794498
6 6 1 0.055310482911848882 0.35413084316655474 -0.70528686221912784 0.6116392224010001 -0.086765723391974914 -0.33919449637865845 0.37517351183294029
5 5 1 -0.066951117417735836 0.41895251360775621 -0.72165709371984632 0.54699851764157847 -0.041096750102704152 -0.26795049491902023 0.27149998690107247
4 4 1 -0.13498723168194493 0.46444486628344034 -0.70782525597560864 0.51483280826775846 -0.024757877445646882 -0.27380474870138832 0.053667591080672948
3 3 1 -0.23647345523935467 0.49136931724712601 -0.70580401239140167 0.45219154694382807 0.01737045273058015 -0.21641798483988556 -0.0069499603120004791
2 2 1 -0.27666482927530645 0.51868030438414436 -0.67468128534615723 0.44635465415932885 0.026797436202573622 -0.17132651823948261 0.013622437363262728
1 1 1 -0.29557571839814484 0.57383276190776955 -0.66113945895527104 0.38242067395350521 0.022082219523359412 -0.099042399875320861 -0.0088437876018798278
0 0 1 -0.34640545572527781 0.60231433516247768 -0.64361020979591033 0.32091525321805653 -0.014227229497784192 0.0092738690617100925 -0.029849227091750672
