19 881 1 -0.60193697381125155 0.66368164514880656 -0.33101739149728659 -0.29601695893623803 -0.60280272006979052 1.0150788773540176 0.17026605752375445
18 839 1 -0.63461042018263036 0.68342354666232408 -0.24160289551164896 -0.26801102839902463 -0.4833721104780892 0.88566354096891853 0.12020581823763669
17 794 1 -0.49309068154014907 0.73917272037311854 -0.44653872660835681 -0.10530163756305992 -0.15619295499625716 0.64023950196970181 -0.19071837463697802
16 752 1 -0.35294274713762713 0.71018558456897118 -0.60617242974405328 -0.060190016876261153 -0.28125831014751351 0.56800725563234811 -0.49902618217681666
15 707 1 -0.2059223149609824 0.63530882196875016 -0.7441216376278128 -0.016176815010713511 -0.59616838771439595 0.40462140121687479 -0.63060983147670446
14 665 1 -0.38910249822251447 0.60220034552432355 -0.69675047128054546 0.022198434578169154 -0.17911704916123689 0.35813089999903402 -0.6103631501972171
13 620 1 -0.23744965341479066 0.61962035127188608 -0.71872319121642747 0.20766621485107972 -0.34641962310756064 -0.29523450341048052 -0.63706457433846353
12 578 1 -0.15411875518257162 0.63307152356876828 -0.72910455559173593 0.20946217406173942 -0.5022004208322719 -0.041153701711542479 -0.4899882169780842
11 533 1 -0.26170033705373102 0.6325231310821523 -0.72621953044021847 0.063502880558151259 -0.56566586845942313 0.42972707472464999 -0.48327054701371464
10 491 1 -0.44867315322826562 0.66986347444638272 -0.5817349312598723 -0.10751649606873027 -0.70842642872588657 0.82126547583409515 -0.36597174279846678
9 446 1 -0.39283500035835606 0.66709100803183019 -0.61441745106360934 -0.15218884757111556 -0.44893791630903174 0.9500448918270793 -0.15162133654051668
8 404 1 -0.46619924415766478 0.74864997610758133 -0.45264049349944013 -0.13152209573118709 -0.10249606648783192 0.8030968646431893 0.017908734374047091
7 359 1 -0.42152362308366376 0.70369159604772136 -0.57123938734696067 0.028662434957643479 0.49513329339350576 0.33362504527672893 0.26968459449820864
6 317 1 -0.32960442194446937 0.64001902382121578 -0.66582674530771013 0.19598805936722766 0.49344205876157504 -0.080199699956698969 0.11405289715897651
5 272 1 -0.38285010197885017 0.62974581630486981 -0.66197380170879327 0.13651627050467194 0.47088776181313302 0.17567430781289145 -0.079870405442104511
4 230 1 -0.49689196958167564 0.73022435854753054 -0.46870408450810969 0.013683490581925037 0.061007798718728468 0.60005723882341955 -0.077083667954606638
3 185 1 -0.55049081778888698 0.71338311567380008 -0.41741061595547674 -0.11752773072485298 -0.36135339309889075 0.7133476619859298 -0.087277653874715158
2 143 1 -0.49168920301151181 0.69192381201375974 -0.52638452693204052 -0.049015261060037722 -0.20494603079750462 0.55411896947203709 -0.09968599167472654
1 98 1 -0.36965043367986139 0.68791940696788434 -0.6223763842272102 0.052660067921613263 -0.091649252417428814 0.32548654786883807 -0.032164182522899876
0 59 1 -0.2846505844206122 0.71530550065484222 -0.6310643132791478 0.095236117242604029 -0.023313473478090783 0.12464961248714726 0.014310646119288594
