19 881 1 -0.22368550510821331 0.68553456644464561 -0.65178454791935347 0.23491286918259566 -0.58124941439572175 1.0037738756204317 0.28442181016532375
18 839 1 -0.30754070302906816 0.68061399710216319 -0.61005082057575255 0.26461537983241679 -0.48848802444525291 0.87369975886778117 0.23873525660080744
17 794 1 -0.062668575701293111 0.61572018692134545 -0.66384991785363012 0.41983876381635293 -0.15823552742702454 0.68786055578595351 -0.077254584399646276
16 752 1 0.14393817144768778 0.56404174619298963 -0.6877317617516272 0.43377844025477136 -0.23606709653450947 0.644951346684149 -0.39652345395762056
15 707 1 0.35939968838575953 0.47626676041903199 -0.68471017160230208 0.4185377137278376 -0.51804817282756777 0.46317724014437867 -0.56830904763261769
14 665 1 0.18200821983118926 0.42802068633345436 -0.77948666188381099 0.41960915615576538 -0.12293719098888226 0.42134346166704784 -0.50582534683811586
13 620 1 0.31103737494445355 0.31660812353646361 -0.69108135591305841 0.570457366511952 -0.28038847157869329 -0.20321706585285965 -0.56738838859578478
12 578 1 0.38220008935447225 0.32699811353287361 -0.6390760402775435 0.58187381809680283 -0.43348081593521454 0.04270264920581323 -0.44287322031087051
11 533 1 0.30087532429793845 0.42391716733965379 -0.70899733328378045 0.47654071794530034 -0.49858374936074584 0.4868472995567672 -0.41317356226729773
10 491 1 0.076955974757257586 0.55270489902823317 -0.73255130514228284 0.38982516321254718 -0.63959654746334815 0.8189297856961979 -0.28704025825264795
9 446 1 0.12340591312926266 0.59284510269763802 -0.72080020321099825 0.33727248903986146 -0.39037270132980045 0.99527780476461458 -0.051230320289968038
8 404 1 -0.038351792546303255 0.6402076170740677 -0.65050536280014259 0.40682443389880618 -0.099777496394938561 0.85083879103328597 0.12646560245733324
7 359 1 0.073748284333236158 0.49894660965940646 -0.70777053904663945 0.4946456664370138 0.50506008776953482 0.40726059570747647 0.35952096030722558
6 317 1 0.20553274530222235 0.33929047782776844 -0.71513029078203494 0.57552317891631333 0.5279510171108297 0.011153791805867393 0.18627025014294896
5 272 1 0.16352470789300505 0.37142986772996783 -0.74837038171936987 0.52463443942597832 0.50226473207842837 0.25283733121193247 0.0085731519134295189
4 230 1 -0.050900342308024801 0.52863907396284215 -0.68285986457545311 0.50164956890704926 0.049474508260547327 0.65993103184879431 0.026917574582020369
3 185 1 -0.12498197713135736 0.6045790540829078 -0.68112465914278464 0.39361513114231106 -0.36548303445905855 0.7450331704786658 0.030251964043638682
2 143 1 -0.0082361825165026357 0.54250601204261462 -0.7219692410509857 0.42939469858329316 -0.19143858321077406 0.60580298935399268 0.011021027437048548
1 98 1 0.14695815644445245 0.47099914384228947 -0.71011166163815853 0.50229924821740635 -0.056427632969357523 0.40296188019468671 0.054222977478411344
0 56 1 0.21723301125393971 0.46397232262326499 -0.66027996959233626 0.54915377119369957 0.018086155776625208 0.20902641231552291 0.079546113740682753
