19 883 1 0.54683644537312814 0.36205291832657971 -0.60599182533197427 0.45017940198737522 -0.70988088364927215 -0.3634899080394598 -0.35682456681459607
18 838 1 0.50375984538413154 0.40842870726739622 -0.53474166568341264 0.54172258605357126 -0.65083566851243302 -0.30567660524618395 -0.21947788834884793
17 796 1 0.28009061788617651 0.52588272126096858 -0.66260014596461569 0.45382557863012579 -0.68377511838684923 0.36569996780021741 -0.29623661337184581
16 751 1 0.08433956211053438 0.70636264263899606 -0.66182435450391786 0.23648927910696066 0.17223748971050779 0.86499263571791962 0.22707409723961997
15 709 1 0.11055132840737621 0.77391716634238494 -0.62038655439660562 0.062858146264786502 0.06427319989828488 1.3771801145191922 0.52277650746540671
14 664 1 0.095143705872242801 0.69825106805959969 -0.68979759402621699 0.16604939163443708 -0.76818108717594413 1.2474471033298744 0.52513758010872202
13 622 1 0.10447246007150857 0.62505089946630488 -0.70295664363199373 0.3228758822467428 -0.85212315633327906 0.88184386667029746 0.047040098942365785
12 577 1 0.28987752869003142 0.54044026853871574 -0.69161740477605405 0.38152417998496052 -0.77346100921658134 0.29112079124022733 -0.099856999865244434
11 535 1 0.46551733610615231 0.25610311254202234 -0.68258079632964896 0.50178507551829632 -0.55820624313032718 0.076290578778735976 -0.24350845267381291
10 490 1 0.429447609663417 0.28391175608950991 -0.64357768691346118 0.56637145603893846 -0.23131364132699314 -0.27048336206409224 -0.30080541336145766
9 448 1 0.3838654440322733 0.3439863406475917 -0.58701438157704933 0.62428746114870748 0.64019256429000515 -0.47074961070043153 -0.09585330476533431
8 403 1 0.39257234851633377 0.24276076870160507 -0.56088795117895385 0.6872836871205743 0.36075320196146238 -0.81901023273196938 0.037870971603387989
7 361 1 0.52497023325055092 0.19548926920126186 -0.48454756719523223 0.67186595013678196 -0.057970346685479693 -0.56259150942524794 -0.07952355793767088
6 316 1 0.35549413041340927 0.35961378074244815 -0.62524564763148738 0.59444909963731807 0.11043146125507763 -0.082823617856627757 0.073116402077457565
5 274 1 0.31920529924374808 0.28866262640273649 -0.67858132948754446 0.59523881285069102 0.45754516686736313 0.082437133886384059 -0.042619849166165229
4 229 1 0.073481127769059351 0.48271834092749888 -0.67757013580068948 0.54998385273117378 0.49760034353013477 0.96237578219664499 -0.0098706639461924872
3 187 1 -0.032461421511368153 0.58463531213071729 -0.69486238365370256 0.41750937199825189 0.16638258976580766 1.3640081571305098 0.4037254083326034
2 142 1 -0.077096423421630755 0.62241233873232382 -0.69523469625027678 0.351152017250559 -0.23448399898792294 1.1917813187121857 0.43401108186918486
1 100 1 0.065536142334382111 0.5768027906190486 -0.7000698425029932 0.41581939637280019 -0.055231844983047493 0.82876837371788503 0.27823280365462344
0 55 1 0.20778880398367888 0.47325711295260559 -0.65603127790692828 0.54997679986213932 0.017303503697071673 0.3957206336188151 0.11721725555130162
