19 883 1 0.2855114558162089 0.36133766490688379 -0.6342825755077045 0.62097014012322915 -0.36780835138323698 -0.34181338755930979 -0.63078586938991366
18 838 1 0.01904646292259932 0.43868018465894881 -0.67784038217484022 0.5896858011948356 0.37176053507494605 0.29633534173504406 -0.76158987526245336
17 796 1 0.066000802008994636 0.4090114739903225 -0.70253246472595665 0.57862046652750354 0.4982037173624953 0.10190771825618677 -0.58313049815762952
16 751 1 0.36386346723188395 0.036606646117760586 -0.60160203864225381 0.71016780958832904 0.61245270818056352 -0.85737318221242764 -0.17301301743649813
15 709 1 -0.64694327139358454 0.19561211334700546 0.37566288496899264 -0.63409597189010636 -0.51027199034678172 -0.94778595832984625 0.42699663001333216
14 664 1 -0.51955569542208868 0.056208557785922188 0.50649057783862683 -0.68583509092695916 -0.46834226582238425 -0.93807021288396375 -0.040630421680775727
13 622 1 0.36526439190270965 0.093556307851719187 -0.47869909138123445 0.79289111558894321 -0.3863880923233467 -0.67980634560589259 -0.39992041009855411
12 577 1 0.33776345873626523 0.21218206239162854 -0.56919923501815328 0.71896234198774245 -0.46950388420082223 -0.53874383790200286 -0.5499533848867908
11 535 1 0.086535105386605068 0.48177390864709985 -0.70065456975934748 0.51912305897346622 -0.54559714385051616 0.14144768661323401 -0.81791514298739243
10 490 1 -0.1279369129088852 0.59960404555724445 -0.72238866811371916 0.31978390679897795 -0.8259057985008168 0.73654772023247472 -0.45043717393815469
9 448 1 0.027929644888687051 0.64467065128962953 -0.73113857332320575 0.22148605577124772 -1.0582760754457712 0.84846920160602624 -0.31539338942301376
8 403 1 0.051573571982383416 0.66993263141224635 -0.71692607077051662 0.18586943022344901 -0.90774179496738627 0.93582900729753193 -0.11581152855264784
7 361 1 0.0068572843462751873 0.67836567216017585 -0.69978254188958799 0.22377977243847194 -0.44875750637735778 0.89201556419379535 0.063075869819431862
6 316 1 -0.13137791284195191 0.67140287488543049 -0.6991937701449874 0.20757190417614388 -0.030149016481590286 1.0489220075929586 0.36657526406455926
5 274 1 -0.48188170352457621 0.62431314896128542 -0.55939984393271436 0.25513708168424148 -0.50868483031539979 1.058759650392024 0.4767772174384175
4 229 1 -0.37026563933357304 0.67941056784039122 -0.5938907880758757 0.22045037644402649 -0.24576562828641682 0.87467668980724789 0.28722627974632264
3 187 1 -0.075482665346785938 0.51768186597764176 -0.73450459125456713 0.43221621706735347 0.15973005162819648 0.3280448127731091 -0.10781193596150043
2 142 1 0.22521478442538465 0.3540122039583708 -0.70076084739829003 0.57696437938437317 0.22386252842755661 -0.34501792816469701 -0.22851967383546226
1 100 1 0.35956544526528667 0.34013973934168029 -0.61619850018963285 0.61263125667549567 -0.25228049772738981 -0.42359956581485803 -0.28170193529588716
0 55 1 0.34735494272818973 0.416707846401632 -0.60002213512981806 0.58793924164310085 -0.19450008156820969 -0.089621363059586803 -0.11544275574301495
