19 881 1 -0.21488907908815102 0.69266234277556238 -0.64460932970841611 0.24190984817113662 -0.25115876394018027 -0.34386623582119163 -0.59232295816438196
18 839 1 -0.44462197617935462 0.72299981560377835 -0.51005998935192887 0.13936058337126042 0.40498609144770598 0.31792187318227072 -0.68519125069932707
17 794 1 -0.41197150159665485 0.68276033188664098 -0.57994451866231234 0.16667983185670701 0.55920385118465599 0.094176311649237981 -0.5108395821470243
16 752 1 -0.1623938889086938 0.50406994393839266 -0.69117976209492238 0.49174409293194687 0.69710622713092063 -0.80850982773516256 -0.12755430852449035
15 707 1 0.20956791288745399 0.29601502333185437 -0.72094757981780699 0.59050062066409814 -0.42781909484398312 -0.96306507611127656 0.43525247616973878
14 665 1 0.039118201164283981 0.41887976184032849 -0.7211867807515886 0.55036273377420852 -0.39151120554082564 -0.92398244909328475 0.020586323844433856
13 620 1 -0.082777685339936555 0.60707166213069119 -0.60162224262459996 0.51250612584337896 -0.31355651080492047 -0.62332967793953009 -0.403577244543389
12 578 1 -0.13619087565723156 0.63946207833416235 -0.65165696767542325 0.38455622767073044 -0.41263177716024035 -0.48302653447775035 -0.5104059165264192
11 533 1 -0.43486809245921376 0.70696775363311337 -0.55551800943417906 0.049860592436530578 -0.47314727020274078 0.21555418372737647 -0.77038896396669299
10 491 1 -0.58939554684218487 0.65740584139053138 -0.43602543847882602 -0.17410418164868094 -0.7810221913815063 0.74410836868094721 -0.3562071841292806
9 446 1 -0.4734366280144513 0.63126182227011995 -0.55191110536837851 -0.2697413627339495 -0.97124126267685962 0.87076153511150689 -0.26473450861509268
8 404 1 -0.44212603616609181 0.61571524108890796 -0.56524091488369532 -0.32545663025406435 -0.84110657921884568 0.93337260550339263 -0.037567372097013441
7 359 1 -0.47295335363392238 0.6472276289797988 -0.51672489559101742 -0.30067740827682082 -0.34506947767080565 0.9219084440139983 0.15699728283823108
6 317 1 -0.56996863414840637 0.63493024654925656 -0.42412359595750526 -0.30351031853295396 0.027307203175445705 1.0552482597103656 0.44668359210415787
5 272 1 -0.72973589178448006 0.64236486173606577 -0.069424870403820296 -0.22368079939442165 -0.50735545574238505 1.0269903275866554 0.53711669057969813
4 230 1 -0.68028892766327431 0.64474372622926956 -0.16384548428941159 -0.30768028806655301 -0.25495750207999457 0.86731342124235933 0.40652793414943134
3 185 1 -0.5523654933070794 0.67263332781538776 -0.49208089947641004 -0.017696228019302009 0.20717842268504241 0.30868585385821712 -0.017825623015087218
2 143 1 -0.31043135621947932 0.65351004560197723 -0.66732640932097154 0.17672706865620677 0.28398130851362469 -0.31700651247860873 -0.16685999155089695
1 98 1 -0.15073479006063503 0.66669971565018094 -0.69673832392619395 0.21759186609306497 -0.18833243662237664 -0.37303321620291408 -0.23083754377223623
0 56 1 -0.15764381234397989 0.70858027627195408 -0.67160151434172144 0.14837057134729889 -0.13034935168376846 -0.044596856181929038 -0.078295289235625065
