12 1594 1 0.51035441940950421 0.34999678365116493 -0.53656984662009066 0.57370150576856582 -0.0018430584794625262 -0.55135954849749291 -0.14521992844209455
11 1466 1 0.500929364490728 0.32759964931954538 -0.52846457811654823 0.60205766437503749 -0.01948864685458555 -0.56906901936644005 -0.10619998728021621
10 1338 1 0.58729809836382108 0.45463523886531021 -0.45861804166936215 0.48791109343350786 0.22704480046772113 -0.39380401722575925 -0.072726187465829081
9 1210 1 0.51861570264753043 0.33108976394098777 -0.52738522556387823 0.58590284607419907 -0.046271601587880157 -0.40090177054440151 -0.071673635497502053
8 1082 1 0.5197600452173291 0.29492576940388443 -0.56624378145535714 0.56765858216039011 0.027687349094092688 -0.31499160153531669 -0.12892297785798812
7 954 1 0.45938832781060551 0.52631701441399592 -0.56196359615972957 0.44288788784627808 0.2367487454936314 -0.12460543803809175 -0.098375878497644148
6 826 1 0.21451981935167699 0.6163943496440043 -0.63045626477020866 0.42019537246888594 0.24796187329614897 -0.24201490871768541 -0.23103647713350939
5 698 1 0.46865280437259021 0.37549880895595378 -0.56135610132138203 0.56942472806827171 -0.043731389534052541 -0.24945262839592883 -0.0018015085047000769
4 570 1 0.54121078013752311 0.41998884494845901 -0.46526255523923699 0.56056312425457444 0.089600815138480255 -0.00048457677423335767 0.034530416203645095
3 442 1 0.14276622468400391 0.65613399336848166 -0.49475820229584688 0.55165234441338795 0.16860167035489701 0.32985009490817591 0.22028989601272481
2 314 1 0.2111651976797233 0.59685003903041645 -0.59437306686014613 0.49588299788310714 0.22314600036474158 0.33543411994403299 0.21219669667658636
1 186 1 0.2407888561560326 0.5557544729320576 -0.60682472409761035 0.51470520377293583 0.089536523536326754 0.14114753527824667 0.092173524480715543
0 58 1 0.38818131139668344 0.41188421219911986 -0.5774671955989652 0.58838618545180688 -0.00064760473138912816 0.05302731690965104 0.0071843364268289666
