19 868 1 0.28279776391343586 0.30561581324611303 -0.66799794697899639 0.61676830516112258 -0.069516906262812941 -0.38532890915759754 -0.76408544745746354
18 823 1 -0.042989075815867785 0.55322983158090133 -0.6455377472425452 0.52475681005060348 0.26397144754917573 0.53914656557188112 -0.74798680697591502
17 781 1 0.12452624635658757 0.35290777435632309 -0.70016074412488016 0.6080495449827249 0.65767996081431912 0.13275263621820424 -0.59314117991612481
16 736 1 -0.53775427053571501 0.12971147572165578 0.49624461187787039 -0.669131199966713 0.0063754314286600606 -1.1263580248345622 0.22694440449311412
15 694 1 -0.5641227582813888 0.13689140137525693 0.46314669737788516 -0.66971739900235061 -0.43654167288534595 -0.98451018082649588 0.26748036123420116
14 649 1 0.49002315105011363 0.065172073562039884 -0.48927856268984482 0.718495929254092 -0.51106901330660992 -0.91701064847439073 -0.1828772658350816
13 607 1 0.39556495348117299 0.19625934935931619 -0.54521192125270879 0.71256901159847363 -0.50640706957359372 -0.57559214051304797 -0.44976364864255108
12 562 1 0.31158452621401206 0.28156009274707194 -0.61281681061740989 0.6693986508956794 -0.59676493415128962 -0.3694297095510653 -0.61419501346335825
11 520 1 -0.060583328338498235 0.48948515321944214 -0.77342049272043822 0.3981892597060393 -0.53001217775261189 0.55851256631793722 -0.7134430906985626
10 475 1 -0.064447564275136038 0.61067290490022519 -0.75169689884660174 0.24057615622526793 -1.0133730149768507 0.78812396851593214 -0.39567139958862013
9 433 1 0.06356292228771436 0.6186617920429085 -0.75920709869174829 0.19189039390381413 -1.0488201183740002 1.0469629579605086 -0.23237940013110811
8 388 1 0.040917624449476574 0.65486377063887102 -0.70938376842058748 0.25739824982982668 -0.75965741595981562 0.8842123701150405 -0.22242923128778638
7 346 1 -0.025609403746315523 0.65791682204863611 -0.72104596593469628 0.21582939724347663 -0.1884566963947569 0.94041163232841762 0.26005600406718765
6 301 1 -0.30194963737597907 0.67769269052552772 -0.65682566513775287 0.13468139928414263 -0.23587332567966771 1.0285452831880886 0.6942460847009414
5 259 1 -0.49816139596821629 0.62009546346372912 -0.50411303558139298 0.33643258925914765 -0.51715353641518602 1.0834623003525254 0.27616446378284865
4 214 1 -0.2181705669966231 0.61470537100838951 -0.69292531684366465 0.30723511489886235 0.047289482959826684 0.7946388372903751 0.047415295052458714
3 172 1 0.042702167823378649 0.44022531753499961 -0.75093589248538772 0.49038095399553089 0.25627916915390181 0.10621656340312192 -0.1252427156390768
2 127 1 0.24313434726898217 0.33178335508627987 -0.71084744429766722 0.57052730469387047 0.076272430293149965 -0.40516447322051463 -0.30427980496717438
1 85 1 0.37933691100913508 0.32820886481549089 -0.59683293718193331 0.62623709096264868 -0.26085715523154351 -0.35241263166604608 -0.19542238619066488
0 40 1 0.30249283063504012 0.37385654284946074 -0.62913355877258825 0.61067203801155712 -0.12736928781868923 -0.10331672397554646 -0.082294383670638113
