19 868 1 0.28782438617180028 0.30775699514875127 -0.66360351750786395 0.61812064050072635 -0.068448427266403336 -0.37231359558237781 -0.7686364138710815
18 823 1 -0.036821292411389504 0.55591879977101388 -0.63915238094471805 0.53017234407219727 0.24903668120205932 0.52342381293388573 -0.74813548052160339
17 781 1 0.19788684855021313 0.28779079376052163 -0.66798952528032551 0.65712042147031102 0.68040057235425067 -0.21985384786504777 -0.54932707781224543
16 736 1 -0.54421614795676676 0.12652449119967604 0.48627839752759416 -0.6718285923714149 0.010271080283112353 -1.120775357320875 0.21395710788108924
15 694 1 -0.57011510647119679 0.13338979963336733 0.45987709602655991 -0.66759941827212843 -0.42983844308121116 -0.96821388077447446 0.23982299145958119
14 649 1 0.49608775461735044 0.069635454840285826 -0.48436598482542453 0.7172429406358759 -0.5033398722976955 -0.90055747592141822 -0.19646974738408918
13 607 1 0.40013107474060283 0.19906855115969113 -0.53978682568444603 0.71337018285292875 -0.49155924449575872 -0.56886173649130412 -0.457821793085331
12 562 1 0.31630773730001693 0.28520526286408238 -0.60854794556708725 0.66953474241808453 -0.58100705997736291 -0.35734000143593725 -0.61986319080354724
11 520 1 -0.058271345806831444 0.49297070953272787 -0.76841227744142482 0.40388971474641744 -0.51459116195633259 0.5561972758467848 -0.70951601333050673
10 475 1 -0.063804853572715425 0.61471607856089361 -0.74677296086890643 0.24572999071006485 -0.98780952601490402 0.77647240851607457 -0.39546431125470538
9 433 1 0.062038399031971163 0.62402182948909224 -0.75440921050444953 0.19394518935175861 -1.0257460958157838 1.0302867627551482 -0.23093881254379869
8 388 1 0.040580191068010099 0.66017126962446526 -0.70405668477170036 0.25851755739908272 -0.73199409451009101 0.8713842460638862 -0.21147420373859754
7 346 1 -0.027846359011243004 0.66142287825375534 -0.71737504550284648 0.21706542908101181 -0.19651749780730335 0.94109421948963978 0.24294662518691507
6 301 1 -0.30520995363445069 0.67974670720417085 -0.65201810718124498 0.14022726609090758 -0.23919767565002981 1.019628225863042 0.67181484214049647
5 259 1 -0.49701161592215554 0.621617437670972 -0.49902353892555423 0.34285087490050081 -0.51183050883641956 1.0636217512629398 0.25181825648800504
4 214 1 -0.2171559632914378 0.61816431030417784 -0.68803057792504352 0.31197771861666451 0.033909598274333604 0.78760638809262695 0.032186031036492237
3 172 1 0.045643477268548061 0.44452515858675168 -0.74630471806071685 0.49329841289687187 0.24494424337798706 0.11713788570157027 -0.14260939037241185
2 127 1 0.24697092575753438 0.33647446473162618 -0.70615770637137609 0.57195418535609099 0.070854376898905364 -0.38594755975808998 -0.31938144077502323
1 85 1 0.38346896149575949 0.33230676561397809 -0.5915818260198149 0.62654186789040833 -0.26063329761926141 -0.34278340187802986 -0.21388775311837924
0 40 1 0.30632056115180872 0.37785014583181381 -0.62388169639496238 0.61169323195034775 -0.1297433417700655 -0.098720326801288547 -0.10482504802068661
