19 881 1 0.27659594118199271 0.34179573569715127 -0.62323981831361197 0.64671669937408205 -0.31265459883335284 -0.39586713168535004 -0.62897437152651503
18 839 1 0.018859494473735292 0.43366899945500942 -0.67945441895076608 0.59153800465241735 0.37455583711985746 0.26295606916585496 -0.7518502031374108
17 794 1 0.089087682720982095 0.38502536623982081 -0.7081414177466816 0.58511074559523979 0.5195461594305123 0.043677617282683927 -0.57391927953310617
16 752 1 0.34782387835079387 0.036995698580812739 -0.61730152512786607 0.70469049589897292 0.60686481322296304 -0.86341798276301773 -0.1638766145334544
15 707 1 -0.64173381841434263 0.18336762096773015 0.38702143193659977 -0.63621414091933426 -0.52087634734618493 -0.95210837753665201 0.42398670663758387
14 665 1 -0.51605373009896227 0.067028026854573583 0.50333585810554049 -0.68981795077548502 -0.48162598988862543 -0.94280209735692744 -0.00078801276631542533
13 620 1 0.34397403025518114 0.096973703856141014 -0.4985683079461577 0.78975161258596649 -0.38294801633133779 -0.68355309148227528 -0.42221419079838024
12 578 1 0.33899282024958977 0.20687754177141612 -0.57234122699330492 0.71743366969612143 -0.48160135442605179 -0.53989384244154881 -0.53600014572144372
11 533 1 0.054396029107136271 0.48166991395196285 -0.70646781379828572 0.51569215049092521 -0.50968592730677742 0.16900405243961672 -0.83685091196232086
10 491 1 -0.14232352627813949 0.59589215933100337 -0.72356780322422509 0.31797198375463714 -0.88129908383839339 0.71295205009155072 -0.47894399203242605
9 446 1 0.022333252800807994 0.64367045156128144 -0.73172644454275182 0.22308291275455042 -1.1373207972673638 0.86198332666359234 -0.33065435370154134
8 404 1 0.047524785516000055 0.66798957904110001 -0.72192127522598981 0.17424405134819701 -0.97890519105194562 0.93755347371133924 -0.087403981701517738
7 359 1 0.0027970623328770275 0.67647036412184236 -0.70447209252868137 0.21470699512458655 -0.4056308938813144 0.89967728522438972 0.095115521624797819
6 317 1 -0.1304710836393819 0.66973965796215751 -0.70170381250108604 0.20503133030865905 -0.016822342379001893 1.0399700123362614 0.37451432448336602
5 272 1 -0.48908015627965645 0.62137429421321133 -0.5501194468063304 0.26844586320149766 -0.49214040319286811 1.0380620180129583 0.45445632241209433
4 230 1 -0.38799981236341652 0.68089992549346956 -0.58541924906159781 0.20764329966819542 -0.26432159557147783 0.86860147977389435 0.31999203844794716
3 185 1 -0.073274445237438451 0.50315619740991857 -0.73972417810852609 0.44076392434590489 0.17791132122890316 0.27882910772553882 -0.094041249130152341
2 143 1 0.22230250198152757 0.35638143673707795 -0.70436615964265759 0.5722256393348899 0.22607260876022495 -0.35990434569564222 -0.2159850536722405
1 98 1 0.3590420639178698 0.33859143344945375 -0.61787256943445112 0.61210956982611375 -0.25814253946299592 -0.41874851638765831 -0.25771463522728089
0 56 1 0.337727124272798 0.41614580330936912 -0.60390006270824825 0.58997268935044778 -0.19714203970546459 -0.097671039036776958 -0.10228781885179124
