19 881 1 0.53401203097592709 0.3672965494613501 -0.60874689720860065 0.45754957181233724 -0.68484487091976753 -0.36803140220017372 -0.35426688839904874
18 839 1 0.50662624853849814 0.4063513857570501 -0.535938268014575 0.53942429354142996 -0.64053970976413632 -0.31176512814509183 -0.2166310614137418
17 794 1 0.25894743826610933 0.53877318645191974 -0.66683244457104973 0.4449765933656088 -0.69304530930681141 0.38828841823233079 -0.2859419031170054
16 752 1 0.089123809502439783 0.70757479694620551 -0.65896963804727915 0.23906875462541496 0.14970055290695009 0.84864846052882303 0.20402275046840992
15 707 1 0.13022388733245274 0.7747346545308077 -0.61618143001943171 0.056110600925878176 0.054554898736939521 1.3927566122156412 0.48956562430858175
14 665 1 0.10037939573515786 0.69509602642047308 -0.69553824997684199 0.15163124277491738 -0.7229844164063276 1.2689304310615408 0.55495825330757798
13 620 1 0.11320294557729398 0.61688010735300469 -0.70293916656499023 0.33544083587674106 -0.82696636407154211 0.85307903969411958 0.01043898293853123
12 578 1 0.27840124513347808 0.5465738146811433 -0.69124785253311216 0.38200290336775328 -0.77740251987076481 0.29559533373101882 -0.09716208883798394
11 533 1 0.47245160436590194 0.26048385121345297 -0.67965962940186664 0.49699138116310465 -0.563917166146091 0.072340708405464665 -0.22689587693193766
10 491 1 0.4268850270560845 0.28400238717675025 -0.64261186994176434 0.56935208997876019 -0.24405436408876957 -0.26363805953634362 -0.30063595858314329
9 446 1 0.36916963212780052 0.31817288593620269 -0.5907643886637628 0.64302195487897884 0.66509621213386372 -0.4992955743058326 -0.024604687507902293
8 404 1 0.3836250279819588 0.22536566485370441 -0.56234075982721599 0.69700432197213724 0.37561540203452043 -0.81715926530713623 0.065759167488370518
7 359 1 0.52300105015123499 0.1968797117476781 -0.48918058258632729 0.66963470509178225 -0.058310083285158333 -0.52737998816735909 -0.094290159747554822
6 317 1 0.36097865374652316 0.3583789255217244 -0.61920198641279689 0.59820385931861786 0.10077863416240473 -0.087332926567173313 0.066955337993135605
5 272 1 0.3217038622454747 0.29575401470420759 -0.68078887502474872 0.58784580924356777 0.47597271826258547 0.10963499731379234 -0.065141321635373742
4 230 1 0.077534139966891388 0.48080879920800285 -0.67663382767296587 0.55224814983156256 0.49763571964813591 0.93978101194198804 -0.017616157901968667
3 185 1 -0.033615483254043323 0.58548680420583477 -0.69338733715998391 0.41867553314305644 0.15049061742815173 1.3584753691448448 0.38957917449949814
2 143 1 -0.080216853583403233 0.62217074682466289 -0.69536380231728934 0.35062515686080192 -0.23645760893429116 1.1931896040601984 0.43611234124949422
1 98 1 0.071855064826214329 0.57367821325697677 -0.69985464725103952 0.41944443018620059 -0.045828786309660613 0.80052167229781135 0.25944403871704735
0 56 1 0.20155172406974398 0.47654409876551801 -0.65893042990056117 0.54597922397041432 0.016298540847589259 0.40847362436501611 0.11774051418394629
