18 853 1 -0.31487916622772338 0.7201910616542001 -0.56141888504118076 0.25881418220075847 -0.52066437768022089 0.86595092505377758 0.26420106295744944
17 811 1 -0.15218237860192271 0.63553873079955514 -0.64485408045137715 0.39635118294507543 -0.28504109633598007 0.78471922290796703 0.035199202542186933
16 766 1 0.097012846549762541 0.56752931939667151 -0.67920582950861952 0.45516856261276589 -0.1116973544576723 0.61481140760946373 -0.28498836475912376
15 724 1 0.24501354056935476 0.54680619955831877 -0.71245455044615624 0.36521207347351281 -0.43859323298640907 0.5189904777413209 -0.54632346187263392
14 679 1 0.24518428332504105 0.48011771881309462 -0.74741610180389983 0.38825354352067271 -0.24429459046647395 0.45582449287614224 -0.52941237146000186
13 637 1 0.25428755865691766 0.3809075005067763 -0.70774369931698011 0.53790907191373982 -0.17607351495053322 -0.064511835828960626 -0.61164589837938665
12 592 1 0.36848627681395141 0.32435614455523504 -0.64095641033693196 0.5900727373273994 -0.41564548975276305 -0.08743284342433108 -0.45387033500412211
11 550 1 0.36368183716409236 0.37143796150360281 -0.65080697186425651 0.55337116607560588 -0.50479772637097708 0.25552979202101378 -0.42196575463085173
10 505 1 0.15134154903419972 0.53198311908568063 -0.73264792778078258 0.39663170632505507 -0.63554571555018124 0.78089654605938863 -0.32047112354893653
9 463 1 0.092191999697453897 0.55070330074632323 -0.70668764712516752 0.43453317380792011 -0.58544719789952038 0.91910246101534199 -0.32998123970839205
8 418 1 -0.010565247543864707 0.60774448976640261 -0.67398829266427673 0.41985091646250478 -0.21791775796190296 0.90453565945109593 -0.022179656814878185
7 376 1 -0.016471732951429899 0.51121522616855863 -0.69973189994092533 0.4987614086435207 0.35920365852972064 0.62599711815000869 0.31212283108767519
6 331 1 0.15776433854917518 0.40157639708858772 -0.70496433389625102 0.56291393544458057 0.55992003456011197 0.12290858152587186 0.27693231578133665
5 289 1 0.18111930477851754 0.3701214963673104 -0.75001529946598899 0.5173808325888315 0.52691348519142756 0.083453480211308328 0.02567735383060132
4 244 1 0.0096865925134423346 0.48422443215247679 -0.69301266273195661 0.53400966145309892 0.24977760436628177 0.57612595425433344 0.045963493259972614
3 202 1 -0.11339948705649562 0.62978064832783154 -0.65136775381703693 0.40772164599693228 -0.33077056766510188 0.74106036284524701 0.054462240186776804
2 157 1 -0.048021848588778296 0.55536322477470434 -0.72305493465802284 0.40799160787035815 -0.23073486590031742 0.65225465959519402 0.0026028151924787899
1 115 1 0.08380716272983138 0.51294321405944709 -0.7133235457240481 0.47014374157401245 -0.10858546150767112 0.47796446566922973 0.049758560560698391
0 70 1 0.20807172468419363 0.47378066120617401 -0.66996742290641242 0.53233607307614073 0.010428881102527477 0.26234478822472418 0.10457489276581017
