12 1610 1 0.051957765699269229 0.93176863783715336 -0.28781791845655152 0.21510100404687432 0.42673710369409645 -0.47057303434177977 0.24306734924229875
11 1482 1 0.80838894919259219 0.27552648163153753 -0.21660882960269418 0.47294088391805778 -0.23982052116895813 -2.0955030321702637 1.1314069607545891
10 1354 1 0.18234691939083922 0.87888401925923909 -0.26859072183181443 0.34953040758317588 -0.11765409758710477 0.69508154807106448 -0.53899400287469756
9 1226 1 0.32142240118981202 0.83462416377371418 -0.39800466032874854 0.20416276745528666 0.218016553558952 0.34113192285350619 0.5182923231589146
8 1098 1 0.49804842040470348 0.76476733579341361 -0.33603982977364888 0.23271425792486577 0.18321878335506392 -0.25440366582669421 -0.48827883239112496
7 970 1 0.3308921185863461 0.78949897583412232 -0.36630403254892602 0.36472335920901316 0.14362142262844102 1.2814672254975745 1.4381517981875163
6 842 1 0.78841562427814638 0.42717575306603689 -0.26311981324091333 0.35593488627364406 0.0025199485044589557 -0.49080193838703146 -1.1351389550918407
5 714 1 0.59755765070601163 0.60408862056020485 -0.38987408831231968 0.3549647698786722 -0.16505313668525506 -0.28157213579573648 -0.1764648243130725
4 586 1 0.29583593934613606 0.82802521124237471 -0.25219735674512767 0.40404435373976061 0.16604640732617929 0.39840929157468657 0.0063147135089509573
3 458 1 0.42796695587248268 0.74431426089164654 -0.36783968935424632 0.35711976793554029 0.30758304039051082 0.31278120546264931 0.11491363153942455
2 330 1 0.37042361063883822 0.82345281615845212 -0.35202032590117799 0.24656337602010009 -0.075932866326654802 0.35056778572953695 -0.11124853906064537
1 202 1 0.43791667611032459 0.72184412757686967 -0.41153657046285985 0.34323125067356636 -0.196229188292986 -0.12892154117362281 -0.28000720510826443
0 74 1 0.51487551010161936 0.70101508584475203 -0.37873749863917799 0.31628937010309244 -0.035936519473552704 -0.4925985604859287 -0.4141143628363666
