18 853 1 0.17308901408949412 0.29451736938216305 -0.73278824730604808 0.58849052409012303 0.29472061711388403 -0.12725845381324771 -0.78759873761796162
17 811 1 -0.012433544035643146 0.54075129632271257 -0.67094289045573186 0.50721699523470964 0.32490050719883584 0.44404238505001548 -0.68032019542107258
16 766 1 0.26113390184378765 0.18825669716804366 -0.6270862482610976 0.70931751601172222 0.81956337868319784 -0.49006033164223683 -0.35797320764300933
15 724 1 -0.64590959860002584 0.22105093320662858 0.42023144821386127 -0.59778156988729003 -0.46356397937935284 -0.99459191193404084 0.39953531337944648
14 679 1 -0.51519524824127472 0.1359596095568239 0.49092853089479555 -0.68925903571316738 -0.4294690424001083 -0.94070495221364336 0.14077346501800322
13 637 1 0.51442588942821199 0.080645302810750635 -0.43004177835198798 0.73751366651229944 -0.59635313719355865 -0.7838303407052114 -0.18008484456176904
12 592 1 0.37626843305459351 0.20014044753793964 -0.5270781766726591 0.73522409047948056 -0.51327416021111016 -0.62712538419451025 -0.44268310296239199
11 550 1 0.18201425675534777 0.36667946255916956 -0.67063093917079941 0.61860417514110644 -0.49269988936601072 -0.13789923635732587 -0.81866178590252614
10 505 1 -0.055820820072561922 0.54612692115739114 -0.75181080815633206 0.36525324197452147 -0.74939414775087709 0.62748721993045775 -0.57199080527251334
9 463 1 -0.017946493794132209 0.63278894153035681 -0.74258202219391234 0.21869618001187796 -1.0609806163694171 0.76955839064747167 -0.3258930119037623
8 418 1 0.069548128776951046 0.65482244757811847 -0.73866931719485096 0.14400784619707227 -0.99029968456691797 1.010687727322606 -0.055181315559582278
7 376 1 -0.0074389927772762184 0.6420177055212356 -0.72168504776792985 0.2587056609583725 -0.55265222472877429 0.92876540990737311 -0.10718956923440226
6 331 1 -0.065589459411095508 0.65804945062875564 -0.73489920142579146 0.15030671004678131 -0.051971757812773439 0.91264169188458366 0.41443049443980562
5 289 1 -0.39952162986750167 0.66417619936684513 -0.62263959108987332 0.10757501136445739 -0.39970397737800079 0.93145818372482403 0.7908960303267214
4 244 1 -0.51628494426122173 0.67082664420327021 -0.48938027736586986 0.20963876998654316 -0.57965066764276163 0.84834259549112867 0.38739993909039
3 202 1 -0.15188913247187921 0.60025016070135007 -0.71489019245885854 0.3249022141215408 0.084816803338059812 0.62997876454869861 -0.036342591867605994
2 157 1 0.16881306383595251 0.37272097408194377 -0.73924078143011562 0.53488717691520482 0.25943353224089288 -0.20478047515970441 -0.19562856085719363
1 115 1 0.2998771755255672 0.34421583920354354 -0.66701731034196576 0.58879286964464694 -0.12137765753240431 -0.45719507493976186 -0.3266370990724623
0 70 1 0.3425928230434041 0.36523757459985579 -0.61317542578822504 0.61093990613561544 -0.27903466472159311 -0.11310243220581194 -0.1920348252709182
