18 852 1 -0.30510980428269918 0.72144851552760147 -0.56095361026003521 0.26786394664050195 -0.53141008074683005 0.86242515204396608 0.25078292259232215
17 809 1 -0.16387918090696862 0.63214801118554464 -0.62478965092798089 0.42798410964977834 -0.29274865917541415 0.75036400237847933 -0.011135069680986676
16 765 1 0.10856382669716341 0.56674415716116544 -0.67359740513149857 0.4618240916806533 -0.12677638406743455 0.61971528346958904 -0.30620666220884912
15 722 1 0.25663410069243336 0.53114178639875809 -0.71288488819859996 0.37923934036567425 -0.44193306224281831 0.52177444162800068 -0.56648988673165546
14 678 1 0.2404003919451807 0.47897810519265255 -0.74695919511529629 0.39349661641667077 -0.23072755037314316 0.4663722602247784 -0.53246259036197852
13 635 1 0.26348394731977393 0.37441744342110578 -0.69989214636842445 0.5482141652845115 -0.17700450323221689 -0.081543456338264833 -0.61935930566015351
12 591 1 0.38445123960752398 0.32409712082657854 -0.63024427078434409 0.59156610770028961 -0.42641414458372373 -0.07474948478534213 -0.45680036592363699
9 461 1 0.12734177880515427 0.54492066788610527 -0.69494276199100147 0.45155298098630514 -0.54579042714265058 0.89899818306714452 -0.33789509969783699
8 417 1 -0.0052988072364678791 0.61274840133838637 -0.66381445713918297 0.4287909581510953 -0.22219077421669131 0.90368819386512678 -0.030682215902817996
7 374 1 0.0010151801442228583 0.50348756850485621 -0.70812174431252073 0.49503821367863693 0.38272789229717213 0.59053291203244329 0.30910974387469858
6 330 1 0.17105261927946477 0.39755594875408973 -0.70090212916959227 0.56694486008200329 0.54751038234333305 0.11924211395613266 0.25118422367266735
5 287 1 0.18940258899364004 0.37088917156139756 -0.74756744634151273 0.51740776460296367 0.51547362671073094 0.10838322939794472 0.0052019187139635435
4 243 1 0.015467483913079201 0.48624914970247995 -0.68536100916682563 0.54185127892148088 0.22794873224751794 0.58641642409275718 0.023101803802994654
3 200 1 -0.10903448286163163 0.62677953510972362 -0.64919245311767193 0.41690293202350415 -0.34362030584852865 0.74776329906283934 0.035818751957877489
2 156 1 -0.039957157666858173 0.54710076575467426 -0.72035758306328457 0.42446334374720507 -0.22269910390541628 0.65538398869879311 -0.018172881170187612
1 113 1 0.097199843922244289 0.50592489686673114 -0.70651472374699065 0.48521040199133436 -0.10768102555541047 0.47329893733584155 0.031324862909861334
0 69 1 0.21672239780697769 0.47302102612185554 -0.66320633747583457 0.53799615711202853 0.0033179744565118136 0.26345777354761635 0.087945660738784653
