18 853 1 0.17201134595668069 0.29276036966216301 -0.72991617393156016 0.59323337890796179 0.30292962599327983 -0.11998370715391997 -0.78564165961132315
17 811 1 -0.014998965565297472 0.5398350272248994 -0.66535196132133834 0.51542210078625017 0.32595816984439596 0.43691888750528496 -0.68666108382491708
15 724 1 -0.64563198935708133 0.21342290956096291 0.42130862368595695 -0.6000908594547959 -0.43573428201100534 -0.99089150716408037 0.38811492333952718
14 679 1 -0.51602858332642731 0.13387662479826457 0.48655410021853096 -0.69213918981898515 -0.41049165703806462 -0.93530176814408816 0.12292042548952398
13 637 1 0.51493787062611629 0.085981060454276809 -0.42371304768055468 0.74021179392350633 -0.5875436598094177 -0.77637254598026129 -0.19845447968509569
12 592 1 0.37305868519566099 0.19686500521349354 -0.52526054289927726 0.7390350121581063 -0.47665134183972507 -0.61677303249890159 -0.46018619619370732
11 550 1 0.1803122624216548 0.36391899869771405 -0.67082204085813513 0.62052255390611222 -0.46366479169904973 -0.11445497873953006 -0.82094100615318943
10 505 1 -0.060235143312720799 0.54319251479317954 -0.7501327641258918 0.37230962325409589 -0.7012313283179763 0.63767133394381204 -0.57935324618149042
9 463 1 -0.022730859425948442 0.63150756645779316 -0.74332472330243859 0.21943075733284756 -1.0266048281038254 0.79362052967877683 -0.31985910945908269
8 418 1 0.072832436645504192 0.65402202077442695 -0.73834411537467648 0.14764348887099676 -0.97589781180937951 0.9954621038330872 -0.060120175781246572
7 376 1 -0.0068378424783198952 0.63964924629866493 -0.72218210000850114 0.26316363739525872 -0.54609152638649283 0.91871324891473438 -0.11583734209450812
6 331 1 -0.068182487488820553 0.6566477923472186 -0.73517744614437219 0.15387965390525038 -0.055261615714317626 0.91514928909338233 0.39890879587521855
5 289 1 -0.40258703929717432 0.66018874817027662 -0.62394935344741442 0.11296768082886349 -0.38731245991053931 0.9285850796830597 0.7693708996764782
4 244 1 -0.51933678664510086 0.66754798746636423 -0.48946483498335092 0.21235150524888935 -0.57832030754460251 0.84718030730207883 0.37768723325731551
3 202 1 -0.15413768538287134 0.59891164750218007 -0.71376713708077644 0.32875961804112663 0.081628285963253042 0.63699413568462782 -0.043429581096745301
2 157 1 0.16652424350003942 0.3718572847941507 -0.73699130068535013 0.53929181227455836 0.26696015412147062 -0.18724048158979842 -0.21087639825867227
1 115 1 0.29840863341819956 0.34408280959504417 -0.66403591984867494 0.59297184148438908 -0.10778065093557802 -0.44139681063645703 -0.34143555395889708
0 70 1 0.34044306634641308 0.36635762514105374 -0.61034986681585324 0.61429117619865692 -0.26408535151668738 -0.10677663490906651 -0.21209743733516398
