19 883 1 -0.2273406892062263 0.68103138858998169 -0.6634280906283837 0.21065523338292935 -0.58654871383688456 1.028657863443966 0.32168230309206264
18 838 1 -0.30724292950053894 0.68306883345702918 -0.61181160267977064 0.25437239209079049 -0.4883961852069732 0.88266889739308074 0.25039009803901791
17 796 1 -0.078992001394694408 0.62231707060893593 -0.67011246605617814 0.39677576813671606 -0.16868853350107668 0.70602534094850167 -0.040212009546150049
16 751 1 0.14948757024173565 0.57081894676890355 -0.69272290039542406 0.41467358201435195 -0.253069249550259 0.64907042231862755 -0.39816538331230072
15 709 1 0.34675839146378029 0.47375357671338997 -0.6952568656415451 0.41464931843549013 -0.52022211409433161 0.4737412823546473 -0.56139660415293646
14 664 1 0.18083311414083006 0.42911318043724905 -0.78172937603403347 0.41480169460912186 -0.13094923280218129 0.40457531593935908 -0.51116288523530473
13 622 1 0.29876172117898853 0.32994661517391566 -0.69445387273692594 0.56534103312437001 -0.27850328422741916 -0.21231465332183039 -0.57191992105534084
12 577 1 0.37581772606834862 0.33378098640117299 -0.64315777556334119 0.57766717547588808 -0.44217644978582449 0.037844668849523262 -0.4292272482778659
11 535 1 0.31064114342871185 0.41637056580082465 -0.71511563308270043 0.46770424764452601 -0.49209195592377425 0.48501810189671285 -0.39562328908161082
9 448 1 0.1300310405952147 0.59461059643172764 -0.71612335803714833 0.34161016256316068 -0.42145092972357329 0.98816056129386165 -0.082857375991918378
8 403 1 -0.045203637276589326 0.64448215632708117 -0.65161527003305086 0.39748826550316729 -0.082028842868021618 0.85265169018693132 0.14857356882356273
7 361 1 0.060131640258091174 0.5025847543773736 -0.7169429977552505 0.47935945643850769 0.51020874935199256 0.41631270940226162 0.37572263232920533
6 316 1 0.20123979050397389 0.34115065423547242 -0.72288922476529904 0.56617130495182377 0.53691320551383848 -0.0065959759293560544 0.19234607951619354
5 274 1 0.16323833839054974 0.37452292506398871 -0.75418819737809661 0.51408752797221557 0.51265623715510655 0.22507286494810516 0.016653823961032713
4 229 1 -0.06024042321336856 0.54016476592039209 -0.68239691011989512 0.48880218302301204 0.029937163087077119 0.66687049458115899 0.038174294537643559
3 187 1 -0.13224650560262791 0.61074509087679685 -0.67801956206622338 0.38702812453530283 -0.37254178987458064 0.7520549194648446 0.034303545142521832
2 142 1 -0.010002870361121692 0.54404107523232015 -0.72309890109680197 0.4254964515447775 -0.19409210846180583 0.60174182661409303 0.01549928200317934
1 100 1 0.14037554901534557 0.48271289997908362 -0.7112504355993754 0.49133062116269755 -0.06641411672409897 0.41049598981012975 0.064283662916314002
0 55 1 0.21759207183935059 0.46988428725922249 -0.66329568201887956 0.54027889564063192 0.021032995679871137 0.20157147248420684 0.092857483092476753
