18 853 1 0.52316550285771435 0.40329022724883351 -0.60872011106516943 0.43944814894368006 -0.59367241726480224 -0.31671863012629803 -0.2692894289828161
17 811 1 0.38410041811911971 0.48284992421217932 -0.61202087663930282 0.49472544511746058 -0.67706485204876043 0.042964479941230482 -0.25759490426689152
16 766 1 0.15211016351031023 0.67793764463293338 -0.68440128441480164 0.2210382999341679 -0.25888317789448101 0.74992504549675842 0.10356729497099285
15 724 1 0.011503244241837829 0.78237327552786839 -0.59569187717788918 0.18141367251667995 -0.076501802709307301 1.2873473838338463 0.50500587710998257
14 679 1 0.21067172508169787 0.67956820302002097 -0.68562454737646461 0.15402422449101688 -0.29322288531360868 1.4289440206605049 0.24808061382400101
13 637 1 0.037459695653691685 0.67869353073943972 -0.71485309662154972 0.16418560468124896 -0.90275984006860011 1.0332186224730135 0.56748821032832886
12 592 1 0.2341077620823562 0.58060617017200766 -0.65761392268071517 0.419087054903235 -0.80359558680353438 0.41815471338796795 -0.13570222346363606
11 550 1 0.33635073231595614 0.36393131214463864 -0.73451447390167623 0.46358459049039302 -0.54748620812030058 0.073008764750424907 -0.35067666011796961
10 505 1 0.39278246289731 0.31560679232338223 -0.64131382887934119 0.57864571403215981 -0.41684424031616307 -0.21798536276675487 -0.3646439854831155
9 463 1 0.44052264285269921 0.35981828646152886 -0.5481076901045413 0.61322798526341438 0.40360100597102255 -0.41955457189649714 -0.24161185581229547
8 418 1 0.37875900813752844 0.20185036342065518 -0.58862833305830886 0.68506549326514898 0.46516567016866417 -0.7405257443559673 0.12244064321801179
7 376 1 0.47083926185284697 0.25620604604555591 -0.53410460838677409 0.65375922078971804 0.049735778450376161 -0.75091657689522484 -0.14271304917432631
6 331 1 0.42661952880791182 0.35235172060168574 -0.57682299003812465 0.6009320101244604 0.013040691640199095 -0.13390421016084555 -0.070312577860473208
5 289 1 0.33046433975781425 0.28513726304277631 -0.64861757690609245 0.62352650328705039 0.26041302093427221 -0.020464202031496886 0.099087604914226066
4 244 1 0.14334658788599991 0.40269566005981577 -0.71229187379467518 0.55671199702943441 0.5734376131563419 0.68056013963709006 -0.0090276652169378087
3 202 1 -0.0060491739268141373 0.58333940480700452 -0.68540842987125283 0.43576809263143262 0.21349013320289387 1.3421638573706864 0.32067275705832921
2 157 1 -0.073552386945747353 0.62821098457670466 -0.70268104991310698 0.32585326041757512 -0.13850685788246911 1.2662750822983693 0.50965937526516614
1 115 1 0.039492216804220659 0.58168815550504016 -0.71037320502254808 0.39427042007107965 -0.080184333907981006 0.98376909336764062 0.32219334835507507
0 70 1 0.16804126142771772 0.4975994582181788 -0.68676639825505592 0.50250256503478119 0.048891270994180801 0.54952081606102521 0.090066999928226379
