19 867 1 0.26900169360374587 0.28922014943147706 -0.68149144315626009 0.61608376614381632 -0.016505026443154814 -0.34655440328955051 -0.77647699431251083
18 824 1 -0.035216057202076531 0.54739857826756044 -0.64358302711572002 0.53377477744303359 0.25304478272915321 0.51673637074933709 -0.73962829079472392
17 780 1 0.20046711764306616 0.2721263048031981 -0.66580019546648062 0.66518441705652898 0.69821857989931946 -0.2398934176950894 -0.52845739815314186
15 693 1 -0.56827620678987456 0.1312822515836588 0.45434683988258484 -0.67334691824077253 -0.42353325254484403 -0.96978980169099394 0.24670939914347914
14 650 1 0.4898778231971429 0.052841376146952432 -0.47794683601515192 0.72718245939353532 -0.4906861177906145 -0.92119835527863914 -0.16673805436377329
13 606 1 0.40242282341605573 0.18647563844560441 -0.53565135262365304 0.71858217059192686 -0.49011967354941494 -0.56993580754873274 -0.44370968881257694
12 563 1 0.31678542422855732 0.26505576156091099 -0.6057468887859857 0.68004642855160791 -0.5667379820945363 -0.37057586768816675 -0.60573659489518561
11 519 1 -0.054811258165870631 0.49066488029761079 -0.76520255033401918 0.41316916412423432 -0.51716741461077531 0.53028782284453124 -0.70463519763221083
10 476 1 -0.067186237205318466 0.60515654703154942 -0.74946998733042836 0.25993518654843617 -0.94859542555444731 0.76075149437304734 -0.41051222537045962
9 432 1 0.03281302132367047 0.62587282854559112 -0.76114796913602567 0.16691398143971389 -1.0080903720489742 1.13830400909587 -0.16353432802084375
7 345 1 -0.025974764138187324 0.65392484624418012 -0.72179760614353816 0.22520173813261024 -0.19128073799168219 0.93011681081956987 0.23832292618375633
6 302 1 -0.29128152426523041 0.67416791869122406 -0.66333353726699695 0.14367083686719725 -0.22038462360724387 1.0446759592679997 0.64803711584074175
5 258 1 -0.50060182600507841 0.61827721621018106 -0.50136393275067459 0.34024300529554952 -0.50655510295036521 1.0525288903599841 0.23818018044251821
4 215 1 -0.22338666286580369 0.6141329015695679 -0.68791768419841703 0.31576642923292225 0.036061128878665236 0.78910204461550859 0.039197223544458051
3 171 1 0.051433625643631249 0.43071360869804332 -0.74642410887468458 0.50466961383274578 0.25791389139318166 0.089755147518705405 -0.14443258379072732
2 128 1 0.24258317216849873 0.32379978448571733 -0.7058580864406323 0.58143913349037701 0.08930624670999579 -0.39457262564408857 -0.3054874798935503
1 84 1 0.37954293345797324 0.32532063413762957 -0.58840726801453713 0.63552382615766345 -0.24902791874613084 -0.34367331983634231 -0.20415476904508248
0 41 1 0.31115301318832278 0.37268600383944261 -0.61769490155411311 0.61866142074649277 -0.12593711216894821 -0.11437232893002709 -0.096040113312288206
