19 883 1 -0.21318096239366729 0.68496968962644 -0.66105633578727063 0.21994299825517455 -0.59719146353287966 1.0160060045708315 0.30649906337398403
18 838 1 -0.29567720800113656 0.68433647579513046 -0.61075773681843004 0.26689616610469097 -0.49031455962103593 0.87259574170660714 0.22829000204454084
17 796 1 -0.073201069930776158 0.62166249577425237 -0.66649771781035816 0.40491744450233497 -0.17398994060547013 0.70683600824887716 -0.047027427904176654
16 751 1 0.15404995037701064 0.56967952597745752 -0.68887617291640735 0.42093166768370355 -0.25021790840429842 0.65436293283597968 -0.3991342883887109
15 709 1 0.35471031610129272 0.47106814722311641 -0.68751546955929943 0.42378989067668599 -0.51218778002164589 0.46778433347865789 -0.57204258719734624
14 664 1 0.18901949044208735 0.42959705960463862 -0.77604805578784253 0.42126881408427574 -0.12932868840573275 0.40829836105691014 -0.5113504409353905
13 622 1 0.30834761223766288 0.32938736717311035 -0.68834833638966042 0.56798088010397441 -0.27763418497625764 -0.19855879107780086 -0.57859317136711563
12 577 1 0.38337568935751781 0.33191197325370458 -0.63770389006381289 0.57982003364661405 -0.43514774821624108 0.046813147342533591 -0.43876394816207431
11 535 1 0.31881766855478283 0.412352303822554 -0.7081228023916748 0.47632233674528229 -0.47995942718446272 0.47826648639688057 -0.40805317654911666
9 448 1 0.13782326180689072 0.59386751171937557 -0.71164186474742297 0.34913032433169905 -0.42055925492716029 0.98469283674176133 -0.092030633998475705
8 403 1 -0.039467342451408996 0.64347339430346362 -0.64799083733104657 0.40557637312645806 -0.089053399428999799 0.85009762193867588 0.13799476220171114
7 361 1 0.067332495062399772 0.50066777716699351 -0.71246725257760446 0.48702004683570654 0.49996885409411213 0.4202116010387596 0.3571637565746254
6 316 1 0.20903879817218002 0.33859016847594381 -0.71769547675305734 0.57146538068229846 0.53125295578387088 0.0017739312169398251 0.17438554330263761
5 274 1 0.17122746166808722 0.37267773531177262 -0.7490418095610295 0.52031608614680636 0.50674248821739987 0.23057445316059696 0.0036315117077758098
4 229 1 -0.053601203683623797 0.53791412625865009 -0.67912965606788767 0.49654628584269195 0.026797225007665831 0.66759409514084567 0.026670712707555305
3 187 1 -0.12620983722176179 0.60935214933706283 -0.67559129860008982 0.39539528619168263 -0.37206580751645457 0.75265966462212364 0.026591570325767172
2 142 1 -0.0030591699628550696 0.54292919023192887 -0.71960625682416857 0.43288031950268813 -0.1942036924977307 0.60508417631221723 0.0060615855372328871
1 100 1 0.14799796604976975 0.48148064050111161 -0.70608836299594968 0.49770696047922663 -0.067675756611591018 0.41402574236327816 0.050374125057290636
0 55 1 0.22537160103354634 0.4684716872714359 -0.65704982164014891 0.54591890565841228 0.016407207533693045 0.20620396777548186 0.076636938221849929
