19 19 1 -0.22142176771348066 0.75367080749319504 -0.61386960295557857 -0.078210135419610943 -0.41472565098190112 0.31940298459035388 -0.0064652124840118815
18 18 1 -0.14110618252131535 0.70010948266969297 -0.68638325212358076 0.13716336513258154 -0.090206724361840601 0.13964307976682178 0.0029770713814635434
17 17 1 -0.2538033050496466 0.65244698668821477 -0.67419567621129806 0.23528068787160436 0.18278904044533231 0.037167593322833724 -0.018477182662063458
16 16 1 -0.46393042711600002 0.73509681830168716 -0.48599047445441163 -0.090633797549688852 -0.090619158683108755 0.69994710367952051 0.11088145139632215
15 15 1 -0.27694944349650757 0.72677264288537924 -0.61336725548210447 0.13740866494776535 0.12753154817382015 0.25885710509136972 0.0018746856296444497
14 14 1 0.042572949235941071 0.4592254609676249 -0.74744057072045011 0.47815490506060232 0.10075903863967395 -0.5531671031273323 0.093927021366668514
13 13 1 0.17653398131964365 0.47430963528964309 -0.71455622748020953 0.48298604646520876 -0.16448307369304119 -0.77285493846808406 0.17206448609375236
12 12 1 0.096154866496564018 0.51701910710560672 -0.6960984056374141 0.48876629814851119 -0.076943787212087708 -0.72202614893005979 0.036511284585619586
11 11 1 -0.32033760626202662 0.73252463528893141 -0.54827146445550901 -0.24533625490934804 -0.61815453378477792 0.6798978347295983 0.11920740069952927
10 10 1 -0.15844407919863437 0.74708396670970578 -0.64550207129304782 0.0093859687072730038 -0.27046934095411934 0.2061750494322806 0.00082954246640545533
9 9 1 -0.4084553516625577 0.68163322996164211 -0.58726182942590677 0.15383078108627635 0.33281675440706687 0.39583591768205112 0.093637128446643597
8 8 1 -0.53083754478825917 0.73140001024863954 -0.41935153847962886 -0.086080271992090923 -0.080853908895172258 0.81233404095846384 0.14865593969100821
7 7 1 -0.33223277031387793 0.74352707103835425 -0.57548829280334524 0.074847216441112654 0.028591902937347112 0.44521934364779103 0.0089696064621464702
6 6 1 -0.22101470019948469 0.66630732508282875 -0.65642208185205997 0.27621929927813771 0.23682163627046843 0.0075502358246083492 0.054651039052810164
5 5 1 -0.022258124850501361 0.56340045802541305 -0.72403776730578406 0.39730820692473734 0.13492730919312315 -0.43875616465533468 0.03041865597904413
4 4 1 -0.11503020852058429 0.6486396171035631 -0.69741266776699706 0.28222379256464858 0.24897604710034932 -0.15537396921263563 0.09910098528070925
3 3 1 -0.10416036789532777 0.66462979264660915 -0.71853354766368494 0.17642958189678601 0.34343884294689642 -0.056833153291372 0.040497575246956255
2 2 1 -0.14973925472045532 0.65853183311429875 -0.71482866593385785 0.18147715759870431 0.32604271837056509 -0.019246514375548491 -0.072109798949532539
1 1 1 -0.24488828825413014 0.67506202701532569 -0.6605182957331347 0.21917245940062094 0.22032688183579061 0.11553231442164624 -0.20566562593503754
0 0 1 -0.13165334892578678 0.6927477099961401 -0.68235162557761786 0.19278035450561665 0.030765817162843784 -0.046940771533675325 -0.18181598460497123
