12 1594 1 0.025505577605500925 -0.64905120794484128 0.74131956797492538 -0.16890024604429194 -0.03192154696789927 -0.56718077063424099 -0.15002998045206711
11 1466 1 0.025222180712772751 -0.65383894458712533 0.72818203398865566 -0.20398382660748057 -0.050067833114625204 -0.58638272782055179 -0.11085156001785368
10 1338 1 0.081503454435328818 0.66471316064840069 -0.74174280737817833 0.036485732535614726 0.20804726440569285 -0.40502723524973 -0.065482295434721602
9 1210 1 0.006131441519234425 -0.64244234996969996 0.74217355167315935 -0.19081051225536361 -0.085233897059503641 -0.41887717603863639 -0.074256695713285345
8 1082 1 0.040737639260285827 -0.60547603727272159 0.76880128813279547 -0.20170223697662648 -0.0010791888400566857 -0.31935565355326373 -0.13703231397575963
7 954 1 0.080673031779092741 -0.67964981367125521 0.72736120844888275 0.05013646541170251 0.21153840336273105 -0.13129092437720324 -0.098891224835786759
6 826 1 0.29252366536511321 -0.73087573859435329 0.60319056068183163 0.12810818646696873 0.22365934420595177 -0.27105328424436514 -0.24465788918058887
5 698 1 0.067757421044515945 -0.66172287120775264 0.73223660397348223 -0.1461551552814549 -0.081291222423336515 -0.2642644180252629 -0.0072430430185397941
4 570 1 0.043599078658528093 0.68841814151499003 -0.7158750120248617 0.10817832468465566 0.061152330355977925 -0.0035651055491850792 0.035402717664668695
3 442 1 0.25629635446507842 -0.84748007089592658 0.45956813492322951 0.069905918814722315 0.14878267793828595 0.3130567140892232 0.21068879542511637
2 314 1 0.27763006775165577 -0.76494674004859176 0.57745714464669895 0.065736416587191329 0.19951287223462999 0.32651732791276317 0.20273238180537304
1 186 1 0.26722982022434616 -0.74941269905160646 0.60537357586187068 0.022173482614644722 0.065049321946237706 0.13137591782783156 0.081687208839859249
0 58 1 0.1464184859164134 -0.69972787211776033 0.68627868674539783 -0.13403020585863729 -0.024646009452742208 0.048440538537410233 -0.0014912813445668149
