18 853 1 0.52380282088915742 0.4028097742172545 -0.60800123991964605 0.44012428117496394 -0.59380688260761494 -0.3192238545300829 -0.26630193716557982
17 811 1 0.3841998100730164 0.48210252790794811 -0.61172151527486673 0.49574635275959938 -0.67554341812626983 0.041230370830359069 -0.253931890762017
16 766 1 0.15227980190876611 0.6766439769729764 -0.68506746045828315 0.22281464264733586 -0.25449788397319084 0.74860164273900065 0.10285793546417943
15 724 1 0.011750917213331045 0.78217656910680156 -0.59563327776104258 0.18243554782058011 -0.074273151096933873 1.2862967504918439 0.50537781560530426
14 679 1 0.21309857044430733 0.67855059916625926 -0.68548170715785495 0.15579766621376567 -0.29358515547094333 1.4278462800926324 0.24280779486719542
13 637 1 0.037808410337773921 0.67839891406824304 -0.7145595495455983 0.16658357557679815 -0.90148417817618443 1.0306752525246645 0.5656247179827939
12 592 1 0.23272222466006548 0.57906905895364946 -0.65805800381564761 0.42128263045842534 -0.79808490696882517 0.41668710379424495 -0.1379353329476726
11 550 1 0.33683643420640669 0.36290889424929934 -0.73401367337644308 0.46482499756605644 -0.54707940623566365 0.069608033533526639 -0.34827331787753757
10 505 1 0.39306641184500918 0.31488156634161435 -0.64114692020970143 0.57903283306143893 -0.41650635443414497 -0.21860665899100035 -0.36228694720238169
9 463 1 0.44070852373229413 0.35920804383704846 -0.54772009546285205 0.61379823670211642 0.40515510771256696 -0.42016972532430985 -0.23867529011512756
8 418 1 0.37903535939017019 0.20111292697327712 -0.58820112133636315 0.68549633682088396 0.46556932873278384 -0.74122735803590822 0.12596343658136736
7 376 1 0.47105025701612613 0.25550744242736773 -0.53362942682664638 0.65426847475171213 0.050629020364479159 -0.75154393617738846 -0.13957047260467226
6 331 1 0.42680618488999578 0.35176506414653297 -0.57638889530904791 0.60155935829313456 0.014193104894090144 -0.13460917050843815 -0.067239926563683314
5 289 1 0.33069664426136469 0.28445859534708279 -0.64825735923337524 0.62408768070456866 0.26099484778583792 -0.021268134850752036 0.10244350125496347
4 244 1 0.14367999944141771 0.40214157548690799 -0.71205484900350235 0.55732943851551675 0.57395270078117511 0.67929621993659273 -0.0065386842537408767
3 202 1 -0.0057135346886647989 0.58287202140094962 -0.68527861734751694 0.43660139577835499 0.2147003351560898 1.3407782450034129 0.32258558555660788
2 157 1 -0.073236634378791243 0.62780611131789799 -0.70266114515820666 0.3267463803345404 -0.13720731523050883 1.2646313136211103 0.5109705835658509
1 115 1 0.039768281946922848 0.58118645839086425 -0.71027005432959811 0.39516734968454076 -0.078906685289548598 0.98204908907262134 0.32394253792170857
0 70 1 0.16825259607994927 0.49701313846449668 -0.68659854408651455 0.50324093967433425 0.050010581664528889 0.5480817218546391 0.092646834102919587
