18 853 1 0.52281392988411646 0.40398025439945273 -0.6086495040936637 0.4393305474708275 -0.59380832497361002 -0.31506254078064516 -0.26899120403060794
17 811 1 0.38352157418172123 0.4834995737558932 -0.6120873328028078 0.4944577447440669 -0.67691345449369467 0.044978303456427511 -0.25762124865773156
16 766 1 0.15173564014062524 0.6784938212451006 -0.68408993591056444 0.22055246457298122 -0.25995688301573661 0.75010690010710923 0.10499291864069162
15 724 1 0.010886787337173492 0.78280777151235448 -0.59525266864451853 0.18101859350054531 -0.078368503763386846 1.2859681158846465 0.50551855740365259
14 679 1 0.20960678073898151 0.68043666631226396 -0.68475492726571241 0.15550443785121482 -0.2967468285516805 1.4264483103750811 0.24471725709983611
13 637 1 0.03658294597019407 0.67917947152995994 -0.71446214972334787 0.16407550130692508 -0.90329877671075909 1.0326850881230667 0.56800652298360621
12 592 1 0.23332826998227646 0.58138479114229058 -0.65776790111102101 0.41819975050628044 -0.804264941765096 0.4206967517581246 -0.13386370329610353
11 550 1 0.33566667357258889 0.36450296336278337 -0.73465122919629955 0.46341455026016243 -0.54664143130568221 0.075353726721476791 -0.35061758466331072
10 505 1 0.39216935008924797 0.31632003054676211 -0.64156697355425962 0.57839143974465979 -0.41620814999785494 -0.21517706312436305 -0.36536429599117781
9 463 1 0.44017348903589809 0.36095793096257267 -0.54812332331147995 0.61279482216086123 0.40164982178380404 -0.41650215135416302 -0.24277416982027458
8 418 1 0.37833753341082932 0.20263692262006319 -0.58850982437119803 0.68516799036605758 0.46465902581214724 -0.73816868992575801 0.12102238491594151
7 376 1 0.47040741970029193 0.25696367733496273 -0.53407829764071513 0.65379423369329448 0.049808373921994338 -0.74861648970890726 -0.14386142001957508
6 331 1 0.42622299734089192 0.35322500568167159 -0.57684371499917697 0.60068076410425975 0.012280730019653728 -0.13180062994001579 -0.071312156189006021
5 289 1 0.33001640444103358 0.28597505002916473 -0.6486178018943648 0.62337981249504026 0.25971055470589871 -0.018424391895976756 0.09797272023891633
4 244 1 0.14287013993823031 0.4034815716423385 -0.71204228555786198 0.55658469978664993 0.57161618727387231 0.6816073056784635 -0.0095950520339468503
3 202 1 -0.0065746552592316808 0.5840011972323389 -0.68499206460048279 0.43552869822066281 0.21126141101787857 1.3416707477743064 0.32027848474811504
2 157 1 -0.074239073589351737 0.62874621274326381 -0.70222154124474212 0.32565574910548778 -0.14034084563228527 1.2656312523436575 0.50944088671590815
1 115 1 0.038858686747611504 0.58224616761710701 -0.71005248677024013 0.39408738725166131 -0.081572022061985217 0.98391692363458527 0.3220247944001064
0 70 1 0.16745949633839427 0.49832169848205127 -0.68653811806929721 0.50229295669551521 0.047568464519834076 0.55071160351889337 0.089752678957923063
