19 896 1 -0.1189595682268985 0.48996100356894579 -0.82117097362657987 0.26732951236658531 -0.70728757966392386 -0.57357336786562874 -0.78179239351932606
18 852 1 -0.044124648002302487 0.59493928040912847 -0.80141064920020055 0.042909665734592123 -0.75312409886733611 -0.4739934472286797 -0.34651699309906348
17 809 1 -0.14225156579267406 0.68770228008916678 -0.71164251675078893 0.019874464578876608 -0.78332792111889737 -0.1007646679639545 -0.38024884528299518
16 765 1 -0.37742543422079916 0.63071911721178131 -0.60822091788925925 -0.29968442039715615 -0.27998079266695997 0.69519298071633118 -0.1094496925731849
15 722 1 -0.39453519556290828 0.67538882576441273 -0.44947012219285154 -0.4314725052082099 -0.13226082864347041 1.2452718916606933 0.29328463478912964
14 678 1 -0.32250427947127869 0.60734004921057871 -0.62945907258897082 -0.36181532621357565 -0.4796483852062004 1.3311610936897733 0.065429867804245243
13 635 1 -0.46749293976995315 0.60818264009986756 -0.54456277057864333 -0.33913952356827076 -0.96657562244052875 0.98534488269353582 0.28568534217000302
12 591 1 -0.27912709948956416 0.70882872330527258 -0.64086355165829745 -0.094571726767956665 -0.86751616809506504 0.25276732086205328 -0.31642898364740613
11 548 1 -0.26399463821396146 0.57276072909386777 -0.77193812221337199 0.079771634531541638 -0.65776750390176075 -0.061396667290634567 -0.49705663263773558
10 504 1 -0.15483848901691655 0.63243305322066745 -0.7302384800322792 0.20689426718275578 -0.50534010251176043 -0.42591007627793531 -0.4597223650566355
9 461 1 -0.083257375964008729 0.68556323953396459 -0.69666227153998306 0.19424966759311216 0.36629459044116169 -0.6185915954720802 -0.29823962386081837
8 417 1 -0.12899997217542936 0.61822420459899119 -0.68478880319658431 0.36362361727928655 0.35948230383450996 -0.96285739534837167 0.062577342589332244
7 374 1 -0.025620851561548391 0.62283264044071729 -0.71864207379702005 0.30818280895537303 -0.10541923515014881 -0.93553701014674717 -0.17449338001460543
6 330 1 -0.089238896370396836 0.67431245551931196 -0.70762585843627368 0.19132374703218688 -0.083584769451520768 -0.34003741168001389 -0.13037923710886667
5 287 1 -0.23390427369716948 0.63584105432612159 -0.69425959157071604 0.24289619982969735 0.2045989527383989 -0.21533111460162407 -0.043197381140502748
4 243 1 -0.3898932382300721 0.67972064173105073 -0.60994535912094638 0.11802445032287368 0.55983692650984385 0.53185247002955172 -0.19773716815363751
3 200 1 -0.48276563620836227 0.72204250401160464 -0.48608043115531752 -0.09652863484400738 0.22334128666924033 1.2510408725986439 0.113428296422196
2 156 1 -0.54133815155116594 0.67787011975338196 -0.45501884329253345 -0.20100487225295668 -0.132173342746743 1.2171726347755019 0.26673166132676934
1 113 1 -0.45029719679309127 0.69781697496714679 -0.54603845573700049 -0.11011770459075268 -0.078593781995195594 0.87156507377191439 0.072197382935590138
0 69 1 -0.34738684992211916 0.70859957514189276 -0.61382973820092834 0.020544369303924337 0.02226669955759978 0.38444330363474083 -0.10241724603753749
