19 868 1 0.51743776393324514 0.39822492410428567 -0.58963641333721717 0.47539874878329397 -0.65473687650575763 -0.41039533828718133 -0.28381092480719466
18 823 1 0.43285751714065057 0.44575290187686084 -0.59493900130598276 0.50988852217737657 -0.66844252545410454 -0.11381356103365266 -0.21610686246237132
17 781 1 0.18881884430695309 0.64157288301278281 -0.65556984234124105 0.35065632980160644 -0.72529350057844655 0.48911820332952749 -0.10425471389831484
16 736 1 0.033472530820824513 0.7441021954016418 -0.62187824701408678 0.24178287443405133 0.05347016126127993 1.2114146501175533 0.37383159532370036
15 694 1 0.19560187171283319 0.71366912146211425 -0.67083677926736862 0.048931671094643213 0.057339223156629808 1.4737376218793106 0.38858849829007325
14 649 1 0.0045262531174301446 0.71145343736751354 -0.67947328866106671 0.17924723006724896 -1.054613653329207 1.0812514054538602 0.57056494550008385
13 607 1 0.16127873403486051 0.61710518452850049 -0.66914381294818959 0.38133570350718093 -0.85525673898550303 0.65000869316290455 -0.11581781434127499
12 562 1 0.38830871074406204 0.40790640241359061 -0.7033454586392458 0.43374402340762586 -0.62685998070673865 0.15687388592480914 -0.2482535671491457
11 520 1 0.43400790468880462 0.30579287324582749 -0.6742962140052069 0.5132762152271807 -0.55712072156628756 -0.069639610741991403 -0.32022160877819167
10 475 1 0.47163544108641708 0.33660668439762148 -0.56624484347106641 0.58619342197988589 0.060062252478550723 -0.40212424265173052 -0.24717924857510901
9 433 1 0.3497973282990065 0.24869058717446518 -0.60614917512560351 0.66961033329858888 0.58314168948687306 -0.67135441939848661 0.079997765085619135
8 388 1 0.4567758749420987 0.28625569047129734 -0.52158494404441313 0.66133397454679987 0.16199795057603342 -0.85657081950388669 -0.077306387794356057
7 346 1 0.49072911104117756 0.22475255731129573 -0.53411243716133705 0.65068819877752915 -0.048947091853921279 -0.31516650104532634 -0.14411847981590992
6 301 1 0.30500793746485688 0.32325975811077884 -0.64469457929626073 0.62196638678919958 0.1740607243532388 -0.037204257518732353 0.13552612367150632
5 259 1 0.23544974347850223 0.36078103216820823 -0.68038863208830513 0.59285054984250007 0.55721753725302836 0.41074237038471956 -0.072418566227894748
4 214 1 0.037715209486086594 0.55747049310924801 -0.67539140735083125 0.48130100681654109 0.32673048375544428 1.2201985386928267 0.13851944217026232
3 172 1 -0.049684106774527802 0.58528628446194209 -0.71356867924477518 0.38182613157773682 0.069271567743108262 1.3345776829039488 0.43041914040347901
2 127 1 -0.013262030072398135 0.61818309854633025 -0.68437204827733233 0.38640480686283629 -0.18606360370029035 1.1030136405291113 0.31991695582980978
1 85 1 0.12827661466913762 0.53796945878372393 -0.68963599801084308 0.46747851479245683 0.011736036711383109 0.654714569873593 0.13764855228460438
0 40 1 0.26881274704204317 0.44778665556494518 -0.64811294267697461 0.55423499678409371 0.044839336149671588 0.24949246362155086 0.16333462653542993
