12 1594 1 -0.59457209483616069 0.10720555449529272 0.79662092556153297 -0.019649276958277666 0.015813774164393637 -0.65624481251552136 -0.16011583362647044
11 1466 1 -0.5729837289418841 0.11564189127037577 0.81002832549826875 -0.046590892261646699 -0.0061750751500345372 -0.67667112267477136 -0.11243400863072976
10 1338 1 -0.72591615962083778 0.090587308878501735 0.68167751632231677 -0.012467253591817209 0.29042107228363068 -0.46890824632347738 -0.07922230870564817
9 1210 1 -0.5898528977861901 0.13109859220543693 0.79600483966104252 -0.03553889884597082 -0.045658883477598299 -0.48139823306249208 -0.072844638028606495
8 1082 1 -0.56154589744866212 0.15172964789297547 0.81339094578771332 0.0062839732191934342 0.051921448228860106 -0.37088532660151968 -0.14029193122238376
7 954 1 0.68425242770979322 0.050408553840084566 -0.72128823323418889 -0.094872954370081405 0.30336467151070995 -0.14741884059613844 -0.10647956331265121
6 826 1 0.57638568524559763 0.28528355486761492 -0.74932408089375824 -0.15781716306785007 0.31267243233939107 -0.29627013866094554 -0.26192074019498773
5 698 1 -0.5842330271270888 0.064311168747794523 0.80903338219683529 0.0009110869111379964 -0.039705766523185311 -0.30170493176270852 0.011976337636864776
4 570 1 -0.6674671618160708 0.081904228310498359 0.73782681068115752 -0.058231286454376051 0.12571474894560469 0.0039807380905117536 0.048834679603075498
3 442 1 0.556379427579618 0.36572197042558202 -0.74569863273387393 0.024958406460316031 0.21256026278491111 0.39682849507655626 0.27573347217756267
2 314 1 0.56084413618523765 0.27380893336296025 -0.77685616303320537 -0.083528587169894239 0.27875805801585679 0.39874718415640509 0.26529399599858178
1 186 1 0.55028681066330998 0.22579300029390023 -0.80005645982934148 -0.078176774771172186 0.12179356178229174 0.16901620761804831 0.12399708291662077
0 58 1 0.55172011658901388 0.021262406106923766 -0.83375566966637549 -0.0020751714924900854 0.015466177383361325 0.066064749053134877 0.023814121790843135
