19 868 1 -0.2635977796318002 0.72598378198642355 -0.59307203299843125 0.22744081107176356 -0.56206007500120803 0.90787314283082177 0.32262280847168157
18 823 1 -0.22696781940740746 0.66533738881369731 -0.63832641880265795 0.31360987079266361 -0.41111484002895482 0.87858519272437352 0.14834948407926504
17 781 1 0.029118903592468943 0.603281727161044 -0.66629251816428092 0.43732999824556029 -0.093974730607960577 0.63428074580929972 -0.16923496738091773
15 694 1 0.29024164946106318 0.53614281487454041 -0.67748875880426196 0.41148468825751733 -0.42761477222801864 0.42678931889186283 -0.57523919814519608
14 649 1 0.21761244045799158 0.39841714810675166 -0.75714391304662754 0.46972512897314822 -0.14739599891893146 0.16797427531739811 -0.59754216063267018
13 607 1 0.34279879006009062 0.29624721337383775 -0.67997468372583314 0.57650759543437691 -0.37926972043606849 -0.18680291218986655 -0.53116783762823139
12 562 1 0.36927881793413153 0.35105102441648955 -0.63458035496646115 0.58112314183135405 -0.45429088448155047 0.124201476188296 -0.41343668401229022
10 475 1 -0.025349223488111555 0.54755435763906479 -0.77227721653240811 0.32113788802316184 -0.57414211415429806 0.93994815635281681 -0.091398300022098269
9 433 1 0.068286784374119863 0.56514810015807482 -0.74868546459299623 0.33972726572168266 -0.24718536871732849 1.0066264658749435 -0.0027950974711594217
8 388 1 -0.030282382729457824 0.5984407547031555 -0.66077089527063904 0.45203259215435176 0.19463292674385088 0.75843023712227942 0.22669243189421448
7 346 1 0.13303436245744787 0.45370585845602684 -0.71310413706089715 0.51762471165396795 0.57692018920357635 0.23823869073488463 0.34810448576330794
6 301 1 0.19866632694847211 0.35097476657890336 -0.7451501455160604 0.5311305530649516 0.53118810627335578 -0.008109880866675254 0.078588864878045214
5 259 1 0.066379201623341183 0.43829871956115646 -0.73330865999132755 0.51550600695299587 0.43001200978626236 0.44432689316473317 0.064807157435170834
4 214 1 -0.10636920904108316 0.60672938640037655 -0.66403615797134052 0.42381720582446619 -0.21230613030259463 0.71915644654366506 0.074516845678475732
3 172 1 -0.079804767265371238 0.60462334768638426 -0.69648162650687451 0.37812055021192437 -0.34259714121276813 0.70421964862698716 0.030994586981200768
2 127 1 0.038683385114108459 0.55470466744975233 -0.70477146063753082 0.44057180560768366 -0.17645050011290758 0.51838614128605887 0.055569072504620266
1 85 1 0.16447880911412832 0.46915784596135801 -0.70095009517243279 0.51137716120594834 -0.033323654562870689 0.3426948016079589 0.080350053542403502
0 40 1 0.24369218638806459 0.46961549119569124 -0.65738289382242976 0.53658469940176501 0.037283528094529853 0.13201317584226149 0.076486331021354728
