19 868 1 0.51936871181622157 0.3972789477221057 -0.58720095761508873 0.47709602205331558 -0.65160915357779492 -0.41057211656884829 -0.28368639695418368
18 823 1 0.435114356214511 0.44429262159356453 -0.59261003850842375 0.51195010076431668 -0.66485527398403388 -0.11668245645044252 -0.21642820266766094
17 781 1 0.18788939429792381 0.64002406471067586 -0.65566610915904711 0.35379192387874031 -0.71649293936364966 0.48825423996445111 -0.1124298341973492
16 736 1 0.035357526268680037 0.74346167143398489 -0.62121556426643643 0.24516486525984535 0.053835861053181347 1.2044377521508707 0.36760986857646005
15 694 1 0.19151545378244739 0.7109187467114565 -0.67515153698071972 0.045681162959004817 0.030843090706563051 1.4956475977813908 0.39227036070500759
14 649 1 0.0073741092714182457 0.71096801736039372 -0.67877554278317975 0.18366780698446816 -1.0479206964129573 1.0746730443038488 0.56104276647803075
13 607 1 0.16404183275850248 0.61567625690680705 -0.66770946916545004 0.38496374968722413 -0.84895300588311906 0.64353966794672934 -0.11991362315543012
12 562 1 0.39099161313413316 0.40672711354735908 -0.70127352411803867 0.43579130089444029 -0.62379240823870752 0.15288030436459618 -0.24902553415190895
11 520 1 0.43670976263900652 0.30436492374677043 -0.67200351448549656 0.51483769571346094 -0.55471085685399502 -0.072788123034335281 -0.31984451556722582
10 475 1 0.47379843133777549 0.33474678723428386 -0.56351073775708294 0.58814563105633677 0.060157562570333646 -0.40449331840991137 -0.24522314869453951
9 433 1 0.35227456955012387 0.24617540859128301 -0.60390264045864994 0.67126887064741825 0.58085537454086267 -0.67247420700087934 0.079657509594870071
8 388 1 0.4588745400737243 0.28389556473235322 -0.51882627015926452 0.66306618537673312 0.16179903858880296 -0.85672222742862947 -0.076279270865219004
7 346 1 0.49289651333977758 0.22268962662706757 -0.53149707736177321 0.65189969633838696 -0.048758774313724884 -0.31744865365954938 -0.14291401877070384
6 301 1 0.30732317978299356 0.32127052267118322 -0.64302366478741813 0.6235850230353619 0.17436365857757924 -0.040012882280527531 0.13394186102502664
5 259 1 0.237526789164375 0.35875845153512054 -0.67960989306612529 0.59414122153578508 0.5562988731795907 0.40687289481693661 -0.072747297551558773
4 214 1 0.040144073734491588 0.55591155834858963 -0.67445757804162565 0.48420839321584153 0.32694257293477924 1.2114152582351421 0.13448685501006183
3 172 1 -0.047074616358337255 0.58402125469415611 -0.71303694317461752 0.38507333357216056 0.071124070646653562 1.3261097767961152 0.42382757691730977
2 127 1 -0.010960633920102558 0.61681966649107012 -0.6837813433693205 0.38968761591043938 -0.18267506735127234 1.0958033452648472 0.31449948016440327
1 85 1 0.13076513338259019 0.53636743984668422 -0.68845527916395721 0.47036132701894706 0.013692500624674699 0.64867628020907386 0.13383261468613922
0 40 1 0.27104514610652286 0.44606167253257833 -0.64651436328486722 0.5564015556555314 0.046026923299227356 0.24540541940487545 0.16073649078385865
