19 883 1 -0.22640309112558507 0.68071913344079515 -0.66442935900280997 0.20951546146169783 -0.58365044359719753 1.0275114144758144 0.32343512880283515
18 838 1 -0.30678665067317901 0.68271612828626849 -0.61251479553605304 0.25417762371217406 -0.48501727123152316 0.8815668221897196 0.25149038548308172
17 796 1 -0.077433351322845539 0.62202302917972963 -0.67011846056305413 0.39753323896950871 -0.16611005885576713 0.70284191288374398 -0.041374622136971913
16 751 1 0.1600912116417004 0.56865903072847612 -0.69342449194230393 0.4125047693064896 -0.25412452964255933 0.64422324527781416 -0.39431546320082866
15 709 1 0.34546461376720344 0.46962321617161623 -0.69897754963181113 0.41417221125760406 -0.50891710483029362 0.47800682292669289 -0.56516284828162666
14 664 1 0.18244887974102705 0.43027883068276024 -0.78006851860171378 0.41601158689878875 -0.13200942433530008 0.39624701103301058 -0.50794963850272468
13 622 1 0.30146950891351859 0.3308578891582748 -0.69408295942564169 0.56382447429329985 -0.28456766569341391 -0.21361578423729646 -0.57047587594828342
12 577 1 0.37676202541081577 0.33282449923759932 -0.64416137423686215 0.57648447755066068 -0.44187745857729271 0.038450248586802023 -0.42764876672117397
11 535 1 0.31204743507059196 0.41551549738160981 -0.71617260249188353 0.46590779467785337 -0.49171147798130349 0.48607667576091912 -0.39315127355768759
9 448 1 0.13153500166941848 0.59431450658663987 -0.71642921508879442 0.34090759798478953 -0.42016873301108781 0.98574929443432169 -0.082764154218696442
8 403 1 -0.044713718688296766 0.644089351108595 -0.6522523036553447 0.39713539696918104 -0.079539044388094809 0.85187888345363638 0.14922243726504236
7 361 1 0.060715847802151619 0.50222241770871023 -0.71751606654882127 0.47880781449428239 0.51140506819852183 0.41524904645832406 0.37693892065461421
6 316 1 0.20079074331280219 0.34085106298027518 -0.72517446666266705 0.56358284498876043 0.53748209040278927 -0.0048347513488173734 0.19404912609288449
5 274 1 0.16360546759336164 0.37388772318847052 -0.75462551366175656 0.51379135410517496 0.51395530830345215 0.22335890487941323 0.017610730090671593
4 229 1 -0.05994577734444434 0.53946450294119253 -0.68311023131921678 0.48861535558349822 0.032992023746145044 0.66559478039871567 0.039067977367941376
3 187 1 -0.13136108718151615 0.6106235331512806 -0.67869893405653858 0.38633006930195779 -0.37076384287766578 0.75095432358979841 0.035593662150730801
2 142 1 -0.0091355325538509165 0.54366761249726503 -0.72378967510159975 0.42481828513236325 -0.19242781262390396 0.60048755417817801 0.016411329272029471
1 100 1 0.14140345319598308 0.48227286157401023 -0.71171456805507693 0.49079560310952497 -0.065505228758060557 0.40868750908996981 0.065003490991812338
0 55 1 0.21862930719036264 0.46933758318625163 -0.66372089900481335 0.53981295581950672 0.021709802713976517 0.20004417390712728 0.093616256257160815
