108 1694 1 0.54482959305612522 0.35808285193904182 -0.40323335557715384 0.64213724905777592 0.35344539544303194 -0.4978369202952142 0.096242014244725491
107 1679 1 0.51761574694606094 0.34568378736431804 -0.46865093641572086 0.62685162316420673 0.287096446339972 -0.55375306269381319 0.043456008436598109
106 1664 1 0.50282720159522343 0.33469685996533538 -0.5075455866105395 0.6144430769220407 0.23474836961518961 -0.58628981292129545 -0.0018862291571709168
105 1649 1 0.5145387942154841 0.34032295075185742 -0.48852612260034656 0.61706753761310118 0.20764757022553101 -0.59853044341819828 -0.012641587637122427
104 1634 1 0.53455319877747998 0.33100945937653692 -0.49033527549025119 0.60353701882313426 0.13781833206486707 -0.61072391994072173 -0.031029012686647334
103 1619 1 0.52867412814063142 0.34945979636802321 -0.5193578539490521 0.57327910872331489 0.079242709666782596 -0.62690931787651949 -0.10442995350696313
102 1604 1 0.5092514377595474 0.33969472383100185 -0.55083036008839936 0.56732387764494574 0.026448724408981925 -0.6365046528871201 -0.14764868351518418
101 1589 1 0.49106584353848198 0.34778542515471078 -0.54363759373182652 0.58511349500867404 0.0058839313352550297 -0.65683365530488003 -0.15291235775441722
100 1574 1 0.46864393034137664 0.33198176588496409 -0.55684009979608873 0.60007505941604489 -0.050377818738828038 -0.65927041997285751 -0.17912872817560996
99 1559 1 0.43696934171191171 0.34274752362022826 -0.55779295803341222 0.61680543563136325 -0.06590760433961515 -0.66995478409741638 -0.2070830409986652
98 1544 1 0.43780764839663966 0.32572815178052827 -0.55119313315895435 0.63119867244906414 -0.090216215162707725 -0.6546082985002033 -0.19426629342376439
97 1529 1 0.43005494721698173 0.32216464594366118 -0.55248331107426152 0.63720081156776254 -0.079494802418160981 -0.65573100201951018 -0.19489152232629103
96 1514 1 0.41451988245401167 0.3404608902912028 -0.55080479021433881 0.63943235162867085 -0.02738619168062616 -0.66880694290888631 -0.1970924348081905
95 1499 1 0.43851601660155659 0.35765979845719759 -0.52620948149250035 0.63473360816869784 0.024412216241150867 -0.68029095498815362 -0.1443560634034402
94 1484 1 0.48670731299888947 0.33101704833300177 -0.53656657225450199 0.60468174995228918 -0.023461736911219454 -0.67159384879552531 -0.11570794184093168
93 1469 1 0.4945653045150597 0.3439151111607659 -0.53818919054756942 0.58947430059584149 -0.017991072499422344 -0.6660917507938412 -0.12870954400959661
92 1454 1 0.4876316208380666 0.31332652757076773 -0.53235712080532782 0.61695849569249539 0.010714853343537679 -0.66591131233025269 -0.085581332012092906
91 1439 1 0.51438003397135357 0.30245780125787808 -0.53771761222348891 0.59564438099804884 -0.011524848962119014 -0.63918700183374355 -0.081181950438957012
90 1424 1 0.5126876048339899 0.32331068411193015 -0.54680847431834168 0.57760030626923153 0.020291783460110169 -0.61457300245753665 -0.11518355672201371
89 1409 1 0.48317609464250333 0.36822891083934683 -0.59053301184525586 0.53124296956200556 0.057872088230735169 -0.57830306855084002 -0.21265590435247911
88 1394 1 0.47103308117126585 0.40948544928009717 -0.58066624000519262 0.522758281606722 0.11928926479005045 -0.55355671142696261 -0.2178344169622847
87 1379 1 0.49421019270228544 0.42686937668115688 -0.5518684287063037 0.51863287408170144 0.16293563593008273 -0.53643073161481003 -0.1719396231849972
86 1364 1 0.51655722660139924 0.43875914536950805 -0.53439033625457277 0.50506040482125936 0.20022235930872795 -0.51603165709228416 -0.14339208042408363
85 1349 1 0.5480599022780398 0.45255081903200228 -0.49915440065579186 0.49565409714276221 0.25592382889532422 -0.48605148347309013 -0.10721215257640476
84 1334 1 0.58390003045680017 0.45592534351057734 -0.47013381103317847 0.47975726706401189 0.29295500028981419 -0.44901345387609659 -0.0791198696334557
83 1319 1 0.59295613319007945 0.43856938573670795 -0.46060243313895438 0.49386771163265036 0.30186511609059186 -0.41869907672169704 -0.055080769416854761
82 1304 1 0.59722552507257765 0.39322850019409383 -0.47025811696897396 0.51725266771828482 0.26554108578215235 -0.39302927482560951 -0.026603103152993166
81 1289 1 0.60300703349541218 0.35335964216283827 -0.46686745873322721 0.54180647543342664 0.2235531854731411 -0.36654884520220238 -0.0065446770010614171
80 1274 1 0.59896324480316743 0.31724808632248447 -0.46474159096771889 0.56974725688183514 0.17717023336790211 -0.35402226312455887 0.012143990810525165
79 1259 1 0.57926783019980421 0.29210869672758155 -0.47945471783760552 0.59096908864591791 0.13136606327746084 -0.37272654846109959 0.011055870959045266
78 1244 1 0.55503077809275314 0.2968199592486277 -0.50702810396848186 0.58886437228577715 0.09611512709926559 -0.41015373670461819 -0.024336078821381179
77 1229 1 0.55183942058240099 0.31705396974532202 -0.50514567087052653 0.58290469663640399 0.038477511639902151 -0.44200792944836204 -0.044316909104233103
76 1214 1 0.52152371716077706 0.32982459004821979 -0.52848056965746337 0.58304119900128215 -0.035676945168863272 -0.4686475287683019 -0.071223628066314118
75 1199 1 0.49800861521912515 0.31425211182846102 -0.56848248701838622 0.5745090872495161 -0.12036483001062116 -0.46639863206036353 -0.094137288659279034
74 1184 1 0.48323374870985292 0.32254307161645801 -0.58147254219784239 0.56950925693093135 -0.13641810290087442 -0.42092384329507415 -0.10811751058983057
73 1169 1 0.44398848546359959 0.29735873017973052 -0.57994394279660444 0.61491221615379066 -0.10589201937188387 -0.40887429057054808 -0.11547558096013877
72 1154 1 0.51237318491080008 0.25721467365286022 -0.54906361555968219 0.60814757839733735 -0.14508196904561543 -0.37238939255526682 -0.073441741508619471
71 1139 1 0.57068554428253904 0.22148482082746124 -0.51269427458914618 0.60200254525498387 -0.17008237062123446 -0.34863923165973038 -0.031409302293472559
70 1124 1 0.57327672425018905 0.21946255753852872 -0.50541268901271796 0.60642229267776315 -0.1310616023539771 -0.34816708652247885 -0.020872499250641711
69 1109 1 0.55948160307698425 0.2494602999329292 -0.51241034290489185 0.60181852336054931 -0.069264976990017088 -0.35769902723166952 -0.043913374029296084
68 1094 1 0.53006695197942455 0.27634774183216854 -0.54529427016990284 0.58763518523262082 -0.0026922088228220837 -0.35961515993539273 -0.094272655832696478
67 1079 1 0.50416267763550282 0.29384303898137515 -0.59286868978993468 0.55496214248213038 0.047743521895585873 -0.3590368201329861 -0.16015910866046532
66 1064 1 0.51437473815406898 0.2979493181375053 -0.61347462938975317 0.51989778963314881 0.083853051363458678 -0.35917944451631911 -0.18304725446995082
65 1049 1 0.51184952972766773 0.3507282066682354 -0.58895884541574428 0.51781006399200336 0.14159536428660616 -0.33652344742290474 -0.1387800652498517
64 1034 1 0.46338206807807142 0.40178730102149751 -0.61079026750973542 0.50077866651539382 0.1857181506982003 -0.30952294683399662 -0.1134871958385491
63 1019 1 0.45125875948423116 0.42500033397760423 -0.61313827951329991 0.48969551591080374 0.2088456471457602 -0.29782269766369351 -0.086257375725548494
62 1004 1 0.4438003871320238 0.43710084206169275 -0.62330670119401022 0.47272912592420802 0.22506085061233455 -0.27003163803131242 -0.082038024861520301
61 989 1 0.45784559283507142 0.45142089328599588 -0.60252799521200462 0.47281772937589611 0.24403125966558675 -0.23999003012370387 -0.074500614938818627
60 974 1 0.46334375530940897 0.46591642628926083 -0.59918876709553393 0.45739181181581334 0.25948870689051667 -0.2073972993494882 -0.079280197612730391
59 959 1 0.45976930050658305 0.50520048594048106 -0.57329916100150369 0.45245191049675249 0.28803502751189519 -0.15431014619528818 -0.090821148547802544
58 944 1 0.43301523837847189 0.5499399529395278 -0.57417347559299481 0.42472187537065448 0.30647179115585099 -0.12179721202282141 -0.11630227269991866
57 929 1 0.38255408113797723 0.59767429708889108 -0.58100770526105983 0.39858230772483538 0.3277759619005951 -0.10276253931880712 -0.13560979568641446
56 914 1 0.332381959265659 0.63560499683250826 -0.60424284107002424 0.34701456766524141 0.3345283015913616 -0.11464991933553198 -0.16965199596103009
55 899 1 0.28389971750007331 0.66421138749444153 -0.62012519512988828 0.30605379509361647 0.33974149713633284 -0.13133899795163839 -0.21113998892256569
54 884 1 0.23833804929341065 0.68955520786299918 -0.61949292957876945 0.28971900139608009 0.34426619477246018 -0.13371346426779923 -0.25099327026256318
53 869 1 0.18174261804435576 0.68418438855234176 -0.63809381013916255 0.30281616982870702 0.33673718925951518 -0.14708637575187394 -0.28124447245966017
52 854 1 0.17195160299245973 0.67069254300645409 -0.63599017426125759 0.34076481219015919 0.3305280671307711 -0.1825844870214679 -0.28562045294899097
51 839 1 0.1792970941322487 0.66512661019483355 -0.61218082838680088 0.38819296464788244 0.34102080325631806 -0.22836756630965774 -0.27267189825746202
50 824 1 0.22786084044854396 0.59869506832346209 -0.64046047370094494 0.42362015318208074 0.28174697846738872 -0.32984686053241519 -0.24137792243782477
49 809 1 0.34234762307792399 0.49840092934904634 -0.6484115486142169 0.4625549504876319 0.13947552671326263 -0.43815880299786752 -0.13983087246274714
48 794 1 0.37654771142257254 0.44941287185341477 -0.65159498844533348 0.48131472309479062 0.0695622078187456 -0.46480778075105211 -0.084814788841825514
47 779 1 0.42214470990833658 0.41162728540995469 -0.62677039609105545 0.5094268273131084 0.036350227968309473 -0.47178824505604988 -0.018676643585113485
46 764 1 0.46129754918750837 0.35984039093608428 -0.60351678167959577 0.54174436627958356 -0.014480601821507212 -0.42818704912820116 0.015389325405847913
45 749 1 0.45342773931930358 0.34897656857424941 -0.61147813225149528 0.54654655207049907 -0.056954725091702352 -0.40449891479750133 -0.010761100966965699
44 734 1 0.45619724877910439 0.35215682530096704 -0.6083394125227316 0.54570394883289797 -0.076016935496593524 -0.3747574996390991 -0.015007268705315435
43 719 1 0.45869222837411411 0.35022474514569424 -0.59547904858942047 0.55888171396804676 -0.075104459003350138 -0.33666729745933444 -0.0032373363017489565
42 704 1 0.4665957553161928 0.36412647926575564 -0.57473915759384764 0.565132912638037 -0.062962005512671379 -0.3038733029572242 0.012403005554181874
41 689 1 0.44249045978055812 0.38515944221426218 -0.57578087025679425 0.5695004710469671 -0.038351347872903264 -0.27715193117539783 -0.00048772942680265431
40 674 1 0.44094656350969175 0.39390971676388115 -0.56859167817824829 0.57193073590639965 -0.027889465861705279 -0.24362395924772332 0.010488988433796337
39 659 1 0.44939416307722402 0.40590238061874767 -0.56393271767093867 0.56148734049880789 -0.023279616986547277 -0.20251912438065944 0.022290389952109579
38 644 1 0.45406016179089603 0.41204736528108626 -0.55530955174436214 0.56185197337093695 -0.015566200502025139 -0.16202217715387238 0.032934142597440423
37 629 1 0.46424347212664052 0.4114192270252186 -0.54547908572609116 0.563617587782 -0.0068217172498192067 -0.12050927223893297 0.041733147592089577
36 614 1 0.48896963842971986 0.39787406319331431 -0.52068974481795982 0.57574917470488784 0.01160866627497909 -0.07498550481447476 0.052178238307388811
35 599 1 0.52063952407135206 0.39115966248174761 -0.50030689742157142 0.57063264261197211 0.039640991539009116 -0.033017626694405187 0.055716723120007146
34 584 1 0.53204550852745325 0.40423832844187935 -0.48818615489550632 0.5614207235599874 0.07716148315357553 -0.0041097467995759246 0.052358308726271355
33 569 1 0.53267704907763047 0.41642859716724823 -0.4804469795335452 0.55858131431722513 0.11991482013460487 0.017750925185466563 0.055201638290123076
32 554 1 0.5158120151408313 0.43101125013527214 -0.4974759368918793 0.54834748062403971 0.15272959938217656 0.038210434705930031 0.056840133070220102
31 539 1 0.48162974667596437 0.44013956592396103 -0.52871914100379269 0.54292358537949448 0.18237094778763438 0.057423261203043828 0.0700359979095595
30 524 1 0.43375521252741289 0.45601612912362377 -0.55627152179556327 0.54264878109478298 0.20322957595350619 0.080419451516014706 0.0887601423072229
29 509 1 0.39773821960866573 0.47463489558865224 -0.57217885600512353 0.53771496286856857 0.22659550558693592 0.11460227015476694 0.10974427573237128
28 494 1 0.36647511018055517 0.48529990998709338 -0.58626433827423785 0.535232768664755 0.24979914766803277 0.15791600800861014 0.14621613829112204
27 479 1 0.32741896594514575 0.50246279948186379 -0.59607197773596921 0.53387840678771625 0.25645711458897297 0.2004787589111123 0.18896712768461324
26 464 1 0.25080428643387048 0.54955776143613544 -0.57955124388235113 0.54699527645686352 0.24236470084635231 0.26763033849817258 0.22934578103766406
25 449 1 0.17541325318536286 0.63483010714376253 -0.52700530234167353 0.53710924119263481 0.22379901631995705 0.35485016311120787 0.26070826801150676
24 434 1 0.090978250335070954 0.66500620747547423 -0.4959195006929723 0.55095694098313042 0.14769699990327748 0.41923698558794148 0.31681833386000641
23 419 1 0.039018101772032826 0.69038527387188353 -0.47855920692224624 0.54113477695016288 0.086197977671250342 0.45518739822693094 0.35729790708142029
22 404 1 0.012052321623107799 0.71442715006809354 -0.4761992518830967 0.51252596158151253 0.061855708391990769 0.46636564094849853 0.38914655187027586
21 389 1 0.013495573615465552 0.70777589848309252 -0.48731451057759134 0.51126873051240218 0.050500108698684161 0.4785842851157141 0.39968582414642029
20 374 1 0.056295953049101365 0.6864102459236866 -0.50243262317436466 0.52271713108659867 0.074151495374366286 0.51200026196257375 0.38074153147590006
19 359 1 0.11703446273669693 0.6485595549030071 -0.5492948909224471 0.51375924427930519 0.16173069694515646 0.50942691574721011 0.3575320182941405
18 344 1 0.15684718810470441 0.61647570257897355 -0.57711802699283565 0.5121439745162536 0.21457584097949989 0.48108122817905941 0.32106558887349274
17 329 1 0.1950662442517806 0.60284347365463986 -0.58821446765774432 0.50252626465054406 0.24387918172377904 0.44833339097304242 0.283207898061062
16 314 1 0.21042347530989741 0.59337936016610759 -0.60564402345972745 0.48663971561605918 0.26114802602619597 0.39941035338600256 0.26989733357651374
15 299 1 0.2236542056767804 0.5852867266145213 -0.6220740672012105 0.46951261841157266 0.25842074016363786 0.34336369932044863 0.25600305573490467
14 284 1 0.23090080270009392 0.5700919132801755 -0.61819168693764182 0.48940685316635485 0.23287856060241624 0.30658934557477169 0.23061793398612637
13 269 1 0.2373172899113232 0.59010423602896855 -0.60915675438782924 0.47369351179164193 0.226896968299693 0.27302599423109403 0.20429089278742815
12 254 1 0.2446607766157175 0.57418391003463398 -0.61008460107618945 0.48810933342115076 0.20410856925939472 0.25075004512969112 0.18402271952635071
11 239 1 0.2417569161880187 0.55555980401706895 -0.61090008982085187 0.50961551967404839 0.17039387104378248 0.23432341087547445 0.16771193613913801
10 224 1 0.24385720494880941 0.55642384319047866 -0.6125332110102778 0.50569678240337901 0.15535401712434038 0.21132070369621439 0.16153176470682423
9 209 1 0.25215157390924992 0.54648281045905622 -0.61448859095378183 0.51007832068761272 0.13678908869526157 0.19947800547254793 0.1499890209613208
8 194 1 0.23952487031159628 0.55485551133437139 -0.61658423172932164 0.50456623274536383 0.11405919005378469 0.18086020805053729 0.13643175630255924
7 179 1 0.23807304520849928 0.55438418068087003 -0.61880233854966582 0.5030537457980182 0.095543065667019908 0.16697317793510741 0.12017614293123388
6 164 1 0.25212647603891997 0.53475077460384934 -0.62129010452682065 0.51426885493662866 0.078163315849975698 0.14972036689635995 0.10166316560287605
5 149 1 0.27412913258952959 0.52393104289906522 -0.61651163478971116 0.51986814205270182 0.067252449997897507 0.12671709966479644 0.082527754486608443
4 134 1 0.26854858357805189 0.53007308370650097 -0.63116657492012695 0.49853078028512832 0.060091333011502192 0.10254970021188997 0.067397926035643416
3 119 1 0.26686683357395996 0.53056884524455283 -0.62917536449652589 0.50141515165053996 0.05500742363055583 0.084052320570441791 0.046324840421151862
2 104 1 0.30150749611352351 0.50227841541046425 -0.61866767953118196 0.52350733089767676 0.04885387157555518 0.080686990122732394 0.034856534675920023
1 89 1 0.32665547607439421 0.46644991513662692 -0.61018477749840161 0.55081322962404478 0.032262853507167365 0.080128082648994195 0.033014033046195025
0 74 1 0.34876542180170433 0.44427077524116115 -0.60510966128472998 0.5610957642345703 0.018203173596685177 0.077064495234658345 0.029592952176650734
