19 867 1 0.27212543552862006 0.28141005982338024 -0.67547661260568348 0.62488996742731606 -0.018524298459317298 -0.38106516194579704 -0.76569910216345982
18 824 1 -0.037483362211216724 0.54173992315584429 -0.64555113462188929 0.53700706308654267 0.26204333200069035 0.52120809097434351 -0.73215207570998608
17 780 1 0.20412554598926269 0.26794313085077187 -0.66587344285935535 0.66569647603025561 0.7310443552424839 -0.27736303301251358 -0.46324844121310338
15 693 1 -0.56838984343689425 0.13590111477475852 0.4522442214532173 -0.67374998110792872 -0.43184537164177833 -0.97109644057985967 0.24760071343887885
14 650 1 0.48993307601890868 0.048852721085384798 -0.47547096947405848 0.72904482019461792 -0.49956603480650791 -0.92864782902393617 -0.16254592620403982
13 606 1 0.40163148332906368 0.18070426681078564 -0.53431526172459309 0.72148826784879316 -0.49210309437224181 -0.58012911294506719 -0.44244580530112465
12 563 1 0.31725626996962841 0.26036610747084726 -0.60501663234850578 0.68228500190690866 -0.57178144086845573 -0.37917792874543255 -0.60541406854603474
11 519 1 -0.053296100810468726 0.48557985370353407 -0.76716579885118608 0.41572631428462209 -0.51514756276343787 0.52746098881031744 -0.71268654849414603
10 476 1 -0.065092398601201834 0.60108522998931702 -0.75179057432739238 0.26319281579389958 -0.94401073164028304 0.75291018747907068 -0.42054532653892523
9 432 1 0.037303111969128194 0.62158274860207574 -0.76290634656733169 0.17383115614007086 -1.0043388645765345 1.1218094654513919 -0.17948545064324439
7 345 1 -0.023762653907635604 0.65018877689937515 -0.72444279087410846 0.22775542457621745 -0.19105850134216262 0.93191280269173782 0.23266255531640845
6 302 1 -0.28978588940600253 0.67106837209008297 -0.66677157845708157 0.14528262264768566 -0.21807489243921327 1.0522695815310388 0.64765919485107715
5 258 1 -0.49939797326381358 0.61418047180509083 -0.50530408194950704 0.3435866660952332 -0.4937269923810203 1.0511278108946298 0.23247756254982807
4 215 1 -0.22153532281035324 0.61014129930045047 -0.69128286918204263 0.31745502108285162 0.039506174282486838 0.79091536462681844 0.0340037301956937
3 171 1 0.053048526637816021 0.42578156266975781 -0.7476949949427627 0.50680184416554597 0.25941166006088895 0.083991381356066167 -0.14874682918301033
2 128 1 0.2440327758550922 0.31863897081380799 -0.70561591273780921 0.58397208347519836 0.087122580619592924 -0.40422281607375415 -0.30775320878382295
1 84 1 0.38067756926159996 0.32086371221128485 -0.58762492826303903 0.63783070648169005 -0.25537762811737197 -0.35134712532676321 -0.20312730053260689
0 41 1 0.31240066735817873 0.36821221586302988 -0.61775271407832499 0.62065060329646449 -0.13084264543414853 -0.12048107878135107 -0.095593646152647108
