18 852 1 -0.3130138029184007 0.72334616949623176 -0.55941971654227529 0.25659746491625673 -0.52476236770895301 0.86211975350764536 0.26375676031419204
17 809 1 -0.17100950044963523 0.63671268084944876 -0.62509451220639956 0.41786309194629478 -0.29229028819361713 0.74603967385384995 0.002868209929893133
16 765 1 0.098765150543811797 0.57041546654556141 -0.67747295015105669 0.45376430266966966 -0.12116368692342482 0.61776839399456396 -0.29362077610832527
15 722 1 0.24733230835388176 0.53485626414250387 -0.71527809213096549 0.37567639913807543 -0.44270860764929326 0.50500639337821784 -0.56415854814248256
14 678 1 0.2327990208455924 0.48570768284774263 -0.75040559748502855 0.38312413390329175 -0.24311857163642486 0.46132138086606295 -0.51824473530874016
13 635 1 0.25371566075959251 0.38070039525250993 -0.70458153663109935 0.54245776865896667 -0.18158311107583003 -0.090298222642051604 -0.60790077500348394
12 591 1 0.37361313656195005 0.32854274515144899 -0.63665096078779915 0.58919304385291593 -0.42648096810870106 -0.081151549680067811 -0.44314570830705075
11 548 1 0.36062444478788241 0.37983260719426026 -0.66764513828907757 0.52908143952741415 -0.50596383066198714 0.30310854608732529 -0.41584391708893076
10 504 1 0.14094076818658183 0.53913355898599868 -0.73102323649376499 0.39379656314428141 -0.64543556212451514 0.78558448462749664 -0.31539225007666938
9 461 1 0.11932696042289866 0.54712778602990586 -0.69865254445175706 0.44530538330603092 -0.55418448018846 0.89763665631216727 -0.32765983617229949
8 417 1 -0.016286484914866079 0.61492284365227645 -0.66646527578725767 0.42122284236913204 -0.21194565466724141 0.90328250217593919 -0.016676531127850381
7 374 1 -0.01005125336107977 0.50821960428791457 -0.71121072261859786 0.48558327211266117 0.38902243647744916 0.59036372559287531 0.3318866874901989
6 330 1 0.1607334319225813 0.40233355195592724 -0.70515528363554847 0.56129181607590317 0.55589649597143531 0.11242486284629474 0.27516261433560701
5 287 1 0.17855422224580381 0.37488193915945145 -0.75194245337645971 0.5120199881063594 0.5224224771440461 0.10006506892034661 0.023379605032876168
4 243 1 0.0053108341416737209 0.49065424504165167 -0.68745966085937149 0.5353778306527498 0.23431677993215369 0.58216447338890076 0.041095363976296935
3 200 1 -0.1176917240070154 0.63060140577807033 -0.65010746396335162 0.40724784889562959 -0.34192772040423236 0.7444729676981775 0.051055635601243869
2 156 1 -0.049431626344029582 0.55081582872239199 -0.72211201020553495 0.41558715314933675 -0.22325389913809815 0.65020695745525026 -0.0032269036326318863
1 113 1 0.087697090850077861 0.5101738908552863 -0.70991202128734388 0.47755286971991873 -0.10689578990076146 0.46859497427096669 0.049729838621700342
0 69 1 0.20773692655066153 0.47792674924957074 -0.66799921036934662 0.53123294950986655 0.0060711009191853774 0.25951989637725165 0.10915898120300054
