114 895 1 -0.23195246459907914 0.68136399765642175 -0.65980358969678321 0.21587121134443024 -0.66804472837579398 1.0468899702535703 0.25671214526916125
113 889 1 -0.23049279631071795 0.68028372026523098 -0.66463271491420894 0.20579233478614037 -0.62082198716478987 1.029589608028096 0.30734739059636457
112 880 1 -0.22441035401132745 0.70205023087661256 -0.63765265755579104 0.22397445088813758 -0.59814326254439876 0.9919912345727816 0.28762642952464446
111 874 1 -0.23477127199956638 0.72860701493628277 -0.60196667412277993 0.22726722349451109 -0.59499263271803249 0.93502769963703314 0.28835745146412617
110 865 1 -0.27276200536500789 0.73164543168151819 -0.5767603094583087 0.24009039164943807 -0.55023051597633776 0.89345199255104923 0.2953346032319592
109 859 1 -0.30306975587848295 0.7293413229021638 -0.55943988158620617 0.25146963369339526 -0.5405882946524776 0.87185708657990713 0.28552177727684819
108 850 1 -0.31288542435134603 0.72126675667463225 -0.56067342073302329 0.25985051900672718 -0.52043279943189014 0.86085611334330703 0.24946891993965928
107 844 1 -0.31515568550386575 0.7072169981582207 -0.57833922782004354 0.25699172939061582 -0.51114303499797797 0.85941251661644058 0.241726829445292
106 835 1 -0.29489405761491322 0.68440995554335837 -0.61502291763781813 0.25761855196552885 -0.48377843985989377 0.8711084043843228 0.23503859755963394
105 829 1 -0.27743339755559926 0.67588370954336474 -0.62472503020708614 0.2755549994600221 -0.46074884733601956 0.86918867953719436 0.20665404161331463
104 820 1 -0.18430627881113806 0.66624221923757954 -0.62893691390981898 0.35579609219013203 -0.38401345398912179 0.85183902551508461 0.064325612672195331
103 814 1 -0.16221273476746689 0.63419630063556465 -0.65064464838106428 0.38489430038973743 -0.30198392160673931 0.83653589785612037 0.050832268054364693
102 805 1 -0.1482610572933501 0.63498012349152311 -0.64517623040076533 0.39820413532107701 -0.24024566813086304 0.72865076233179371 0.018261462362151041
101 799 1 -0.10694655859373403 0.62542125997923015 -0.66754970766479049 0.38959988317195654 -0.18023820488216921 0.71631428975690525 -0.0042410138353520394
100 790 1 -0.037346959920068271 0.62567498178427072 -0.6611469711146255 0.41233566949748335 -0.14438789998082832 0.66778497161650208 -0.095568272371972601
99 784 1 0.0087045126562202459 0.61361709000617803 -0.65825891844041606 0.43599712683161274 -0.1099403993698327 0.63835940885054521 -0.15331933791352503
98 775 1 0.060202763002466228 0.59698515669594276 -0.66423298849237356 0.44584625938778499 -0.08602737569774728 0.61767044927828063 -0.20776266606368193
97 769 1 0.087233352272450854 0.58199288385785242 -0.67402066198013544 0.44650954369866597 -0.10190671562025705 0.62009758030876561 -0.25298754792299699
96 760 1 0.12022073716348194 0.5677517623134466 -0.67926028654820259 0.44923309524599642 -0.16838192050174997 0.62222805070336462 -0.34202138007115535
95 754 1 0.13214476430802113 0.56064669669979883 -0.69011016471068132 0.43813354506197927 -0.20610309535643589 0.63726702974921645 -0.38777929861199428
94 745 1 0.17300318489904917 0.59049250234113071 -0.68767879339801019 0.38533930477483336 -0.31817188305271565 0.65257141011937614 -0.4119233809946044
93 739 1 0.1920685411143665 0.58759385406349951 -0.68909556215893952 0.37814077324966799 -0.35412338283839834 0.63625141961221887 -0.46258629278592323
92 730 1 0.19865555499382406 0.58661990624713622 -0.7030225952117275 0.34953152459608611 -0.40474986147347519 0.57706312249671976 -0.50701982420394942
91 724 1 0.22710044671936364 0.55601972511068465 -0.70918248886909341 0.36922574377898221 -0.43261599485104929 0.51443608091214699 -0.5571641932112239
90 715 1 0.30329970839933679 0.49240205552417243 -0.7212692342346877 0.3812088592188726 -0.49510707365207007 0.52245649834727448 -0.5498768250990741
89 709 1 0.33819603788624103 0.48306758831649144 -0.69482182573513807 0.41169378858348893 -0.51232753606045545 0.47637921919479709 -0.5614003632791118
88 700 1 0.34036357898833736 0.50885847560068509 -0.68444771684619155 0.39591288033055033 -0.47950429604260669 0.46644540931534306 -0.54442753249355436
87 694 1 0.285930422182749 0.54650586162515846 -0.67370600094596089 0.40705695076873349 -0.43161884103335707 0.42526930913747391 -0.55919554390084503
86 685 1 0.25956195468322807 0.51987928305037623 -0.71499259830713535 0.38876561975316204 -0.31919598967163387 0.45363774322947575 -0.5515428029134658
85 679 1 0.23548865553047707 0.48916248021423914 -0.74731576557614687 0.38312440223567057 -0.25101954660173464 0.46645122070027667 -0.52589016130162791
84 670 1 0.1797529663002326 0.46965605083820083 -0.771023557065878 0.39068496191536917 -0.17554661894507281 0.46423255081598042 -0.48426525372265539
83 664 1 0.1785446636744116 0.44296139415792407 -0.77974949197722654 0.40484285361151739 -0.14641046242163944 0.41623038362499692 -0.49540449951440418
82 655 1 0.20566190414168539 0.41582606867430832 -0.76067263035272159 0.45405837865626658 -0.13998644532664997 0.26560487155303264 -0.55836175128857612
81 649 1 0.21117928774909542 0.40626926196028024 -0.75881548060534709 0.46319289891546278 -0.14843972930817612 0.18668230045088482 -0.58997052234569358
80 640 1 0.24071282421568807 0.38904361965174261 -0.71968054961318662 0.52226650742206238 -0.16587259308185129 0.0016674320249506489 -0.61759967311422104
79 634 1 0.25512750987501653 0.38035424317051048 -0.70701248042531928 0.53886357821808584 -0.19118457886117793 -0.087419846848346777 -0.61371767929374488
78 625 1 0.28553970786126759 0.35173772519316054 -0.69387927479459188 0.55971349806930148 -0.25301447000980049 -0.18160870813812804 -0.5779400626846779
77 619 1 0.30627057039667827 0.32926538573115416 -0.69734235587163385 0.55811851982854621 -0.29451209398636691 -0.19369743042849341 -0.55929368429540516
76 610 1 0.33053555748933405 0.30292294046484947 -0.69312494016056247 0.56441275207312702 -0.35084337599440929 -0.17150690313553377 -0.54104659686357359
75 604 1 0.33839743332412187 0.31378765486185656 -0.6789465104435799 0.57101324041779367 -0.075998785149763118 -7.1695200219436064 -2.2023923949863713
74 595 1 0.35237027835378859 0.33514570140892963 -0.65704023342992968 0.57603010113563813 -0.41329267304019196 -0.08911350726745372 -0.4821290030163245
73 589 1 0.39082212065883926 0.30885773720891235 -0.61315813738120173 0.61310852769565494 -0.60215913763114925 -0.41498643257464696 -0.27203515311092974
72 580 1 0.39602511088901926 0.32422869691031303 -0.62406266085924167 0.59041143194086576 -0.62423525624671627 -0.26489362827347968 -0.26828323445121782
71 574 1 0.38375256912574779 0.33839247541415141 -0.6300311010972921 0.58419629399937556 -0.61993640557040075 -0.22913035155619227 -0.2702280813937295
70 565 1 0.37951668328898069 0.35734774494043992 -0.62239098644641555 0.5838656834251964 -0.61623988218359382 -0.16290558774959277 -0.24347093456145061
69 559 1 0.37249819637514292 0.34801920502570449 -0.61310339919150969 0.60351632001989697 -0.62279758205261393 -0.10871784753644109 -0.25842522789277295
68 550 1 0.3676732011946347 0.37256825388093534 -0.64109314783139026 0.56125652702399798 -0.64788837914287711 0.051185639355856467 -0.29117233554786442
67 544 1 0.36241081712770618 0.38066245160526058 -0.67810122146131646 0.51374432456171393 -0.65127108700161385 0.17199683368387689 -0.31581399249398739
66 535 1 0.3225595267205269 0.41640229602027157 -0.70601386774634656 0.47340141332775942 -0.66348117404387874 0.28813731106193535 -0.33983675903595506
65 529 1 0.27525395467492952 0.45446642482437943 -0.70957771382139845 0.46281205385248597 -0.68786896005325227 0.34027881881897404 -0.35933363959366077
64 520 1 0.22760722948598247 0.48790741260553688 -0.70703245026313322 0.45852635702344952 -0.72103453633764059 0.45892905179359961 -0.38489586879854032
63 514 1 0.19575987226457567 0.50955704121928369 -0.71510858353027207 0.43663418088387695 -0.73187130295922986 0.54428177867542826 -0.38351740882534829
62 505 1 0.15810785551329368 0.53182271011462112 -0.72564223024355246 0.40695191941860942 -0.74254323727745974 0.65396184491442422 -0.34977996107667797
61 499 1 0.11568757538760546 0.54540224187984665 -0.72802485127895433 0.39891427070691632 -0.75835691869798016 0.69609235031798011 -0.34882781604386326
60 490 1 0.081328402764151028 0.56691745633959356 -0.72463170773446373 0.38327428396268864 -0.77045268030630054 0.73381798227529826 -0.31640277057608807
59 484 1 0.042248530809378966 0.6012195141966189 -0.72154382588542443 0.34077069228479001 -0.77702979490695323 0.74876681077610563 -0.20813873641160174
58 475 1 -0.017356860264267141 0.54781518140252294 -0.76988517461499517 0.32691602030907901 -0.64742250818763214 0.88771300729019365 -0.15876624241097576
57 469 1 0.005947533027450656 0.55001444941471822 -0.73354797090446033 0.39919432193840265 -0.66038173735093209 0.84946682588878386 -0.29068351794966979
56 460 1 0.13074210126372296 0.54086251065584889 -0.69360025831104477 0.45748544151158538 -0.60345554468417195 0.85138676071562314 -0.37009907115847368
55 454 1 0.2045418877409895 0.55774908141670754 -0.68205571043721902 0.42647225724324911 -0.46773785241173504 0.90197926523360605 -0.29467081068729079
54 445 1 0.11547037157890566 0.60134763467658459 -0.7218385608029364 0.32248520538817294 -0.38835963404420798 1.000183584112353 -0.037071897511814285
53 439 1 0.094874446199488371 0.57739170090482561 -0.74799193358354188 0.31325026812203577 -0.29063976131557678 1.0225091650305185 0.0021509663487188579
52 430 1 0.02966277120109212 0.58671939457622291 -0.72905534039331366 0.35122468973119175 -0.26813670912771004 0.97215844466209678 0.0062208953970586791
51 424 1 -0.014842898434564373 0.59662346031990277 -0.69904614609351912 0.3938967131035303 -0.25804240088089647 0.92910137635976076 -0.013141970611015664
50 415 1 -0.0080659882915229495 0.62354459461468559 -0.66157120864319385 0.41647402590566468 -0.19901944249762335 0.89540690390267663 -0.0057222386454444558
49 409 1 -0.02536623525388168 0.634609609729896 -0.65593826934771093 0.40788746505947432 -0.14522695838958347 0.87957376526507847 0.065735150267741557
48 400 1 -0.048038164731511415 0.65841238797877533 -0.64161612854257399 0.3905306718803967 -0.047547988546294481 0.83693534778263179 0.18477992709038515
47 394 1 -0.06273443131477055 0.6588517976124515 -0.64524250935404992 0.38162914463251169 0.045639413215733865 0.78810348626145832 0.25858450823759993
46 385 1 -0.013885180898477257 0.58577918665635587 -0.65648178943897506 0.47508063143706014 0.23436328011531607 0.73811933126577456 0.21519431815569817
45 379 1 -0.04558499219027403 0.52917805533392093 -0.70353610880730699 0.47215414627459917 0.30339591644651176 0.65091341312959994 0.33943521032733687
44 370 1 0.010644162846355276 0.49907084781766858 -0.7319216688169411 0.46379484836733353 0.44130800593318681 0.50938663457346423 0.37407509873294892
43 364 1 0.041638159986211495 0.50583838019194405 -0.72761809707342684 0.46148207069072389 0.49460554292650244 0.43576581310618467 0.38034992172045046
42 355 1 0.078904559803713123 0.49860218513702248 -0.70130942997574353 0.50332396609526386 0.52821958985170736 0.36782166259155002 0.37338188697637442
41 349 1 0.11848684665786673 0.47204261175565171 -0.70616005862916764 0.51427095139899626 0.56476750571798517 0.28494580472862396 0.35098769845326083
40 340 1 0.133225101926958 0.43489540304643337 -0.70927642430257121 0.53855734565057323 0.55880835721621913 0.19625404905679597 0.3294283341047971
39 334 1 0.13985130975725305 0.42090020254440585 -0.70569032196603065 0.55252674156165427 0.55414935520210906 0.15578022546056203 0.30037938494075789
38 325 1 0.17820142922940052 0.38157804572167048 -0.70699351758772633 0.56815720688271065 0.54848727822872734 0.072133219679625743 0.24960525749099208
37 319 1 0.19358288848986113 0.35544663089560624 -0.71528389223727928 0.56969492833864399 0.5417619039782805 0.020075634151144758 0.20938642406610938
36 310 1 0.20273972823761499 0.34418965763986653 -0.73666175971332193 0.54567346824264917 0.53100473383510571 -0.021435965936020571 0.14464477593655173
35 304 1 0.2027298395288985 0.35077394295279418 -0.7394469134014785 0.5376583630624221 0.53027098600325862 -0.010055258795768863 0.097529599617630816
34 295 1 0.18369923182718145 0.36120134724437419 -0.75262939760798031 0.51897704075537032 0.52225081804092777 0.036765940738937804 0.049922994863811299
33 289 1 0.17557591591885499 0.37885029278153204 -0.74942119642603733 0.51382236595536568 0.5211480300195499 0.092072691301467599 0.028285983122890691
32 280 1 0.16814865868463322 0.37848771482514715 -0.75372829371026384 0.51026144041031674 0.5188041629632737 0.16507025535880254 0.019321538157227539
31 274 1 0.15861417378389436 0.3818565287973138 -0.75267582403279154 0.51235362710366072 0.51089311352728173 0.22962605233363087 0.018793002576948964
30 265 1 0.11368592841638658 0.40913520782273805 -0.73300317374372981 0.53140402584245527 0.4731385643804919 0.36132656640741062 0.03556348461734174
29 259 1 0.061665517366001232 0.44451424785657745 -0.73106981180023201 0.51394686271525969 0.42153891262732562 0.44617839881143978 0.066873051052993335
28 250 1 0.016874446702151671 0.47691025607391652 -0.71579275883410221 0.50981622875372701 0.31666659579734774 0.53409882038169998 0.084945614485877508
27 244 1 0.0046732863860569247 0.4936243008159818 -0.68901273149727382 0.53063609552399738 0.23949913206211257 0.5803350564878752 0.048853545105132831
26 235 1 -0.022877059587085347 0.51673524291457984 -0.67694508580916757 0.52364747652736576 0.1347712009505504 0.63160192588558528 0.013353235144719942
25 229 1 -0.063208188206862706 0.54865964544244483 -0.67806739675653227 0.48497620958392995 0.022945548096790482 0.66699050695303586 0.045347285910989951
24 220 1 -0.11043536513147603 0.58955803734601031 -0.6713020156545555 0.43540665418333779 -0.12762361242436962 0.69604993432762119 0.084347794636783602
23 214 1 -0.11236173751570987 0.61153579453482787 -0.65977690987083892 0.42201094908354503 -0.21219657432771249 0.71431689038117108 0.076026548192831445
22 205 1 -0.11392736352324477 0.64316121750502497 -0.64477129368444486 0.39703171533088349 -0.32607937056774322 0.73256699064403819 0.076764342173337594
21 199 1 -0.12158929399524526 0.63211940325979765 -0.65059023385273729 0.40295589240468471 -0.35211088927738327 0.75030420548532428 0.052046985192235974
20 190 1 -0.12625403271324717 0.62460260246687571 -0.66894428696920216 0.38268139378145144 -0.37303108903740378 0.75604660369925591 0.049041862691859214
19 184 1 -0.12702596474818456 0.6174148478517153 -0.67800021755198425 0.37812566023942162 -0.37606160789588694 0.74173409165430315 0.042947722824412775
18 175 1 -0.099348457895493514 0.60958928616967767 -0.68959725367363245 0.3781354437588656 -0.35331969693386783 0.71316281017739691 0.035163234958630614
17 169 1 -0.079302322873713929 0.60327994698215348 -0.69778174565735152 0.37797497613390019 -0.3252076983966618 0.68891394046059395 0.031591467218976009
16 160 1 -0.060960541146708881 0.57562053913329414 -0.709803929031396 0.40140153173921639 -0.26593864317711069 0.65844259783317793 0.0030349665771569351
15 154 1 -0.04217357704074292 0.55718018494635679 -0.72171210848792278 0.4085379582910858 -0.22089197890787518 0.64319647018473725 0.0060790031577280714
14 145 1 -0.018481527491351932 0.5598624882561053 -0.720793946928313 0.4082505523043089 -0.20492849715342051 0.61534787513211109 0.028632667013607598
13 139 1 -0.0042502582227711772 0.54841893880632686 -0.71568159534761355 0.43245630639901295 -0.19327098278585578 0.58862131462504141 0.019889191865044703
12 130 1 0.02421763128254872 0.55609055149400355 -0.70758126866664106 0.43532235539455616 -0.18147918224117776 0.53731298097220426 0.050262146445185618
11 124 1 0.04278254402157846 0.56285924491580619 -0.70093904965246123 0.43593987316160326 -0.17017560982605232 0.50366719529432846 0.06812335763842374
10 115 1 0.079110984808289014 0.52126185808068304 -0.70986356984033505 0.46703451650437194 -0.11830965821905241 0.48040120973146211 0.053399691473520083
9 109 1 0.10072175054566572 0.50834588372956258 -0.7071522395595472 0.48101486624442646 -0.10052051573529364 0.45650842986244844 0.05285593813925283
8 100 1 0.1381388292093477 0.49252378112516798 -0.70859799057521766 0.4860317650561557 -0.071993616935846411 0.41581591734873297 0.070096602134016847
7 94 1 0.14812391198932232 0.47847633905238263 -0.7106566335967518 0.49405146370488684 -0.054497445999714414 0.3929650683282665 0.071307856408354409
6 85 1 0.15896321042146591 0.47579327434036517 -0.70008993649438644 0.50815896985516318 -0.034229942688201419 0.34998014117916582 0.080562834259782432
5 79 1 0.17795114003604623 0.48052201855917687 -0.6862066463689116 0.51628714870585057 -0.019015766174304595 0.31413439891192191 0.094352490200647621
4 70 1 0.20411618913921292 0.4825092970403963 -0.66795655771622087 0.52854081829577249 0.002027841099655976 0.26731905740444495 0.10878140098986711
3 64 1 0.20698011356374335 0.48212439739822449 -0.66178338629769318 0.53549794364021319 0.0066421615198963575 0.24408241708077077 0.10496722474377859
2 55 1 0.21607268849087144 0.4791690041453126 -0.66147923593111591 0.53493446251545917 0.016130556003880046 0.20976817917037394 0.095204701431850308
1 49 1 0.23214650392026326 0.478628589231961 -0.66083981322374674 0.52944632924010882 0.02265107312340477 0.18433870649881073 0.091388130222892675
0 40 1 0.23912015799463066 0.47739996172223503 -0.65673974685050973 0.53254458169711927 0.033429989414143567 0.14268857153772219 0.076165480143073783
