19 867 1 0.51984109152459579 0.39852891851719263 -0.59099582832194641 0.47081192802868777 -0.66070208465146607 -0.39728579433492855 -0.27697665871019206
18 824 1 0.43668658538091404 0.44378960828261466 -0.59422709613085778 0.50916575685390453 -0.67076921036517367 -0.12361325665920202 -0.21725505335901626
17 780 1 0.16870899559635469 0.6555081285663179 -0.65598377818016629 0.3339635473413638 -0.71207254099300055 0.49372508581456021 -0.080560788723571392
16 737 1 0.03601352540164722 0.74595166892852016 -0.62076532605454182 0.23855721238164002 0.058045263731927796 1.196634562248553 0.36956119562843132
15 693 1 0.20457078616574659 0.7081513307556192 -0.67302270332461755 0.060933791989320217 0.037795522417713272 1.4739168022360831 0.34754354728893894
14 650 1 0.0072409194612842601 0.70573597942019584 -0.68515524432116126 0.18012936355958742 -1.0343830841435002 1.1066316552537383 0.56492606202118667
13 606 1 0.16585103515876068 0.61543405894627978 -0.66755530626392334 0.38484317105095456 -0.85370908543476831 0.62829232767032006 -0.12361235818522479
12 563 1 0.38435097496944048 0.40643555914493495 -0.71080107253074354 0.42643440244864089 -0.63323756493583883 0.18531384705036644 -0.24346722682064817
11 519 1 0.43332384869336182 0.30681616469429429 -0.66898206788962722 0.52015120501444023 -0.55464720371641929 -0.085291868034194501 -0.32248665772036689
10 476 1 0.45835881266696943 0.34088233458992856 -0.58476578882725672 0.57598212214641031 0.035352654240287933 -0.38478872608998937 -0.26972440954363153
9 432 1 0.34883716672653042 0.2388836148016894 -0.60608743455053071 0.67372492262750783 0.57277724356496806 -0.68389499790094366 0.094674438944141862
8 389 1 0.45060206892737303 0.28630322321876334 -0.52582648377882502 0.66218936023596386 0.17749648209209343 -0.85882833243844714 -0.079024503560871276
7 345 1 0.48944536783942394 0.22870446884993489 -0.53752308075450306 0.64746153205019707 -0.046799810838758893 -0.2995207450969794 -0.14445442136961736
6 302 1 0.30229791846339271 0.32621364425294924 -0.64709839373588784 0.61924493992308449 0.16583353585649141 -0.040687893854598325 0.13117727869985851
5 258 1 0.22453013680326286 0.36318486460584581 -0.68512583069231847 0.5901572399848215 0.56120535924135462 0.437300290736924 -0.061057540909100851
4 215 1 0.042401176736495953 0.55444967319835226 -0.67456636259513658 0.48553879613967799 0.34087493173521038 1.2066988991709962 0.12019331545871104
3 171 1 -0.050982203430977084 0.58964305688513197 -0.71500916844822049 0.37213407454231329 0.058046772134251794 1.3293583195617591 0.44809975472354219
2 128 1 -0.021293012656962509 0.6194670280293324 -0.68558581660360141 0.38181055101773953 -0.19290049197007009 1.1099987865056844 0.33281703141792179
1 84 1 0.13126381200873027 0.53357006952819797 -0.68996399069051373 0.47119261890550829 0.015598617863438736 0.64772751888235436 0.13342196251589028
0 41 1 0.26555023991208632 0.44926919961485251 -0.64988741763652114 0.55252746606643677 0.043027186494206907 0.25670962614343967 0.16392667268220815
