19 883 1 -0.2145918399582521 0.68444816695772426 -0.66206784214957715 0.21713410916515566 -0.59665856635513204 1.0171423553378889 0.31233681438945954
18 838 1 -0.29714708363375331 0.68443330770692423 -0.61063264248964311 0.26529687882715403 -0.49246800106106642 0.87212725157993842 0.2341409025089968
17 796 1 -0.07310977923173044 0.622303669008481 -0.66665589019717508 0.40368679416681763 -0.17591628155753145 0.70741852112344716 -0.046487731054943457
16 751 1 0.15318642268978544 0.57161835856659537 -0.69095912500021195 0.41516485837806544 -0.25585741810419083 0.66540752352832278 -0.38980801541997312
15 709 1 0.36012778307024862 0.46609334060030755 -0.68939632708813403 0.42166062408807425 -0.50578814577020048 0.47406871006002177 -0.56668502186737746
14 664 1 0.18944460874824384 0.4302415371605316 -0.77581566211249042 0.42084797532948393 -0.12995328313330803 0.4076713340332187 -0.50899978242061261
13 622 1 0.30786217902545593 0.3293729505785063 -0.68948619610590545 0.56687134654374272 -0.27570741557172501 -0.19470175297905984 -0.57791409556033624
12 577 1 0.38433912147015109 0.33255687468211087 -0.63836988782331872 0.5780772017037713 -0.43686115807441872 0.0502222889632453 -0.43818114278148823
11 535 1 0.32402654178054091 0.40755734303965757 -0.71017478584127847 0.47387296389590799 -0.47417969739771415 0.48389755014688868 -0.40441716366592795
9 448 1 0.13574386674659658 0.59529026869419344 -0.71399755786437169 0.34265228147845522 -0.42251580778622222 0.994855968912431 -0.075826358939543467
8 403 1 -0.039083996012115867 0.64382241484399183 -0.6483591775469395 0.40446942565641747 -0.090801515599160443 0.8497864889258776 0.13763199277138338
7 361 1 0.067193403559655585 0.5004954124228651 -0.71309862051151029 0.48629183222250055 0.49869805412615126 0.42169140861820764 0.35512216163364069
6 316 1 0.20891257958768261 0.33919415765512806 -0.71809249105204276 0.57065403862350828 0.52952908741340876 0.0041832656535539777 0.17225634109454394
5 274 1 0.17101381964064927 0.37267212060760541 -0.74984012331396277 0.51923939900805594 0.50544229029133658 0.23299328240661518 0.0018835595128616036
4 229 1 -0.053385178315201468 0.5383590648319988 -0.6795353639153271 0.495531259597146 0.025204909548216685 0.66804294180893187 0.026308004553751915
3 187 1 -0.1257856401661582 0.6099340613388089 -0.67558299670540423 0.39464671303493931 -0.37295723782883794 0.75165283573535846 0.026610286751262181
2 142 1 -0.0026304893859068687 0.54338220374484769 -0.71986590620077662 0.43188185684133373 -0.19538791759575341 0.6053552474109869 0.0061104509884201312
1 100 1 0.14844929418984928 0.48184466663921088 -0.70661093369340999 0.49647710185950222 -0.069163829688530742 0.41550997993825883 0.049791431262415413
0 55 1 0.22593645046306324 0.46880623669089844 -0.65781740188697124 0.54447194470105087 0.01428226180572563 0.20879882735881564 0.075602107112407377
