19 867 1 0.51890301497597768 0.3996542431933342 -0.59124762070371506 0.47057666533584047 -0.66037412440942345 -0.3939023525938482 -0.27453780857630278
18 824 1 0.43562367392512047 0.44502010197798719 -0.59452099154769633 0.50865893697115572 -0.67124182379245878 -0.119535974596856 -0.21479576511996323
17 780 1 0.16792976310417007 0.65643684119374213 -0.65542094628851677 0.33363700537204294 -0.71403351464993481 0.49341403642274817 -0.076138502787860454
16 737 1 0.034414724133610901 0.74634561982845138 -0.62071090219884129 0.23770111151863096 0.057481889293852152 1.1963496341633917 0.37469377735080178
15 693 1 0.2010369869617854 0.70883994485234469 -0.67347540575053844 0.059673614807545475 0.038925537134658919 1.4740806761853851 0.35771313346712252
14 650 1 0.0069043143494083208 0.70756332059679616 -0.68192718042375999 0.18515344552208743 -1.0369686972990526 1.0954752587128451 0.55674896339635083
13 606 1 0.16466239950140146 0.6162931589967261 -0.66704240029165796 0.38486812361823447 -0.85556057421013443 0.62849426038867962 -0.12001574097620413
12 563 1 0.38311046794437076 0.40750750995403601 -0.71107564102761411 0.42606974947732923 -0.63341560339629654 0.18872412093201418 -0.24020713903527904
11 519 1 0.43221274471692106 0.30811075333749494 -0.66929420626420755 0.51990881166146008 -0.55476811753343092 -0.080997072238607581 -0.32032030932765548
10 476 1 0.45732983414012729 0.34158626059019659 -0.58494958115399942 0.57619635272112812 0.036329599796837919 -0.38192560902061784 -0.26744087159581498
9 432 1 0.34779916092965435 0.24002602201785889 -0.60619234069675576 0.67376115834285011 0.57217221381971273 -0.67974797721621072 0.095942682234525928
8 389 1 0.44967799360133331 0.28749971954256526 -0.52604001562669744 0.66212953060038748 0.17734034978367874 -0.85464188969368571 -0.07804985361812615
7 345 1 0.48851959827355645 0.23003376370598616 -0.53788523425312884 0.64738902093745654 -0.046535979289542187 -0.2949575646504104 -0.14384198977196078
6 302 1 0.30111399071481809 0.32742225167375805 -0.64713048724232003 0.61915035830256948 0.16467179478767149 -0.0367411025124912 0.13326884618102389
5 258 1 0.22311549935235114 0.36429734354029203 -0.68514925381617253 0.58998086361625302 0.5597050112323898 0.44105384865103198 -0.05826860681987954
4 215 1 0.040766290031948156 0.55519870690684414 -0.6744256171457923 0.48501813613875988 0.33856830439773739 1.2084974795174859 0.12444778024309949
3 171 1 -0.052857524195743376 0.59018023212733373 -0.71480686913560898 0.37140882539133507 0.055581567234316315 1.3296976748509575 0.45323477008025836
2 128 1 -0.022839120553741668 0.62014970188786966 -0.68531158248346735 0.38110465325776832 -0.19538560718976725 1.110367089517694 0.33730879770553368
1 84 1 0.12985640962764405 0.53442871597422725 -0.68983755269695757 0.47079444698278755 0.01366720916057601 0.64969708763295597 0.13717876897332182
0 41 1 0.26425730091393634 0.45036797296185604 -0.64992120004921605 0.55221300380423599 0.041622673950830906 0.2600583933840504 0.16692576397354619
