18 853 1 0.17148487321246542 0.2947056928008211 -0.72818839030886517 0.59454449884720728 0.29865572534320489 -0.12072230216807264 -0.78363528344321998
17 811 1 -0.017192018849299943 0.54035635957161821 -0.66556323278296436 0.51453379123812959 0.32220481516282662 0.43922932593119474 -0.68389690037289685
16 766 1 0.2534088894266715 0.19308275766603733 -0.62669774410975998 0.71116307622046659 0.84615299651344766 -0.42266724752035301 -0.36714381114308281
15 724 1 -0.64495682153584755 0.21251209821348283 0.41956870052462314 -0.60235488875525789 -0.43466399686269591 -0.99556861507713323 0.39238077009880257
14 679 1 -0.51493875033493575 0.13131141151806902 0.48512145466926621 -0.6944440732184286 -0.40924594949227261 -0.93621103338177269 0.1266159490031499
13 637 1 0.50762447276121447 0.083060285830151376 -0.42222061361762719 0.74642356407609967 -0.56686373569940618 -0.7932888897611694 -0.20598571408345978
12 592 1 0.36909505673044946 0.19496964016356427 -0.53073973064666558 0.73761169786327385 -0.46519647427077315 -0.60139487522235391 -0.47511755504522418
11 550 1 0.17832033044583476 0.36544524158870872 -0.67029237326094082 0.62077352512657502 -0.46400747568305922 -0.11324577895269541 -0.82121151204059339
10 505 1 -0.061585044553392324 0.54351919893727729 -0.75189391680227347 0.36803491756852774 -0.7180757975949198 0.63960957670268836 -0.56229530200053934
9 463 1 -0.023516016621174606 0.63081024493961424 -0.74401501108911738 0.21901391534684947 -1.032380616962334 0.7846352510388197 -0.31336924005497446
8 418 1 0.06453484681171065 0.65282637236474084 -0.74078335147135765 0.14454413607941616 -0.96413482360124891 1.0171217312657435 -0.050966406465164933
7 376 1 -0.011502922880079447 0.64115850614646863 -0.72198794053218329 0.25984007867790604 -0.54782714606466754 0.93138148087374129 -0.11408673256530125
6 331 1 -0.069215294768369864 0.65675537358974745 -0.73483017067063616 0.15461643671771275 -0.058022331405597267 0.90769206305355765 0.39572654187811102
5 289 1 -0.40434793902832639 0.65985344902284282 -0.62338561809166892 0.1117431929589953 -0.38998322538431113 0.9259386262056345 0.7634288139743477
4 244 1 -0.52147143093289838 0.66673357691065904 -0.48821221604221249 0.2125622644023758 -0.57410579101946446 0.84344771223657078 0.37419726208430099
3 202 1 -0.15662979344016525 0.59856421494563283 -0.71330491735318557 0.32921737996827349 0.08204284508569952 0.63532499844141521 -0.044276990921869631
2 157 1 0.16441835829320858 0.37261497769868857 -0.73667765150348941 0.53984323615849383 0.26588817012723809 -0.18537842414958478 -0.2119715006784216
1 115 1 0.29533786753717223 0.34498819573333983 -0.66482796312464409 0.59309566534479696 -0.10493590662442338 -0.43602798160580553 -0.34332384945551025
0 70 1 0.33789822518611368 0.36658596950512207 -0.61009862957635141 0.61580774480930511 -0.260011160597035 -0.10816575998099325 -0.21429811503336449
