19 881 1 -0.22793298232265857 0.68874620013231158 -0.65122071877045062 0.22268094399139368 -0.59055378061033015 1.0087272478168356 0.29803278862019189
18 839 1 -0.31177650474929886 0.68455312324819517 -0.60677036713289989 0.25692830538276135 -0.48991081803472952 0.87257271463230501 0.24355557539644393
17 794 1 -0.06799171375313437 0.61892594150316727 -0.66484013068479131 0.41266863998413983 -0.15541882250399247 0.68674401869497559 -0.072031093484909006
16 752 1 0.1447180461565086 0.56709393045641876 -0.68848709437923128 0.42830676159661157 -0.24294808654028802 0.63228545662886482 -0.40151082490653323
15 707 1 0.35296327946084588 0.47943155358699219 -0.68963688169977622 0.41226603083059937 -0.5232738856358039 0.46358692088991599 -0.57175681834676662
14 665 1 0.17539622992388251 0.43108209861035052 -0.78075436112023922 0.41692567008750098 -0.12676166646995793 0.40856987842008013 -0.50575147461152126
13 620 1 0.30459834143423264 0.32080226465506767 -0.6939122773680908 0.56814743571147508 -0.28900905651440345 -0.21928874602374457 -0.56142304418666822
12 578 1 0.37520874198206111 0.3317193115323141 -0.64437161392496045 0.57789784691112023 -0.44155363651756563 0.039816888429070198 -0.43211331284905424
11 533 1 0.29336979543574104 0.42773377622384989 -0.71338726860149893 0.47122880302520748 -0.50751377003493081 0.48915375230939123 -0.40430707888142348
10 491 1 0.067365019448196617 0.55838894054988919 -0.73494811731862475 0.37883374991693347 -0.65601669544044683 0.83200608256572051 -0.27159929835693125
9 446 1 0.11666787807869668 0.59537154289636607 -0.72356503411912221 0.32920354423063031 -0.39456426246371651 1.0017645684977041 -0.042655842789415567
8 404 1 -0.04404134890694382 0.6436279125699208 -0.65167560099741517 0.39890146754806666 -0.096305464681606015 0.85452587084918596 0.13699985363345388
7 359 1 0.066587065000391729 0.50271764418564624 -0.71045125359056627 0.48795506890559165 0.51525291404221685 0.40438356976255824 0.37528118658109805
6 317 1 0.19759687123603611 0.34325778017588815 -0.71952100716247214 0.57045516307449873 0.53599542880474904 0.0063570927648305886 0.20160616599160339
5 272 1 0.15589440151176603 0.37528036148619381 -0.75174746613876187 0.5193624293439324 0.50891300066403988 0.24828773470452634 0.020004696154460561
4 230 1 -0.056878629194117222 0.53303462569818616 -0.68390167602984453 0.49489130813882992 0.050844351970538333 0.6595431987003656 0.037910029545317407
3 185 1 -0.13091747868964332 0.60806594913780632 -0.68118290567855599 0.38614280296802778 -0.36838985393917112 0.74478011281227718 0.037394053653678011
2 143 1 -0.01482182038553285 0.54597051988151102 -0.72314250896191423 0.42280186469910391 -0.19333638345541546 0.60300515635855378 0.019446218165818888
1 98 1 0.13997949030676385 0.47494066139424351 -0.7130781592473272 0.49634327763383729 -0.057436370587371277 0.39973339741362174 0.068000243075969483
0 59 1 0.20938392021432617 0.46721204666101718 -0.66268288913811624 0.54655527246021818 0.01637057151403069 0.21475569362374539 0.09700785870070347
