19 881 1 0.28206879586575839 0.34159838059314207 -0.62192068347730256 0.64572626107206532 -0.31208815273575446 -0.38839035609809602 -0.62729950288247993
18 839 1 0.022857103474083307 0.43501805952133327 -0.67637057087289187 0.59393576383995195 0.37536553717698445 0.26104661614335134 -0.75218856848822502
17 794 1 0.093335195124549505 0.38552241334334386 -0.70500421856397089 0.58790310593497552 0.52130837448002254 0.040145887354903369 -0.57580400606898907
16 752 1 0.35342967074121834 0.037785340068344726 -0.61457992217596802 0.70423806711498826 0.61921654799392545 -0.84937637222073648 -0.16946284188555857
15 707 1 -0.64541268943120467 0.18451914684179455 0.3856253358739023 -0.63299940371385477 -0.51740785779444654 -0.95027851890503001 0.42046899021266404
14 665 1 -0.52058559154192374 0.067887826762344852 0.50260649359399301 -0.68685413113235527 -0.47767770583994684 -0.93758818548327749 -0.0043983349281968001
13 620 1 0.34951515519478793 0.095594013868704336 -0.49767168065993084 0.7880506576805536 -0.3815938152491643 -0.67790344036265981 -0.42346702367378475
12 578 1 0.34473084596200987 0.20636368425750229 -0.57093630141304907 0.71596537164221485 -0.4811578123033054 -0.53367724644356496 -0.53564004225799433
11 533 1 0.060733688587660928 0.48379664281728518 -0.70477412509610293 0.51531122641010241 -0.51602666400282882 0.17359847098823536 -0.83081522937234809
10 491 1 -0.13794048857727292 0.59750381952942588 -0.72272709716139671 0.31879013517904181 -0.8839348630359074 0.71033956251887242 -0.48703422178098454
9 446 1 0.026397620366012307 0.64392200763803409 -0.72914147589659073 0.23026142066303018 -1.1338626709948256 0.84901905368508057 -0.36348826677628626
8 404 1 0.057994772979546062 0.6699885538212319 -0.71813672133942619 0.17897372298593031 -0.98958753309781555 0.92142597580171559 -0.10782180253216626
7 359 1 0.0026975688875938296 0.67807130459494247 -0.70070874927996762 0.22185418114048039 -0.38959809181945387 0.89665024305348229 0.092480768422457962
6 317 1 -0.13002006256824822 0.67059758488647803 -0.69905370689421364 0.21146531004311489 -0.0060636253307284451 1.0383985898738202 0.37111307269976507
5 272 1 -0.49137973275926228 0.62018470064987929 -0.55034375044323924 0.2665307705712891 -0.49901196600106162 1.0608827241384609 0.4627147936630312
4 230 1 -0.38760319880771071 0.68072180402396165 -0.58414328341856048 0.21250461227318576 -0.25859163276428793 0.87314783056173118 0.31878290988734254
3 185 1 -0.070477615889205994 0.50328174938767778 -0.73734835830125511 0.44503683544432154 0.18471601723400319 0.27741841615744534 -0.096811039896773116
2 143 1 0.2259940276395121 0.35592319459839128 -0.70080223332239067 0.5754316716939526 0.23123061517590823 -0.36562587513353983 -0.21703902700961603
1 98 1 0.36288548304067408 0.3380937796948697 -0.61359416736593675 0.61441754540741789 -0.25259179507446378 -0.42493268520580824 -0.25841188296176343
0 56 1 0.33938362544724388 0.41744629552718704 -0.60237241858247215 0.58966500189515758 -0.19188114398085843 -0.093431984542899194 -0.10970764083350464
