19 883 1 -0.213814100842356 0.68561269255566359 -0.66044542201032697 0.21915887076080051 -0.59997787844412775 1.0157066835042572 0.30765912143848589
18 838 1 -0.29638575044939269 0.68491993736417256 -0.60986075996264999 0.26666462043058348 -0.49277032684541461 0.87183655069174693 0.22817299657463067
17 796 1 -0.073815205048755855 0.62266039869264345 -0.66590189453387849 0.40425240909575272 -0.17728262850584411 0.70846918336590814 -0.046458502262282847
16 751 1 0.15659533491745825 0.57344515859967948 -0.6843901622617079 0.42219504611029079 -0.26349672341290464 0.64403409581185234 -0.40319809870173462
15 709 1 0.35490874681321982 0.47293653359489063 -0.68660710165679817 0.4230147805705729 -0.51542513031423653 0.4691549858935119 -0.56997147155598304
14 664 1 0.1888133100012363 0.43180507446544758 -0.77455276647561577 0.4218553348924684 -0.13228888635993574 0.40734115991024383 -0.50927503883065339
13 622 1 0.30770200712510748 0.33069656936622477 -0.687785681315908 0.56825180193062497 -0.27754646523752413 -0.1967132529135025 -0.57880633865075526
12 577 1 0.38418723839120383 0.33389341914816628 -0.63724224950701602 0.578651592886536 -0.43873066449042192 0.050242747524285779 -0.43838521524495894
11 535 1 0.31912636631591451 0.41429421670546934 -0.70724311692828679 0.47573715209552875 -0.48326373713735138 0.47970751949659612 -0.407104830293673
9 448 1 0.14169438179934363 0.59496716419692286 -0.711062303212458 0.34688207887431743 -0.42150944192677414 0.98482497196662733 -0.085006143257204694
8 403 1 -0.0399757166713176 0.64403085286555883 -0.64765890954989858 0.40517174076496482 -0.091313438740518685 0.85110097675892871 0.13812501694395313
7 361 1 0.066272397975642175 0.50171365616736163 -0.71237435817849359 0.48622438265837309 0.49760310047295614 0.42387975698895319 0.35635338368979391
6 316 1 0.20806306954289322 0.33986099786297119 -0.71815205991638387 0.57049266433656198 0.53010246538141359 0.0066576687906883059 0.17285816958107877
5 274 1 0.17026231384008214 0.37384665095518715 -0.74915668568161009 0.51962841180400932 0.50544842882724084 0.23480672572951505 0.002693063429569841
4 229 1 -0.054299615746982485 0.53885684312753757 -0.67868267071180977 0.49605915657292293 0.024279566268606032 0.66966405474952417 0.026541546346237257
3 187 1 -0.12692252867549117 0.61017451618528173 -0.67482283451295089 0.39521117587004462 -0.37424541394151312 0.75319241130219083 0.0266541176096005
2 142 1 -0.0038767360819400732 0.54367892814760932 -0.71918747719691234 0.43262867062731597 -0.19570872326289912 0.60705530638054095 0.0062261005242466782
1 100 1 0.1472610756816605 0.48245501504532673 -0.70587953082455224 0.49727801279526107 -0.069066711000910511 0.41674999119881512 0.049967615073324222
0 55 1 0.22490122615484234 0.46969739268920352 -0.65696999769953324 0.54515522550709161 0.014208473799411484 0.20945091603125859 0.075912040652063348
