19 867 1 -0.26545003799536193 0.72743334387647862 -0.58850394174871989 0.23246530513426125 -0.55315405680661112 0.89911923080476563 0.31196369019780285
18 824 1 -0.23565062578233084 0.66957984395778491 -0.6334964044461735 0.30791869168277897 -0.42207309263248949 0.87198444170171396 0.15275850726317464
17 780 1 0.032976956584699943 0.60215800760690796 -0.66661170294761929 0.43811766878609776 -0.089047397564474939 0.6294562609250548 -0.17281717170419911
15 693 1 0.29827925585543108 0.5389254195725891 -0.67126826249810234 0.41229576450361227 -0.42992938057945934 0.40680718902806079 -0.56968278373633208
14 650 1 0.22165371177635412 0.39783816296644425 -0.75516092667663781 0.47151500820666531 -0.14514544028866708 0.17574372935807961 -0.59038335903650985
13 606 1 0.34319507875792193 0.2994029867983774 -0.67608817234151863 0.57920615728120461 -0.3770302410432409 -0.1837109544342686 -0.52577075376102955
12 563 1 0.37052963726072347 0.35398650919077634 -0.63382243894331425 0.57937074064394523 -0.44923379237966615 0.11710410671378363 -0.40413058843846184
10 476 1 -0.028108420272295178 0.56184330649392278 -0.76663565732459626 0.30953478734426021 -0.60203993166129466 0.91634138304438939 -0.07146045879695398
9 432 1 0.062051743627507303 0.5710909134023906 -0.74616895464860089 0.33650652424674277 -0.24682513093241323 0.99988112765102699 0.008532193941918613
8 389 1 -0.039595963000192573 0.60735656753427814 -0.65835856193687348 0.44284778819756926 0.16477150149823605 0.76405179114289623 0.23235645144979666
7 345 1 0.13762936476899951 0.44679781951104403 -0.7142695425035166 0.52081559796656951 0.57583120829505285 0.22440754466460394 0.34646370318824232
6 302 1 0.20284051833776914 0.34719315689813762 -0.74117115439832559 0.53756669894202314 0.53242469215880373 -0.014064242839411876 0.082734875626749235
5 258 1 0.05990810856923829 0.44721369174161762 -0.73395858423850757 0.50765709792053093 0.41632398805427379 0.45670191120065734 0.069384433668978313
4 215 1 -0.10643848055669641 0.60196135710591969 -0.66602671229601451 0.42745969741736273 -0.19014919214022777 0.71290677970386529 0.073457412738196282
3 171 1 -0.075206074558717598 0.60457211666769539 -0.69741512329104516 0.37742383059678092 -0.33379755946307932 0.69507317240993605 0.031358421948282832
2 128 1 0.035835873622887218 0.55313710730329468 -0.70551102691994427 0.44159859780143496 -0.1735008724474032 0.52274959728964032 0.050309125153966856
1 84 1 0.169008180652892 0.47214192364885016 -0.69725084865702769 0.51221039900866661 -0.029385396781200182 0.33173948417142451 0.082873221458020618
0 41 1 0.24495003144690322 0.47004304965900701 -0.65631215543379318 0.53694819879693245 0.034263134280519573 0.13757835836974219 0.077296524085668547
