19 896 1 0.47852071366330118 0.17183925136230602 -0.67860788615714362 0.53007597109446536 -0.53708540624103385 -0.3984240675604882 -0.67164689372549247
18 852 1 0.5212766491903279 0.4034295123682719 -0.60722928272859233 0.44360780173044917 -0.59198637234017226 -0.3086760127455942 -0.26183027124644648
17 809 1 0.38781923686609143 0.48360691968561448 -0.61109478735871159 0.49222327008361277 -0.68206339874613153 0.090197492989989525 -0.24995362481378419
16 765 1 0.14127382486527101 0.6600518095101493 -0.70290681819513856 0.22426618136736695 -0.17017319223955485 0.76531112724913575 0.12440818695823046
15 722 1 0.023872957658194083 0.78625629163236377 -0.59696775302683824 0.15767253282439947 -0.043178520014563473 1.2936513804116694 0.54177760909441353
14 678 1 0.20135644089513943 0.68918590350725861 -0.67734925711200367 0.16023844110182431 -0.34455826382180227 1.407726421755886 0.27992314930841339
13 635 1 0.040564560522009484 0.67528374932489155 -0.71505311552251904 0.17619709506377318 -0.90542406526378638 1.0004772166885059 0.54624854247826937
12 591 1 0.24041032122018494 0.57704207421535925 -0.6548199150831121 0.42477782527644864 -0.80551943914991908 0.40490093864292448 -0.12108244355382365
11 548 1 0.34183223662167705 0.36138021773971629 -0.7382394931546522 0.45558480108469329 -0.55205995207041902 0.083967245911878333 -0.32323364896958467
10 504 1 0.39227811014645081 0.31675214863272361 -0.63206199136963015 0.5884586643956734 -0.40686901951179066 -0.22486309121982628 -0.34964698304187747
9 461 1 0.42163525629544107 0.3644914572514748 -0.55734530569290086 0.61541522443100227 0.46636774239667422 -0.40163935355835162 -0.22133777319115791
8 417 1 0.38035639659639253 0.19745093286073018 -0.58077075676645928 0.69213255144195418 0.45744016997049802 -0.74671041109492342 0.14047274353482639
7 374 1 0.47830122001064318 0.24007765801814668 -0.533716530623499 0.65478036469954393 0.020328822666334442 -0.7273169645576617 -0.13146572798084402
6 330 1 0.4244661061923507 0.35716490317006994 -0.56998772189047153 0.60611529722613755 0.018564358004657847 -0.1242666968976293 -0.04366332287395306
5 287 1 0.3113508439329491 0.29345816061828472 -0.66020943622592432 0.61730580773796428 0.2742284453802607 -0.012032505525302169 0.097515413673981588
4 243 1 0.13991698237369063 0.41006771044132462 -0.70722949194593943 0.55865387908680864 0.56713730143252583 0.70165883855811517 0.0034850504466250641
3 200 1 -0.013746345305121066 0.58831241217881769 -0.68346343066164528 0.43194592556859224 0.19586597982115442 1.3536331290342196 0.3618667486706118
2 156 1 -0.077622735211246213 0.62865111162134624 -0.70185481772710645 0.32584092080157828 -0.15221839144777738 1.2569303707878192 0.53185674409382933
1 113 1 0.051359525851502011 0.58063361723199736 -0.70422344111015545 0.40533461070499144 -0.076544501097327036 0.97354863440377115 0.31965392069651599
0 69 1 0.1732041842729953 0.49834774201672227 -0.68137896109930973 0.50731898244436535 0.045005384939565511 0.54494605995293399 0.10332905119547628
