19 867 1 -0.263848855621658 0.72385722775996231 -0.59001023786127504 0.24145892906597077 -0.55305468517939449 0.89186622988512287 0.30400942076383436
18 824 1 -0.23371696593941044 0.66529454510648856 -0.63437974785711759 0.31673629977059276 -0.42158620362772314 0.86731877001945212 0.14645484723428986
17 780 1 0.035647336460207159 0.59798845824656455 -0.66441343376938466 0.44687118975602474 -0.091338151514367874 0.62896520239495612 -0.1782295930235876
15 693 1 0.29571024306467281 0.5364161217567871 -0.66768245545370042 0.42309967518937808 -0.41604752249027716 0.40846690202001934 -0.57750502350220279
14 650 1 0.22498701631103526 0.39346740151002241 -0.75117594218793959 0.47989472837120228 -0.13525414804436287 0.18305701066538049 -0.58884942414583608
13 606 1 0.34591739823483281 0.29481320278102374 -0.67022699808400943 0.58670444016023626 -0.36099452398683329 -0.17539098774023082 -0.52924751857370889
12 563 1 0.37391792129270973 0.35068935852429722 -0.627947535302954 0.58556319459209638 -0.43891755551924005 0.12096746211256895 -0.41079906662268179
10 476 1 -0.025211379409782464 0.55602125251686962 -0.76785508292868088 0.31718027164124851 -0.59587588838641936 0.9204353563723483 -0.090351684789542738
9 432 1 0.065887642648691888 0.56793689012128901 -0.74462596385750546 0.34443966283637878 -0.24495752570457557 0.99442260077494904 0.0027346623521201227
8 389 1 -0.037178867210671221 0.60269045100686924 -0.65679695604269128 0.45166327128860384 0.15708070528717122 0.76095352764487723 0.21833644686094764
7 345 1 0.14144220845086153 0.44275475022427113 -0.71075681624125486 0.52800291759514106 0.56365756493790242 0.23177730599925372 0.32702755813637618
6 302 1 0.20740772772934438 0.3432936678303144 -0.73697316861438711 0.54406069592301032 0.52420961562975843 -0.003012912405622111 0.068305675816463046
5 258 1 0.063742042890648831 0.4424921930383599 -0.7312379606621906 0.5151976862863713 0.40914355257423396 0.46014996774930317 0.057677904573071828
4 215 1 -0.10391701461746755 0.59723359328948944 -0.66509486031206699 0.43607581440156729 -0.19044930388257703 0.71172649044040059 0.064438365541850992
3 171 1 -0.072374792200014942 0.6003777420793428 -0.69646077921300387 0.38632996167490102 -0.3308506024350612 0.69479592724959804 0.024490653429232009
2 128 1 0.038859238074063406 0.54892278470840494 -0.70331508681725119 0.45002402680247633 -0.17175163753242081 0.52552948511577979 0.04035112711668714
1 84 1 0.17180490110664867 0.46750684113433755 -0.69431186409631773 0.5194722945676935 -0.027303934946140522 0.33844551832406483 0.068144209891654067
0 41 1 0.24760959028327126 0.46583526585214408 -0.65232828603247928 0.54420106865949891 0.033476493916083344 0.14573085297111854 0.061191798051140514
