19 883 1 0.54820300037978476 0.36219833495374021 -0.60792856425748154 0.44576753727831847 -0.70741544552988689 -0.3589567911775195 -0.3683813982248248
18 838 1 0.50548918539625842 0.40896701520778006 -0.53680049037341337 0.53765406857414322 -0.64876331460605074 -0.30420846931457346 -0.23229438137547651
17 796 1 0.28165031557522902 0.52740247733366974 -0.66394627988388133 0.44910473618860519 -0.67925320831700509 0.36932590201767734 -0.3069033441700364
16 751 1 0.085975130122412452 0.70744193775264497 -0.66211488871876178 0.2318147015315436 0.16581115731988011 0.86961363485532184 0.21774556826814528
15 709 1 0.11192968747150832 0.77475001931856147 -0.61944985361228855 0.059296133837994314 0.053729512891113759 1.3763211374862421 0.51309828201277841
14 664 1 0.10846520465214488 0.70000302845868589 -0.68567553815463778 0.16757122636295446 -0.76801278151550834 1.2407122270316986 0.49026437154589297
13 622 1 0.1063521807762554 0.62724622061999458 -0.70283780775893534 0.31823011854109851 -0.84815674359010096 0.88491126314757818 0.037530310141209083
12 577 1 0.29127779749584592 0.54173069255492223 -0.69262170644603205 0.37677615793693747 -0.7685308406302751 0.29695576280516217 -0.11161405427390962
11 535 1 0.46593985599500498 0.25673371708385329 -0.68512614979213571 0.49758417175254482 -0.55113119674535804 0.076056355806703738 -0.25671594257010127
10 490 1 0.43025437505532554 0.28472730632100518 -0.64621683228139315 0.56233027613417519 -0.22718544549320654 -0.26838425332598886 -0.31353847058706541
9 448 1 0.38499212100853103 0.34490438300945114 -0.58985895146371325 0.62039378681636659 0.63576016090831633 -0.46686262584866745 -0.11069488387439019
8 403 1 0.39351202074201952 0.24334836670170193 -0.56377729757874628 0.68416739230246304 0.36155727832339585 -0.81632732028038468 0.023800076428434555
7 361 1 0.52603639649670919 0.1954871196686967 -0.48777456443856754 0.6686901149943516 -0.05712441138954362 -0.5653819971109022 -0.091979515474821485
6 316 1 0.35664068688576245 0.36071685810801901 -0.62767877793110693 0.59051682488244417 0.11143471402587525 -0.08147781554065392 0.056433974941906564
5 274 1 0.31988446037061996 0.29003085241466486 -0.68110837618772435 0.59130991582074932 0.45784882263154797 0.082633758116539904 -0.057696574380318118
4 229 1 0.074172854812124517 0.48453439874638915 -0.6795802477809485 0.54579803120429027 0.49731346205890953 0.96201231834712375 -0.021308718902244859
3 187 1 -0.031297351385315843 0.58668402197718639 -0.69517695076752273 0.41418756774498389 0.1651723274197332 1.3625612717546336 0.38828922346602035
2 142 1 -0.075066798252756944 0.62479752922055554 -0.69495088765570623 0.34790269764190535 -0.23367947146981671 1.1933038955303199 0.41849330540974639
1 100 1 0.066938588551302275 0.5790527051435681 -0.70077666813438999 0.41125326919933219 -0.055601810712832725 0.83221045822179307 0.26435412255180135
0 55 1 0.20930835076960641 0.47519325280162905 -0.65766131712257037 0.54576824637433852 0.018315594465546002 0.39756044428728288 0.10064992147810693
