18 853 1 -0.36470640225661877 0.62435236156612284 -0.64763905929356502 0.24028528385480688 0.34952842805526124 -0.106540525151937 -0.71126459917744278
17 811 1 -0.46265694001489527 0.75004593122113905 -0.47239485120996549 0.014925195643025224 0.36647666130875556 0.46763490747112424 -0.61007090361451677
16 766 1 -0.22778001031574452 0.62362920116799703 -0.63064539986559442 0.40185727065649801 0.89876580483299029 -0.42012993505724011 -0.30604484285246547
15 724 1 0.18787922243778388 0.24597202936156082 -0.74422995119821744 0.59187915851753736 -0.34934666177932056 -1.0123130215388985 0.44426159289744527
14 679 1 0.052412716022372428 0.37858295329540159 -0.70518438938619099 0.59719580678309769 -0.34272528850141276 -0.92001026200164859 0.18464997860177609
13 637 1 0.087970624932099895 0.56726797393268025 -0.65431381117045395 0.4922820852021364 -0.48929926092626885 -0.75633124003102192 -0.1827401159187706
12 592 1 -0.087161294143215939 0.64534303678300398 -0.63770086250590896 0.41142785957952616 -0.40005437413582057 -0.55718453099925536 -0.435803356995141
11 550 1 -0.32277713930531171 0.69234094368594357 -0.60979069714682788 0.2112681748657905 -0.41216505943402915 -0.080381431563589248 -0.75941768019990341
10 505 1 -0.5551259847269322 0.65491884070764816 -0.50376184391867573 -0.095605741348308959 -0.64937094629105452 0.64636019264441524 -0.48141239644281131
9 463 1 -0.5242375734197432 0.61487739322938606 -0.52442598557361531 -0.26847372974940542 -0.95369059430185854 0.80145687112762576 -0.23976150770509608
8 418 1 -0.45182326980678705 0.58241928387867392 -0.58580511996996809 -0.33686179962163615 -0.88262275032101156 1.0109867680081146 0.0003683677302169657
7 376 1 -0.49693400799767939 0.65292494709757831 -0.51836300583599038 -0.24092612837478616 -0.48279680474682324 0.93437489525698181 -0.051382689499487648
6 331 1 -0.54988454234483086 0.590418074927333 -0.49005927183427811 -0.32996272058912218 0.0098408604641661099 0.90654249221708683 0.46093477794973015
5 289 1 -0.72089775727606042 0.56245876190745947 -0.18066811268435573 -0.36236114273877001 -0.35281481284679073 0.90507758285981288 0.84773985328503609
4 244 1 -0.71472432185009915 0.63503576499605929 -0.0019644641283967914 -0.29307825202917048 -0.56911578030310872 0.82599368376434512 0.46577853591644253
3 202 1 -0.59927720042934407 0.66542505681125752 -0.41460841899249207 -0.16179057362482152 0.12409474851289481 0.64072303527610486 0.039278173815035636
2 157 1 -0.37753246721950373 0.64397812425032708 -0.6491663379063396 0.14609749283083817 0.32389131648165437 -0.17198711587928919 -0.13799907098315614
1 115 1 -0.23051974075856677 0.660786031349062 -0.68477138133397497 0.20325015424476209 -0.041510490994414818 -0.41771889492729003 -0.28494492420023576
0 70 1 -0.16274895111208088 0.69056385306839485 -0.67527345587134535 0.20159390750422029 -0.19913464477540302 -0.068999996627002735 -0.16410798350899192
