19 896 1 0.26445714677642995 0.38069315934819881 -0.70018548851454432 0.54302432507025489 -0.56714725899272189 -0.26186035613932857 -0.58152350893459848
18 852 1 0.15504379948143299 0.30627693225531033 -0.71520261691592124 0.60880298764645957 0.32737019234394799 -0.10903491362669862 -0.76772335401514891
17 809 1 -0.0044565702181831174 0.52787125619528719 -0.66283651089765272 0.53101773575439637 0.35287951911012405 0.36325391217365022 -0.66363597909950101
16 765 1 0.26609931708054019 0.17655984480792877 -0.61909038824877094 0.71745722229876285 0.82826227471755787 -0.4855922741260767 -0.34985539983838848
15 722 1 -0.64053429278730056 0.23664567802423003 0.42451734540511932 -0.59455837920772425 -0.4871382330531896 -0.97574592644142877 0.38185563876099793
14 678 1 -0.51680683273323769 0.13475550498381517 0.4793699306309826 -0.69638790994936384 -0.41699612016563975 -0.937103467103374 0.12927674223784194
13 635 1 0.4978554510560666 0.061623514622041589 -0.41005535142343191 0.76170670278552322 -0.54272695008829042 -0.78668902895904824 -0.1932737706186583
12 591 1 0.37926498570644879 0.18515764677103208 -0.52789337449870177 0.73702327074501151 -0.4780199527836464 -0.60347181694585517 -0.46258864315626519
11 548 1 0.15067034721893166 0.36739820763704206 -0.67881729014572512 0.61767636355394906 -0.4336887754159528 -0.096877335318515473 -0.85468826493039651
10 504 1 -0.067677171373464254 0.55095097473300059 -0.74364832773504297 0.3726392203895309 -0.73312086659504705 0.6248293995949048 -0.58483468515660986
9 461 1 -0.017333119389050571 0.63069970195129788 -0.74440301623498006 0.21859002344812747 -1.0388372784983095 0.80419547481869225 -0.32886518508495044
8 417 1 0.076425732812383643 0.65872946235142671 -0.7319592875083587 0.15642955035589129 -0.99778633316597987 0.9719752819137808 -0.072511401946209225
7 374 1 -0.0033952549625305356 0.64574158476539867 -0.71561843894448418 0.26626401895688095 -0.52792010307095827 0.89599363669738896 -0.10117355694607613
6 330 1 -0.063849463236187037 0.66414413372406556 -0.72495870622701708 0.17108679069411176 -0.054656532040289932 0.91984209945696471 0.36708067764632424
5 287 1 -0.41546775965971161 0.65268445996306534 -0.62158072496473138 0.12258441482660357 -0.38541929238411643 0.93687579571598223 0.75038447053103707
4 243 1 -0.524631109267509 0.66391511834164774 -0.48940718783247472 0.210854260862919 -0.56297811679817122 0.83660903878753967 0.37991334265905707
3 200 1 -0.14004766583294623 0.59107765495273101 -0.71622733958877705 0.34355822670386821 0.093458418578761027 0.59002926748966666 -0.068907886060829884
2 156 1 0.17485341402087973 0.36503602077296776 -0.73501694217970726 0.54398996484519213 0.26391366440209313 -0.21106809190662423 -0.21153676832530707
1 113 1 0.30616636655490903 0.35130761573423469 -0.652283948220439 0.59780495649638765 -0.13672805041820821 -0.45837599783205718 -0.33776048958115412
0 69 1 0.34327198830822114 0.36849594714697392 -0.60857964261072783 0.61319319759678825 -0.26789758111021517 -0.10457969047979214 -0.20267507439308668
