19 883 1 -0.21999937677854414 0.6845533092832401 -0.66261090894349572 0.20960397018065099 -0.5898102590620492 1.0195688377670846 0.31862063241403632
18 838 1 -0.30140971658152832 0.68559571296322175 -0.61131255159568454 0.25574922361224861 -0.48401698902746532 0.8740926861653493 0.24245330952026686
17 796 1 -0.077725006922844231 0.62441047547177098 -0.66928163380234895 0.3951360222440109 -0.16861757907935507 0.70271967141519565 -0.038209484125214799
16 751 1 0.15870748771215021 0.57326802183049597 -0.68889220943580132 0.41425020491160641 -0.26264461177141407 0.63279194600908728 -0.40062071947561095
15 709 1 0.34609293428189591 0.47204346777731321 -0.69570013356281102 0.41640841673722551 -0.50925089161652426 0.4664794372607895 -0.56575658985970378
14 664 1 0.18210733537283444 0.4306865326722491 -0.78172664630309696 0.41261298990443163 -0.130638356315843 0.40237355138216818 -0.50731272794690052
13 622 1 0.30195839652862089 0.33192980058286231 -0.69390126716521527 0.56315607577064652 -0.28239262223624917 -0.21360347358700096 -0.56725514299491531
12 577 1 0.37710744369287585 0.33484776910812053 -0.64460458298490053 0.57458844317441837 -0.44044076300410973 0.040744241583354074 -0.42535417477247961
11 535 1 0.30915892031725856 0.42316335526411547 -0.71641780392420662 0.46054214461903492 -0.49856585539275694 0.49421432574362334 -0.38676965575932859
9 448 1 0.12801772277176246 0.59712727378763852 -0.71900007021654055 0.33179719797473367 -0.42151070639725485 0.99882284788066389 -0.061201090041690422
8 403 1 -0.043731209872382402 0.64629144978919795 -0.65102318356705102 0.39568138403353786 -0.082078141546973682 0.84859703954261012 0.14953409610678012
7 361 1 0.06119221353777074 0.50360817788281553 -0.71694164654272119 0.47815164082591011 0.51027912489193405 0.41379976387190148 0.37562342957053585
6 316 1 0.20153773008386516 0.34091321036199146 -0.72386641509365057 0.56495852896720733 0.53909178404685754 -0.0063095694189148586 0.19314070076597736
5 274 1 0.16383300314061777 0.37498414713067296 -0.7543566392862433 0.51331442337749766 0.51453454657032016 0.22225791483050378 0.019353980854177666
4 229 1 -0.058850655468707727 0.5414649833934273 -0.68227068928906398 0.48770788249390079 0.031097368686861873 0.66306931901097022 0.039191491509272675
3 187 1 -0.13064423917695767 0.6124119184882072 -0.67774655811593376 0.38541319103719418 -0.37084770774539128 0.74842602539694902 0.035631807960063218
2 142 1 -0.0084779263004618067 0.5456437907000069 -0.72296375468398799 0.42370318366682319 -0.19325785939459028 0.59868829431022152 0.01682716017232571
1 100 1 0.14201889973284545 0.48411207376946896 -0.711213596208779 0.48953176885374067 -0.066176312881673069 0.40794880905730424 0.065433116551416926
0 55 1 0.21947383687674266 0.47117816548002128 -0.66323242950599715 0.5384655195581749 0.020584779271948708 0.19994860313629573 0.09414530029644208
