19 867 1 -0.59095366890000633 0.69897255359307853 -0.25414676936017333 -0.3124428750363491 -0.55689859075659764 0.90447108867509096 0.18413447908297373
18 824 1 -0.59872782885552533 0.70684327761117105 -0.30758785685925327 -0.21745638220704755 -0.41489436684173792 0.86657957496331561 0.024950790167932006
17 780 1 -0.42061862874214118 0.74495576406846631 -0.51213517685150112 -0.076409681111297797 -0.11020837264789926 0.56600526800774542 -0.2830968693195291
15 693 1 -0.23607567742684102 0.68448720680976127 -0.68769520577147192 -0.053111601370717895 -0.48975311152964474 0.33428943170364245 -0.6559717656504368
14 650 1 -0.34088706754330633 0.61550906543076334 -0.70548874868112199 0.085030718205942712 -0.20105609471886549 0.11504706762645735 -0.68812931470051775
13 606 1 -0.19850165448792348 0.61454257271195023 -0.72793880288236346 0.23030331901283133 -0.44464742136043411 -0.26548494388656391 -0.59450969298448109
12 563 1 -0.15123283663947107 0.65446673007242262 -0.71473892035592523 0.19480812118270685 -0.51702707828977923 0.03025933295021694 -0.46303179118075255
10 476 1 -0.53612742352186449 0.62591794992543592 -0.54789669970465149 -0.14353853894232699 -0.62442351122113793 0.90474882510317522 -0.19205061731916492
9 432 1 -0.45276403965253947 0.65414185626053667 -0.59146061347434276 -0.13144390055870714 -0.2928741794995709 0.96267055255142464 -0.10538791619977698
8 389 1 -0.4685298355468821 0.75161353097118599 -0.4579461827178985 -0.076434200444191039 0.158592838711201 0.70823448688046919 0.11814680151028061
7 345 1 -0.37375381438139615 0.68526910997799406 -0.61891229727817043 0.087532287889569058 0.53941802234417835 0.14959505012339164 0.24959668488268066
6 302 1 -0.34297894284382358 0.62281605468036028 -0.68322910553553029 0.16632376903871249 0.48164382655578042 -0.087104287747231862 -0.010075649358098486
5 258 1 -0.44464293480911954 0.67677057132010088 -0.58148496937685024 0.078418650257455161 0.39530091254637223 0.39151045102318016 -0.038696164204517741
4 215 1 -0.52344791749144759 0.73728852337215489 -0.41880942828908752 -0.083705279127077398 -0.1860971306493639 0.66961916063888693 -0.047456427238187014
3 171 1 -0.52157830738563626 0.70604523566542077 -0.46304095048166105 -0.12267547691342061 -0.34561023694357729 0.65847053160211078 -0.091825286329271283
2 128 1 -0.44424393422639208 0.71100693798006376 -0.54353101368626067 -0.041115668649030192 -0.19766841734065338 0.46411791061238578 -0.06163392951744627
1 84 1 -0.34114354637950439 0.69704121300547339 -0.62732905958325558 0.064906695631972933 -0.069671935457463002 0.25817190773728393 -0.01060099253317829
0 41 1 -0.25623458002951266 0.71266306180116468 -0.64758963386447266 0.084159767422249274 -0.01799899287981244 0.049768522702908852 0.0012719034791150797
