19 868 1 -0.26354779716312454 0.72545382452075136 -0.59291756734792989 0.22958237177294899 -0.55963209812679948 0.90737539742339712 0.3185688461567015
18 823 1 -0.22752222578256961 0.66431772613893525 -0.63828208509186268 0.31545455356251323 -0.40765454398994927 0.87846889264174277 0.14573911689572694
17 781 1 0.029031387422746677 0.60303664002343949 -0.66633495103741558 0.43760909766538936 -0.094097681804022004 0.63470543189097717 -0.16969737599184484
15 694 1 0.29024737671196288 0.53530303921618871 -0.6778123098272838 0.41204076153256697 -0.42573132579310896 0.42726487456896184 -0.57536258954947461
14 649 1 0.21745294526511699 0.39798867650670883 -0.75701755438945728 0.47036544549336251 -0.14618470889869464 0.16773978870821987 -0.59768304367515968
13 607 1 0.3427296909762565 0.29588185041915493 -0.67963842180569123 0.57713248489521551 -0.37841002875414542 -0.18741589032651276 -0.531126415630916
12 562 1 0.37000242793333904 0.35078707953430149 -0.63387466168835116 0.58159224670271226 -0.45521950231870256 0.12306324324012162 -0.41343766076812555
10 475 1 -0.026043591882929214 0.5535111218673564 -0.7682152329817542 0.32061273384843175 -0.59050181394385637 0.93222706584716963 -0.091642039012388612
9 433 1 0.067745999347788702 0.56480060844882352 -0.74915692556939273 0.3393739134636361 -0.24682607372800583 1.0084464869618335 -0.0018025607465859226
8 388 1 -0.030316865376876227 0.59814074513311954 -0.66098811008145564 0.45210978204000679 0.19432201993918854 0.75918026655923188 0.22655312661232357
7 346 1 0.13339839817677632 0.45310319004909994 -0.71293868640303892 0.51828640341138499 0.57733105628840775 0.23740563645541618 0.34857378275476486
6 301 1 0.19910557054352587 0.3504126591603352 -0.74490070213082316 0.53168682891691676 0.53129535247473625 -0.0089181553766429483 0.079126150485185578
5 259 1 0.066394970006434656 0.43794873273318669 -0.73326674562456029 0.51586092623536339 0.43023023826379447 0.44445364368680362 0.064481083555564409
4 214 1 -0.10624813730185319 0.60647605741079302 -0.66410980971778155 0.42409466601686835 -0.21247990123469843 0.71922668313098825 0.073928285486025258
3 172 1 -0.079740954855008955 0.60437277543076684 -0.69651792285150915 0.37846758326644359 -0.34254298532082933 0.70429067267937906 0.03044275192241748
2 127 1 0.038634743940202561 0.55439983750509458 -0.70486315083801987 0.44081301628434094 -0.17629158515583829 0.51892964867062441 0.05504350743988632
1 85 1 0.16435372909512105 0.46881358892796676 -0.70101168775148992 0.51164859445210498 -0.032869515296280655 0.34327276611904584 0.079762883954149905
0 40 1 0.24343068958418565 0.46917307482504517 -0.65726568279556463 0.53723360602912851 0.038427466560836746 0.13184305003284666 0.075917384372281807
