18 853 1 0.17529300113405016 0.29765452403878306 -0.72679626765819882 0.5936676960983942 0.28371199980417994 -0.12352720365810961 -0.7827004825124787
17 811 1 -0.010644501185836458 0.53639768543900335 -0.66578421796733367 0.51855143694315498 0.32660885149300606 0.41956473539218048 -0.68831280901337244
16 766 1 0.26592698303380852 0.18245351662322562 -0.61939438013043191 0.71578219859758507 0.82857436722113786 -0.48076629613637506 -0.35432770719297113
15 724 1 -0.64579926810971811 0.22506030403471769 0.41862652293324948 -0.59753075163841607 -0.4377473236998759 -0.99226002715710848 0.40193302581127283
14 679 1 -0.51983897228812559 0.13391519101071936 0.48346247797601316 -0.6914464526601326 -0.42769049264812314 -0.93185030617932574 0.13850399806314567
13 637 1 0.51506485591485951 0.080478878423265468 -0.4205091655596781 0.74256540857317188 -0.59195360980742961 -0.78327625143931168 -0.19275529948173886
12 592 1 0.37100917410153345 0.19239693355578957 -0.52335289684271546 0.742588283005573 -0.47187666399864653 -0.63149058061808616 -0.4547585318287089
11 550 1 0.17929164542785059 0.3587182778833154 -0.66995001864680048 0.62477409958108387 -0.45444566945300024 -0.13046733694490473 -0.82355159636721809
10 505 1 -0.060718539030647473 0.54041165769593413 -0.75168118124956451 0.37315399100046598 -0.7094060158699661 0.62704138656447395 -0.57860098576094254
9 463 1 -0.02274724332365391 0.62922059137420849 -0.74512101537321773 0.21990607713533306 -1.0412779152570057 0.79301247703360755 -0.32241175115506904
8 418 1 0.072722894396866938 0.65175289279916304 -0.74023326675697609 0.14827089446267039 -0.9851605774421005 1.0063470112996344 -0.05869664578467261
7 376 1 -0.0067193382922461952 0.63945322923292047 -0.72009023159022756 0.2693036882124657 -0.53178022838024452 0.90692568940271256 -0.12688682649195518
6 331 1 -0.066764983626809604 0.65486547796885131 -0.73611166998793642 0.15758569742686365 -0.048943812122728671 0.91030206167022409 0.3850607794330449
5 289 1 -0.4004610146164681 0.65871720193821126 -0.62637831262850352 0.11564096640772069 -0.37817711826233624 0.92939412321765624 0.75490477318271898
4 244 1 -0.51825906493632112 0.66483761740393033 -0.4930061270928604 0.21527527202373622 -0.5641856734970635 0.85058870975116985 0.37191925084954292
3 202 1 -0.15034661387766554 0.59648382184086246 -0.71433897637648391 0.33365067481879235 0.088447820989219883 0.62140033021312668 -0.05429691668278272
2 157 1 0.16954642116160026 0.36855626804800262 -0.73669017051326846 0.5410248432585637 0.26290646270845591 -0.19815103487679772 -0.21201416778760812
1 115 1 0.3002611497609407 0.34040393141302938 -0.66410622393053698 0.59408023764430606 -0.11034387375607661 -0.44794692329553176 -0.33955327795644225
0 70 1 0.34221534772977485 0.36230560421459451 -0.60957252544746221 0.61647760798952778 -0.26502841077343348 -0.11694226369599263 -0.2082507675083296
