19 881 1 0.28343555648938906 0.33848967636378352 -0.61843703131143235 0.65009588724694589 -0.30537657192008344 -0.39552784716429346 -0.63167280182557306
18 839 1 0.030405456878665683 0.42299096108650291 -0.68090389763715975 0.59709633830198661 0.37950344739364622 0.25333140853985398 -0.75966414545095473
17 794 1 0.095047701553968758 0.38288819924805451 -0.70714389449732595 0.58677940810925244 0.51387544200928725 0.051821977435995481 -0.58130020216306655
16 752 1 0.35433949096894374 0.032934257195928768 -0.61403446496588054 0.70450020275148761 0.61699733186843408 -0.84303958224868525 -0.17736587099929832
15 707 1 -0.64638492484077259 0.1860676449680887 0.38182230106740556 -0.63385888874591778 -0.51827700902342966 -0.94647977412166495 0.40819184848421719
14 665 1 -0.52107372797661755 0.071729157285135361 0.49914460490385054 -0.68861583005554938 -0.47078142245114124 -0.9376371188195386 -0.013938334767356789
13 620 1 0.34988246690782293 0.09151598697680835 -0.49422604842950935 0.79053633473225582 -0.37052128867415124 -0.68382577307971093 -0.4242857314635553
12 578 1 0.34518657691881649 0.20286546607641662 -0.56741842026735012 0.71953329744353955 -0.46906853607099636 -0.54093872594491266 -0.53903840298122907
11 533 1 0.061251417788445867 0.47932697774603888 -0.70359928093219337 0.52100092523473918 -0.4961821334503016 0.16747102309582096 -0.83691174887380892
10 491 1 -0.13491747986668404 0.59351249573490472 -0.72499925242511942 0.3223604737184223 -0.84007376257027488 0.723648542407761 -0.46492010142190993
9 446 1 0.029822849455276718 0.64078935567265027 -0.73049760962808308 0.23424952856869169 -1.0841850013792218 0.86021424337026775 -0.35704469285828294
8 404 1 0.059730218135346631 0.66668935383574901 -0.72027428423293582 0.18210590873529472 -0.94015614223734267 0.94111714946900948 -0.10872038467955326
7 359 1 0.0084936923775158941 0.67479369793267219 -0.70434412181543127 0.22018328838536944 -0.40400096603618374 0.89921125585009165 0.079398469922631443
6 317 1 -0.12611916434085704 0.66840632857312532 -0.70161184206406069 0.21229168468132445 -0.017331719020154082 1.0369132876854052 0.35684648475823044
5 272 1 -0.48679293831298964 0.61858484310566864 -0.5526649440447734 0.27376429042614153 -0.48465160255718936 1.0421687543463192 0.44189476517769483
4 230 1 -0.384946432305179 0.6786561269877549 -0.58741684892884216 0.21490358571230123 -0.26050603036305464 0.87193115078804195 0.30777343799696044
3 185 1 -0.066682682621560962 0.5005331047737811 -0.73840095924267013 0.44697209560935225 0.18044587148683458 0.28092658319415814 -0.10846263198293661
2 143 1 0.22924263092140443 0.3529003096458283 -0.70011720961828194 0.57684060226064349 0.22588493850478608 -0.35811732386749007 -0.22864176105351472
1 98 1 0.36533541198583153 0.3355746696244914 -0.61272454467354631 0.61521403609650505 -0.25377980845952852 -0.41768010480973072 -0.26866710623812917
0 56 1 0.34278202438638072 0.41379345629490921 -0.59971806269662498 0.59297023918616265 -0.19402031695645433 -0.098016075115200024 -0.11809417574451624
