18 852 1 0.14733171471781106 0.30896420493387483 -0.7220697456375289 0.60120692639293716 0.33027028872293762 -0.092605881075804863 -0.77281740306689184
17 809 1 -0.014479756007054754 0.53169838619529985 -0.67008507587890731 0.51775781391269149 0.35174779517549648 0.39625554884373715 -0.65134992011413839
16 765 1 0.25913780842154988 0.17515143485620799 -0.62608936331711629 0.71427003314954762 0.8378644679466033 -0.50346009329496977 -0.33850296647949946
15 722 1 -0.63514388129666399 0.2371765218798107 0.42786635013157581 -0.59772061529236931 -0.49435844971293946 -0.98551298880527483 0.39565338853775045
14 678 1 -0.51294429120540697 0.13359736555265994 0.4847843423694207 -0.69571836214852067 -0.42767457510781409 -0.93855960047271547 0.14565958515737634
13 635 1 0.49733590779521963 0.063373704689172361 -0.41689138189580466 0.75818358203833502 -0.5618837148828062 -0.77677936990147312 -0.18368649863660991
12 593 1 0.36799739983029028 0.19747775377452742 -0.53225947159848308 0.73639683960213764 -0.48808014830480662 -0.61319539616251872 -0.45330230039416836
11 548 1 0.14571535914459038 0.36589400124757482 -0.68349572983518814 0.61459108458996248 -0.44293827623394627 -0.099970519073443037 -0.85615105732304042
10 504 1 -0.069889749821216124 0.55056630405059326 -0.74714826810499013 0.36573437517098567 -0.75331939944429716 0.62936108197538165 -0.58124379862927289
9 461 1 -0.018824057936442609 0.62980168843922002 -0.74770342420471247 0.20960695960406636 -1.0620622343681889 0.81150096657796622 -0.31534713338424114
8 417 1 0.072964755456953981 0.65640512277644147 -0.73638978848512937 0.14676013991809359 -1.0116600415515251 0.98904331574418347 -0.056535919468107376
7 374 1 -0.0047659324109295357 0.64656109304671472 -0.71785221151518674 0.25811672024347326 -0.52559838762201017 0.89936756263685758 -0.086542756480517083
6 330 1 -0.065525205514897156 0.66374361126960979 -0.72638911235982118 0.165860554038984 -0.048726835763418221 0.92510359046342994 0.39055684126359852
5 287 1 -0.41650940981063811 0.65288165248548835 -0.62165253399777531 0.1175312144119892 -0.38658978455614607 0.93813079012152201 0.77874294512743558
4 243 1 -0.52568223841866024 0.66525757550180376 -0.48966082611201828 0.20328014615280268 -0.57009532682030273 0.84043125272762653 0.39582279969949025
3 200 1 -0.14101760428938204 0.59174814109323004 -0.71756404234930238 0.33919023853955294 0.095106490240188524 0.58243216405532749 -0.055377042451470654
2 156 1 0.1736956995386322 0.36691952261245769 -0.73826565368312291 0.53866844392396218 0.25510134623451441 -0.21890312939204373 -0.19543013633922554
1 113 1 0.30628742578621648 0.35275366509132272 -0.6558882934967325 0.5929278295238265 -0.15451747552218195 -0.46717050831115392 -0.32234926854586249
0 69 1 0.34332125173876132 0.36945252405885093 -0.61231658860496629 0.60885445378206005 -0.28528404158316167 -0.10298007409501467 -0.183563723229243
