18 853 1 -0.30687889746024954 0.71811773654952094 -0.56464198514988417 0.26704248229930116 -0.52346930310440054 0.86231478190992983 0.25768757850599711
17 811 1 -0.1429944284261552 0.63216897404084804 -0.64617800371565437 0.40295033095068983 -0.28835807068519959 0.78459258434954604 0.028635863599309624
16 766 1 0.10497583987975817 0.56249005449565193 -0.67731830771740331 0.46241206911784966 -0.11003979801521373 0.61496438854408875 -0.29135551583204577
15 724 1 0.24726346924263168 0.53836898678669443 -0.71195734547774181 0.37700974664410664 -0.41318627252965801 0.52244912022442447 -0.55946678301237274
14 679 1 0.25095892061947833 0.47621166801188397 -0.74508370635729759 0.3938176455311746 -0.23541973340628067 0.46248582904363778 -0.53262431754478312
13 637 1 0.26387876494794826 0.37512387424938315 -0.70451197918056063 0.5415837401259086 -0.17127120077161309 -0.054228790320408907 -0.6153229705824087
12 592 1 0.37540522526143327 0.31717135254359435 -0.63693640371313254 0.59395729442196521 -0.401766780374747 -0.082153911368991861 -0.4644624756290946
11 550 1 0.37097865463958657 0.36435133912023349 -0.64649714583479234 0.55826909274162961 -0.46676977285028287 0.28394821505260925 -0.45319828458134853
10 505 1 0.16041235236642734 0.52661995330070299 -0.73129708122619452 0.40267093387018049 -0.60351030720082466 0.79779904908885846 -0.32221224672890181
9 463 1 0.099170234146540318 0.54449501576095227 -0.70605738947670627 0.44178434245244558 -0.55460107319834384 0.92230693447077161 -0.33168178042666385
8 418 1 -0.0038472731231928895 0.60160240328683712 -0.67165297686123471 0.43236792841567145 -0.20744583990342697 0.8946858126140016 -0.03679085590424562
7 376 1 -0.0067930678258973209 0.50580521482015917 -0.6993589017882692 0.50498719328291053 0.35130679819243005 0.62569118430434922 0.29277405389877958
6 331 1 0.1661586388632382 0.39461670955658917 -0.70216581395591293 0.56888674530303185 0.5556640022176712 0.12711992547052828 0.25606544480479643
5 289 1 0.19011498835137541 0.36373630790626349 -0.74698747245984165 0.52303145746975266 0.52399717278738822 0.088722235510941883 0.010699263952005805
4 244 1 0.018002455067374763 0.47763577682524011 -0.69202541374130788 0.54096284811830508 0.24989298562416565 0.5754376373078034 0.032332729507509983
3 202 1 -0.10474948580949818 0.62511636993489461 -0.65210489393600768 0.41595225274876657 -0.32788741755470158 0.7403372311134182 0.044971477036486428
2 157 1 -0.038548464241859197 0.55094446109182038 -0.7229380838991164 0.41513220008222906 -0.2271116947756921 0.6535361211621632 -0.0063747476713593874
1 115 1 0.093154248032958353 0.50757778722221447 -0.71137998213877363 0.47710124397684472 -0.10532450410908364 0.47923914505609072 0.03667105948289081
0 70 1 0.2174907780365167 0.46805586371227081 -0.66615373606005379 0.53838710037190085 0.0096235865702337369 0.26358356550575146 0.088326837891222254
