12 1594 1 -0.024532957816763845 0.64926166884904746 -0.74093873965835588 0.16990351208141052 -0.031790236388930602 -0.56737466206123399 -0.14834818881478093
11 1466 1 -0.024281496073498863 0.65398549362805092 -0.72779479452325091 0.20500760994989151 -0.049902490077092514 -0.58644499327741773 -0.10918761271807759
10 1338 1 0.081430970773824621 0.66474128939642385 -0.74172490372864219 0.036499073401230722 0.20763248085636321 -0.4041984826621296 -0.065503111613746917
9 1210 1 -0.0063143039286405415 0.64246223049817475 -0.74213237695796208 0.19089773969309212 -0.084920907523229353 -0.41800424347318854 -0.074241382218305674
8 1082 1 -0.040873012739114478 0.605514221707665 -0.76871658290786027 0.2018829841810641 -0.00086148146756298127 -0.31877514774125043 -0.13677714276350889
7 954 1 -0.080767704817280905 0.6797134793659978 -0.72730434464127858 -0.049945511236120822 0.21135599197116728 -0.13107406199954816 -0.0987028081856961
6 826 1 -0.29186459655692715 0.73129054348547029 -0.60319829960809168 -0.12720459753992527 0.22355741420478611 -0.27202562136535913 -0.24416171468045469
5 698 1 -0.067913740720351085 0.66175007148163978 -0.73216254560387484 0.14633035751431706 -0.080920508776472846 -0.2637422479588824 -0.0072427115122445365
4 570 1 0.043561179534352359 0.68846463396157931 -0.71580465697775497 0.1083631139764929 0.061180895325228968 -0.003625380458633011 0.035286906356345397
3 442 1 -0.25648771788088465 0.84750059451429705 -0.4594476017659308 -0.06974735913067584 0.14871217270282922 0.31266595010929571 0.21039509179632437
2 314 1 -0.27782197483261872 0.76496992470222647 -0.57735164598685029 -0.065582325953331119 0.19937143222998371 0.32609516879070921 0.20247734073640666
1 186 1 -0.26737815708246254 0.7494106153229575 -0.60531416179314523 -0.022077506406170219 0.065049321989771439 0.13128506937592252 0.081562916295408253
0 58 1 -0.14641848591643086 0.69972787211776388 -0.68627868674539372 0.13403020585861944 -0.024646009452646039 0.04844053853721534 -0.0014912813445553796
