19 883 1 0.28265381736570577 0.35042410736925461 -0.62676381081585109 0.63598497620199135 -0.3422484362075438 -0.36217259062859675 -0.62999608907776639
18 838 1 0.017409588568490449 0.43651558579410782 -0.67298532421791968 0.59685995256174151 0.37098350114751361 0.29409476078338609 -0.75308964180559279
17 796 1 0.067419385717057079 0.40558025119230695 -0.69809688622701549 0.58619111534760182 0.49626094234463736 0.095419030383314521 -0.57644489014730793
16 751 1 0.36778018371938503 0.029883006696026001 -0.59416509163060172 0.71471154059644182 0.61192422552073156 -0.86060951450417522 -0.15691701935686375
15 709 1 -0.65187037786999091 0.19583990311638799 0.36299993868107205 -0.63635115095404438 -0.51597756849533416 -0.94238280967523136 0.44315358162981727
14 664 1 -0.52283824046360405 0.061448623104134875 0.49513155761291283 -0.69116494535193218 -0.47237889848528142 -0.94154741200512071 -0.024357619359673691
13 622 1 0.36991160319785893 0.086480196554905256 -0.47138094302997169 0.79591870688631849 -0.3968113323690628 -0.67528149605281818 -0.39433928604273849
12 577 1 0.34261099550555124 0.2052542539802448 -0.56244037353139364 0.72398150750110657 -0.4820027639811747 -0.53676271388581809 -0.54291947499856408
11 535 1 0.084272659183645585 0.47762407853417405 -0.69607704143898907 0.52938654204658631 -0.53915228424702211 0.12880552548833565 -0.82005114990482431
10 490 1 -0.13467675013624125 0.59707712368434296 -0.72237057053972864 0.32177917919542176 -0.82731111546539626 0.7241887039426208 -0.47240993415993654
9 448 1 0.018060161867440767 0.64145871219698924 -0.73238907217008742 0.22761985428723133 -1.0676078228464725 0.84840287955470628 -0.36028400248501491
8 403 1 0.047049810015035394 0.66844361086186843 -0.71722375265818183 0.19120549965524375 -0.91038667157682607 0.93990608700083222 -0.14315354516879053
7 361 1 0.0023690950959530527 0.6765895842404176 -0.69994420519182898 0.22868981504252453 -0.43657630038023204 0.89644059457328495 0.04348640463697212
6 316 1 -0.13522937787476894 0.66689852979510644 -0.70027879364593337 0.21579846497722094 -0.018037624840737159 1.0460786677099609 0.36259732456405364
5 274 1 -0.484392519439169 0.61772585630454913 -0.56140344079402826 0.26192523786151645 -0.49661480963448862 1.0505923624300346 0.4770858715368812
4 229 1 -0.37347512965288293 0.67350350351814681 -0.59664084413165308 0.22567468044380243 -0.24056094122026822 0.87556968323354623 0.29062814234381429
3 187 1 -0.075771887566530666 0.51237138087709555 -0.73284406767516663 0.44121849642327915 0.16569959158273506 0.3209700038686355 -0.10424628102805998
2 142 1 0.22606901137920926 0.35028398773892266 -0.6955372085420769 0.5851682848217602 0.22552394424579383 -0.35047697073279382 -0.22319208214321748
1 100 1 0.35899274342937088 0.3367030649373095 -0.60997323313139196 0.62103776945537903 -0.24543314018394377 -0.42856431420331748 -0.27593524921002233
0 55 1 0.34653815086692225 0.41312945904021886 -0.59399428314076019 0.59699761445332833 -0.18701026591859288 -0.096745180046779705 -0.11027987557163367
