19 868 1 -0.26628678060863764 0.72514485453335831 -0.59350177120960212 0.22585822541573938 -0.55740399546685704 0.90173475334500985 0.32185379214696558
18 823 1 -0.22972555658200441 0.6648092906809312 -0.63863535978556119 0.31208917461035446 -0.40808750149297462 0.87298624447511142 0.14887224040572333
17 781 1 0.026664586180631892 0.60351625030490064 -0.6671535179609559 0.43584781625476665 -0.094334998346830207 0.63196464751945236 -0.16633317497633324
15 694 1 0.29497708206955969 0.53326443541232416 -0.67647690404351923 0.41351730468482051 -0.42786366555741046 0.41502778750239849 -0.57295162886086171
14 649 1 0.21399550652213636 0.3982327563239994 -0.75799030038216497 0.47017794451194728 -0.14209461301591889 0.1684229548611193 -0.59135747084599455
13 607 1 0.33869798891541991 0.29648209981638995 -0.68108114764598238 0.57750368580152456 -0.37031812531103336 -0.18354957910514191 -0.52697050727810046
12 562 1 0.3693010900068196 0.35140300731928759 -0.63590808110706531 0.57944244213680607 -0.45251451144938926 0.12824452792504976 -0.41004289232983282
10 475 1 -0.023325537895501521 0.5563346449427522 -0.76538700652708425 0.32269244236240857 -0.59356232135597409 0.91546358285873708 -0.098031198873000394
9 433 1 0.066180582659293705 0.56502590561894273 -0.74914692772505798 0.3393298353202629 -0.24516592734462969 0.99895677682451245 -0.0026899960073425498
8 388 1 -0.033038452659938385 0.59857166471086731 -0.66145297571341788 0.45066659935140796 0.19248968640280317 0.75507843040101341 0.22679860775597241
7 346 1 0.1301866296336098 0.45389861704385087 -0.71382199075849884 0.51719015112422106 0.5732415911695572 0.23884914325391068 0.34679672677032014
6 301 1 0.19572375434841496 0.35128849009081681 -0.74585437247018027 0.53102717800559807 0.52826666025486857 -0.0056768555962415142 0.078903384076194488
5 259 1 0.063537993360145123 0.43871360590698411 -0.73389088349115339 0.51468190809511849 0.42645224157897771 0.44382457972582817 0.066027509500622653
4 214 1 -0.10900608634271969 0.60654779431857087 -0.6644176446035579 0.42280804141711947 -0.21063687236799183 0.71500015739790745 0.075050650707461142
3 172 1 -0.082947451579578654 0.6040369769966083 -0.69698121319152706 0.37746024844388515 -0.33818912637033011 0.70042646238218231 0.031766240913169139
2 127 1 0.035575518366929931 0.55463567450249462 -0.70555327218489361 0.43966831949922947 -0.17411154682239516 0.51708714786082588 0.056095523124342975
1 85 1 0.1609863481941724 0.46915277113765869 -0.702036566291523 0.5110026737880814 -0.030476104113055281 0.34341437289702992 0.07996167397382721
0 40 1 0.23988620601406005 0.46952836032179773 -0.65841557748540691 0.53710953663313621 0.041528761615209721 0.1331068487384055 0.075583648675107279
