19 868 1 0.29120071009831733 0.30327504484682433 -0.65984565651689264 0.62276006871602108 -0.070294768299965837 -0.38719276853819357 -0.75361403217839351
18 823 1 -0.035108474940781245 0.55109029944289112 -0.63888529448336173 0.53562342866998036 0.25976285603648475 0.5148023988297894 -0.747105529696238
17 781 1 0.20294364248983865 0.2802258184977951 -0.66473598579339899 0.66212796181061218 0.68197600489638655 -0.23919997364111012 -0.54057496515739478
16 736 1 -0.54761967793055522 0.13344513748285769 0.47999232143086124 -0.67224434173359104 -0.013668536922850579 -1.1191677353039453 0.22976579195427055
15 694 1 -0.57363109726179107 0.13938130401196136 0.4533795400128483 -0.66780776353970084 -0.43791352636809833 -0.96993797346003341 0.25701701164834712
14 649 1 0.49966424908536333 0.064754250998988225 -0.47763819665965124 0.71972514076919425 -0.51217684102422401 -0.90864071671896507 -0.17752031771108817
13 607 1 0.40401754938765966 0.19403588223055662 -0.53473211628293005 0.71636684736898493 -0.49955266907133145 -0.57788157126919892 -0.44345666786643329
12 562 1 0.32017551244773712 0.27991034255489278 -0.60361287103876105 0.67438071093112939 -0.58634306195702623 -0.37356591394254929 -0.60864038062759762
11 520 1 -0.05479185906052797 0.48748517036203237 -0.76816622715537364 0.41143250760686179 -0.50581448786817096 0.54044753323002281 -0.71756888506569361
10 475 1 -0.060015185562682372 0.61192168998666474 -0.74644791411701261 0.25449073526575006 -0.98833839643384203 0.76822202368713788 -0.40837250455963958
9 433 1 0.062362156934902054 0.62373580956324748 -0.75396559976610156 0.19647003746182201 -1.0335477077250963 1.0441964548338021 -0.24486876970233054
8 388 1 0.039097947260259107 0.65885644693761725 -0.70400626895582419 0.26221118610706234 -0.73596497248668624 0.8845846501049982 -0.2318342443392257
7 346 1 -0.017733375432505968 0.65818660580762778 -0.71884234558863991 0.22302825273903457 -0.20243536670384868 0.92154092445878932 0.23265100474305608
6 301 1 -0.30231273670452485 0.67851239854877321 -0.65432842840980965 0.14171182737005403 -0.23321870834900749 1.0279846251835159 0.64152810673349292
5 259 1 -0.4953633591713012 0.61693031117296038 -0.50353190349069532 0.34708465208590844 -0.49914968077489019 1.0648951159867628 0.25357250071434867
4 214 1 -0.21308993653300021 0.61396139908424263 -0.68953710806062674 0.31966021959303731 0.048572072469741885 0.7773448921516567 0.028187806901121229
3 172 1 0.050545349828656598 0.43951444850041704 -0.74476094560915229 0.49960319361012351 0.25031489414548896 0.098267407311739219 -0.13915228399767399
2 127 1 0.25147392698027976 0.33125226929274237 -0.70287738840319935 0.57705820764375537 0.07098480205407115 -0.40395550922447093 -0.31089663221231378
1 85 1 0.38697387904399144 0.32714588194762995 -0.58679105896415296 0.63158771519249934 -0.26041610668763532 -0.3573057898744641 -0.19965409023360697
0 40 1 0.31003195618332507 0.37261537386729116 -0.61977372466300473 0.61718595214102678 -0.12819427738422073 -0.1139638754391215 -0.092048210789084664
