12 1610 1 0.52689997884698936 0.33745539111997336 -0.52960016017223865 0.57273374410859301 0.044653021043635832 -0.63519940936891928 -0.11374131193770667
11 1482 1 0.49513000967423787 0.32782631245212451 -0.5271412980264657 0.6078636642364833 -0.020971427911362583 -0.67115983069809204 -0.10061802248263517
10 1354 1 0.54525432558219633 0.43316105583911374 -0.50511044392764404 0.50983591436212805 0.23596966738977262 -0.50132730027003047 -0.095257034931351139
9 1226 1 0.54978180289004652 0.31708482388972886 -0.50349112786359729 0.58625409835022257 0.029640380336819459 -0.44598320638244915 -0.040565076732891864
8 1098 1 0.54484531992060981 0.26819002699176608 -0.52764891531215607 0.5939733234352107 -0.018033972239077972 -0.35807872477570102 -0.069096674310257178
7 970 1 0.46884042070289977 0.46964358896449293 -0.5922335617772202 0.45703716212617335 0.26464791555897371 -0.1956274398268073 -0.07834146896798759
6 842 1 0.18564487263783025 0.65950513077386275 -0.61299608695302377 0.39347777716983567 0.34271937259237917 -0.23025401130798179 -0.2683627200318543
5 714 1 0.46334307184349816 0.35063131026572053 -0.58489282870115189 0.56592513724868232 -0.068327493249158322 -0.32474748381214963 0.0094317022937365422
4 586 1 0.53515224820681007 0.40135124274591483 -0.48918949703822018 0.55966319083266491 0.068191892351857283 -0.0076765987282914208 0.051071640299752585
3 458 1 0.21721425806731856 0.58263597538524936 -0.56521363043302197 0.54211330757680787 0.24197571253794017 0.29717883750170571 0.24120685919480947
2 330 1 0.19267287763287858 0.59963077556086886 -0.59059304832628645 0.50449969920070459 0.24663155428858269 0.45289135309863038 0.2835394004283498
1 202 1 0.24455017558194253 0.54211531773256827 -0.6191686423188375 0.51277323084537607 0.12762347161910848 0.19161510383253541 0.14424579910154686
0 74 1 0.35375868991665799 0.44263792908139427 -0.60514068911955743 0.55922374718791368 0.014938363637734986 0.075227659778721562 0.029107191759631092
