18 852 1 -0.30557430548649828 0.71842553043832791 -0.56459749758134992 0.26780359737264364 -0.52444857856852323 0.86434964240739598 0.25129042463907125
17 809 1 -0.16441344340517888 0.62869642236183654 -0.6278190990571042 0.42842993242326749 -0.28618830299782438 0.74958819364114371 -0.0098714701686428916
16 765 1 0.1090515443610906 0.56399761352058331 -0.67617739703712509 0.46130096504521445 -0.12578273885479804 0.61936131689212792 -0.30313782625895286
15 722 1 0.25891346017265737 0.53039566638885316 -0.71086641622611035 0.38250907897616321 -0.44686073587439373 0.50729462855170537 -0.56791295680586318
14 678 1 0.24059601654007004 0.47525258569276324 -0.74862729051242949 0.39472232837453158 -0.22743763050364879 0.46244440859196828 -0.53198121773222007
13 635 1 0.26122405669541443 0.37157180074305257 -0.70176937597356859 0.5488316062708346 -0.17227860666343228 -0.083374888382269127 -0.61771632841175128
12 591 1 0.38138619351249969 0.3195229839335752 -0.63172552091487033 0.59445142809237694 -0.41898256883635981 -0.079428287142530737 -0.45503319698354128
9 461 1 0.11748383755980221 0.54673740016855732 -0.69956497833171916 0.44484222400856921 -0.54511740282632826 0.91937797492789097 -0.34067706884685706
8 417 1 -0.0042677348527778254 0.60808119891863666 -0.66761591269331155 0.42954398503479996 -0.21471017450083496 0.90084925728867371 -0.030941918118396278
7 374 1 0.0011459520832695022 0.50084940960014157 -0.71056795174252307 0.49420819666760701 0.38469401818059534 0.58976932668801529 0.31437524814001439
6 330 1 0.17092460789760716 0.39415415369148982 -0.7027152835785786 0.56711419640833582 0.55033939833575818 0.11603604388831858 0.25733247076668964
5 287 1 0.18946500629226992 0.36734582285914796 -0.74923924108236728 0.51749455788532095 0.51757885625864741 0.105054964131106 0.0087259238979412856
4 243 1 0.015189688435915265 0.48285560826045565 -0.6878917573272495 0.5416868700069013 0.23102209694684928 0.58504179449457816 0.026326462430419129
3 200 1 -0.10899565518897943 0.62380440827380579 -0.65198740995508642 0.41701369836991004 -0.33942913632611166 0.74656320561729705 0.037671629248767345
2 156 1 -0.039891026214001986 0.54372082191294002 -0.72283586413437428 0.42459944343701539 -0.21890967702519257 0.65313718905554097 -0.016291446509953112
1 113 1 0.09697820801592523 0.50226847464872426 -0.70894767560084448 0.48550468566659932 -0.10416930573462684 0.4715522211089862 0.033631079075462242
0 69 1 0.21629914737923919 0.46939839437472597 -0.66534772737051917 0.53869493025675363 0.0065442939502175267 0.2615456512031552 0.090603868394276837
