19 881 1 -0.22811940496015209 0.69070004735970536 -0.6490356973674879 0.22281751547090226 -0.59395227744680235 1.008969456597427 0.29869635276842482
18 839 1 -0.31063867699184217 0.68693881234575183 -0.60487545170478296 0.25640664651038308 -0.4954407447407207 0.87216857573647411 0.24444351776900949
17 794 1 -0.067678644902052706 0.62118128990820398 -0.66324205864532415 0.41190214582606172 -0.15916287911720001 0.68888830815228552 -0.071511931169591772
16 752 1 0.14102113800005059 0.56785900048018478 -0.69044805402861764 0.42535947021185666 -0.2396738554016262 0.64510244610724798 -0.39515225905624463
15 707 1 0.35195365277604701 0.4832720657625002 -0.6857277416468982 0.41515563477699341 -0.52986410858988398 0.45486967093967196 -0.55148787821734879
14 665 1 0.17743056886280018 0.43561115877723694 -0.77794761030563464 0.41660392125078294 -0.13342154203253259 0.4066421091934081 -0.50425454449834262
13 620 1 0.30762633129295597 0.32478379241157068 -0.69385324431483852 0.56431303709534064 -0.29763020933898915 -0.21127101732403439 -0.56484176890496263
12 578 1 0.37799507518106351 0.33448836901692197 -0.64141462322644938 0.57777550592123028 -0.44652639250394199 0.03516397092985956 -0.43160840173787796
11 533 1 0.29589526796762838 0.42991936883499288 -0.71007452334653254 0.47266213936498169 -0.51045696631523851 0.48066161273786318 -0.40650756168109825
10 491 1 0.079113866667367375 0.55730968619730359 -0.73167136783233733 0.3844527529696693 -0.65357801230879864 0.81745797333711856 -0.2866664449775202
9 446 1 0.11742230033913638 0.59732875714649847 -0.72195543219882041 0.32892356739446271 -0.39634993375686445 1.0023809670580226 -0.043658537197611272
8 404 1 -0.043345957643909992 0.64539951667025686 -0.65001048823643548 0.39883199096908223 -0.098562211938035743 0.85505431763049733 0.13559792960444464
7 359 1 0.067654923479516654 0.50459351610043823 -0.70878785626971297 0.48829086581971032 0.51384343158576862 0.40434040637897573 0.37398605710345811
6 317 1 0.19886301622307934 0.34521193567687425 -0.71839182810956337 0.57025906529426118 0.53499698644511418 0.0071457129373786957 0.20021761589100889
5 272 1 0.15702388380499777 0.37728398803117363 -0.75035573349654994 0.51958306891097061 0.50810972137393784 0.24831616230280562 0.019091693265608892
4 230 1 -0.056108556665456763 0.53493082298138384 -0.68254116035692902 0.49481148825789756 0.049288922271689226 0.66081969781042749 0.035708405671082397
3 185 1 -0.13013686525877199 0.61004773747951091 -0.67961145771388631 0.38604976472050423 -0.370606828174324 0.74578647725611769 0.036161266908382131
2 143 1 -0.013945631905536365 0.54816756443113379 -0.72172083724030578 0.42241788994968754 -0.19560917935284641 0.6045160700683615 0.017942642642847239
1 98 1 0.14084942419183352 0.47688322221788165 -0.7119841173053999 0.49580484948895981 -0.058658662790487204 0.40167564693427527 0.065660909043308402
0 59 1 0.21019035070525927 0.46892835106393527 -0.66178853783971758 0.54585909282783562 0.015515397284630434 0.21673971146528095 0.094276127801450144
