19 868 1 0.51718437330636025 0.39693869430161394 -0.58902437763277682 0.47750421938256971 -0.6536299977090565 -0.41227299679914969 -0.28361363227747016
18 823 1 0.43170768629799988 0.44519878631860199 -0.594909858728353 0.51137928608761896 -0.6668434886373753 -0.11284630823508725 -0.21652771385735109
17 781 1 0.1842910126639821 0.64072111829304546 -0.65774018194857331 0.35055830367408358 -0.72122692604662941 0.4949779130741857 -0.10749717186980454
16 736 1 0.032462026101881189 0.74324994163410296 -0.6225997284937782 0.24268357835201204 0.052794711041549702 1.2101350056718758 0.37341291319129666
15 694 1 0.19648631895841939 0.71378513172720404 -0.67022649201542295 0.051965003493204542 0.052194190594380879 1.4712959236413581 0.3828010841518234
14 649 1 0.0024933636273089415 0.70962227031705838 -0.68172218748760394 0.17800245980042489 -1.0511147232297544 1.0852137458319326 0.57446285833566546
13 607 1 0.15971222528582094 0.61636436650353954 -0.66975795865632481 0.38211418400192132 -0.8535874792402105 0.65102290329033352 -0.11578190104530932
12 562 1 0.38734507371819271 0.40715725231413624 -0.70337210560310459 0.4352636520704502 -0.62512978030555522 0.15753371751061651 -0.24838893392877179
11 520 1 0.43302693339789239 0.30512657280201 -0.67411714185948224 0.51473442528484492 -0.55533471193370332 -0.068696524547237056 -0.32043623487825224
10 475 1 0.47062586384574739 0.33264975550488002 -0.56463887693322679 0.5907946979260833 0.066104006205584959 -0.41173873221833257 -0.23906409856119584
9 433 1 0.34871666153399739 0.24816894723761493 -0.60569945705056172 0.67077345752810802 0.5825595491046871 -0.6692519325669174 0.07886078399396948
8 388 1 0.45567574463061866 0.28599375338299438 -0.52115961756439422 0.66254044540795587 0.1619253390635422 -0.85426774738546762 -0.078384628327229783
7 346 1 0.48965834560698213 0.22444693204686955 -0.53363268788551643 0.65199266383316012 -0.048248173883349073 -0.31403719051554796 -0.14495621583194412
6 301 1 0.30369529198058232 0.32260957311261601 -0.6445885759923482 0.6230552147804248 0.17457364806028558 -0.035527062270949684 0.13464453981335714
5 259 1 0.23462122204236976 0.3603817771591693 -0.68019698095469783 0.59364124179428313 0.55540247792908837 0.41135052249327875 -0.074162232369764991
4 214 1 0.036690945789945043 0.55644248389071349 -0.67563141973880025 0.48223202017317929 0.32602671060423755 1.2189136355078101 0.13793547517867827
3 172 1 -0.050654225543803756 0.58413885081084027 -0.71397786351555204 0.38268990425371324 0.069004103487882232 1.3331412633782005 0.42973924071403685
2 127 1 -0.014287037862726455 0.61708733510697045 -0.68483325000711259 0.38730158931300851 -0.18584399856303663 1.1019747048191508 0.31944663942861184
1 85 1 0.12708816247300317 0.53698990376574818 -0.68987390103560409 0.46857704049900462 0.01198738058597743 0.65490383629548821 0.13713674857463332
0 40 1 0.26748960873236971 0.44710713560784604 -0.64818482069873185 0.55533859646570938 0.045211286987738422 0.25064437137329237 0.1625326981674943
