19 867 1 -0.26122938082623204 0.63995453676215408 -0.67842993743130331 0.24889801418982488 0.044607729677461141 -0.31916227659774127 -0.71762176336812422
18 824 1 -0.45703295730898291 0.77149469254125935 -0.44241722266070133 0.013557890959319144 0.27924021337255028 0.5629913450774654 -0.6764323275829518
17 780 1 -0.29722068246978139 0.65841200346537687 -0.62533844118066639 0.29513612721359644 0.74189902687437892 -0.201493904998885 -0.47629177556112734
15 693 1 0.11114935743670708 0.3643090465291452 -0.72510443061626573 0.57371447921339191 -0.34745227294109321 -0.96393711536580529 0.28484840639411035
14 650 1 0.04039518624055085 0.53788201393988566 -0.68645572740312522 0.4876778673714956 -0.42358221392289264 -0.89531232076878342 -0.13912052222582832
13 606 1 -0.06325548612416948 0.63023918964909464 -0.66680807114958218 0.39263762371354782 -0.42661754049181805 -0.5314873382876909 -0.41392483874957997
12 563 1 -0.17268464445039527 0.66294151813276314 -0.65911916039152496 0.31024263006820824 -0.51710013134481614 -0.32855304126918383 -0.56320730146082865
11 519 1 -0.55213148934233958 0.65206963649915328 -0.51823167921899171 -0.037308635546429027 -0.49960543344228819 0.53668386650014444 -0.62870266171061517
10 476 1 -0.55191066851691928 0.63108517700431133 -0.49548177240829683 -0.22720899311817963 -0.9087696324925465 0.74907391429411452 -0.34090694849339648
9 432 1 -0.50483091511660261 0.57268330580320115 -0.55447329745613438 -0.33126868370700546 -0.9652079541360209 1.2164276343688407 -0.034935450496043387
7 345 1 -0.50434136397846407 0.63917966947596216 -0.50501112268316228 -0.28644878194056672 -0.14244560894823288 0.9481995123557867 0.31268972631995123
6 302 1 -0.65874999793543865 0.6008718715790754 -0.28007226307028077 -0.35575407464119108 -0.18868307280616253 1.0349279054582698 0.73014878177057529
5 258 1 -0.69850411567975701 0.69483482720529843 -0.020517631704928978 -0.16992819092264994 -0.52941859056105567 1.0393183236239698 0.32229330629464303
4 215 1 -0.6258988468497243 0.67288242927732345 -0.34562124168579539 -0.18980470799640972 0.058522685601177758 0.79969611206367774 0.12631693011381823
3 171 1 -0.46355596519512171 0.66728904989429616 -0.57868706631855349 0.070444803206573689 0.2961730514911558 0.1133243489901759 -0.067764926281449658
2 128 1 -0.29578055791749042 0.63998816524830238 -0.68110970721691788 0.19753120420585221 0.14195721878913828 -0.36768879906839808 -0.24570273403279067
1 84 1 -0.11452935644388451 0.67585425909145602 -0.68901800732056728 0.23528330278301368 -0.18845715900560903 -0.30412068452576757 -0.16786940598829161
0 41 1 -0.18408577500957854 0.69975308255036006 -0.66317849560498188 0.19144799259199577 -0.070191533965750577 -0.071467392489900944 -0.049436596753457372
