19 867 1 -0.59106963339634144 0.6988300724227855 -0.25433123089354875 -0.31239213073707767 -0.55677460033938719 0.90457818475474827 0.18426860812292706
18 824 1 -0.59896429969881171 0.70661272943636988 -0.30761089933233354 -0.21752184464266772 -0.41487635630311959 0.86700584613722764 0.02526751739891581
17 780 1 -0.42062657958357064 0.7448945403662065 -0.51223644690013914 -0.076283856402026506 -0.11012270503589518 0.56597542968004111 -0.28329859691268938
15 693 1 -0.23654467313136451 0.68407006382452407 -0.6878538511534491 -0.054330882982485451 -0.49057625125984411 0.33713688279986703 -0.65427198713773205
14 650 1 -0.34067633723132573 0.61565220518679742 -0.7054243188567707 0.085372863749220318 -0.20079906353533056 0.11407466419295251 -0.68774150148811286
13 606 1 -0.19856602122211983 0.61457933809927656 -0.72777764251722088 0.23065878576275425 -0.44376025581357009 -0.26591282359871304 -0.59433698801506485
12 563 1 -0.15132575472393786 0.65433738693739196 -0.71481521701700135 0.19489049626422011 -0.51667368311630946 0.030494569401328477 -0.46289398494052209
10 476 1 -0.53685949854925608 0.62509564987018085 -0.54827989103356845 -0.14292119653513941 -0.62208439808936455 0.90677325108452456 -0.19147557118965969
9 432 1 -0.45294006818029492 0.65370686651848531 -0.59171147071585739 -0.13187176622268332 -0.29343264624148552 0.96365599964622661 -0.10470896893971053
8 389 1 -0.46849004917318599 0.75168765973190388 -0.45790027477539008 -0.07622384399321229 0.15886827514347757 0.70774003399815788 0.11750730966201721
7 345 1 -0.37350241090497593 0.68546627114146852 -0.6188482552184924 0.087514439886278106 0.53923845172910145 0.14891668136671307 0.2500831429274295
6 302 1 -0.34277700665395805 0.62293223458304636 -0.6832403172491025 0.16625890566243601 0.48145096614022259 -0.08746106493625308 -0.0093665731689058247
5 258 1 -0.44461224449846837 0.67669802212334607 -0.58160264200140055 0.078346063802699234 0.39494219588387597 0.39166482939185504 -0.038710608773048209
4 215 1 -0.52344930165930437 0.73720635020367542 -0.41896993672183314 -0.08361709116601504 -0.18609911054876827 0.66954225392780287 -0.047584660585042599
3 171 1 -0.52160839569108597 0.7059718073237895 -0.46313740597850733 -0.12260600308326258 -0.34550755655663856 0.6584434674433991 -0.091958966056262428
2 128 1 -0.44435125053586699 0.71091321797761009 -0.54357662539737517 -0.040973344671039677 -0.19732995377840803 0.4642618752301203 -0.061744994967446162
1 84 1 -0.34092924367658634 0.69719534191371846 -0.6272445880099855 0.065193042819826824 -0.0695411145235309 0.25707339709207966 -0.010830785112051232
0 41 1 -0.25683375869824909 0.71236876508940739 -0.64763650869321976 0.084463693535028708 -0.016900958546139499 0.050719200827751935 0.00017931847389593341
