0 0 1 0.34933654183139351 -0.60824365892809273 0.64019977003842676 -0.31328563062769849 -0.021912594038573985 0.039942904049457814 -0.031099808789298616
1 1 1 0.29863062246235111 -0.58024772775887912 0.65843871740348814 -0.3749543721340719 0.019751740182848958 -0.071530704185431226 -0.012796573470814209
2 2 1 0.27995183188559569 -0.52603767957360592 0.67281000608485464 -0.43844957202033347 0.028304110641445234 -0.1456022177896775 0.0087875356660229182
3 3 1 0.24047045203005438 -0.49801378950393377 0.70431183319256541 -0.44508546234326818 0.023174485624303232 -0.19270606733223541 -0.013210955298720099
19 19 1 0.22441619161871743 0.33272982919589444 -0.6374343078703899 0.65772770722573259 -0.44627191658239623 -0.4920904342693192 0.34558162078948135
18 18 1 0.38271507902900676 0.1924097370109791 -0.59392687580030745 0.68099818471804552 -0.62393650296963887 -0.46216910158762153 0.48141737848852562
17 17 1 0.36975054369089583 0.16376613284127953 -0.58822130116300197 0.70032912979013251 -0.59275999469090268 -0.36424379707709381 0.48244434094516497
16 16 1 0.10080967135626331 0.38699452333906176 -0.69039550630842017 0.6028488151566318 -0.47302886997477916 -0.41477390104584205 0.1767394126082806
15 15 1 0.10714701652814022 0.40834710916736922 -0.70182883270829088 0.57376689069960185 -0.33404533232825406 -0.38680599845348262 0.2734640794352684
14 14 1 0.012175382059438316 0.38215022050639663 -0.73777896446901658 0.55632289960565606 -0.15942324429899107 -0.34738961077477987 0.34656805940119195
13 13 1 -0.07343187616340939 0.39484357523984531 -0.72511250540518912 0.55939088762684352 -0.017492097537559145 -0.25485778961487393 0.32619341219869091
12 12 1 0.15213552891778026 0.19584765168635407 -0.72397673153745579 0.64370503366230591 -0.15496733436708071 -0.38562465571552329 0.34928211779606405
11 11 1 0.2180594295542776 0.10609629551591294 -0.72351739495068867 0.64630970939947385 -0.25902231983846891 -0.42514790739084429 0.3440828549299611
10 10 1 0.42739924611043251 -0.097000065588876402 -0.5991105949995037 0.67006519582748691 -0.47834468855400919 -0.32129268225571905 0.42538684369705293
9 9 1 0.49695072719389322 -0.0013167475672103486 -0.51892008224366393 0.6955287119605732 -0.47442313800514924 -0.31409976675682622 0.70086262257020149
8 8 1 0.40941675055322008 0.042356698730556905 -0.5779896000211967 0.70463597460421246 -0.40948776239800033 -0.26677315930962581 0.68667757643749705
7 7 1 0.19567239049544535 0.24370156430157697 -0.68063513442061419 0.66261427463268152 -0.2148260893018544 -0.37498116943364118 0.52394869638743125
6 6 1 0.052131919815260275 0.36182788609002547 -0.70667523505489727 0.60578292807251055 -0.072985724280417316 -0.33345712459695231 0.37009813609619246
5 5 1 -0.070155396077303617 0.42657769754418357 -0.72163944408399072 0.54069048549173548 -0.029877374068655062 -0.25317131469847254 0.26804523549207776
4 4 1 -0.13818206951399048 0.47170866636341091 -0.70700032244615629 0.50847536204177513 -0.016443971377772138 -0.25635673138685722 0.044607399533017851
