108 1694 1 0.11917449452092466 0.70105033629639557 -0.66812185207644315 0.21894989520969474 0.27526363016325001 -0.53843775888258005 0.10182757616904488
107 1679 1 0.054471943057001759 0.68149134411499113 -0.69735615140387242 0.2151668037014941 0.20881334573395699 -0.58789656044589522 0.040398568776082222
106 1664 1 0.017307296124365264 0.66497195006374477 -0.71551351979671485 0.21343187699451127 0.1570391589588907 -0.61639554779770389 -0.0096991282875373112
105 1649 1 0.038999438557992601 0.67077009238634677 -0.70981892281394354 0.21143231486087041 0.13160710329353842 -0.62849116090617796 -0.015649462198242755
104 1634 1 0.052338067525051671 0.65464160361057011 -0.72488909943580182 0.20794444216924027 0.062623356170380534 -0.6367957335174449 -0.031442055268381605
103 1619 1 0.028136834879541658 0.64738698576181641 -0.74165617031904119 0.17333359229210224 0.0062171012108135819 -0.64992810674741397 -0.10548156050872712
102 1604 1 -0.0076672831103125096 0.63642520141653192 -0.75098980377450508 0.17583654454738221 -0.043355185425415846 -0.65750467457139927 -0.1529712655609223
101 1589 1 -0.015812674508965605 0.65447370665838644 -0.73340028738415963 0.18313422695536163 -0.059588916327917442 -0.68017370304184877 -0.15848956831278127
100 1574 1 -0.040997665401881579 0.65335275458758002 -0.72776240298085981 0.20447800446977538 -0.11110773928621751 -0.68325579535378234 -0.18724664165106084
99 1559 1 -0.06579700446578593 0.67240633600411437 -0.7064847146472627 0.21076010408667817 -0.11741488575626746 -0.6971601278541445 -0.2163484177242761
98 1544 1 -0.060701799653295196 0.66975561413660412 -0.70249686624982743 0.2328966761474362 -0.14009758364886554 -0.6832616164721681 -0.20330754464678244
97 1529 1 -0.067200633418700556 0.67133932778183081 -0.69808391748961307 0.23972155928059521 -0.12891349232610816 -0.6849994871444266 -0.20463471871090116
96 1514 1 -0.077401106078000811 0.68614591908990707 -0.6864351042378144 0.22807826324354025 -0.077843454899609324 -0.69821242052408161 -0.20853007034966844
95 1499 1 -0.041681012102022255 0.69590133591656367 -0.68479218347941773 0.21223498614786496 -0.032693670030467657 -0.71064950361642432 -0.15237052274084401
94 1484 1 -0.014007021363863547 0.65569842155444669 -0.72545579318977227 0.20875170765988485 -0.086445008535048662 -0.69532774144879506 -0.12277910102259203
93 1469 1 -0.0094630188863985762 0.65457594969427246 -0.73195271944655005 0.18890736843807096 -0.082344063920990654 -0.68909775427461251 -0.13451118754711441
92 1454 1 -0.010503263118926753 0.65129298387200751 -0.72309730878916179 0.22986390026453321 -0.054295973184854109 -0.6901447540638781 -0.093712606723119304
91 1439 1 0.0051563845514252726 0.62865450263385525 -0.74537021625826527 0.22178856763062629 -0.079819915262650823 -0.66040976847506561 -0.088173091666756631
90 1424 1 -0.0022093562733545057 0.63132450670731233 -0.75076604976679107 0.19435746575111049 -0.050315370739235754 -0.63674972341620439 -0.12168294253434123
89 1409 1 -0.053810510993142796 0.63217668211354028 -0.7619758677262829 0.12980696630516733 -0.014450705425694229 -0.6001063726562228 -0.2225533177973992
88 1394 1 -0.055962752968379478 0.65638643084219317 -0.74627872757741309 0.095357665931397759 0.046190238420804601 -0.57971510814523564 -0.22717050980960615
87 1379 1 -0.019418996984507879 0.66600455417255433 -0.74135103313049033 0.080370903030184723 0.086715400349267294 -0.56499953086741928 -0.1774796891073285
86 1364 1 0.0087253442536170019 0.66518983530566933 -0.74399675431211831 0.062571406782218703 0.12055802565881941 -0.5455145121087166 -0.14570412787946227
85 1349 1 0.056040805987479424 0.66849554145957379 -0.74015806423138253 0.046251260157942807 0.17226928649625742 -0.51790842359631095 -0.10293454702746628
84 1334 1 0.10172750353230359 0.65964066306839197 -0.74397651407728416 0.032010266371743104 0.20547662301148054 -0.48069747899736465 -0.068374025521648951
83 1319 1 0.11485215866802713 0.6567948714635371 -0.74328946149153952 0.054316248987824993 0.21393084878411339 -0.45203425453538859 -0.043422376462136258
82 1304 1 0.11113982017076933 0.64011652055644985 -0.75325982452478235 0.10246178429057018 0.17806236722806471 -0.42561731442410389 -0.017582878154349661
81 1289 1 0.11761451987505255 0.62824195753305412 -0.75486299026790993 0.14717585886750037 0.13699747399498743 -0.39873175012468415 0.0015060860849521753
80 1274 1 0.1158789040324632 0.62115029944154343 -0.75077494734261385 0.19256521894311968 0.093684898907842484 -0.38694744973650519 0.018430339459727069
79 1259 1 0.091424946831222847 0.61743433333151521 -0.74817505442798371 0.22505646192024603 0.050654539346016977 -0.40532397421732946 0.012414038123699917
78 1244 1 0.05524432588485001 0.61966908559708245 -0.75127729067703575 0.22031958906501461 0.018236178554461493 -0.44184960030584419 -0.027091600279760725
77 1229 1 0.054261852571637834 0.63014462858387765 -0.74777117419506345 0.20201898293308129 -0.035030585039774256 -0.47289438781566834 -0.045604055282322649
76 1214 1 0.01639794132037985 0.64003516790416681 -0.74340935600324698 0.19346477915418103 -0.10203598801109194 -0.50016925242118893 -0.076869542645412722
75 1199 1 -0.028146942821785658 0.6228878660841487 -0.75627818095257004 0.19814582738476844 -0.18194345606541754 -0.49591308509357046 -0.10691208853747076
74 1184 1 -0.047874489446985323 0.62548979044801012 -0.75549384418626808 0.18894339549756645 -0.19576483832930647 -0.45337079767000582 -0.12329451583945106
73 1169 1 -0.075337621351984643 0.63860457806972115 -0.72765154326586656 0.23881303829611439 -0.16131334877053871 -0.44682577853858924 -0.13373427272361652
72 1154 1 -0.0037468002992201675 0.60381904394438313 -0.75265590781363068 0.26248353870452212 -0.20726640242507186 -0.40749622033894511 -0.081763580325613872
71 1139 1 0.061970936431281841 0.57386453529855597 -0.76658432967225365 0.28140284942648336 -0.23577838072263921 -0.3777216845787138 -0.034939584829363726
70 1124 1 0.069473872754882066 0.57567459137153376 -0.76258028687641 0.28678119171442923 -0.19876243163903579 -0.37854012952383259 -0.022893260459165569
69 1109 1 0.054845466663905357 0.59437880233802798 -0.75815128416318311 0.26251179866692909 -0.13900718114674027 -0.39008127270945603 -0.04605776507405486
68 1094 1 0.01087031292111534 0.60421551462738443 -0.76173456497459346 0.23359345175652674 -0.074640669153252487 -0.39312535779605917 -0.1009365165791371
67 1079 1 -0.040780910857107021 0.59429854708016816 -0.77857594610513792 0.19739718942922013 -0.027531866144054368 -0.38913204776358362 -0.17280861415964607
66 1064 1 -0.047707856814807027 0.57304525195809919 -0.80046001177544368 0.16913565311569595 0.0035385401572859891 -0.38377438669868058 -0.19639221172003835
65 1049 1 -0.032534988160278534 0.60968177133720891 -0.7810224097408841 0.13127683621673925 0.059884467497962661 -0.36750958949559548 -0.15056556710637842
64 1034 1 -0.082414144266861333 0.63537907124761328 -0.76319875478202637 0.083839163548104487 0.10577557415174232 -0.34479009992075477 -0.1347383072781404
63 1019 1 -0.092670692773065444 0.64466501438608981 -0.75646317602681357 0.059855035234880734 0.1285390057190309 -0.33447396200426727 -0.11069294014652177
62 1004 1 -0.10496570383933401 0.64177734117036978 -0.75866699929080728 0.039095134798159799 0.14320999625705458 -0.30673140375586699 -0.10881678989768398
61 989 1 -0.080332289461502074 0.6521652736809872 -0.75323527389562195 0.029390495638279796 0.16076229522901761 -0.28077015334141447 -0.097257758510513243
60 974 1 -0.074036731127906028 0.65202308438241352 -0.75453037552880198 0.0082687532738104797 0.17440502867926264 -0.249609294818887 -0.1004846338732721
59 959 1 -0.058423460933593435 0.67716682526879246 -0.73317270181061334 -0.022126438657206756 0.20365572977337132 -0.20436422622122463 -0.10834475787485505
58 944 1 -0.078461393914610461 0.69066863048554694 -0.71517044112735617 -0.073156631045302581 0.22303899256282778 -0.17421067512957528 -0.13608194895374412
57 929 1 -0.11990565193376693 0.70763272864231752 -0.68504598047704113 -0.12486216649095905 0.24752391845657745 -0.15623228531376215 -0.16183189159374553
56 914 1 -0.17210939439212727 0.69982069024295634 -0.66719071637230476 -0.18837703112762474 0.25396690669577043 -0.16210863839743814 -0.20242018758051636
55 899 1 -0.21863787171654614 0.69197969923562408 -0.64529066525893153 -0.23866615643345809 0.25889754208171756 -0.17075908869811346 -0.2488005198060953
54 884 1 -0.25025959172166379 0.6992891436784 -0.61367308788885 -0.26789955484434869 0.26540950688888715 -0.17224671784974413 -0.29179217071805458
53 869 1 -0.30401160296342239 0.70410902080417104 -0.58837858766616347 -0.25616024215668726 0.26251649429520685 -0.17937307717173487 -0.32894247198895621
52 854 1 -0.30993859855091432 0.7208395651539824 -0.58007978075736844 -0.21871404708750672 0.26290980667550157 -0.21606865569607986 -0.33486742441786582
51 839 1 -0.28811861863559829 0.74952696162335064 -0.56815167836171288 -0.18000184935147689 0.27822361064635609 -0.26705523571534689 -0.32032339895630452
50 824 1 -0.27283144095345047 0.72577551418912722 -0.62218066847413378 -0.10818559796873242 0.21899172206125533 -0.36327061357711732 -0.28697817346889437
49 809 1 -0.19581547667149682 0.67967235121828395 -0.70681656957576144 -0.010589195364944093 0.073817421309992429 -0.46617773481583802 -0.17818206767336525
48 794 1 -0.17348528258313484 0.65711631376665536 -0.73259435095014169 0.037503651351742016 0.00541327856322385 -0.49098736768650092 -0.12250597611095571
47 779 1 -0.12359809788730676 0.64889990473497672 -0.74602259694666495 0.084277569249070899 -0.028724933114949423 -0.49968984094453961 -0.052086146684343575
46 764 1 -0.079031980214010172 0.63338738293824925 -0.75643860648313033 0.14274103775700928 -0.080260663206908611 -0.45881638787802043 -0.01291797832341599
45 749 1 -0.090090833714129182 0.62899170528515735 -0.75671601080899675 0.15373339048001664 -0.11956804053927041 -0.43644364970511151 -0.039401997061954831
44 734 1 -0.085892678091541205 0.63069641341035165 -0.75634169056516454 0.15096929845041543 -0.13764607439722085 -0.40874423466552723 -0.04257853614152099
43 719 1 -0.075241326820603013 0.63833744866471265 -0.74876819742747558 0.16189574080780977 -0.13592655946556245 -0.37492667001504681 -0.029395463841514161
42 704 1 -0.05515013815152877 0.65267469642627907 -0.73916659825019815 0.1568660031299392 -0.12387344143499883 -0.34649850050244818 -0.010786002034361841
41 689 1 -0.073239879126585375 0.6710133668924152 -0.72331280414561094 0.14558698058631991 -0.097199265343141023 -0.32409453458988047 -0.025470257219681994
40 674 1 -0.069380134050448655 0.67900966459040868 -0.71703615699233714 0.14139102502501041 -0.086409755981595143 -0.29389095277033095 -0.014243726711352149
39 659 1 -0.059999193355100656 0.68048804458536316 -0.71941584641739564 0.12560636089254601 -0.083006092835149523 -0.25501732192886101 -0.0016761859339812692
38 644 1 -0.050699855920814371 0.68517899505013047 -0.7163344490184137 0.12175478019851105 -0.075478498985846798 -0.21778072413105751 0.010121212135334999
37 629 1 -0.03653855494573028 0.68589301682785375 -0.71619859502958005 0.12359318729978239 -0.067683252793010878 -0.17916193083672124 0.021022967778791365
36 614 1 -0.0015418755505322945 0.68435602813046381 -0.71522474383758072 0.1418027333437184 -0.051418159305979462 -0.13691783746511604 0.037215648911362927
35 599 1 0.034985321602904192 0.67582822277910271 -0.7223383714749102 0.14233593243645676 -0.027510881833226961 -0.095163522289585925 0.046866543831638317
34 584 1 0.05082116119302299 0.6788403137468878 -0.72142113104071648 0.12706136192782352 0.008695381170233784 -0.067572425790218424 0.04632560118000946
33 569 1 0.056994276961331317 0.68571850402518653 -0.71620502067146541 0.11658539357956108 0.049419231289230175 -0.048190883050499247 0.050290539711452663
32 554 1 0.03303698471774081 0.68933094327199473 -0.71687241697263371 0.099122883696532715 0.080871969756013545 -0.029189732938141266 0.047437066987563614
31 539 1 -0.013267332678756034 0.69232044815893645 -0.7159947679615466 0.088700998846077878 0.11005056735769246 -0.011032501292839038 0.051448065800227337
30 524 1 -0.066443644772307561 0.70388364115060986 -0.70292879374653328 0.077615544267720396 0.13339818101397549 0.0091566522858961882 0.059848965584135314
29 509 1 -0.10329641442380641 0.71415563165144091 -0.68960667718343627 0.06127165194228764 0.158773178095545 0.040757682272708318 0.073077092088087908
28 494 1 -0.1359095058357449 0.7201833274906615 -0.67835590472976837 0.051940808101335618 0.18379431997552556 0.082165502221434622 0.10197284317625541
27 479 1 -0.17069279736842688 0.73186332982740598 -0.65856373503891763 0.039164298437137986 0.19449305635606776 0.12183341459747682 0.13621440879378613
26 464 1 -0.21467212548046405 0.77532017075330062 -0.59373073798538978 0.016682989423277221 0.19465569657282702 0.18155995045568524 0.16749302740333072
25 449 1 -0.2329260564867596 0.83042071864831291 -0.50371583374668272 -0.049165446016799071 0.19133067369200285 0.26152089256815952 0.19211811344291632
24 434 1 -0.2727840592187501 0.86210019468581978 -0.42287873831845108 -0.059545646667141273 0.13554665241207903 0.32417802938967455 0.23936758967477614
23 419 1 -0.29842851449931213 0.873867945605456 -0.37448126635534779 -0.084017953592839492 0.085234348064370288 0.36187101459492604 0.27299655898148206
22 404 1 -0.3163407941606704 0.87167312563512311 -0.35412480577054867 -0.12128514308546806 0.063147163376212179 0.37678201222141627 0.29865638434719177
21 389 1 -0.32303170221200589 0.86595389980463078 -0.36321386822854118 -0.11768622988958991 0.051261382145218623 0.38894623419466767 0.30793527768784673
20 374 1 -0.30240308755367107 0.85826662002067866 -0.40368257054863088 -0.094716227920755722 0.067952268057038981 0.4164279308225004 0.29367537813561495
19 359 1 -0.29073568235058977 0.82451573270272116 -0.47953922225051127 -0.075423496718242292 0.13749242015731339 0.41354731102648029 0.27398563714212332
18 344 1 -0.28103116045626103 0.80009850532071736 -0.5271442852446564 -0.054614752311636726 0.17944203773554607 0.38714689726092655 0.24180254687123887
17 329 1 -0.26102845489369991 0.78352868256708696 -0.56144359683036027 -0.052230612754213909 0.20022193641803498 0.35654222889732667 0.20918614409441061
16 314 1 -0.26192340087430344 0.76569151730820739 -0.58465487145395356 -0.057369971952712713 0.21172278738205871 0.31307923324831627 0.19634936101484682
15 299 1 -0.26371783624597445 0.74800847619815969 -0.60564895598212298 -0.064230557363400095 0.20504233296065993 0.26319148176258456 0.18306631606055843
14 284 1 -0.25588103154359232 0.75064465769218125 -0.60787142390512727 -0.039367849495855652 0.18184309347019623 0.22670644165202003 0.16084796355305475
13 269 1 -0.24503894179226043 0.7542451382325851 -0.60571625307061105 -0.06463752179606938 0.17468018477427977 0.1951934797036359 0.13713669230813472
12 254 1 -0.24026459993071786 0.75267137910826121 -0.61146982651654147 -0.043166750528977699 0.15328396773966832 0.17310222113920679 0.11926494706305121
11 239 1 -0.24301116878347212 0.75395503949609055 -0.61014683842776019 -0.014771791412954991 0.12344362915254223 0.15644267451999919 0.10411963176499686
10 224 1 -0.24270137536828096 0.75186382636687232 -0.61275308912898907 -0.018179129742415909 0.108728161816845 0.13528576422351457 0.098320564744943495
9 209 1 -0.23803980090946072 0.74764008034751805 -0.61992271134013033 -0.0081972803808701214 0.090211813836342497 0.12400377803561304 0.088321629230480883
8 194 1 -0.24867954278510332 0.74993639868409079 -0.61272527034259416 -0.017933934663745946 0.070142138553032987 0.10730197112122732 0.073812885598899855
7 179 1 -0.25127198966090758 0.74855599987953803 -0.61333217027689824 -0.018706981574370309 0.052665206419870186 0.09462757315865275 0.058111291151849605
6 164 1 -0.24290207244107359 0.7419836018686331 -0.62486024400129025 0.0029314209061796501 0.034989451141018826 0.077841154477439597 0.042386334870029144
5 149 1 -0.2237585691433743 0.7379088926362446 -0.63656345515012358 0.014475374627201157 0.022381845044302739 0.055232603719774016 0.027510221230944317
4 134 1 -0.23792234146200347 0.7276915007041459 -0.64329685213854981 -0.0052152914413797491 0.014122555004062554 0.035649598038583794 0.010696361915827122
3 119 1 -0.23784991382182094 0.73003123386829827 -0.64067971726245343 -0.0033639203594794725 0.010059654571641524 0.017779124959867942 -0.0090019681086815437
2 104 1 -0.20572553230603288 0.72462619647272919 -0.65693361129839589 0.032126485791527451 0.0015548707895639807 0.012270084104380245 -0.014304242479343261
1 89 1 -0.18181826522355682 0.71739608257202592 -0.66813166366640531 0.076714139164620915 -0.015572978585799497 0.0098030029633502554 -0.011460623974872259
0 74 1 -0.16361733881855905 0.70827956523632096 -0.67940374368311363 0.09989983471433321 -0.02969100653380765 0.007342641272861391 -0.010664261016040719
