19 883 1 0.54852599211957287 0.36147342505914165 -0.60690855140505073 0.44734573785459775 -0.707669776448557 -0.36339326124088756 -0.3651279244248446
18 838 1 0.50567959272590368 0.40811081881151068 -0.53594764648399018 0.53897479467766807 -0.64846591019929911 -0.30710217642657184 -0.22868133690050013
17 796 1 0.28202424734297804 0.52666947012089205 -0.66325098634400048 0.45075461424916802 -0.67934373080439336 0.36573447288523314 -0.30525734144984668
16 751 1 0.086613353889510247 0.70686115290003004 -0.66195706796023146 0.23379109826155628 0.16900212960869551 0.86659140573888516 0.21732382587044138
15 709 1 0.11248411086443386 0.77452227239991434 -0.61944530091937711 0.061238007221112931 0.056782299081228602 1.3750217512882339 0.51153304873419503
14 664 1 0.10480554025335853 0.70016875499440057 -0.68635565949338917 0.16641941576386937 -0.76746987240175635 1.2402791458690015 0.50308736398916887
13 622 1 0.106635030633093 0.62653318424815096 -0.70264451657736926 0.31996222058472285 -0.84769838453549851 0.88212655658616468 0.0378617468383428
12 577 1 0.29177083689546596 0.54113520472921139 -0.6919431780059685 0.37849320647931634 -0.76900489620011281 0.2928311803123525 -0.11021396727687244
11 535 1 0.46676135083143788 0.25622972978924458 -0.68393599969757735 0.49871005129214868 -0.55362796116185131 0.073389181638347581 -0.25336455762887938
10 490 1 0.43079625366579494 0.28400849399582756 -0.64517405720647958 0.56347510954208813 -0.22816902390451024 -0.27142202199377963 -0.31013395604061256
9 448 1 0.38550557200661667 0.34430035390980801 -0.58876866398105454 0.62144523536945417 0.6365176785249208 -0.46994527700817967 -0.10697193645351308
8 403 1 0.39389403621179209 0.24260733520740196 -0.56281012742531533 0.68500651793092238 0.36152297339715167 -0.81887583596883262 0.028079720283298408
7 361 1 0.52639509165078002 0.19494788920389472 -0.48654628680748402 0.66945966179805227 -0.057563639458484528 -0.56657720223551067 -0.087922678952166253
6 316 1 0.35717164654346101 0.35988273291465417 -0.62667039476616848 0.5917744923354904 0.11151327200040972 -0.084634546139156719 0.060640675280033918
5 274 1 0.32066272464755152 0.28915338174225602 -0.68011250156499992 0.59246326811341121 0.45751997488779972 0.079582597846882652 -0.053986628536446729
4 229 1 0.074958551360457162 0.48339504304830055 -0.67905500377426731 0.54735249134666708 0.49922183559369049 0.95904236178945301 -0.019172014180679209
3 187 1 -0.030621697612681697 0.58573411155478039 -0.69497846707933097 0.41591200089984531 0.16753984869937733 1.3602930115158518 0.38966485253017308
2 142 1 -0.074453064967398397 0.62395726107003446 -0.69490949749523712 0.3496210345014415 -0.23172154867419778 1.1908934629767196 0.41947649737488846
1 100 1 0.067572414040065934 0.57815416540209774 -0.70042289548112591 0.41301270849071636 -0.053964174322881857 0.82885092779979175 0.26583090903352341
0 55 1 0.20986561239139404 0.47419960366626068 -0.65691824270361487 0.54731123049097119 0.019124239698173062 0.39406643064682317 0.10386569764899599
