18 852 1 -0.30454305825337424 0.72101330958161158 -0.56254006178064497 0.26634941705902254 -0.53277285047535683 0.86233156851816029 0.25285170823530095
17 809 1 -0.16337211603921864 0.631233209197401 -0.62650868262320847 0.42701411909321002 -0.29361593249318768 0.75055495003252348 -0.0098341893629679683
16 765 1 0.10782270393790754 0.565588246992346 -0.67535078688464423 0.46085302866959155 -0.12658021116027671 0.62254689257356155 -0.30400075226380091
15 722 1 0.25632799369850401 0.52888525109350626 -0.71479230739610577 0.37900964118292502 -0.43860607647925787 0.52397456861532477 -0.56620734243371351
14 678 1 0.24012991122488656 0.47744358494019018 -0.74822926279671098 0.39311349408189739 -0.22924383166509332 0.467513543482039 -0.5312688570906805
13 635 1 0.26168098837678039 0.37391034341472507 -0.70154271010191871 0.54731338491990944 -0.17525292057525951 -0.078324410594156957 -0.62019950759519193
12 591 1 0.38126717719557057 0.32129818945266453 -0.6321441281410799 0.59312445094138144 -0.41919652625570741 -0.074997663846677207 -0.4592740618519518
9 461 1 0.11467829936698036 0.55062937589060856 -0.69876991528293919 0.4420144607997461 -0.55204953749750141 0.9212400742819884 -0.32249548018726382
8 417 1 -0.0045393820240706281 0.61145190493938084 -0.66589236566385601 0.42742639051354259 -0.22299394100217801 0.90475203404546523 -0.028970888453441153
7 374 1 0.00048721438704592122 0.50266019135818696 -0.70982501121738406 0.49343788676603734 0.38189096442094239 0.59337428203658737 0.31169629043442493
6 330 1 0.17086314518855913 0.39634112690124207 -0.7021014797708951 0.56636826256989914 0.54753991279489045 0.1200606131887175 0.25379279938353094
5 287 1 0.18922773627868211 0.36965003065202973 -0.74872914537744972 0.51667822242102734 0.51522635442964926 0.10974672625053464 0.0062896530440123034
4 243 1 0.014555468841725124 0.48429750428729734 -0.68663972843884002 0.54200548797713177 0.23042623476033874 0.586474607185823 0.023368538909715648
3 200 1 -0.10874149039605836 0.62588618123097217 -0.65078289424078128 0.41584059563028103 -0.34444522404326111 0.74828266139955146 0.037128601945975802
2 156 1 -0.040115528758525684 0.54587081509492186 -0.72186206546111109 0.42347485879122543 -0.22260649303189745 0.65660852962135174 -0.016596845629752718
1 113 1 0.09700757568835211 0.50461971354472279 -0.70793543943391923 0.48453677729829153 -0.10745835455175415 0.47468273661884602 0.032320313088697136
0 69 1 0.21643717923624206 0.4715804960964583 -0.66448692946337828 0.53779541065167946 0.0038704245774227766 0.26458019884673772 0.08830095108166601
