19 896 1 0.48122388061003535 0.1698418864481131 -0.67254952044120553 0.53596124196873529 -0.54910347895413714 -0.42230827844752911 -0.67147757278502485
18 852 1 0.51864785273204583 0.40174624415490734 -0.60992499246765353 0.44451756290072131 -0.58313500478944991 -0.30224276760619273 -0.26378641780213397
17 809 1 0.38622907871425316 0.48282289281870189 -0.61287366757530282 0.49203152390727639 -0.67861186787886474 0.095886234325434486 -0.25016775123577334
16 765 1 0.13958003455238999 0.66328031190966275 -0.70166841584777373 0.21963168257118493 -0.17995519514509328 0.76367434177179205 0.13306231302926666
15 722 1 0.022827877660183592 0.78513494606714651 -0.59863918981776976 0.15707681203791618 -0.043049427772371654 1.2909958503725507 0.54339450969736935
14 678 1 0.19928481097065373 0.68811823723834686 -0.67891692906494072 0.16078140167759208 -0.34113662639484699 1.404550546768266 0.28191202239500401
13 635 1 0.033813826727409575 0.67355998339890732 -0.7175486854604316 0.17406164965241264 -0.90029410500702445 1.0032623524783928 0.55057874031242959
12 591 1 0.2332858957445946 0.57801854472198388 -0.65812686412613108 0.42230472827050758 -0.80152073419616243 0.41604362596098765 -0.11587181100350726
11 548 1 0.34025062018643343 0.35873478316272667 -0.74000122767925625 0.45600115553047949 -0.54695076738661197 0.086337433209714168 -0.31855835041306779
10 504 1 0.39029469856630478 0.31428667068496363 -0.63409578268800015 0.58891126265176086 -0.40119056315524954 -0.22040203440363104 -0.34772072929186937
9 461 1 0.41978096128753462 0.36353581330769114 -0.5591029557920365 0.6156537515583228 0.46714758012512003 -0.39528968063793557 -0.22221496721308964
8 417 1 0.37835050167060247 0.19524962057935807 -0.58143475324362781 0.69329799600874509 0.46018805407947183 -0.74318933272936483 0.14103689972233208
7 374 1 0.47668511120359247 0.23821714824882609 -0.53412749179101571 0.65630154468053326 0.023585326589811967 -0.72488903492534573 -0.12998536173732697
6 330 1 0.42250345185641308 0.35596717664754673 -0.57160869451874863 0.60666440695788459 0.021613820120005765 -0.11952448277239332 -0.044918947391733396
5 287 1 0.30898720318626355 0.29193888981361588 -0.66181289449090297 0.61749678992452839 0.2774325554828263 -0.0069915194863964959 0.097295347182010286
4 243 1 0.1379540960937064 0.40893229831957389 -0.70850661457321595 0.55835599743178177 0.56614963035498345 0.7040358697023702 0.0041604977727826651
3 200 1 -0.015438001060089551 0.58720722799624825 -0.68465405478593511 0.43150685368532532 0.19444958628677689 1.3517341947858723 0.36320010718504186
2 156 1 -0.079130726196258508 0.62729634033196557 -0.70311375375570861 0.32537467457891162 -0.1522523645654443 1.2546256112086365 0.53287066028899843
1 113 1 0.049855886581280005 0.57945510530566424 -0.70535610597446774 0.40523935553316104 -0.076285262151195354 0.97332682192625453 0.3201509278185844
0 69 1 0.17135159148127249 0.49733224787283214 -0.68262762915579989 0.50726599258744198 0.045647057206496082 0.54783300805514923 0.10389095297288899
