18 852 1 0.15278765386661364 0.31149934603157509 -0.71688381774623744 0.60473273609208267 0.31935280884841361 -0.10742162148397508 -0.77251170509676326
17 809 1 -0.0066963566059550349 0.52741020979581255 -0.66866820267832527 0.52409585396020919 0.35779256078421773 0.37553704290913786 -0.6598953097912742
16 765 1 0.26351436956898627 0.17625755779796939 -0.62381557584239078 0.71438615446142406 0.82712524907676377 -0.50936039828761182 -0.33776203880979344
15 722 1 -0.63856710336722855 0.2366644529044506 0.42694785627007864 -0.59492648222701316 -0.4987574205360007 -0.97864789375076178 0.39293127751176465
14 678 1 -0.51644866598899108 0.13416102010944767 0.48379528996303145 -0.69370290001626067 -0.43232682993353216 -0.93485371635409242 0.1432732617513455
13 635 1 0.50067820395877105 0.061903693037301519 -0.41555556256896226 0.75683739553946217 -0.56635370913766647 -0.77478240041366708 -0.1842884372521687
12 593 1 0.37181932012509028 0.1961126876179875 -0.53067697456827445 0.73598380118045303 -0.49267064439539532 -0.61328853327477539 -0.45308216897660925
11 548 1 0.15213001928451195 0.36826758951257882 -0.68033563618631299 0.61512507824185936 -0.45731818811499181 -0.10711507838936044 -0.85321944836638641
10 504 1 -0.066545328290101985 0.55233566944668178 -0.74553412892466486 0.36698213873183233 -0.7587988275939026 0.62600628506290013 -0.580432201351329
9 461 1 -0.015836249971891186 0.63150723562484157 -0.74556865789086157 0.21230921061300692 -1.0653231615754413 0.80690569154479941 -0.3182538114116939
8 417 1 0.076417167204240993 0.65834397706190562 -0.73374846568979701 0.1495219499627434 -1.0145659823068698 0.98558519249734589 -0.05821192873900654
7 374 1 -0.0029690233153171573 0.64662294285318667 -0.71713429194013578 0.25997761826733828 -0.5420874600933383 0.90612792239624484 -0.091690129807638479
6 330 1 -0.06332151956515579 0.66401830125197381 -0.72596072935866618 0.16748462673163775 -0.052381670781971999 0.92724460758309168 0.38709514037310294
5 287 1 -0.4153010157204936 0.65275067934873232 -0.62208335853959984 0.12022442338970317 -0.3859677947681795 0.9436189416024392 0.77983287812395452
4 243 1 -0.52493060515395651 0.66426152950015493 -0.49052072633285648 0.20638288988359196 -0.56768916355416799 0.84593325114812989 0.39675553073070713
3 200 1 -0.13998984540787607 0.5916438032987571 -0.71753837414515365 0.33985163649744343 0.094881967146037277 0.58661422168054611 -0.059809157507955089
2 156 1 0.17418304783681735 0.36490120308661833 -0.737047007985281 0.54154324467410797 0.26304300053309049 -0.22308502041100778 -0.19730240045648814
1 113 1 0.30757223202452461 0.35130816977164908 -0.65354040243950651 0.59570700375130259 -0.14948356221669945 -0.47374129114591218 -0.32336188834720292
0 69 1 0.34414784673799348 0.36806952987672853 -0.61046112593799451 0.61108452318843975 -0.27931443164661451 -0.10839934363031442 -0.18531963038809768
