19 881 1 -0.60229931801520098 0.66324423538096688 -0.33088683347083525 -0.29640600396750466 -0.60473212829484202 1.0151492096772927 0.17455177782759962
18 839 1 -0.63488046625707961 0.68358605137554296 -0.24152881556513256 -0.26702197509136044 -0.48080797380531631 0.88474852600952636 0.11953805952616091
17 794 1 -0.49355115822792428 0.73906041423912716 -0.44612965530476012 -0.10566593100058465 -0.15611222170469827 0.64032975606320852 -0.19039849461179398
16 752 1 -0.35616060693155288 0.70934813052285584 -0.60532993224993259 -0.059586281274883128 -0.27561895338039899 0.57190356893341243 -0.49703080682364836
15 707 1 -0.20330138526340025 0.63416221200171674 -0.74584438839788925 -0.014932645929332107 -0.59724731794185015 0.4029578508481369 -0.63171106342476468
14 665 1 -0.38956893140123849 0.60209786080043193 -0.69659713970245085 0.02160182086781022 -0.179748699739289 0.35897444331721501 -0.60972732712293887
13 620 1 -0.23766526134491936 0.61976018536948885 -0.71868187218229584 0.20714464216382367 -0.3473451201578423 -0.29470635506927401 -0.63664087518023327
12 578 1 -0.15402052688736109 0.63353953007404662 -0.72884356804157047 0.20902725768504155 -0.50327852064937073 -0.041832379585795373 -0.48904748846344498
11 533 1 -0.26156138885419156 0.63307327129282231 -0.72577862295849971 0.063633823488260077 -0.56614106990151936 0.42798560339819458 -0.48314127204010582
10 491 1 -0.44942575759235254 0.66983930268871139 -0.58100229578844409 -0.10848100881996932 -0.70936291343209779 0.82232080312200329 -0.36425670784924069
9 446 1 -0.39220392306417129 0.66728504122752164 -0.61448380629151744 -0.15269711291490567 -0.45090732117980636 0.94842070780848442 -0.15174919305955129
8 404 1 -0.46660630713760903 0.74851919139373335 -0.45233051148989756 -0.13188890260352659 -0.10259126755001281 0.80309417696113861 0.018246876276253959
7 359 1 -0.42205865618487709 0.70363171647445566 -0.57094328531043415 0.028154276221479362 0.49463115331847424 0.33419138411241661 0.2694841763135164
6 317 1 -0.33027164577409074 0.64006867367133602 -0.66557651366713888 0.19555213483106604 0.49335700047793729 -0.079244271760100099 0.11371797808260431
5 272 1 -0.38343949821574053 0.62980234781261413 -0.66166525055247605 0.13609647353664006 0.4706838072024494 0.17632501665748748 -0.079889882182959102
4 230 1 -0.4973775958081405 0.7302232387137243 -0.46819475178944442 0.01353599746505413 0.061462559079184395 0.59999147737003933 -0.076964813190821754
3 185 1 -0.55068461658774626 0.71334997233309361 -0.4170907663293752 -0.11795576572917561 -0.36184008962326403 0.71297323989281614 -0.087043422337163029
2 143 1 -0.49204921798059986 0.69182975515000489 -0.52612257565743881 -0.049539805786330424 -0.20554517953364959 0.55436737263958247 -0.099319447981295564
1 98 1 -0.36996990980821587 0.687967016430582 -0.62217058835240702 0.052224602720594072 -0.092162603887169445 0.3256224816438878 -0.031798563456819841
0 59 1 -0.28498651865545188 0.71537944947653442 -0.63089287102012903 0.094810931581095714 -0.023727057807610013 0.1248660076351205 0.014654687863977457
