# Frame list with one line of data per frame:
#   FRAME_ID, RIG_ID, RIG_FROM_WORLD[QW, QX, QY, QZ, TX, TY, TZ], NUM_DATA_IDS, DATA_IDS[] as (SENSOR_TYPE, SENSOR_ID, DATA_ID)
# Number of frames: 414
1 2 0.95757463407899657 -0.19084829828922961 -0.13876342687056409 -0.1654462407300894 -1.0045466954766584 -0.083974421298885701 2.3526284871258194 1 CAMERA 2 1
2 8 0.96729759217040401 -0.12615497924446475 -0.10250794025776172 -0.19471109772501097 -0.86871647762933801 0.27586538029529001 4.3820334067632238 1 CAMERA 8 2
3 7 0.95974490796265888 -0.14031384386241583 -0.11282708045608369 -0.21557315875604197 -0.82596089949951079 0.26363281189539989 4.3321891743226324 1 CAMERA 7 3
4 4 0.96296532689398884 -0.15428807884786125 -0.087769148136034467 -0.20295207454190833 -0.78597772302921121 0.27817116394001618 4.6207589471500459 1 CAMERA 4 4
5 1 0.96353041786591331 -0.16328580124432629 -0.064387573329046641 -0.20199287452762693 -0.76439028354160177 0.3279454940108158 4.8144872502464864 1 CAMERA 1 5
6 12 0.82204404555630428 -0.35543368854416202 -0.12909511016694869 -0.42572870791655565 -0.75606227242015811 -0.072274336598796174 2.1432537912077181 1 CAMERA 12 6
7 9 0.97307544473816265 -0.1118689999813097 -0.098714407267949333 -0.17568429493994708 -0.93561466193273124 0.27191620556520052 4.3982231351679593 1 CAMERA 9 7
8 3 0.94998597571435694 -0.17880270697665557 -0.091783219845516184 -0.23902317560992123 -0.80279272719550077 0.29493966004726968 3.3619172101779249 1 CAMERA 3 8
9 6 0.95169831281588557 -0.19947489576909166 -0.057212112230399882 -0.22628933151044292 -0.89248652717547672 0.38921156886568242 3.544769721338934 1 CAMERA 6 9
10 5 0.95049961389553284 -0.18557539936742259 -0.097302828716245793 -0.22944370694765573 -0.93521924879720975 0.34669681233890098 3.4709770661360229 1 CAMERA 5 10
11 10 0.98627556094589175 -0.084732392839983101 -0.088435480651279333 -0.1107253595453839 -1.090232828248368 0.29730816772754232 4.5492310317244087 1 CAMERA 10 11
12 11 0.99356757493749004 -0.061983530128802013 -0.044517075855740953 -0.083664484596878072 -0.79163516523753041 0.17495582792785552 4.7050519869774119 1 CAMERA 11 12
13 21 0.84399367433095318 -0.3732778758501536 -0.071943621989305914 -0.37836810164863821 -0.96530373913662859 -0.1251709145857185 1.9275380377589308 1 CAMERA 21 13
14 23 0.87465351458845175 -0.33373764049430438 -0.073169520862208154 -0.34387008877213843 -0.018313507452403351 0.1303327690463332 2.1851915826021875 1 CAMERA 23 14
15 16 0.93710102321408073 -0.22104890336644845 -0.13344383505257351 -0.23488677591144858 -0.7696137812849263 0.036666577184054701 2.1304237389020955 1 CAMERA 16 15
16 17 0.96102583436006062 -0.17822273380746934 -0.13324161299402887 -0.16405083179761962 -1.0029529659452017 -0.17977536438952108 2.3542905997029582 1 CAMERA 17 16
17 14 0.93050516648053294 -0.2860622195685012 0.045962093791723217 -0.2240893295604659 -0.32839513152626432 -0.017946972257146789 2.9411578326738694 1 CAMERA 14 17
18 18 0.90059858073171206 -0.34839336736936227 0.055166821633844565 -0.25397023398005147 0.054068720869611925 -0.18197450682181407 2.6243270845881885 1 CAMERA 18 18
19 13 0.89160338340833067 -0.30511865513092723 -0.12357322423041532 -0.31092711563839392 -0.78991246415466843 0.13394675426037908 2.2635339218378729 1 CAMERA 13 19
20 19 0.94005019105712395 -0.24008879233597136 -0.16046729040293015 -0.18142011685273843 -0.94978854773314259 -0.17112052995918092 2.4491449105556553 1 CAMERA 19 20
21 15 0.90803975556186567 -0.33598265366215008 0.058812644246709019 -0.24314713988446815 0.029807995338020695 -0.039736299390685188 2.745274722067053 1 CAMERA 15 21
22 22 0.84017920292190318 -0.37261919822596934 -0.056122564921057362 -0.39000525355132459 0.074211307847860036 0.0129072978513408 2.1699211246516121 1 CAMERA 22 22
23 24 0.69442223194271002 -0.49252604566503522 -0.11425936434851156 -0.51199673415359104 -0.50712315938699271 0.15571040451785059 1.992681026512148 1 CAMERA 24 23
24 20 0.89333844663079653 -0.32888542234916684 -0.15787429574938044 -0.26240523142483824 -0.83569130787015045 0.12654656143370557 2.5099227668534745 1 CAMERA 20 24
25 25 0.67817128974811658 -0.49597749308741196 -0.10886181971693248 -0.53126183028711971 -0.495406763839294 0.058089172688289385 1.9343926273812888 1 CAMERA 25 25
26 27 0.80360464788225561 -0.38777606108345664 -0.10652193287924583 -0.43875092497715018 -0.71700539070539138 -0.017107267898451427 2.2470816283878459 1 CAMERA 27 26
27 26 0.65851590310716346 -0.53199186699742707 -0.067491141050693357 -0.52800227715723358 -0.49269045446811627 -0.23350820790617843 2.4568103180127445 1 CAMERA 26 27
28 29 0.84635112444090066 -0.37480650415521877 -0.06288076146331191 -0.37317002617890033 -1.030242284959664 -0.11562235731317769 2.1027639994211231 1 CAMERA 29 28
29 34 0.45265862782388816 -0.61782477246448153 -0.062941335199102361 -0.63986803757428046 -0.74668489578284247 -0.38411131622080297 2.0381291396406076 1 CAMERA 34 29
30 28 0.63265557286347163 -0.54329940583019654 -0.11358023970827553 -0.54006685780295649 -0.83214369880495243 -0.36175866178880844 2.443754469296131 1 CAMERA 28 30
31 35 0.49669498913552174 -0.60272648504606552 -0.068059004260743877 -0.62079211007447177 -0.62800569816952401 -0.37022113249091854 2.0229934045133446 1 CAMERA 35 31
32 32 0.65208988194027262 -0.51354865808320826 -0.095073440279446433 -0.54955218369640557 -0.46150352833050012 -0.22340724861755989 2.62620209562813 1 CAMERA 32 32
33 33 0.64868042157923889 -0.5164047114975977 -0.097842784956575848 -0.55042408562380818 -0.45846273137312293 -0.16785406505621664 2.5985109567729734 1 CAMERA 33 33
34 31 0.63854905885905144 -0.52492589122149691 -0.098893629778633793 -0.55401079244428419 -0.48982142601137857 -0.20108778966316274 2.6309321774581709 1 CAMERA 31 34
35 30 0.69642924272734974 -0.48052281120146034 -0.031642447985257671 -0.5320553479430089 -0.03297381610323756 -0.19514723709962148 2.4807072665382996 1 CAMERA 30 35
36 36 0.58927324906614187 -0.54288001909164985 -0.11537531164187027 -0.58713444820554017 -1.1284020830786969 -0.42798680840022374 2.3795544164674682 1 CAMERA 36 36
37 38 0.58993095132100071 -0.54462527564649144 -0.080682055616211543 -0.5906396428466556 -0.57504296481364581 -0.57692089579111905 2.521911664400649 1 CAMERA 38 37
38 48 0.067652176038384818 0.7196982265776346 -0.00097245956220902289 0.69098241660745541 -1.1302703580386646 -0.18859618813529908 3.0106930445946536 1 CAMERA 48 38
39 45 -0.18738539559328882 0.66091023950529115 0.0048802155655925487 0.72667774999062607 -0.56865903390551209 -0.16198979531703248 1.8650880192539403 1 CAMERA 45 39
40 42 -0.37217402670725708 0.61455636573273875 0.1728270522183617 0.67374904616139242 -1.1105268173107299 -0.76204012533610455 1.9333323274144496 1 CAMERA 42 40
41 37 0.56324995714997295 -0.56500565526490898 -0.11271635969203769 -0.59229478939713787 -1.1167159108508316 -0.40991516383590165 2.4027145662055647 1 CAMERA 37 41
42 44 -0.1831857245994887 0.64810085606792056 -0.0078040175356423767 0.7391531424388943 -0.62749759349349699 -0.17268122473631822 1.8335093022532298 1 CAMERA 44 42
43 41 -0.36288125407378646 0.59747515834484899 0.19852725415637959 0.68696983919220367 -1.2251481833625226 -0.76254766309240485 1.9818458223438691 1 CAMERA 41 43
44 39 0.6205457383597871 -0.54096769495593888 -0.086410233853996335 -0.56107950515311367 -0.50891784062480994 -0.54773072370181719 2.6285889985713959 1 CAMERA 39 44
45 43 -0.35783247174394556 0.65545401288204352 0.13341752579692745 0.65156405899394931 -1.018655325576604 -0.66813820884271791 2.1058873881223295 1 CAMERA 43 45
46 47 0.070617513710369631 0.7163894156845213 0.00010835920008769713 0.69411768462620216 -1.1296795920280744 -0.17720589509433096 2.9860987901765017 1 CAMERA 47 46
47 46 0.087826186635545422 0.72079435649086165 0.064747108641273338 0.6845070259059276 -0.94718727810095538 -0.7276581446698418 3.3916202657822638 1 CAMERA 46 47
48 40 0.63599606862310121 -0.52707985099054866 -0.09420965010867885 -0.55571609046539328 -0.52303060413250835 -0.26619008591594556 2.6530520154390813 1 CAMERA 40 48
49 49 0.015784605143199199 0.69727424052507758 -0.0025972763269010912 0.71662593721992196 -0.87725862678342714 -0.51061675999385814 3.0368715521983618 1 CAMERA 49 49
50 53 0.13496161024699427 0.75551694289264471 -0.024176488229668395 0.64062080061341398 -0.87938086814210414 -0.087602863178794885 2.8683149405081902 1 CAMERA 53 50
51 54 0.027673433543847992 0.70256598935814163 -0.028144199457393444 0.71052312820204 -1.2791101606766504 -0.088170347667943003 2.9876390928861531 1 CAMERA 54 51
52 50 0.016356935082563889 0.69425323165046537 0.0007488103691414259 0.71954453670403284 -0.74805062748881757 -0.52558277434176415 3.0722803203485287 1 CAMERA 50 52
53 58 0.25668822796922663 0.66971544029498442 -0.076982601881071727 0.69257928185885975 -1.1280016979695466 -0.32872756462483688 3.0771815803343228 1 CAMERA 58 53
54 59 0.1449072935210971 0.711791356215419 0.065876506855383279 0.6841163843571777 -0.59887093802887237 -0.65596140175999962 3.2315873710449168 1 CAMERA 59 54
55 52 0.26499153659555208 0.7386430621799257 -0.042533390379160978 0.61836625306451254 -0.90466625365044839 0.2616972519239516 3.048100290233748 1 CAMERA 52 55
56 51 0.23948947478011415 0.72363505400216732 -0.051963876670433604 0.64521070636669198 -0.85913421967134584 0.13795864643329306 3.2286755314955244 1 CAMERA 51 56
57 56 0.091327014517014721 0.71981112373296918 0.068408587851678609 0.68472738201259953 -0.85183873208768801 -0.72097515563125192 3.3563511264046455 1 CAMERA 56 57
58 57 0.10688132949251128 0.71857657417058585 0.058387888697989984 0.68470062283641109 -0.701473121911384 -0.76125928487251948 3.2470861338970192 1 CAMERA 57 58
59 55 -0.045510286609691399 0.73211091091270186 -0.018973473151678688 0.67939858349266535 -1.1701676444388767 -0.23281759815970599 2.9839599294203802 1 CAMERA 55 59
60 60 0.1270573462353127 0.66133704448319208 0.052198323593153538 0.73740428489122634 -0.95342357785547083 -0.62872687929936932 2.9526145264220736 1 CAMERA 60 60
61 65 0.40730271958749675 0.65493196982584989 -0.10138681210777867 0.62840219911079487 -0.87503431868721193 0.037299154778407791 2.7456116395313637 1 CAMERA 65 61
62 66 0.32879041311189894 0.68771631282320544 -0.040047825560475557 0.64601804076236113 -1.2043515154163607 -0.35939058163387572 4.1156433713442491 1 CAMERA 66 62
63 61 0.56070805809767488 0.52290753797512646 -0.16694653697880038 0.6199217967646502 -0.88311183489722078 0.35270534053716934 2.5431499657801417 1 CAMERA 61 63
64 62 0.56455899842538693 0.52087829462957502 -0.16405037297437644 0.6189074362194058 -0.95370461443135524 0.36409721032678893 2.5179597925642607 1 CAMERA 62 64
65 64 0.5567259870004253 0.53306796568590553 -0.16063369369155298 0.61651564117133395 -0.88990843879293369 0.36725221008188985 2.5478955543935164 1 CAMERA 64 65
66 63 0.56497669740186307 0.52298764315399371 -0.16819886866708805 0.61562520828847356 -0.93318384642483099 0.37988565529490015 2.5519793879536743 1 CAMERA 63 66
67 67 0.72226636061493332 0.47154247835137714 -0.095968129961327656 0.49675860683638462 -1.2102668071948859 0.10923625886117742 2.423643888051398 1 CAMERA 67 67
68 70 0.65883594205591223 0.52411293926000513 -0.073966807947651605 0.53457435374096673 -1.1896156906328288 0.23152674368729237 2.7127503791822711 1 CAMERA 70 68
69 68 0.71142021054401605 0.4830217673908449 -0.085933768388323922 0.50317655321637789 -1.185452584675404 0.2087024826187911 2.4661070979174951 1 CAMERA 68 69
70 71 0.64887244299223645 0.52328330025241321 -0.091231527524232997 0.54480817613892785 -1.3082176957905722 0.12810812271181954 2.6684198245008379 1 CAMERA 71 70
71 75 0.88861778343272302 0.29693804815323327 -0.15719186666618237 0.31221298432330391 -0.9608353473332224 0.52968346406501499 2.0895557133018756 1 CAMERA 75 71
72 69 0.67288364327176475 0.51155866882218104 -0.09180027631416729 0.52641052443775971 -1.3098827198025644 0.15294788922597707 2.4290852354698975 1 CAMERA 69 72
73 77 0.85195904544638434 0.35171495310164391 -0.13561151942649494 0.36341696774590965 -0.98727825089515697 0.46689220959278244 2.2325663413080985 1 CAMERA 77 73
74 76 0.88069255725825113 0.30282361967519933 -0.14542027968802201 0.33396319739185321 -0.93464307457887397 0.52733503550123673 2.1531628582294555 1 CAMERA 76 74
75 74 0.56040350013309548 0.58306698888831443 -0.049788642907372734 0.58609034674248994 -1.5521748050674971 0.06588624041491295 2.8181167974919505 1 CAMERA 74 75
76 78 0.80402784095907687 0.39198799306027404 -0.13403327243352225 0.42652048736259462 -1.1908617065194509 0.25912000626031717 2.1124853841443678 1 CAMERA 78 76
77 72 0.63584376667495601 0.53326610370431071 -0.050573507669100244 0.55567282400948048 -1.2115544719991687 0.2276664230595713 2.7774634928461706 1 CAMERA 72 77
78 73 0.59459433235448733 0.56000340649701408 -0.060449456200406954 0.57375920723656948 -1.4331332829689016 0.14253900264350594 2.802119441987093 1 CAMERA 73 78
79 80 0.8317619766730211 -0.41995029657454253 -0.02375274156841051 -0.36228382497142603 -0.16759195250372785 0.046823271861303861 1.222583367033548 1 CAMERA 80 79
80 81 0.84552779874331907 -0.39692291232576521 -0.053843788703337392 -0.35303794362813279 -0.43753994882653185 -0.0044226747379463869 1.2272627682985382 1 CAMERA 81 80
81 86 -0.27677161813534185 0.56072800683047974 -0.0029528815333577348 0.78036712785797946 -0.38977982365408731 0.05867057356162949 1.3029158953922977 1 CAMERA 86 81
82 85 -0.29939368536277072 0.55128835873984405 0.0062465233390306034 0.7787204553811351 -0.36507201777626036 0.044074347899517807 1.2902755259341547 1 CAMERA 85 82
83 84 -0.16962593160677936 0.62807058101223734 -0.009217032420470006 0.75938753934130554 -0.56489615294055362 -0.095883542517781334 1.799052006065532 1 CAMERA 84 83
84 79 0.7831644159813419 0.41342187701384342 -0.13428538366088155 0.44463837540410767 -1.2486340634446762 0.20551753079289181 2.1423427035346112 1 CAMERA 79 84
85 88 0.0034452691242257199 0.66615814600731482 0.038843486533825869 0.74479033169252085 -0.15428288237760307 -0.70294740436913006 3.0899226754933502 1 CAMERA 88 85
86 95 0.53764463910057869 0.49278861888526848 -0.24592230845525251 0.63845112369514856 -0.86158179844510607 0.34294447644323472 2.5171758547508847 1 CAMERA 95 86
87 91 0.098923173435801842 0.61368665763582764 -0.035553985876732822 0.78252080233399146 -0.38298184392959633 -0.48849640537441863 2.5799331711207896 1 CAMERA 91 87
88 87 0.013932815022082152 0.66745496455074282 0.045746530608459526 0.74311304785975629 -0.28678804343679082 -0.57519182120185663 3.2111256255889491 1 CAMERA 87 88
89 93 0.25180414291935083 0.6050056778325178 -0.1479848385977621 0.74071809141147693 -0.56985165012996775 -0.34736491677641806 2.5460503824018663 1 CAMERA 93 89
90 90 0.047262526931390922 0.60661425216018772 0.0022330757381603941 0.7935870563441314 -0.27821874953338172 -0.45179258820280377 2.5572398435980603 1 CAMERA 90 90
91 89 0.040313130368048303 0.60856017612266178 0.0011689125425804216 0.79248217468972226 -0.32248135713354209 -0.50278551656524595 2.6124557804299378 1 CAMERA 89 91
92 92 0.1737123882674067 0.61677268308962097 -0.096417411949486956 0.76165552990169172 -0.46254763049674735 -0.48578702338267449 2.54725037403094 1 CAMERA 92 92
93 94 0.38273906859309587 0.57769038038407661 -0.17205872169151001 0.70012886390583418 -0.57125181467495034 0.10043446051806219 2.6554789234938729 1 CAMERA 94 93
94 96 0.55200363225808347 0.49184856727819742 -0.22624252028327324 0.63418553977218683 -0.81904401980060759 0.41692411368937737 2.5431524388378324 1 CAMERA 96 94
95 82 0.71089698603940954 -0.46751752879270592 -0.063127066241187135 -0.52160119729485455 -0.0072874594265448399 -0.019098697260695609 2.4300553113718788 1 CAMERA 82 95
96 83 0.70939217197766236 -0.43562515384560163 -0.062579849108957475 -0.55052450822766363 -0.11711719679249644 -0.01793750045093858 2.4362336456194211 1 CAMERA 83 96
97 98 0.91798679458055321 -0.11613397826844782 0.33521350256734073 -0.17732752680788313 -2.171971857064328 0.99689678530648429 4.3097213328486461 1 CAMERA 98 97
98 99 0.90697024366589896 -0.12458725414339779 0.34820114980753292 -0.20159105258503049 -2.3123751776113268 1.223287262639799 4.3373959137725668 1 CAMERA 99 98
99 101 0.86713324083268661 -0.14339754100502669 0.44782732507848483 -0.16421867978327798 -1.6309855446723351 1.1115662168134499 4.835598939810243 1 CAMERA 101 99
100 102 0.8767014166881647 -0.14281127987199954 0.43140923674003367 -0.15775181385222847 -1.8214170870961028 1.0440752849748023 4.7453200668410238 1 CAMERA 102 100
101 100 0.87273645437686143 -0.16563836572717081 0.42746264717451643 -0.16784128893538555 -1.8072614599726897 1.3301122173809978 4.7094677101669884 1 CAMERA 100 101
102 97 0.96868497554696797 0.020953574443441644 -0.24598735125855684 -0.026468639715948757 -0.47433428933903593 0.45681260022447523 2.5427306721875422 1 CAMERA 97 102
103 103 0.87944530588898961 -0.14280735736532149 0.42743295471652937 -0.15324190632608417 -1.8652495543521204 1.0078386491970224 4.7277650939081743 1 CAMERA 103 103
104 104 0.88309403200814107 -0.14902822146904623 0.42074272707461985 -0.14460663003883784 -1.9402456935800199 0.96968247784925088 4.6939254310905092 1 CAMERA 104 104
105 105 0.88662188176016588 -0.14499238059298372 0.41663413228785212 -0.13890589680352106 -1.9946445032999494 0.89350539335879375 4.6869820867570837 1 CAMERA 105 105
106 107 0.16654837271740575 0.92342176566252765 -0.063075358079517405 0.33996379432084345 -2.9780201333404519 0.55301249301585076 4.0739899674080791 1 CAMERA 107 106
107 106 0.15786373319546368 0.91664342743760818 -0.064510329841743444 0.3615000498212072 -3.0536965081087293 0.50257781187517536 3.9697867562854063 1 CAMERA 106 107
108 108 0.16715085557691353 0.92451260950524894 -0.083531426388890578 0.33220404445331259 -3.1163997982513987 0.59659200693186576 3.9965279799907178 1 CAMERA 108 108
109 110 0.14454841141625985 0.92033148702531187 -0.079953863148942095 0.35454631645861795 -3.0961147219478926 0.29951963793194292 3.8308274692106932 1 CAMERA 110 109
110 109 0.13953315538537728 0.92201513597817819 -0.091833885458677822 0.34926368986326684 -3.2646048992026948 0.33479427506926213 3.8691254666035229 1 CAMERA 109 110
111 118 0.91489769638664376 0.12374249756031294 0.36011733473215068 0.13403546049221784 -2.8375964399219482 -0.18244879894093063 4.1026636800164518 1 CAMERA 118 111
112 116 0.9246336793723996 0.028265777213223476 0.36915693640400432 0.089312715296316694 -2.6893619513175859 -0.091057088970887642 4.4365762309214372 1 CAMERA 116 112
113 117 0.92318661494131748 0.06504506529883039 0.37084347169192733 0.07727051816146395 -2.6961889292596597 0.077807625662487695 4.4065994916328712 1 CAMERA 117 113
114 114 0.45309009078156631 0.84030056659735219 0.15176361297207805 0.25607056291065988 -2.7511850750807887 0.34250423843233058 4.4241035643143576 1 CAMERA 114 114
115 112 0.45166236350393746 0.83889671965416635 0.12069661323950019 0.27872160070584906 -2.9602045659550273 0.33257757433515056 4.2469675314579964 1 CAMERA 112 115
116 113 0.45276272250684962 0.84015110138392946 0.15299138662803496 0.25640920336288042 -2.7357330687369603 0.31490196250720337 4.4281240230130718 1 CAMERA 113 116
117 111 0.45562442620839905 0.83065204986113117 0.10558027819840467 0.30211977618043412 -3.1603508377700398 0.34260640201247999 4.0792399560334642 1 CAMERA 111 117
118 120 0.91915491871616295 -0.089729483044979935 0.3835361735864537 0.0016908054371600613 -2.4045524918371242 0.23723167450277058 4.5868800242583889 1 CAMERA 120 118
119 119 0.91489326244363656 -0.085998938680266535 0.38766756590561918 -0.072721105780367501 -2.3690658974028702 0.33282259054969421 4.6217995956867091 1 CAMERA 119 119
120 115 0.44959097399579795 0.84064617614240444 0.14504677901753826 0.26484598266785336 -2.8093299559414464 0.28914429489904792 4.3265522046390936 1 CAMERA 115 120
121 121 0.92413628899558176 -0.096835984967452424 0.36915737839146429 0.017825301007257287 -2.5812143037056949 0.32208815402605212 4.4640831299405814 1 CAMERA 121 121
122 122 0.92020177011993332 -0.094797552015314673 0.3796681604480065 0.0097064072690185282 -2.4739234518474134 0.39530518159449218 4.5400910697249843 1 CAMERA 122 122
123 123 0.92339781774573182 -0.074216068282705841 0.37655543835662747 0.0058691766991122067 -2.4959654093227956 0.28269616386697238 4.5298759370029487 1 CAMERA 123 123
124 124 0.92256947919685139 -0.045060460628285857 0.38061209070285051 0.044379582616584375 -2.5560967591208192 0.35361092405831135 4.4378125580937837 1 CAMERA 124 124
125 126 0.93803666686069043 -0.21822994508432528 0.2261649556439351 -0.14598738141344789 -1.9747409336855195 0.33207058002572665 4.3092006705585426 1 CAMERA 126 125
126 125 0.9285394524787407 -0.054344261294690943 0.36214497994169403 0.060927825809272022 -2.7390932221757693 0.28660100691659068 4.3094204706363346 1 CAMERA 125 126
127 129 0.93443637011613701 -0.22288557094387587 0.24858635356033251 -0.12391738091477555 -2.522986996488914 0.20789356215293742 4.2678526173718856 1 CAMERA 129 127
128 128 0.93268396492371697 -0.22833452968345849 0.25046317245256922 -0.12341865083285931 -2.4733955873379707 0.24173535047670519 4.2902133481439675 1 CAMERA 128 128
129 130 0.94738242597873068 -0.17463227242017573 0.24255657336412106 -0.11461420982529265 -2.9320131092087709 -0.13034148752432848 3.8389858447890872 1 CAMERA 130 129
130 131 0.95283543263489434 -0.16369108380321234 0.23200518735305939 -0.10716090910437093 -2.9925513067006384 -0.26959465668929994 3.7260125670291928 1 CAMERA 131 130
131 127 0.93856415430428353 -0.20851747907250781 0.24765432468828369 -0.1195203942409888 -2.1331448240610671 0.093865185044181162 4.3447284622465681 1 CAMERA 127 131
132 132 0.95547412954876121 -0.17573862559937253 0.20162989177501842 -0.12462146676345577 -2.6792799881660172 -0.074103521274259884 3.6522125574191002 1 CAMERA 132 132
133 133 0.94562802295219572 -0.20642585361236693 0.19700287025350557 -0.15609573434212656 -2.3472140682688822 0.080061702744813834 4.0090586227034377 1 CAMERA 133 133
134 134 0.89236745636277881 -0.35158018623413617 0.18687617328907277 -0.21248292008777214 -2.1450604735509313 0.88177389075077883 3.8303384270936678 1 CAMERA 134 134
135 135 0.89715722794374841 -0.34603561972583768 0.18465238636967132 -0.20315450877898397 -2.1152643174081716 0.65372427447504389 3.8437884883260938 1 CAMERA 135 135
136 136 0.89830659369437327 -0.34076874085503084 0.18399879693090263 -0.20752438822767244 -2.0960999255197121 0.44184117141957718 3.8452480983800532 1 CAMERA 136 136
137 138 0.9052706745854292 -0.3268739144241104 0.18027845209523546 -0.20282536703984402 -2.1417576150484376 0.12404704719415081 3.781541678587987 1 CAMERA 138 137
138 137 0.90869299076240484 -0.32313615859781353 0.17139663704543637 -0.20120453363540242 -2.2066424045027806 0.084038808415484265 3.7214966506858671 1 CAMERA 137 138
139 142 0.67808400552467007 -0.60868338829638058 0.18859137397137812 -0.36625115416506826 -2.413386657553068 0.051351130063914986 3.5844069746193585 1 CAMERA 142 139
140 141 0.67963591084996811 -0.60801742201499165 0.16533216732298228 -0.375599677392917 -2.4141016757963505 0.029237720525360077 3.4252305604003865 1 CAMERA 141 140
141 139 0.9000180833658159 -0.33558286590075448 0.18281811527662473 -0.20959276336520408 -2.1329501706882157 0.23125178643064678 3.7959908421211903 1 CAMERA 139 141
142 143 0.69872722753384298 -0.58247720101599787 0.21694555484568873 -0.35416831878661059 -2.4549325107175153 -0.20570215970308595 3.6313757103836086 1 CAMERA 143 142
143 140 0.91524568363398628 -0.30739251552977032 0.15850883368535384 -0.2066642921003671 -2.2720345725873186 0.016766159002478402 3.634740536656099 1 CAMERA 140 143
144 144 0.68780314501377204 -0.59786212505894953 0.19136890581417798 -0.3645074142135456 -2.7233139897492507 0.034746707038176242 3.6340364770722133 1 CAMERA 144 144
145 145 0.70114402710821466 -0.58800116688405601 0.18362656925684906 -0.35907236604398213 -2.8862023064714366 -0.1067922789841875 3.5640187794056746 1 CAMERA 145 145
146 146 0.70457388682940125 -0.57657712940765093 0.18267434929168011 -0.37116645046798669 -2.8205524362358494 -0.09150262325126518 3.4692031238639864 1 CAMERA 146 146
147 148 0.54960950537256248 -0.75332556447741417 0.13077418095782989 -0.33664239053292361 -2.3705784812889434 0.091831192619525284 3.5940240825543044 1 CAMERA 148 147
148 147 0.64865957004005126 -0.66735161604138049 0.11070928198677546 -0.34874924751802167 -2.4817245731071318 -0.3175272319419124 3.1963904875108331 1 CAMERA 147 148
149 152 0.43291160984709615 -0.87047454965806503 0.066838733912474704 -0.22448648089843209 -0.73229023482902933 -0.17605824266890258 3.6256367411739143 1 CAMERA 152 149
150 156 0.44791650554346829 -0.83839960806999969 0.12092020935261555 -0.28606853063543825 -2.0242455800901098 -0.29865167106869428 2.5503156456028422 1 CAMERA 156 150
151 150 0.52297541472274911 -0.76383080470872722 0.136176308095105 -0.35286715699704041 -2.5453989128489951 -0.24418102451832721 3.7794888048316815 1 CAMERA 150 151
152 153 0.49070901647536319 -0.81888461297619863 0.12820958021067638 -0.26869118951466453 -2.1087462241027697 -0.72440154985073535 3.5799526186806223 1 CAMERA 153 152
153 149 0.47629393866401415 -0.82954637675693332 0.10942255185314104 -0.27022878815424395 -2.016236522212032 -0.47423182580554329 3.5639077394346108 1 CAMERA 149 153
154 154 0.46025324831601822 -0.82405297414055423 0.11151630264266431 -0.31091438929321152 -2.0434977284352236 -0.20473318373615873 3.2245834494097276 1 CAMERA 154 154
155 151 0.5239803997022312 -0.75751517768554488 0.095580978842450356 -0.37746466428984665 -2.1122108490858129 -0.65834094815232513 3.574410452406664 1 CAMERA 151 155
156 155 0.51012323880783983 -0.76965477825634743 0.13669596512854193 -0.35877571915188039 -2.5511861509532627 -0.27954842650607609 3.8427242715433843 1 CAMERA 155 156
157 159 0.47248887654547389 -0.83111996835863844 0.13972549014007554 -0.25781902013126873 -2.0492103617583464 -0.58810306531032519 3.9667715607632825 1 CAMERA 159 157
158 157 0.52936836824392841 -0.78221780044563349 0.13031241726726611 -0.30153460377661095 -2.359924817064615 -0.55043481197383826 4.1226930618894508 1 CAMERA 157 158
159 163 -0.3046058653092204 0.87637409517691045 -0.060831584391583024 0.368080467374299 -2.6368337589375868 -0.72018677974211398 3.9148336872207552 1 CAMERA 163 159
160 160 0.48335203176270553 -0.79257530838899393 0.11920777942731858 -0.35211461095354091 -2.4889975963859028 -0.10652511378674172 3.5691289637427017 1 CAMERA 160 160
161 158 0.48311735035747705 -0.81352175711339336 0.12259306772724327 -0.29958457275355727 -2.2563926588396273 0.069922443856387628 3.6240550643309559 1 CAMERA 158 161
162 161 -0.37402669657878879 0.80380117069796808 -0.099967135149346853 0.4516793997084293 -2.5744659542781196 -0.31597668124447886 3.9931680893264412 1 CAMERA 161 162
163 164 -0.28485910154982347 0.87452743120267495 -0.045277630904776794 0.38988075161250141 -2.8679449888490978 -0.59434799706290653 3.8623217355722974 1 CAMERA 164 163
164 162 -0.36735194930124865 0.82642174835608073 -0.092771751561688667 0.41650094993988673 -2.5797622172437285 -0.44153869619660602 4.2185957985583382 1 CAMERA 162 164
165 165 -0.2906573061903257 0.87452020654298124 -0.061606478567031477 0.38332411938824634 -2.7780884132781565 -0.61494094055783344 3.8486325819177756 1 CAMERA 165 165
166 166 -0.37442759548524024 0.82861254105532911 -0.080820120858240349 0.40825646425920958 -2.8042549110767414 -0.65728601486747318 4.2086398940426744 1 CAMERA 166 166
167 167 -0.30388109774281119 0.88060274173952569 -0.060506672774073456 0.35851643229462388 -2.4386672772437459 -0.51702818116800719 3.9645965913263903 1 CAMERA 167 167
168 168 -0.3427767714506858 0.84653846958120382 -0.063650224697332974 0.40227522092335827 -2.7872488207560742 -0.53120540186450405 4.141817340506325 1 CAMERA 168 168
169 172 -0.28772249777029202 0.82832578208514784 -0.086128078096704544 0.47294198076848759 -2.4851569166477612 -0.015046531947909501 3.4414090959289925 1 CAMERA 172 169
170 173 0.13588837800135284 0.90854404944069533 -0.032569423864090098 0.39372743310471303 -2.1639158689638744 0.052006476319397255 3.5411570688918337 1 CAMERA 173 170
171 175 0.15822041002071097 0.90880785249771534 -0.073531459209608477 0.3789824713596589 -2.8278737105786518 0.47027921838743836 3.768744533111958 1 CAMERA 175 171
172 171 -0.29273257449705098 0.87580464461450602 -0.061654379224232066 0.37877777366479926 -2.7540983567911947 -0.61618808741327979 3.8794708483041638 1 CAMERA 171 172
173 170 -0.38722818230001227 0.78280177494497993 -0.11348036798589992 0.47370657801787214 -2.8587695907358301 -0.47314921841286994 3.4402851912067964 1 CAMERA 170 173
174 169 -0.26992168054546239 0.83891999740252865 -0.12713234893128561 0.4551844573190838 -2.9044855395932676 0.055220393669351775 3.7516695764975037 1 CAMERA 169 174
175 176 0.10334005461030045 0.9070008949685614 -0.084672897867612257 0.39937539985090459 -3.0416013715103332 -0.02865195672067164 3.5950490733151677 1 CAMERA 176 175
176 174 0.069574942473801138 0.89604687425506613 0.020435114444799115 0.43799741165344919 -2.2440209906586057 0.01030016780196946 3.3079643614172269 1 CAMERA 174 176
177 181 0.12079801689317672 0.91397655665498545 -0.068328457229464346 0.38129504970876965 -2.9125781263999602 0.12013990765791366 3.7442183119179142 1 CAMERA 181 177
178 177 0.063783884057174167 0.90009258926986313 0.02189545798401716 0.43044806399346802 -2.307871094457139 -0.076472063910224666 3.2984302241784462 1 CAMERA 177 178
179 180 0.11819710655096523 0.92434736680507978 -0.024801090581100121 0.36193410365629142 -2.3928350353445782 0.084273009972606325 3.6590333057828199 1 CAMERA 180 179
180 183 0.1657540915835212 0.91253536863972462 -0.03203150990476674 0.37253021955017912 -2.5867367548957514 0.52974090368170879 3.7862154392337137 1 CAMERA 183 180
181 179 0.10234468288993394 0.93021487840850869 -0.034151751386106925 0.35079838048209933 -2.2707723485916422 -0.23511939674134397 3.7841053328248533 1 CAMERA 179 181
182 178 0.085051480633629231 0.90768358186861764 -0.0002126862080431536 0.41094612251822127 -2.3820861477537112 -0.029693203043651764 3.3974864270588259 1 CAMERA 178 182
183 184 0.14608476709174706 0.91830922876515653 -0.057061853973137247 0.36347124509325612 -2.9129352254408039 0.38979344408330358 3.9561498293984823 1 CAMERA 184 183
184 182 0.14051564254668147 0.92055888687134935 -0.048739733253182406 0.36118018827765758 -2.4918935074649866 0.26182163085041038 3.6880631768326473 1 CAMERA 182 184
185 187 0.45328180598213591 0.82682416210590559 0.12500103772738963 0.30866186983577393 -2.8790924943451994 0.25107662170826794 3.9994018197328716 1 CAMERA 187 185
186 185 0.42136867328991845 0.83860261283549076 0.057558344601678434 0.3404131840603366 -2.3215370184180979 0.38053111194773459 4.1958151639349976 1 CAMERA 185 186
187 186 0.44090329493588187 0.83766882781002971 0.074145258498119204 0.3137159544433481 -2.2231426116330009 0.58223655774634409 4.2843422201025705 1 CAMERA 186 187
188 188 0.46169808954931679 0.82525445360711147 0.087110971787263389 0.31337140824015425 -3.2097011791414989 0.41559121979214847 3.9461399835834672 1 CAMERA 188 188
189 189 0.45273358206114678 0.83549217906431295 0.0861473021848876 0.29927205803869295 -2.1985089456733542 0.71436663839129322 4.3307440235257362 1 CAMERA 189 189
190 190 0.45609891304033645 0.83150970138764613 0.063685158241241199 0.31065994051605589 -2.4046846219231437 0.71243246302554319 4.1760354574189291 1 CAMERA 190 190
191 191 0.45734941813909397 0.82641847604250995 0.059563695030533631 0.3229801517395724 -2.3205147130631247 0.67340813667068034 4.1527268978701244 1 CAMERA 191 191
192 192 0.43471109546956727 0.81584035254690646 0.10489778838578431 0.36664320070548095 -2.7976192010997796 -0.02183221987893548 3.6273759639167342 1 CAMERA 192 192
193 193 0.42991384758175222 0.81008841628095196 0.10076912648830212 0.38571547105561876 -2.5883973259267012 -0.064883971582523042 3.5471077409163705 1 CAMERA 193 193
194 194 0.46555702688957501 0.8175626342841581 0.04878523560984209 0.33536248228235022 -2.3631745837788389 0.73239786539105478 4.106334643961552 1 CAMERA 194 194
195 196 0.47949846950946218 0.81260768771832059 0.072196794388186672 0.32332272805857248 -2.5916174408852148 0.84554026752290423 4.082448342112591 1 CAMERA 196 195
196 195 0.46715564745853805 0.82031010749966471 0.067040560868397922 0.32305184070042592 -2.3310972613533663 0.73472424381557278 4.1393122735198968 1 CAMERA 195 196
197 198 0.97414530143541367 0.028059982346737025 0.22351229847942763 -0.017199462504721701 -2.356844710454213 0.58705775509986524 3.6291063014473499 1 CAMERA 198 197
198 197 0.97224509166966866 0.023172217873225775 0.23281384552677384 -0.00049332961489445158 -2.0375113068687329 0.54606356943535261 3.7387486202339493 1 CAMERA 197 198
199 199 0.97015505934462354 0.036303622214312652 0.23757421105200374 -0.032244411688981074 -2.4589198111775197 0.5913044157138424 3.546747578284676 1 CAMERA 199 199
200 201 0.96720173552629829 -0.0075321412205198593 0.23968382723364492 -0.083759970189721616 -2.4207584549362715 0.71016003602944988 3.4142080132108368 1 CAMERA 201 200
201 202 0.96790534049590871 -0.021128127002881629 0.23493588334849425 -0.086706313519327088 -2.4516915750494319 0.62806696496502601 3.3716556995881168 1 CAMERA 202 201
202 200 0.97193019480283682 0.019901993993652212 0.2332273548948347 -0.023677161872891754 -2.5558675637963559 0.6603471152546494 3.458751823086367 1 CAMERA 200 202
203 203 0.96539327012034704 -0.032969041441562916 0.2414794791803295 -0.092825306073096858 -2.4263991724234071 0.6549378746603991 3.4270044437854743 1 CAMERA 203 203
204 204 0.96865831684751591 -0.039669416384073189 0.22579870572632377 -0.095615621622210378 -2.6010040943069317 0.67384842774858322 3.3321688570229333 1 CAMERA 204 204
205 205 0.96408710618542348 -0.032396275469711466 0.24312972989926798 -0.10185512977663747 -2.448619145482549 0.65785303783663296 3.4779546590823851 1 CAMERA 205 205
206 206 0.96834874331263798 -0.042535183585792537 0.22944658737090479 -0.088576142532870453 -2.4601446071958359 0.57023714569097805 3.4175099933834434 1 CAMERA 206 206
207 207 0.96838615825120655 -0.057260147096458942 0.22996549240731579 -0.077880654618602843 -2.5979486921800965 0.24982690894586568 3.2951602393844044 1 CAMERA 207 207
208 208 0.95769701006653951 -0.21128267783234594 0.11023356300091168 -0.16132150676747295 -1.6261621489160547 0.057985324215887861 3.4320592159706877 1 CAMERA 208 208
209 209 0.93994290881139553 -0.21911403597370194 0.21598276571692079 -0.14781005489396717 -1.9985732986581091 0.35473173540993452 4.2781776385077057 1 CAMERA 209 209
210 210 0.94212697900001996 -0.25717045904732616 0.15278893764378551 -0.15137916292332593 -1.192343266932421 0.28109995202537197 3.4789655671561741 1 CAMERA 210 210
211 211 0.94059777036527581 -0.25824636399737794 0.15585289925318788 -0.15586700632392178 -1.1147238642919068 0.34625382895216283 3.4909529291766055 1 CAMERA 211 211
212 212 0.96186216801885593 -0.22195367533231408 0.11647831789502561 -0.10950131141173275 -1.6858922413190445 0.27751627894776831 3.7349239800727392 1 CAMERA 212 212
213 215 0.93194900114594958 -0.28912878249276869 0.14347030078682751 -0.16520253990012876 -1.5737562916301744 0.32165733023520177 3.4560778042225819 1 CAMERA 215 213
214 213 0.96783287065105816 -0.19109445460809379 0.1466606500639632 -0.072616097582995837 -1.510001709006026 0.31040483254473339 4.1455936072829855 1 CAMERA 213 214
215 216 0.94371628935426433 -0.25535734166997737 0.13545084369041543 -0.16076461739517128 -1.3554925076521422 0.19924117708484287 3.558925345125084 1 CAMERA 216 215
216 214 0.98707688188564191 -0.10577169685441666 0.12027460346281513 -0.0050593629360607554 -1.7047331672716013 -0.27124326902263479 3.9098616897087428 1 CAMERA 214 216
217 217 0.93366708801508269 -0.2800414104388943 0.13145931987818815 -0.18044673567010019 -1.4090310540817603 0.29004928489573073 3.6195827099414695 1 CAMERA 217 217
218 219 0.94183934301263983 -0.25826083938318389 0.12708166631192788 -0.17346538813837217 -1.5942340849837118 -0.25933811939165796 3.7356169073594603 1 CAMERA 219 218
219 218 0.93136591271282843 -0.28610800725640534 0.12780767678047944 -0.18537783733862412 -1.4613104540565045 0.21017678592845901 3.6710078050310204 1 CAMERA 218 219
220 220 0.95353986747311592 -0.24008569601307736 0.11300829550021513 -0.14265239169886004 -1.7458900482663495 -0.19967797912975263 3.6098006746938749 1 CAMERA 220 220
221 221 0.87114676098822807 -0.41341950312471382 0.065677382361288117 -0.25665953460178131 -1.5585263940232028 -0.28841679070681225 2.4515163643781444 1 CAMERA 221 221
222 222 0.86610475050723368 -0.41252660132472585 0.073991354881762103 -0.27241447052429929 -1.7281244648724607 -0.12517606008759233 2.3688697340592633 1 CAMERA 222 222
223 223 0.87892416955963915 -0.39636936778009735 0.062592080684406137 -0.25780973582295436 -1.708041133736959 -0.10693349496445119 2.4277744977065776 1 CAMERA 223 223
224 226 0.68290553724718861 -0.6252368127614939 0.023460565163784954 -0.37705245927745018 -1.831630784688635 0.01819599220017409 2.3832806011305685 1 CAMERA 226 224
225 224 0.88019559270064196 -0.38950955825527167 0.070075904854001711 -0.26196829994684823 -1.6930129669790259 -0.054575484236553916 2.642424393528457 1 CAMERA 224 225
226 229 0.70639653979995443 -0.57513897381454415 0.045194008192795398 -0.41009339299929509 -1.8338645927085289 0.060083885966751051 2.3094549205252966 1 CAMERA 229 226
227 225 0.87075005448212928 -0.40714364583301382 0.069460867141945576 -0.26683999365361127 -1.5526485637090863 0.14039055832526329 2.74777859150546 1 CAMERA 225 227
228 228 0.70441708168880079 -0.57915552199131803 0.051342769123239353 -0.40711101241646003 -1.8294888472899462 0.011255075392052352 2.4440157357098529 1 CAMERA 228 228
229 227 0.86585994492486418 -0.41485928873766786 -0.0071498736677652799 -0.27951244270930531 -1.6149016490197823 -0.71845215284593444 2.0740131672454596 1 CAMERA 227 229
230 230 0.70840994454565032 -0.57427808094213073 0.057503455054779391 -0.40626763207892302 -1.8327110185891964 -0.06282339305713229 2.5179156265942391 1 CAMERA 230 230
231 231 0.70169333109289989 -0.590100949080686 0.078751704970884601 -0.39141475184004326 -1.9696987934052219 -0.094264001578973536 2.8084986608036222 1 CAMERA 231 231
232 232 0.69633464081771779 -0.6011557921798274 0.12478402766407838 -0.37169709168331527 -2.1855472696670759 -0.13971402721048987 3.0778073420544261 1 CAMERA 232 232
233 233 0.67714527088668597 -0.61421676787295953 0.14703451496542858 -0.37761474492976688 -2.3308409585731682 0.094573742189490523 3.290644370858308 1 CAMERA 233 233
234 236 0.56714335768518154 -0.70872643627357002 0.053945008845443218 -0.41610718136221669 -1.6530443521244047 -0.1934238011451356 3.1765187180801888 1 CAMERA 236 234
235 234 0.5998550393302946 -0.67621727313776292 0.011687864047996308 -0.42751318708804131 -1.477949607946464 -0.24409463544538551 2.8874177485927075 1 CAMERA 234 235
236 235 0.54416284515734592 -0.70447547850336723 0.049161433109073956 -0.45297268309731015 -1.5505599326021515 -0.18376090651375276 3.1896771341951866 1 CAMERA 235 236
237 237 0.57537331230721289 -0.70738113136893555 0.052084029511059199 -0.40724039624983482 -1.7993802996138391 -0.22809772650556434 3.1470332683056976 1 CAMERA 237 237
238 239 0.6589277602773348 -0.65264271346045521 0.05278134846588612 -0.37025102910997026 -1.7272993684149571 -0.22570854157739315 2.6860778085124193 1 CAMERA 239 238
239 238 0.58292233858492959 -0.70114133824082514 0.051152992502102757 -0.40741347835659708 -1.8430204592799546 -0.28825805448683595 3.0993650290859676 1 CAMERA 238 239
240 240 0.43261994042630969 -0.78040187506199721 0.08567311737651008 -0.44325276931367946 -2.2770322025797944 -0.20311177935159055 3.7788523470010711 1 CAMERA 240 240
241 241 -0.40698214714193742 0.79833849930259604 -0.084421475924550099 0.43576850143366019 -2.1957103952460422 -0.059997464721564829 3.8992832052881026 1 CAMERA 241 241
242 242 0.56795104700236709 -0.73099020918550217 -0.013327136511215002 -0.37803083170061974 -1.9744154826837912 -1.2982435065253788 3.4306109586691917 1 CAMERA 242 242
243 244 0.49101495597366385 -0.76894606329050608 0.071133864175362105 -0.40319503733019224 -2.1474299475860343 -0.79669316504906962 3.5183265659737355 1 CAMERA 244 243
244 245 0.5163973657554638 -0.77514894055339367 0.062500391584153686 -0.35856879626035021 -1.6799173877093232 -0.82456664214603914 3.6493459382425892 1 CAMERA 245 244
245 243 0.57899800176057836 -0.69776187763299313 -0.043376302792960203 -0.41953327929420664 -2.2685852437266716 -1.0194204716344053 3.0343318320453276 1 CAMERA 243 245
246 246 0.5227001656787571 -0.76867142266176602 0.055736455687348904 -0.36444784028712374 -1.7520175872463135 -0.84109792716406051 3.5793306412021462 1 CAMERA 246 246
247 254 0.082532510883911461 0.86385682166029287 -0.0070505377422285442 0.49688033391926417 -1.845082106263938 0.00053028080649692843 3.2390128649793195 1 CAMERA 254 247
248 247 0.53004223699172603 -0.76368337645900353 0.047023984648699953 -0.36555666098806333 -1.8038428535342159 -0.90375939459050636 3.5139736608456325 1 CAMERA 247 248
249 248 0.53744104576849894 -0.75803798950037804 0.025138709462754559 -0.36865101937202677 -1.8792592841023776 -0.97202943891169169 3.4296444581243963 1 CAMERA 248 249
250 255 0.055907186676076089 0.86483585408271757 0.0072331093945175373 0.49887975915993016 -2.190862866845146 -0.068548494635237281 3.0683640325270969 1 CAMERA 255 250
251 251 -0.42158902426070199 0.81054756313087106 -0.072264567691062556 0.4000664629557692 -2.1120720827830199 -0.39588616194497284 3.7131990817884026 1 CAMERA 251 251
252 249 0.49388267557488874 -0.77549818295341388 0.032553320991410915 -0.39194738460075607 -1.9772871346422105 -0.73455262838609081 3.4493094159909363 1 CAMERA 249 252
253 253 -0.29069998871980623 0.83879761771458072 -0.13134223090854275 0.44120436472752139 -2.2259408985867184 -0.31518674910704914 3.573110027234232 1 CAMERA 253 253
254 252 -0.29395245030631489 0.82732941046609954 -0.1316132544638583 0.46021294504409749 -2.3251079110871649 -0.17941623751758631 3.4763957883467032 1 CAMERA 252 254
255 250 -0.39876147190975575 0.80611013300611678 -0.055023009881143066 0.43376054496558986 -2.1916365457439095 -0.57132436334981163 3.4944952657367487 1 CAMERA 250 255
256 257 0.36638154143219481 0.80484644385532111 0.078721408310931357 0.46020615791703201 -2.063939125806463 -0.07307655359478829 3.5082611295206521 1 CAMERA 257 256
257 256 0.072746236363028058 0.89587376222318416 0.024825318425680549 0.43760929014379446 -2.2070072030749111 0.047939573309686241 3.3363142297746768 1 CAMERA 256 257
258 258 0.3963587046034498 0.7887855027726306 0.073676061800276346 0.4639925062093197 -2.2689534414121417 0.16805457943705315 3.6296085727950729 1 CAMERA 258 258
259 259 0.41123867899166994 0.79167361199646902 0.062616403989274053 0.44745371483663265 -2.3500277602182758 0.30635068362460172 3.7294222189509108 1 CAMERA 259 259
260 261 0.39992456448660418 0.83069963817615966 0.098556379901888022 0.37454651758470825 -2.0485673915036369 0.2385151827770253 4.1734746307417359 1 CAMERA 261 260
261 260 0.43969432108827383 0.78304697457402928 0.043386187393472254 0.43774876168487326 -2.2205405950272326 0.32334855872203372 3.6279885092564834 1 CAMERA 260 261
262 262 0.30255941300259726 0.78108739503027524 0.011392553850770145 0.54610483667982646 -2.0899962313524534 -0.14528159753911402 2.8757450935993982 1 CAMERA 262 262
263 266 0.41412166021788649 0.82445074411481623 0.087319216275756922 0.37571209128253369 -1.9907436496306148 0.057075323962267721 4.2983892032467192 1 CAMERA 266 263
264 265 0.43280107895113862 0.81656252610469171 0.067413940402788516 0.37598434496614919 -2.1181948891689717 0.15035890675295124 4.2815453656306426 1 CAMERA 265 264
265 263 0.46884752924134304 0.76980238388289113 0.028638729615351771 0.43216444469498511 -2.232815540113489 0.44757853868139902 3.5427151333516491 1 CAMERA 263 265
266 264 0.53828787155197477 0.74698882622610585 -0.0095643389110386199 0.39007997161426294 -2.2639136518879202 0.74824733104850927 3.5568188117405231 1 CAMERA 264 266
267 267 0.5843412158479423 0.72987129600474854 0.0012681342582814984 0.35472753849285565 -2.1395529780784086 0.92421903100576297 3.9519517017016668 1 CAMERA 267 267
268 268 0.61630976721362341 0.71300514340257481 0.0085980160448494401 0.33423346696382078 -2.0296071540617935 1.202825133836797 4.0803120553063321 1 CAMERA 268 268
269 269 0.58184925794281339 0.72070461747345982 0.0080136853054760208 0.37679182081310636 -2.1096216104835612 0.88281624139404191 3.9818072932738207 1 CAMERA 269 269
270 274 0.4551244175156704 0.8072520999938656 0.067780776016482441 0.36961003508984885 -2.1112049769394967 0.27219901957195886 4.3412306908608942 1 CAMERA 274 270
271 270 0.51405258117735919 0.77576319365668844 0.053966518176267089 0.36197931718317877 -2.0265110917152027 0.46287192477330674 4.2861796148204911 1 CAMERA 270 271
272 272 0.49016860819053537 0.79165868817858875 0.046359906684523028 0.36174855359505165 -2.2061126868536292 0.37795661133165731 4.2688493013415059 1 CAMERA 272 272
273 275 0.75319086225945553 0.61948517393454938 0.038302137823022109 0.21788664603946084 -1.8200811646261426 0.6897108597546846 3.0693860022018171 1 CAMERA 275 273
274 273 0.4714307282621461 0.80216246678000502 0.060685807595104155 0.36139407590076811 -2.1264623365205377 0.34886165065733232 4.337176083556999 1 CAMERA 273 274
275 271 0.51495206826359419 0.76726507848289349 0.05795668665892028 0.37784876498832953 -2.1440715695734287 0.49269509399063022 4.1031071067281744 1 CAMERA 271 275
276 278 0.86854832395497961 0.45630889783493644 0.085836082038864406 0.17331522071612429 -1.8080017986134036 0.72277564020517149 2.7621615991915576 1 CAMERA 278 276
277 276 0.72255233204262825 0.62827889647603052 0.057363508795680543 0.28265382283151386 -1.920086955950794 0.54988902782301996 3.2222127127101592 1 CAMERA 276 277
278 279 0.84646624313378815 0.4945343595650244 0.087122803471964411 0.17703187159313294 -1.7483550583042653 0.7365132546920794 2.7732067194577716 1 CAMERA 279 278
279 277 0.65097660006151992 0.69177759591953769 0.060238774750122348 0.30666678002798564 -2.0295197989301235 0.60291159597875743 3.587828815347486 1 CAMERA 277 279
280 281 0.82880031540871879 0.5275538648464918 0.065479081713293044 0.1746122754044564 -1.8567401105358943 1.0540958229736592 3.0270102169754485 1 CAMERA 281 280
281 280 0.77375564174697087 0.59408882221740644 0.04822882672559152 0.21455688861870864 -1.8495479685545388 0.84472504006271809 3.0759859498995104 1 CAMERA 280 281
282 282 0.81719487839037885 0.54472474679222571 0.058743299340414681 0.17893212609054326 -1.8913779291734034 0.97060788459791936 3.0416001843533627 1 CAMERA 282 282
283 283 0.8140320058745002 0.54862596319094914 0.061246314041139324 0.1805833185571557 -1.8737439843176922 0.9462417997397562 3.0479329601889509 1 CAMERA 283 283
284 284 0.81001232627336806 0.55339116384496989 0.060438292583512049 0.18435146826946172 -1.8748468791430097 0.90198694668800561 3.0536648302830165 1 CAMERA 284 284
285 285 0.80385308685098988 0.5634756286526349 0.067543665352324825 0.17819451154686552 -1.8059207837523323 0.90370560859027949 3.0931868743894744 1 CAMERA 285 285
286 286 0.79071838758513313 0.57958334068521544 0.056883942042421573 0.18871088965040478 -1.8204010702372684 0.79407839876364694 3.0271210158979054 1 CAMERA 286 286
287 287 0.77096902290598113 0.59430402194633591 0.026707025569126446 0.22736804965310287 -2.0700561690161443 0.65785227888528364 2.8554741877793814 1 CAMERA 287 287
288 288 0.77062922660083077 0.59780201526133847 0.040991992023745628 0.21698617985487695 -1.9420643478002222 0.76591837343610747 3.0635669841182982 1 CAMERA 288 288
289 290 0.94924058735120376 0.28494540241362198 0.09194558252390321 0.096407649192483125 -1.9109960674071824 0.93248810413926186 2.6370552949797363 1 CAMERA 290 289
290 289 0.94168624367014442 0.30272620448010323 0.09921218045762023 0.10835500381767645 -1.577945504422992 0.81550599954297998 2.6244478264527507 1 CAMERA 289 290
291 291 0.94742295088306039 0.28717736977931191 0.10473236785142603 0.094604659245219616 -1.8703720196295488 0.91297295572559811 2.6915312497916437 1 CAMERA 291 291
292 294 0.93547565036707347 0.32279283595199898 0.08226469542227359 0.11799412068170013 -1.9136913578400243 0.89802392667783837 2.6868107075962553 1 CAMERA 294 292
293 292 0.94481414700913646 0.29190377181763794 0.11657152142190896 0.092355270577352308 -1.8299872957126508 0.8477293776561875 2.782172287390277 1 CAMERA 292 293
294 297 0.88663757841249713 0.42111346905621522 0.12046094752571061 0.14841297398634404 -1.6542820921518642 0.81900721600883319 2.8402892370065809 1 CAMERA 297 294
295 298 0.87445949604699191 0.44444516493181141 0.10261460656820608 0.16510399044489565 -1.7415601041749567 0.78444652142068882 3.0180984866356826 1 CAMERA 298 295
296 295 0.92974481371978834 0.32963733037772586 0.10265546291671629 0.12796744787623462 -1.850490157122882 1.0157852375971728 2.704993855904934 1 CAMERA 295 296
297 293 0.94257065366087089 0.29881119479528084 0.11170896829108629 0.098962311642749254 -1.8149094369299918 0.8098904135585604 2.783116871233887 1 CAMERA 293 297
298 296 0.91872509678922964 0.35853600464463781 0.1124668492329798 0.12143861711452054 -1.7467928359076574 0.99202598501622286 2.829525216542335 1 CAMERA 296 298
299 299 0.96750099789140676 0.21715352732983867 0.12236088743684363 0.042590819116440047 -1.5581731424572565 0.95607208752236372 3.1687119416227509 1 CAMERA 299 299
300 302 0.94879494888623983 0.28165172701424346 0.1082558871713723 0.093493917078015493 -1.8589680984674395 0.87970862097945857 2.767638082165528 1 CAMERA 302 300
301 301 0.95686056248548979 0.24762966592850155 0.08153428606223409 0.12825588761695367 -1.5533973756206481 0.6369625282214646 2.425259510385223 1 CAMERA 301 301
302 300 0.96592801419881935 0.22279517489669159 0.12701595028246226 0.034818526713822323 -1.5969024234858862 0.99432894513998571 3.1817878956144865 1 CAMERA 300 302
303 303 0.96581908443893461 0.22488334233145438 0.1211535548487214 0.044077143996522947 -1.7301304614699502 0.9697517656340735 3.1207544362956092 1 CAMERA 303 303
304 308 0.980018879530135 0.16162624500482753 0.086774338398307671 0.076877609781224807 -1.7548440901592921 0.84703140682436051 2.8077644080012854 1 CAMERA 308 304
305 304 0.96430851524129313 0.22044821236989756 0.13711132125047681 0.052078389769633304 -1.7362526531478535 0.95396497333266972 3.1400333415396871 1 CAMERA 304 305
306 305 0.96417995390583255 0.21911245861509651 0.13880887492092622 0.055487324759633375 -1.7066414929530023 0.92978898702845902 3.147255275976069 1 CAMERA 305 306
307 307 0.9779937659705269 0.16171517475507019 0.09461768160166395 0.091781753660789417 -1.7110946653407417 0.87074451773887174 2.8019855413408008 1 CAMERA 307 307
308 306 0.96559614415528616 0.21371601218958916 0.13039097258189267 0.070340221746674481 -1.697547597368992 0.8602587040492029 3.0721029241102893 1 CAMERA 306 308
309 309 0.97948957488156296 0.16231447260497184 0.091575426086604364 0.076603694547730736 -1.7339994719353826 0.75149493933649647 2.8339144750225964 1 CAMERA 309 309
310 310 0.97977235539782181 0.14289662502186676 0.12390866610116381 0.065370701545834881 -1.7557461792601503 0.69092982214720922 2.9195585548889995 1 CAMERA 310 310
311 314 0.98389679375218209 0.10627741451202308 0.14320826749421703 0.011983427311104205 -1.7443065061217768 0.4348396247171557 3.0636453090752815 1 CAMERA 314 311
312 315 0.98274791682687501 0.1207476107688579 0.13997058965431156 0.0058974992898946695 -1.8158567091464304 0.43260623690033584 3.0477712668330836 1 CAMERA 315 312
313 313 0.98492645035404536 0.079768596371386155 0.15345319585325756 -0.0029958485176973955 -1.6770144271528964 0.85787245901564202 3.0232604181717546 1 CAMERA 313 313
314 312 0.98259317196531015 0.021846614085038192 0.1407903481187727 0.11921183555656276 -2.1308420178586909 0.16246354234074162 3.4328455239612587 1 CAMERA 312 314
315 311 0.98210714625131978 0.025515571292675666 0.10580732089836592 0.15368578251747184 -2.1323423215617274 -0.2325431536035529 3.3786352527704429 1 CAMERA 311 315
316 321 0.99445451613296798 0.015686059983407857 0.10242621634966322 -0.017973120742750221 -1.6297234939044638 0.095530849809938881 3.0436931612808937 1 CAMERA 321 316
317 320 0.98749531275701596 0.015751506114803245 0.15668074240674865 0.0074861403212195358 -1.6498363199489312 -0.016995761485878259 3.2687994735254704 1 CAMERA 320 317
318 316 0.98297915881915043 0.12975513778186709 0.12826223555519409 0.021549396204725013 -1.7996379136248877 0.5065526885543451 3.0573574045236471 1 CAMERA 316 318
319 318 0.98960531345786251 -0.010272354596462308 0.11636441108850538 0.083875658799412139 -1.7505756996786077 0.22324721409282955 3.7072097050605048 1 CAMERA 318 319
320 319 0.98894120716545186 -0.011197335764651709 0.12143941562835725 0.084394174998962748 -1.7905742990845386 0.29320326420904286 3.691685929729922 1 CAMERA 319 320
321 322 0.96600034272308821 -0.16094898188814943 -0.041876915814719355 -0.19795223416241389 -1.3028856381164546 0.35102981182406978 4.4381374632912296 1 CAMERA 322 321
322 317 0.98951551162063811 -0.092932186108826129 0.10484683291982283 0.035068542511262887 -1.6708933673203024 0.094356899856237131 3.7132520362420482 1 CAMERA 317 322
323 324 0.94363130096999071 -0.25749602346240125 0.10142425120355629 -0.18157336533349575 -0.41915725370459028 0.59942679205573957 4.3723689615506434 1 CAMERA 324 323
324 323 0.9670591478734285 -0.15921851295708853 -0.032175258396881609 -0.19598679137417857 -1.2190911877334729 0.29995591050395287 4.5288535344765073 1 CAMERA 323 324
325 325 0.96591565568483762 -0.16276628955602512 -0.035289691460094058 -0.19816336382829688 -1.337210382704195 0.34994595784307608 4.6511861393169189 1 CAMERA 325 325
326 326 0.96443346083285653 -0.17552698736768052 -0.040231287851848201 -0.1934937203357435 -1.4184385746497261 0.45705382636464242 4.8207078053440595 1 CAMERA 326 326
327 327 0.95568448665275085 -0.22981106142142524 0.093873745836017417 -0.15824587786840105 -1.4005350244211936 0.049363788196881718 3.1729416836405862 1 CAMERA 327 327
328 329 0.94928416270161686 -0.24154270133761224 0.10654390170512722 -0.17077792270626632 -0.34989218832560826 0.37864395525665817 4.2740506491937449 1 CAMERA 329 328
329 332 0.9461888931666701 -0.24251817002151543 0.084435812907534255 -0.19693173730024105 -1.1318854045108087 0.067427562798827265 2.9604330370684564 1 CAMERA 332 329
330 328 0.94795432000753255 -0.24635677009071119 0.10586347623322537 -0.17170868763503636 -0.36804295607559701 0.43968930070958062 4.3144113759869267 1 CAMERA 328 330
331 331 0.94547932142241276 -0.24303991106885553 0.087674223667253429 -0.19827678859261649 -1.0835465459477023 0.063130138553428125 2.9738420924351363 1 CAMERA 331 331
332 333 0.91487128262382633 -0.33054413542534616 0.05154252352685397 -0.22604087912284582 -0.1658038970309641 0.067216010407149709 2.8155863352717834 1 CAMERA 333 332
333 330 0.87718965636014334 -0.40178446757295577 0.072322159258448385 -0.2527391019848052 -1.380783502026107 0.10232065019550195 2.7823892635709266 1 CAMERA 330 333
334 334 0.85526008501759365 -0.4079958825106359 -0.0031466493843858596 -0.31946775334565108 -1.2699001974744799 -0.045611974870550687 2.4012922133884689 1 CAMERA 334 334
335 338 0.72749108146278518 -0.57934129388811362 -0.035066692109034701 -0.36591080701816392 -1.5669380286571044 -0.39729542087117076 2.5927128756769182 1 CAMERA 338 335
336 335 0.85980481455587621 -0.42655414762326577 0.076594433451904545 -0.27003802098242818 -1.3352340133568998 -0.17584079164731475 2.614791563885992 1 CAMERA 335 336
337 337 0.75947548691712041 -0.46416416693145646 -0.06927667716358718 -0.45049900433852458 -1.2382355910293259 0.18199442481475467 2.6697636506531479 1 CAMERA 337 337
338 336 0.87075754362564073 -0.40431451154106224 0.0031576909405726882 -0.27982334599578462 -1.3961163529465299 -0.2329654444791755 2.2548160775081203 1 CAMERA 336 338
339 340 0.69705952751615186 -0.57990008040268071 0.012691937789200221 -0.42150068394141293 -1.5701682591622517 0.032876326731590869 1.8700774258955544 1 CAMERA 340 339
340 339 0.65534747177576036 -0.64440610682223609 -0.0047715597973549484 -0.39400214840077741 -1.436800527375375 -0.35298634610706736 2.8137884932922108 1 CAMERA 339 340
341 341 0.71237582937066568 -0.56407653677221103 0.021829028301080629 -0.41696742308597146 -1.490158406996813 0.11177353271073977 1.8292146287865203 1 CAMERA 341 341
342 342 0.71011325308397089 -0.56252025048949872 0.023673108173251706 -0.42278803144501331 -1.4706688519729805 0.23885031817416635 1.7918743534337294 1 CAMERA 342 342
343 343 0.71415876121033361 -0.55665019045003872 0.033745396202374357 -0.42305918911377177 -1.4228151069016042 0.28219408418461928 1.7729283910860381 1 CAMERA 343 343
344 344 0.71869388143459934 -0.5561953173763029 0.044181359839418531 -0.41493840646520519 -1.3969711010577359 0.23807317004542833 1.8361071419698349 1 CAMERA 344 344
345 345 0.72964570792547001 -0.54156353304433247 0.040546967025473932 -0.41555026657134403 -1.5016018000994888 0.1042386397358798 1.9277595825928735 1 CAMERA 345 345
346 347 0.65021016100934126 -0.64891541692107213 0.036679349623707704 -0.39343379813323059 -1.4100512224713084 -0.079359684804022571 3.480686127178322 1 CAMERA 347 346
347 352 -0.33449360960756691 0.68966099080312615 0.056390469456985039 0.63976703404487167 -1.6578250455539338 -0.49794049492566866 1.8257037017147186 1 CAMERA 352 347
348 349 0.56011964024401073 -0.68768243283607899 0.043587894943510799 -0.45984666530917157 -1.56746098503739 -0.24902937962739258 3.0310411247792959 1 CAMERA 349 348
349 350 0.64766753469409666 -0.60703317481368058 -0.025244271069731199 -0.45978279214978529 -0.96426100429118788 -0.34031936559158599 2.253342375139002 1 CAMERA 350 349
350 346 0.75900207109127049 -0.53878410701141832 0.055689945020861824 -0.36128406017238585 -0.11757776222593005 -0.59737542665439047 3.6210252214712066 1 CAMERA 346 350
351 348 0.58594958396830765 -0.67670361142682156 0.017247216565679454 -0.44546362460923922 -1.5385393205751714 -0.24037078882459079 2.8949605625162378 1 CAMERA 348 351
352 351 -0.33439070814161598 0.68854762002150227 0.028923595988118955 0.64284403619104191 -1.7414598793585241 -0.54142346675704944 1.7785336046449345 1 CAMERA 351 352
353 353 -0.36774894065861757 0.68146054682377954 0.071548869021159103 0.62869149756370424 -1.4677057794004151 -0.69829927830152005 1.8473694935638298 1 CAMERA 353 353
354 355 -0.34441918971641533 0.71032553136180598 0.10569678405226646 0.604682768972016 -0.86976756305362235 -0.7808489535786316 1.8415828906711385 1 CAMERA 355 354
355 357 -0.12901472559648722 0.80547733362945273 0.044655133242847679 0.57668655668700475 -1.3719465778457427 -0.8566708993161174 3.2343037748468273 1 CAMERA 357 355
356 356 -0.13723553474987202 0.83492476971150742 0.028615141496885706 0.53221068253203674 -1.0464746585397922 -1.0781556364212264 3.3222331516448071 1 CAMERA 356 356
357 358 -0.078306498750116693 0.77986476792816573 0.023860293685676208 0.62057209281684567 -1.3874011323861499 -0.4495504261001399 2.6248669079843312 1 CAMERA 358 357
358 354 -0.37303890264335482 0.68426673394597848 0.075717008341442002 0.62200317408946326 -1.4106315981850805 -0.68546038891802441 1.8330554048501504 1 CAMERA 354 358
359 363 0.041760645254141533 0.83037981689703366 0.044627666239733722 0.55383551674120857 -0.6001994792476143 -0.8848326904849293 3.1279793090242869 1 CAMERA 363 359
360 364 0.024693935276893248 0.85005687357317872 0.054340629066167122 0.52329782847268425 -0.63180323684655992 -0.77935364864967061 3.2187454219430971 1 CAMERA 364 360
361 367 0.12349336948477868 0.80500501327412211 0.02156972146344862 0.57987159217607465 -1.5677798572457977 0.13268864923710449 3.3224180930925158 1 CAMERA 367 361
362 359 -0.089739371570409579 0.79280417103492384 0.0028164700775414764 0.60282705569348638 -1.2731914799963653 -0.4549351627115798 2.6738211819578996 1 CAMERA 359 362
363 366 0.14143074958840876 0.79863021320232963 0.0064421002009565397 0.58493215416513333 -1.6766860153338548 0.26974928562598949 3.3443188229899774 1 CAMERA 366 363
364 360 -0.086510437882154442 0.79035060915460165 0.0070136708887958994 0.60647561135387118 -1.2981299821107362 -0.43113237705877788 2.6542002958276196 1 CAMERA 360 364
365 365 0.092565922102566117 0.71168518995311458 0.039200337471975717 0.69526906590814486 -1.1198970418991556 0.010456140894910586 3.2243883138057567 1 CAMERA 365 365
366 372 0.084063445921864086 0.85678306012698013 -0.034137134791098978 0.50763252552160576 -0.79028448231928006 0.071750684804307172 3.4604751632223554 1 CAMERA 372 366
367 361 -0.088539457165885307 0.78670028083648336 0.0059591094367945924 0.61092382640660614 -1.3325705167762443 -0.44705181227940294 2.6361899867517535 1 CAMERA 361 367
368 371 -0.080195744106921082 0.80500926251081961 -0.019975373527483124 0.58747741603517079 -1.3789291349840751 -0.86732437714027288 2.6589993370210259 1 CAMERA 371 368
369 362 -0.08695551683231266 0.7834371472549827 0.0071156600754283886 0.61531645661000411 -1.3662597721940084 -0.43923936233471345 2.6111920187677984 1 CAMERA 362 369
370 370 -0.012677110679571934 0.80481196697772894 -0.009417043233939295 0.59331973502571722 -1.5218544799906375 -0.54179517953905731 2.6668244025697212 1 CAMERA 370 370
371 368 0.082950804629638178 0.79558662716270745 0.00033339277241757956 0.60013412795842747 -1.9141801850071016 -0.10391152663888335 3.3776190768515244 1 CAMERA 368 371
372 369 -0.10057065074461541 0.82628387834246764 0.0098050701430367846 0.55411583373842055 -1.3129369762975549 -1.0114154430661555 3.3135427361910339 1 CAMERA 369 372
373 373 0.088717101072926213 0.83017245518215599 -0.034641520285551376 0.54931132858002596 -1.9840304155696575 0.085165999819766483 3.11107766154967 1 CAMERA 373 373
374 376 0.34059958163532827 0.74325138954654824 -0.013806848005881084 0.57565499031547296 -1.7077947561923579 0.038469457812762828 3.0117993636813534 1 CAMERA 376 374
375 377 0.29890511118912921 0.7531508136447389 -0.038075366873621057 0.58478188485000226 -1.7932422545653244 0.13937572080652411 3.0809271347429017 1 CAMERA 377 375
376 374 0.39531312225111442 0.72470079805016041 0.048470089410431266 0.56230502319833597 -1.5593595411047327 0.25899146799331424 3.7383836827506181 1 CAMERA 374 376
377 375 0.37959766729928102 0.71131001213649347 0.033670604017681301 0.59060136136010588 -1.4773204089682574 0.055381725416332434 3.7451244072401915 1 CAMERA 375 377
378 378 0.17288458975644005 0.75279674414227671 -0.01941362908798119 0.63484729789073646 -1.5942469056433253 -0.57672807641478085 3.0199388200114097 1 CAMERA 378 378
379 380 0.52004282069429086 0.62675212165882221 -0.0045411993007729873 0.58027288421000789 -1.4178846562122596 0.10702181812139096 3.1365114195837598 1 CAMERA 380 379
380 381 0.47257439367802812 0.64590887154816257 -0.004346731346981045 0.59954672713794432 -1.553262207778157 -0.098174787916464876 3.094248386191135 1 CAMERA 381 380
381 379 0.51547160123160518 0.61397188858702856 -0.027362750418282032 0.59714221776570908 -1.6238948210118052 -0.064692481420920794 3.0558375564909754 1 CAMERA 379 381
382 383 0.90806347722409908 0.35479431394527638 -0.036283446995338239 0.2196024307650426 -1.4625409636832802 0.64997644707727809 2.9146437024120102 1 CAMERA 383 382
383 382 0.4139786277295508 0.7169837844704694 0.031486786023468036 0.55996833026116211 -1.5320089563944568 -0.27793931260321786 3.3865189794562118 1 CAMERA 382 383
384 384 0.8977193266985023 0.3753649719264362 -0.052224819239521138 0.22466356308501115 -1.5891836866230717 0.59241364753854797 2.8995275321698002 1 CAMERA 384 384
385 385 0.89606281007747701 0.37870380776851764 0.0084241048658804055 0.23148196654359432 -1.5430705758974388 0.77373586908390746 2.826502858978567 1 CAMERA 385 385
386 386 0.90587542785235375 0.35886102628101074 0.0098499908723284433 0.22474752659299663 -1.545252074453499 0.75827262823781905 2.7385685400278588 1 CAMERA 386 386
387 388 0.88303390222774714 0.39835496323000902 -0.047773331475218839 0.24347927958291382 -1.6720023205400851 0.74682290635704263 2.9538498386844791 1 CAMERA 388 387
388 387 0.89493540860753307 0.37838538232222185 -0.046314624128790373 0.23188374772101397 -1.5962159201138062 0.63400276631769936 2.9378896634078333 1 CAMERA 387 388
389 389 0.877729148754963 0.4083367848184522 -0.04842880812487961 0.24598223946785436 -1.6821461697034932 0.77534557796912618 2.9369779560910652 1 CAMERA 389 389
390 391 0.92176151800003503 0.32118585195429356 0.0077313680981843927 0.21710729694323097 -1.6085407683096857 0.78823567855608256 2.6816526706164732 1 CAMERA 391 390
391 390 0.86865534486264229 0.4258156690838007 -0.042445570970341365 0.24963429513847019 -1.6611633692743042 0.79543656344107783 2.9523198619195328 1 CAMERA 390 391
392 395 0.9467039739253964 0.25716122789812984 -0.018354605571506078 0.19308753733502054 -1.2365406277182847 0.68913649854198078 2.9765393344491975 1 CAMERA 395 392
393 392 0.86510670952344937 0.43221953352189674 -0.041827064130125553 0.2510520915783786 -1.6508701448997867 0.83209263921049437 2.9414195743632274 1 CAMERA 392 393
394 396 0.91716543219564961 0.3354242811852825 -0.021285676499336475 0.21411455240751268 -1.3603000781240777 0.645969909070087 2.9963328219360377 1 CAMERA 396 394
395 394 0.88283415849266145 0.4000834158366583 -0.02880788523288878 0.24435059795186645 -1.6251826889507461 0.82645943664495081 2.8153219033752572 1 CAMERA 394 395
396 393 0.8727740855949685 0.41829648248274093 -0.037928547266781201 0.24870640031704883 -1.6366575859142329 0.8218687239248621 2.8842691617075937 1 CAMERA 393 396
397 397 0.92757327888637353 0.31000014209019844 0.018230570219418304 0.20778683911526644 -1.6121350216407675 0.70819058067727025 2.6983324380671228 1 CAMERA 397 397
398 398 0.93134113765183102 0.30032016987731214 0.027872708699393425 0.20404556596999249 -1.6421952088933645 0.66729684973429093 2.7253179672193215 1 CAMERA 398 398
399 401 0.93243003254142331 0.28765062561628318 0.022094229802242914 0.21758491907024954 -1.5731115693919626 0.59318136271102806 2.6716206637816211 1 CAMERA 401 399
400 399 0.93262873401041468 0.29601169730348403 0.050604681545538072 0.20004970823102036 -1.589486321811632 0.67757320307829982 2.7775738475370595 1 CAMERA 399 400
401 400 0.93515149077885984 0.29340372402487574 0.062351079711003933 0.18846295891045192 -1.5791605010645762 0.69897826196021784 2.7694801532187916 1 CAMERA 400 401
402 402 0.97504307019396042 0.16275342953587013 0.088865016964787172 0.12208743260834219 -1.6147158072337415 0.75905287458644932 2.8008019418354975 1 CAMERA 402 402
403 403 0.98450546708326314 0.13408220959831108 0.053101204394056238 0.099755743916334183 -0.73453877689488745 0.39720814352359352 3.5793907048880729 1 CAMERA 403 403
404 404 0.98228129951173293 0.15048061331482573 0.034592015179729256 0.10621876544067237 -0.90240229716560227 0.44253066701048666 3.4616660749129795 1 CAMERA 404 404
405 406 0.98245216173978822 0.13656861922658481 0.093900614155564541 0.085553707088407663 -1.5511446675848011 0.62081329135546215 3.1746310833350999 1 CAMERA 406 405
406 405 0.97887981823225112 0.16518136877770212 0.029142323023798586 0.11687660961499746 -0.94876177641773274 0.39082171110863989 3.4572897564248994 1 CAMERA 405 406
407 408 0.99791524333386072 -0.040170813803539686 0.038671622999463057 -0.032495821498623026 -0.35359394090024987 0.22315145625630808 4.9582163221413982 1 CAMERA 408 407
408 407 0.99622625600138626 -0.056098069752904683 -0.023739588965030482 -0.061827868629204134 -0.68797215874688367 0.19034591393991998 4.7859636924193492 1 CAMERA 407 408
409 409 0.99816540464381143 -0.028177567597298427 0.034635141765457587 -0.040893234299119625 -0.56709200819926997 0.31353206739961903 4.980111580849341 1 CAMERA 409 409
410 410 0.99841993043699362 -0.025000441644867338 0.032710592832530312 -0.038244444567737824 -0.65452426719968892 0.47635075289374229 5.0586119578053816 1 CAMERA 410 410
411 411 0.99898305646277685 -0.021178668189709569 0.028238994814554108 -0.028051311660280562 -0.72011083793779196 0.46870394157134093 4.925038985384508 1 CAMERA 411 411
412 413 0.99852980104881195 0.0014374706027366654 0.04020084454018779 -0.036332660155047013 -0.67317289087572629 0.43644241108931242 4.6295126208653183 1 CAMERA 413 412
413 412 0.99856626482949473 -0.0064631588942967045 0.024424391673103493 -0.047192069386470477 -0.74607122315053365 0.47133050354524691 4.7446306000726208 1 CAMERA 412 413
414 414 1 1.8611379092126203e-15 -5.4543206096326422e-15 -8.4265689877226633e-16 -1.1607784897756757 0.44114747570294938 4.4492692162667362 1 CAMERA 414 414
