18 852 1 0.51886229158711517 0.40356721382557548 -0.61067134314402893 0.44158344280180772 -0.59287476171123576 -0.3041193732205219 -0.26556914365914475
17 809 1 0.38700732440552943 0.48305507406478598 -0.61282314334547006 0.49125443637377475 -0.68635800156707516 0.087009380123310165 -0.24862699134422869
16 765 1 0.14557700834800197 0.66248362246023063 -0.69957307995617601 0.22476719158508479 -0.18338411762049925 0.75456986816178562 0.11530352444560284
15 722 1 0.023829820099627315 0.78541038711599731 -0.5979949996635936 0.15800203752375272 -0.043700817048846367 1.2936876105650263 0.53638529952977021
14 678 1 0.1999948858765162 0.68832884330688915 -0.67840025024367745 0.16117862626401591 -0.34791967730182216 1.4068324879248757 0.27582512265783388
13 635 1 0.034993679245368413 0.67412954120161483 -0.71677016066296007 0.17482946226356486 -0.9072176700083846 1.0019109762345553 0.54483800803513405
12 591 1 0.23439051378913445 0.5781423995398618 -0.65786566908740807 0.42193034299056204 -0.80823247635075413 0.4080367593781431 -0.11764187935586803
11 548 1 0.3412101090844778 0.35907933127170749 -0.73973605974427337 0.45544292422436311 -0.55710748398796495 0.077436437606616476 -0.31994450071065828
10 504 1 0.39111462754054915 0.31442790743907117 -0.63408216586709254 0.58830625194417363 -0.4093602112813044 -0.23052083991837205 -0.34605048783141446
9 461 1 0.41953558748912256 0.36230361081019102 -0.55977941497071892 0.61593261887896 0.47025906927679323 -0.40705931385673932 -0.21817816510083732
8 417 1 0.37857952205233603 0.19599584385696828 -0.58264461832175396 0.69194539048549009 0.4572242229407254 -0.75223912205182641 0.142871508447797
7 374 1 0.47636827283218885 0.23762524834376367 -0.5361327573634127 0.65511004912941617 0.021139981277859668 -0.73300017709470966 -0.12980067827612032
6 330 1 0.42283935800354144 0.35629277071129695 -0.57203763909244121 0.60583436541976221 0.017721783291157707 -0.12758570731792684 -0.041214994474170957
5 287 1 0.30928313555448794 0.29242382145564572 -0.66221748727018592 0.61668488732935722 0.2741391453178269 -0.014835168467297918 0.099281007634777721
4 243 1 0.13778620394069324 0.40965789592417517 -0.7094757875458777 0.5566322638841088 0.56724183253400695 0.70121135748945951 0.0024592531142254969
3 200 1 -0.014326997602956242 0.58710030448722506 -0.68432023026153788 0.43221961092191125 0.19836476004342776 1.3520775832986129 0.3575549937749597
2 156 1 -0.078127362687862661 0.6275496228324654 -0.70279656830465886 0.32581370391907172 -0.15064959315411908 1.2566454184559266 0.52788919675654911
1 113 1 0.050698125540889129 0.5793884610518113 -0.70527867728595661 0.40536489565874534 -0.075258620139694199 0.97101792272653109 0.31706916141546604
0 69 1 0.17171925247131259 0.49779837576345576 -0.6826205569402215 0.50669364576692766 0.044446518459147079 0.54158440737356128 0.10356324310909314
