12 1610 1 0.00012256756574829047 0.64657230543391708 -0.74469419290427341 0.16545331026520488 -0.0086717527725072296 -0.62678794590553988 -0.15587916183986578
11 1482 1 0.020169017423762366 -0.66458772603034066 0.72040550939283143 -0.197312612831608 -0.063449804949506541 -0.66492992396761097 -0.14554985257079162
10 1354 1 0.030232015000997443 0.66971349744312536 -0.74009698936478296 0.053162984723027128 0.16002187438717966 -0.4984716552987068 -0.13231411722031966
9 1226 1 0.034454818656038076 0.64215682355021253 -0.741997355440557 0.18943971061659814 -0.023013296723693691 -0.45413655791132596 -0.083070807440143876
8 1098 1 0.013841463164910731 0.61200389807719113 -0.75610179748034934 0.23145132205879185 -0.063748871920627725 -0.37309695472882376 -0.11044372272706626
7 970 1 0.081822144211116055 -0.65918415716992007 0.74746573776959202 0.0087381069710173558 0.18765397708733453 -0.20634580941598518 -0.12628555900296959
6 842 1 0.29976851442467878 -0.74813208915406026 0.56203660937268707 0.18588185673286142 0.27694622566840316 -0.22208555802871638 -0.31807104402802389
5 714 1 0.08376353544513418 -0.65158625307382556 0.73826795328478023 -0.15290341424456796 -0.10465155876767505 -0.33525553395200469 -0.049787627739547397
4 586 1 0.03506385167352196 0.68253045732849693 -0.72095441652508752 0.11466224495334409 0.014202849032590233 -0.049685140454029157 0.010010095977946814
3 458 1 0.23995148869253199 -0.7996036163030269 0.55003537951760417 0.02276886357034227 0.2005694755790503 0.23911532263175353 0.15481382639161251
2 330 1 0.27516377899746003 -0.785627730229424 0.55079333450785795 0.060833106809659747 0.20352106738504763 0.39010937000035284 0.19127202249834074
1 202 1 0.25837570620712813 -0.75042401312938412 0.60816867178677136 0.015383810252089928 0.089308461094893182 0.14812855700258615 0.063450018318287782
0 74 1 0.17555974968767352 -0.71178157022880451 0.67439652842537245 -0.087949377598847883 -0.014680365959726186 0.035163202055731986 -0.033760878388293093
