18 853 1 0.52181185216302706 0.40596074690754391 -0.60605265425108923 0.4422764330005276 -0.59701609662195165 -0.31741748207484527 -0.26288501449477941
17 811 1 0.38290844417367242 0.48212685359241719 -0.60990017489851256 0.49895550611686534 -0.680244768267388 0.038177936460088255 -0.24415385432454112
16 766 1 0.15001056915455091 0.67673016886561099 -0.68470573229633913 0.22519140269908958 -0.25375025106132526 0.74464299926360322 0.11238174443260006
15 724 1 0.0096102103498950323 0.78123268494851317 -0.5960233567616654 0.18530864529137503 -0.06744589608506063 1.2873228909356726 0.51438463154394631
14 679 1 0.20492848195642771 0.67988341126395579 -0.68563834522372669 0.16019651659755535 -0.29168251287208091 1.4282121888374275 0.25805485385301141
13 637 1 0.036437811243977353 0.67754229133845523 -0.71530615017066179 0.16717009567386937 -0.90678589700409962 1.0299029136298601 0.5820161396263408
12 592 1 0.23275260376688492 0.57978061850169627 -0.65663408095526699 0.42250721127284657 -0.80870728755727006 0.41427946835009649 -0.12142360116299654
11 550 1 0.3359834182333995 0.36270449048803149 -0.7325660929886566 0.46787553329422238 -0.55413061256062657 0.066666402596823063 -0.33875633615389839
10 505 1 0.39192967842088539 0.31441399857019192 -0.63940672325601988 0.58197423218816513 -0.42121828264431688 -0.21978672568184174 -0.35282144537088267
9 463 1 0.43918099032463581 0.35973966017429582 -0.54591357936982021 0.61618649652096824 0.40839249253550397 -0.42060577794490167 -0.22829819409264826
8 418 1 0.37786510082868158 0.20165106524404403 -0.58629924102827813 0.68761036454618529 0.46533331126600425 -0.74174654194734702 0.13744162075383504
7 376 1 0.46955542854207222 0.25626694886256607 -0.53205937909600476 0.65632139045083382 0.05028598269415565 -0.75128843309821258 -0.13040448490858403
6 331 1 0.42535826180327041 0.35202541820765948 -0.57445356736390674 0.60427771181328915 0.01389101180365397 -0.13388210001911455 -0.054758639983918736
5 289 1 0.32955705211631497 0.28422940507559241 -0.64623421107354728 0.62688686310125308 0.25926381630796302 -0.020693244010350956 0.11603576985538644
4 244 1 0.14248766692779632 0.40115283577000815 -0.71046491045151872 0.56036887685190895 0.57452156625131157 0.67967195423929561 0.0046528611004103956
3 202 1 -0.0073958315883904079 0.58152041564269707 -0.68457308580774023 0.43947582192144463 0.21643055641195111 1.3426439431870461 0.33442653360443764
2 157 1 -0.074947136300803921 0.62627145933076367 -0.70245637970159469 0.32973022397795665 -0.13675334850743665 1.2640429320760496 0.5215541488658918
1 115 1 0.038144733689495162 0.57992323590485262 -0.70968331809276475 0.39822557397817376 -0.079242450242521245 0.98061876582736174 0.33552594252583556
0 70 1 0.16675345865176416 0.49622329894804784 -0.68525356532694193 0.50634303867586195 0.048811151321816439 0.54639562449972245 0.10479240725655453
