18 853 1 -0.36659503404308197 0.62711493193589529 -0.64650269284736261 0.23317206371925794 0.34728047171082721 -0.090054651715320358 -0.71082476999931854
17 811 1 -0.46194797620633804 0.75100249532110119 -0.47161094861534419 0.013506755586850905 0.36709100718350407 0.47110468462701971 -0.60981581464120205
16 766 1 -0.22572437087639313 0.62428601511560067 -0.63123942620173634 0.40106391826246784 0.88920499805185726 -0.42632696192384284 -0.30785965239904661
15 724 1 0.18869569182908058 0.24535700603335378 -0.74515369602516635 0.59071130408646122 -0.35072079716502019 -1.0078096481676171 0.43587606018066249
14 679 1 0.053659460141937183 0.37895869334070642 -0.70616157680437197 0.59569018669434481 -0.33945166527206844 -0.91844703993471211 0.17974208029072083
13 637 1 0.089267875402193844 0.57150365262801828 -0.65139228411161565 0.49102231482272168 -0.48237920780712046 -0.76739364872896065 -0.1778119809167554
12 592 1 -0.086582927407308261 0.64878118858788825 -0.6362010038715733 0.40845397377044834 -0.3946983748110639 -0.55993037632358145 -0.43481211384419177
11 550 1 -0.32204675768705437 0.69516447156567895 -0.60750238229105502 0.20969763672192135 -0.40628525868965154 -0.08188025536004756 -0.76016347512608884
10 505 1 -0.55385201573586584 0.65711134835241747 -0.50172164768523897 -0.098630668535679852 -0.67758995626868368 0.63601944974586377 -0.48847462602607677
9 463 1 -0.52267734931993981 0.61910863423806506 -0.52110333552183652 -0.26826144193263352 -0.97852075125458171 0.78711513747975559 -0.25927871555599208
8 418 1 -0.44778009219882381 0.58676898650831566 -0.58468486159569877 -0.33665822152924685 -0.9120154654524617 0.99917059933638375 -0.012489259567796522
7 376 1 -0.49642277518941536 0.65741938592470961 -0.51479128110444272 -0.23739021922240977 -0.46321560672761153 0.92336693997930863 -0.04759460577117991
6 331 1 -0.55018415954131128 0.59214381774238778 -0.48706068713696787 -0.33080957777089154 0.013380277901717018 0.9086260668599605 0.45888422020295599
5 289 1 -0.72027034579248816 0.56415105904855456 -0.17808736559667365 -0.36225557519684992 -0.35077384804359618 0.90463325018583918 0.84320984485302619
4 244 1 -0.7136926694444744 0.63643151199395254 0.0003400889652159999 -0.29257065550360206 -0.56794009927025169 0.82612991637067945 0.46498807260387498
3 202 1 -0.59859506138316654 0.66718778027654213 -0.41251824958145228 -0.16239800522050205 0.12574004700884162 0.64279928811270548 0.038602824511864829
2 157 1 -0.37673365385093782 0.64526570448978193 -0.64916425571955072 0.14244189608927885 0.32101154182739139 -0.16534045250516075 -0.14027579222436118
1 115 1 -0.23258624104460124 0.66024087745703031 -0.68573522964425937 0.19938108996654713 -0.037004355444322561 -0.40453647939530157 -0.28852831369329629
0 70 1 -0.16225757397000043 0.69197423073131592 -0.67433926195549942 0.2002765674722975 -0.19315855616858371 -0.069192124419794263 -0.16705580818773463
