22 22 1 -0.068250085703933247 0.67742832760142213 -0.69204685693855728 0.23979978016255596 -0.14734212849538084 -0.11689170546915216 -0.21446712692005279
21 21 1 -0.011326489861726994 0.70230771413764037 -0.6536498876872906 0.28173996808505347 -0.14831720583311914 -0.28380163254767998 -0.14885589838118737
20 20 1 0.062227467185775348 0.63123641414065379 -0.65481879834583767 0.41095093761105517 -0.13254616217052984 -0.50914618872915762 0.03216149394209325
19 19 1 0.020041459086332834 0.60380613111510628 -0.70356925404262827 0.37417482639990296 -0.022983111464300179 -0.55486182089434655 0.0074112464899537735
18 18 1 -0.013341633604053072 0.6308452962815756 -0.71164812151818013 0.30889021368737446 0.045455735569560743 -0.46163449206114981 0.042770747143286256
17 17 1 -0.0072307432429695347 0.59622251486849398 -0.73200378559519241 0.32960110283545879 0.19623839654885045 -0.48335354888257726 0.12743060423630156
16 16 1 -0.033142401953716379 0.58917282168440166 -0.75512017920068986 0.28560546623812494 0.26407991252204061 -0.43311194550669141 0.20215068021920912
15 15 1 -0.084185643788788136 0.63070334376499337 -0.7202584253788743 0.2763220407681381 0.3335037964438396 -0.20398817802334213 0.26547647975599992
14 14 1 -0.1499736586109407 0.69448136746773848 -0.67791620827127641 0.18876744032296561 0.36393355319311615 0.021287223771117619 0.27416939553959696
13 13 1 -0.19518566692337971 0.71586275806477884 -0.65310744436368762 0.15130675186618867 0.20654411956542562 0.22350898672738723 0.40005496988416983
12 12 1 -0.17905205844624353 0.71091789092812174 -0.67089077357186799 0.11154229090625134 0.064359044448121572 0.38066130063107939 0.22295445779242157
11 11 1 -0.190109255547664 0.70602765638181519 -0.66380492163117877 0.15731002955100809 0.036436545636976042 0.23576241174366147 0.12101062945642421
6 6 1 -0.17149847693296041 0.7129015476817111 -0.67230980972766718 0.10178003471528049 0.019631660880286898 0.30095119580169899 0.21875809360729523
5 5 1 -0.21699237350488995 0.6817351651422725 -0.68263236783215431 0.14887754980862339 -0.02623817423380766 0.21980462283620256 -0.12209484906064974
2 2 1 0.079797352173392455 -0.60911374673583396 0.73347778895961302 -0.29090060025112968 -0.033132920280870219 -0.36688643071269322 -0.17954645984018885
1 1 1 0.058160397220567317 -0.60611683154719331 0.73988460185179816 -0.28602540211132144 0.012363500454487777 -0.27310339827596791 -0.12425521565304644
3 3 1 0.12340393402786649 -0.65921168077069303 0.68656532594251785 -0.280783692929928 -0.075274137354683635 -0.28039326512712687 -0.25432906529676447
0 0 1 0.091831354377283708 -0.6606744082002638 0.71774040131266148 -0.19981252469753891 0.030332272001797965 -0.12019175075796518 -0.18227048035064813
4 4 1 0.16913655915358122 -0.66253053628985914 0.68765550368905959 -0.24408199664724275 -0.024915891240784558 -0.084706035161907528 -0.25268891117863257
7 7 1 -0.174713962540469 0.68571397281822444 -0.67674368592500589 0.20319784038195898 0.0010472519551601701 0.00054649448493180491 -0.015596048866796351
8 8 1 -0.14071195279013832 0.68489958723688393 -0.67993692160205543 0.22090378988838588 0.050423807934664437 -0.12942546408451824 0.061382935543360891
10 10 1 -0.15338661070948231 0.68833524430319493 -0.68719230619340133 0.17445306937315036 0.044753345153580586 0.074059158543899134 0.13218519264915315
9 9 1 -0.13304265620469533 0.6737643729436994 -0.69821554083942106 0.20207988497645579 0.035822292974793515 -0.07319910627661029 0.11763854119835325
