18 853 1 0.1715326619736342 0.29672281246667165 -0.72924008137068941 0.59223392520234586 0.29540245599721543 -0.11280544752846025 -0.78873487077518478
17 811 1 -0.015688137823197005 0.54050240233300006 -0.66464624211734546 0.51561265330011752 0.32234664389864376 0.43714824283658948 -0.68779212412952295
16 766 1 0.25716845908622055 0.19376098660889313 -0.62438242575216352 0.71166540602407491 0.84295639112471565 -0.43315879150287367 -0.36584559477704881
15 724 1 -0.64532604146024519 0.21371951466239672 0.42155327311943702 -0.60014257238427016 -0.4301404903529007 -0.99560326652387221 0.39249869127515957
14 679 1 -0.51617983045628124 0.13185248893533588 0.48584218582716066 -0.69291462263569559 -0.41092219288428972 -0.93457096989027688 0.1215057013778801
13 637 1 0.51164607805141771 0.08542633300998799 -0.42229662404074586 0.74336141530675248 -0.58006238429283674 -0.78524680725141682 -0.20601204753691862
12 592 1 0.37129120980084956 0.19580635667529855 -0.52864931354293165 0.73778900201938136 -0.47085470138748159 -0.60661158591534048 -0.47237082022374033
11 550 1 0.18018899113736911 0.36650650174811999 -0.66850387913366527 0.62153638287110302 -0.46818698780443851 -0.1186435823907715 -0.82197056679099778
10 505 1 -0.058843167672456849 0.54489062897288876 -0.7504993320879263 0.36929992771645287 -0.72402504510812293 0.63620195964624859 -0.56690730272039813
9 463 1 -0.021248228949406978 0.63192166192258881 -0.74204751786877476 0.222685893545813 -1.0324408581687734 0.77446532549705971 -0.32264237267392892
8 418 1 0.066233570908554029 0.65437160293455965 -0.73859158982000561 0.14796412674940204 -0.9662348816860038 1.0070447813979111 -0.059408677390695594
7 376 1 -0.012802605402352072 0.64137298233606665 -0.71945325289004047 0.2662025689774441 -0.526221184291915 0.91929228048306266 -0.11791158973754745
6 331 1 -0.070460326480622157 0.65716164983944203 -0.73450515000189598 0.15387037724409161 -0.056475365514336302 0.91612103272435963 0.39659193231739853
5 289 1 -0.40297060230485937 0.66125854667739858 -0.62310269984277944 0.10997660466113988 -0.39990110513389243 0.92883346809256018 0.76229015817015755
4 244 1 -0.52017860846924202 0.66759817728277249 -0.48829159659498544 0.21283375125774301 -0.5787136328142205 0.84413573419824917 0.37272258045463696
3 202 1 -0.15513063334569258 0.59930688966042178 -0.71297065942271731 0.32930013271429298 0.078801680274015393 0.63685479211355145 -0.045542639739405338
2 157 1 0.16689257428159709 0.37315063498291778 -0.73605885747076072 0.53955799558559536 0.26095795982912073 -0.18605731510440615 -0.21346809505506081
1 115 1 0.29835696992229299 0.34544118282250436 -0.66355603933648166 0.59274521539111469 -0.11198897382588431 -0.43801988642662559 -0.34342636605860372
0 70 1 0.34022827120466398 0.36721208204730371 -0.60945257849742329 0.61479066749131139 -0.26616458769337487 -0.1072756956739746 -0.21408143316019274
