19 867 1 -0.26875098935109343 0.72558700730692161 -0.58966298226449121 0.23150371033126099 -0.55522999307881116 0.89940777349670098 0.31188871026943532
18 824 1 -0.23936353120286838 0.667649494077318 -0.6344363818903177 0.30731047870568606 -0.42363259866647301 0.87258287608304852 0.15253735713742661
17 780 1 0.028949759298456119 0.60070597165072148 -0.66747864056487982 0.43907460806722159 -0.089375192925133989 0.62912516788490125 -0.17350905911044714
15 693 1 0.28888449095688168 0.53834095271314042 -0.67310799445705927 0.41672580591377723 -0.42305574898188592 0.40506718959798521 -0.57920859906613309
14 650 1 0.21631239264357083 0.39487575218020016 -0.7572597362519794 0.4731170901378613 -0.14119679298404847 0.17917128885152916 -0.59337689375962233
13 606 1 0.336703930857083 0.29736405152234802 -0.67822995044616829 0.581557579372319 -0.37150499709882773 -0.18152141131099672 -0.53043296645005089
12 563 1 0.36674408639873274 0.35386686562768682 -0.63464446574593814 0.5809504441864628 -0.45086566877190698 0.11846719174987667 -0.40453733439809014
10 476 1 -0.032721270033410035 0.5557475374860974 -0.77123979527106867 0.30864732504231984 -0.59167412133644925 0.92625838137713346 -0.067877711189905418
9 432 1 0.058095310532021362 0.56935299596396527 -0.74746758088490006 0.33727483808775405 -0.24793488284417992 1.0014030180811611 0.0089899491313594204
8 389 1 -0.042798077228700548 0.60609372248684779 -0.65935935459190276 0.44279110837923508 0.16302983656188039 0.76444347157391446 0.23358835090485366
7 345 1 0.13408891804155332 0.44643719526161807 -0.71489345101144652 0.5211922355967421 0.57374749102101952 0.22540534725319525 0.34778281303304509
6 302 1 0.199517062676591 0.34685472003533163 -0.74167148725036647 0.53833832288807626 0.53042839319211088 -0.012658805753711757 0.084022179918132198
5 258 1 0.056590671095417801 0.4461527105826863 -0.73440480115066509 0.50832552840826728 0.41451961716800179 0.4572848534154797 0.069901847132859171
4 215 1 -0.11031133564236235 0.6002178383174992 -0.66667326895543466 0.42792138092708226 -0.1906940897079723 0.7126358980770432 0.072804919605795992
3 171 1 -0.078978389142368044 0.6026870812405738 -0.69823422839187987 0.3781529564292615 -0.33455302808314441 0.69474021878485104 0.030524938652973763
2 128 1 0.031890848588892177 0.55157869880606913 -0.70626934031861877 0.4426370202836486 -0.174231982022269 0.52246433093128142 0.050061698784908175
1 84 1 0.16350071181480394 0.46964584181030994 -0.69988925758477982 0.51269418528374544 -0.026630386336750796 0.33752346954209117 0.08154020310872305
0 41 1 0.239332305849182 0.46784568124865378 -0.65874408842099574 0.53842055299207159 0.037887459031790027 0.14109237642149022 0.075085512601845497
