18 852 1 -0.60578953252450773 0.71236257400774727 -0.20432758661287814 -0.28949756956795331 -0.51504914944310498 0.87718658011571815 0.1319459251099008
17 809 1 -0.54438208707304547 0.75561734520539225 -0.34685143573751775 -0.11128635327645904 -0.27207276474048647 0.71548018613682585 -0.12490592209097984
16 765 1 -0.3754525603741487 0.73041301956101023 -0.56896050328369918 -0.042616211321788361 -0.16074508205363888 0.54654280688016332 -0.40236470121889745
15 722 1 -0.29469093330686813 0.64884783637561061 -0.69708610906413582 -0.078896740155974698 -0.52247695340697198 0.45764286271808935 -0.65747385490794474
14 678 1 -0.33027210760323777 0.62018083780166711 -0.71077849520222536 -0.033015059003395145 -0.30399175516993798 0.40757649624645587 -0.62818581198823131
13 635 1 -0.28217840136602523 0.64821319756969631 -0.69083848562217298 0.15145027924123186 -0.23770797677655017 -0.17607943055361255 -0.70076096834823132
12 591 1 -0.1476669077965598 0.64082804449823605 -0.72057363528138241 0.21978975832313619 -0.5060071862904183 -0.17465865008073575 -0.50382028259869327
9 461 1 -0.3745401069261447 0.70858578183233667 -0.59700819918810422 -0.034743462564709053 -0.57501440271066029 0.82745021244562089 -0.4232733378209631
8 417 1 -0.45413113282794904 0.74222497606813731 -0.4829980102180102 -0.097877071995946904 -0.23521272532078166 0.85333498245318373 -0.13536388613546516
7 374 1 -0.47825619119922208 0.70632422327398203 -0.52140649387228888 0.022635709483600237 0.38101104058157581 0.52951651510687903 0.2189167324814297
6 330 1 -0.34812947994509474 0.67746432011220215 -0.63105695916440763 0.14702065997077007 0.51776916599818068 0.028696090026464668 0.18751916617856126
5 287 1 -0.36632542339044422 0.62433906856628996 -0.67783698401711434 0.12862128415690666 0.47319262813138085 0.03128016773888203 -0.075005327921698686
4 243 1 -0.45246887303194139 0.72550580323102287 -0.51388902917930301 0.069507655006242522 0.22682845734625257 0.51505255265580674 -0.067500871956324038
3 200 1 -0.52054713687520282 0.7442890900417175 -0.4020069414725056 -0.11599503327221575 -0.33929235364694921 0.70796942362078574 -0.075614026577426441
2 156 1 -0.51822079509648011 0.69088154491851594 -0.50097805906077686 -0.056132724504279599 -0.23260847727015341 0.61063919771963326 -0.12932399419415219
1 113 1 -0.40795881200465256 0.70168212821338072 -0.58391571283303145 0.01594487254217088 -0.13700536778065575 0.40229611981255481 -0.058722172064017697
0 69 1 -0.2911983825822288 0.71319035988735247 -0.63295167918345185 0.077040147741883475 -0.039130635656184062 0.17261639688638708 0.024669883422614294
