11 11 1 -0.31730515547727239 0.73493391468873448 -0.54696973494610479 -0.24497691401604338 -0.62705729022861056 0.68917027693476007 0.11931859796188483
13 13 1 0.18032057795456469 0.47333844281138016 -0.71685248765521226 0.47912182027701827 -0.17135386991556523 -0.78303771173521985 0.17703829743249891
12 12 1 0.099943638901532267 0.51649546659372436 -0.69868395853266663 0.48485505887880981 -0.083156401093176985 -0.73075929679474894 0.037489358112132408
18 18 1 -0.13816456204070118 0.70066958093220189 -0.6867956006650332 0.13522017253187632 -0.092663289222519471 0.14252678585532524 0.0027131273964700439
14 14 1 0.045494123203247881 0.45836376344067264 -0.75103618733626476 0.4730513613022142 0.098831080670718496 -0.55493082825339446 0.095516579001747315
15 15 1 -0.27371520652306908 0.72773245918847462 -0.61409319690306696 0.1355544137197309 0.12791752586077304 0.2636757350186002 0.0017431669387989808
10 10 1 -0.15494692669337212 0.74768571844488618 -0.6456867818561659 0.0067894092571459909 -0.27778409914896923 0.21029201418689414 0.0015956463735562918
8 8 1 -0.5278561176594565 0.73324605847206226 -0.4199513457505285 -0.085784637243454601 -0.081794354379231798 0.82476499284774607 0.15164762218426009
9 9 1 -0.4055675302601171 0.68286238093975204 -0.58828840191978982 0.15208781431351415 0.33698162015468147 0.40334633688424931 0.094897469474387638
7 7 1 -0.3294531778843478 0.74457398283113585 -0.57587767952689339 0.073723035040647047 0.028922136735495884 0.4531312189964431 0.0088144294407665174
6 6 1 -0.21799199390607255 0.66716172921810168 -0.65744548163747618 0.27411704860156771 0.23930865664867465 0.0083029047614657132 0.055096365631370617
4 4 1 -0.11240361208713306 0.64899225824934237 -0.69832054851237013 0.28021935737483755 0.25281258643074411 -0.15699577462941156 0.10051478746270527
2 2 1 -0.14505021843135474 0.65927851156669248 -0.71587060164548433 0.17844203546013229 0.32672683395827518 -0.01980108640079227 -0.07379498924758443
1 1 1 -0.24175523701424514 0.67599656061146107 -0.6614085447894521 0.21707554513846278 0.22220123247559312 0.1179588821537501 -0.20892352312979179
3 3 1 -0.099337776496422392 0.66494608203195038 -0.71917028478143352 0.17542182201338921 0.34669533834668953 -0.060773521502451106 0.042357206911177815
16 16 1 -0.46027895663213658 0.73713009840543264 -0.48634505583007037 -0.090834942484016995 -0.092758349802452164 0.71006906098010869 0.11225488798306089
17 17 1 -0.25082652881551343 0.65345359726947405 -0.6751123492853498 0.23304026368926095 0.18421612129226991 0.038685271617159372 -0.019097964579096068
19 19 1 -0.21823210318124947 0.75472572011032912 -0.61354931777611998 -0.079505164621496566 -0.42241369486730479 0.32452284012460919 -0.0068542213285154767
0 0 1 -0.1281690966408667 0.69323241086157805 -0.68303956823215206 0.19094097367129917 0.029537007825727421 -0.048019975371117851 -0.18455032176329106
