19 867 1 0.52288086761996921 0.39696535956953655 -0.59075297164306839 0.46906825523979029 -0.6564153064350059 -0.39710784900712492 -0.28675114560235521
18 824 1 0.43991435574888543 0.44249557569456216 -0.59408130618344801 0.50768142248869952 -0.66457023765999756 -0.12612957155733776 -0.22821119715974411
17 780 1 0.17342268214141565 0.65637788318712642 -0.65456249757290641 0.33262679470058237 -0.70853481521860484 0.49161901881186271 -0.089792831588349997
16 737 1 0.039634555998395715 0.74622421283491713 -0.62038600621068096 0.2381170498886617 0.054720246149946361 1.1916923172855491 0.35556199834450686
15 693 1 0.20088263344377422 0.71062773275911206 -0.67225651031553535 0.05220706228774856 0.026188291486584282 1.4739051686093592 0.36817082567249088
14 650 1 0.015538504651748506 0.71064759029407598 -0.67963397412524695 0.18120766677250186 -1.0379297988696647 1.0882626224392371 0.54954992993604879
13 606 1 0.16980633411401377 0.61549291055825917 -0.66638003088443709 0.38506095671430962 -0.84508947089509689 0.62304967428546165 -0.13616960520921312
12 563 1 0.38760186305966798 0.40568817212180486 -0.7105096298288367 0.4246857293030139 -0.62620149678161008 0.1823901177763203 -0.25477058068019054
11 519 1 0.43634646500800084 0.30562325704162774 -0.66908250120166401 0.51819378017881879 -0.54778615464159452 -0.088869456005508093 -0.33210260378684775
10 476 1 0.46173755781137232 0.33860383162206908 -0.58470514148601715 0.5746875415711219 0.035537076969102237 -0.38893581471885807 -0.27870973884336053
9 432 1 0.35170451672590985 0.23699584065739435 -0.60679704537192303 0.67226055228132597 0.57164810599289695 -0.68476305309713559 0.083674860435626844
8 389 1 0.4534712536184683 0.28416829742968475 -0.52602709428519501 0.66098993710606813 0.17755606853298081 -0.85928605962688909 -0.087869720710771468
7 345 1 0.4922192254955316 0.22683477075664643 -0.53794237831923852 0.64566571725359567 -0.045744882217021512 -0.30574781360576053 -0.15280717453748524
6 302 1 0.30552637121348664 0.3251703578297872 -0.64761625552758173 0.61766581616469662 0.16834570276335259 -0.04508107389506464 0.11744022027833367
5 258 1 0.22792616762121279 0.36244223990750757 -0.68559932258260226 0.58876043830968516 0.56035178820684794 0.42972693357453567 -0.072961180296103295
4 215 1 0.045846617298160239 0.55409408021215023 -0.67534036612827775 0.4845546696028129 0.34234580074204229 1.1979330220271709 0.1073482569632782
3 171 1 -0.047706874379448649 0.58983401456568829 -0.71558521742143244 0.37115722545329549 0.061770537119982753 1.3228585805715392 0.43371863590487603
2 128 1 -0.017762426111365862 0.6195999972137427 -0.68600498002620547 0.38102166218026728 -0.18752515832789091 1.1052444764256966 0.31830516805736192
1 84 1 0.13483083314221916 0.53336481478346842 -0.6901821878186396 0.47009697765785252 0.018811039063289649 0.64363093548490291 0.11896759737747929
0 41 1 0.26901353270109912 0.44850130808958599 -0.65008442544317202 0.55124271937307789 0.045501571702883228 0.25200755410029957 0.14862667919373071
