19 881 1 0.27812796088671182 0.34258533567364968 -0.62309931097179139 0.64577656648476434 -0.30885214338277195 -0.39451463478210869 -0.62991706604021569
18 839 1 0.02265523290619401 0.43599120888292769 -0.67716212022128119 0.59232581332927636 0.37178708270404515 0.25575993200537778 -0.75465402995491471
17 794 1 0.089334917668787012 0.38504462162184144 -0.70872421320234924 0.58435426024451553 0.52520972234894125 0.047238016898385991 -0.57482778552916336
16 752 1 0.34896264109371189 0.039059488263875085 -0.61603311935208827 0.70512596559678709 0.62150553734959046 -0.8514686058971167 -0.17253093235013037
15 707 1 -0.64147362581099454 0.18444179260385643 0.38840059184420506 -0.6353249505450288 -0.51534444865334295 -0.95509545706596155 0.41872116256371089
14 665 1 -0.51568313711581848 0.068878829483598858 0.50464820558698442 -0.68895340738049493 -0.47217230742448929 -0.94470008015621909 -0.006264415456771315
13 620 1 0.34578204295499143 0.097516784541658408 -0.49884362890177431 0.7887206662733246 -0.37920494085950901 -0.68326685071845361 -0.42203787713789637
12 578 1 0.3406189463721232 0.20772286160757381 -0.57207265763809501 0.71663297476518106 -0.47756873880043765 -0.54060678035311616 -0.53619098564037182
11 533 1 0.058144875173702752 0.48610888850390882 -0.70722048823432626 0.51005539211945417 -0.52144210329017504 0.17949274593031181 -0.82850762612922457
10 491 1 -0.14092342043553477 0.59735453018570284 -0.72279656979045781 0.31760553134118386 -0.88080499470873763 0.71237077533205095 -0.47858956991419321
9 446 1 0.023609058199749667 0.64501835805016194 -0.73074639522628315 0.22226928715633804 -1.1404420013133489 0.86536856583327482 -0.33419373154425114
8 404 1 0.048589160452455697 0.66926070249622727 -0.72086587210207997 0.17344047975974242 -0.97696739682186373 0.94372159278695023 -0.08865123720968246
7 359 1 0.0020125203652321334 0.67698744216186635 -0.70349830615249875 0.21627317484486727 -0.39395265094106757 0.90280623520485448 0.094613411020630062
6 317 1 -0.13115023942780837 0.66997964081317396 -0.70115227481386955 0.20569974019724757 -0.010389274171081814 1.043990553625425 0.37222572394352343
5 272 1 -0.4886541589098104 0.62165382557998528 -0.54962956616697267 0.26957554436005587 -0.48743643896211813 1.0404877281125284 0.45508968169298231
4 230 1 -0.3880553050412498 0.68097351251758431 -0.5852418471702866 0.20779830557422022 -0.2610709382870291 0.87415648387887379 0.32045503561963923
3 185 1 -0.072550866284249366 0.50355895941804996 -0.73939765647053624 0.44097148637649419 0.1831857142856706 0.28124330962381722 -0.096570771477578699
2 143 1 0.22303362348104541 0.35626754618575313 -0.703818000115224 0.57268635486233133 0.23223019237353557 -0.36125264651636241 -0.21836958516781815
1 98 1 0.36090216432447902 0.33897679672780984 -0.61671378954620448 0.61197096405762563 -0.25478303401764013 -0.42173445453816077 -0.25925557716614872
0 56 1 0.33938724141113308 0.41725190774146459 -0.60358245796168175 0.5885621142193781 -0.1954253009281571 -0.097345847012082626 -0.10866843009869481
