19 867 1 -0.2669052073078742 0.72642213987046633 -0.58838030437572586 0.23426716039744416 -0.55613580686727571 0.90133042284669518 0.31156666925262011
18 824 1 -0.23731936348804841 0.66849210594407782 -0.63313403572683302 0.30974040228606403 -0.42442704441784601 0.87434333670101383 0.15197978639712934
17 780 1 0.03077537912063287 0.60158956801042962 -0.6657805734525527 0.44031703999981214 -0.089506000054596788 0.63073335263168029 -0.17429516005998039
15 693 1 0.28361645829553273 0.54631370918105648 -0.67400547698925728 0.40843561638674214 -0.43015180073270198 0.42641110926581494 -0.57135702658173371
14 650 1 0.21923396983618201 0.39614838694913979 -0.7553483967707596 0.47376336021615878 -0.14321504816036185 0.17788444765218867 -0.59509590909956078
13 606 1 0.34019458293052079 0.29821702149352963 -0.6760432829832228 0.58163539556110488 -0.37531210099245288 -0.18405315817891676 -0.53087752977731095
12 563 1 0.36916270063893131 0.35449379373363343 -0.6323627176912916 0.5815242419154949 -0.45264445203713172 0.11663777337498395 -0.4051544088859646
10 476 1 -0.030158670475861363 0.55847844967783544 -0.76852136534926441 0.31075261357271367 -0.61149502958642177 0.92755656093698924 -0.090622549179654191
9 432 1 0.060861571875128681 0.57065199016671653 -0.74558693046384605 0.33875109491949174 -0.24964327523191848 1.0028387576796172 0.0078566195098773526
8 389 1 -0.040792006342507479 0.60695622960614093 -0.65768506003911664 0.44428651719604795 0.16331731721933665 0.76600152036116798 0.2338865550075189
7 345 1 0.13681522326404824 0.44660595435965872 -0.71328629923050468 0.52253934927788748 0.57607938280005566 0.22408659193744535 0.34865123906112161
6 302 1 0.20234218799060899 0.34713241381905918 -0.7400894512525984 0.53928130913277006 0.53203081900008431 -0.014886177109637102 0.083792574117050739
5 258 1 0.059169185991661155 0.44667268346908379 -0.73299655612033476 0.50960628919523832 0.41613790234211856 0.45718305216268029 0.069697997959831504
4 215 1 -0.10805895399541807 0.60095551827013882 -0.6652769619788953 0.42963041254340539 -0.19116222155983578 0.71403859229584044 0.072577660539474106
3 171 1 -0.076670213357114561 0.60369570884490042 -0.69674262184262281 0.3797668869370997 -0.33588220837870891 0.69597943899392689 0.030227003222323873
2 128 1 0.034452806101846069 0.55248589267446879 -0.70468746396842807 0.44383321267470427 -0.17534332518859139 0.52307491504065862 0.049956622178228757
1 84 1 0.1663443328317781 0.47056481018375651 -0.6980143711896204 0.51349221996465999 -0.027781942005235288 0.3369941243512154 0.082027746891737904
0 41 1 0.24216943518079884 0.46860116672050928 -0.65659264620692404 0.53912244264116826 0.037080426835036526 0.13966339842646749 0.076029671210114752
