19 883 1 -0.22647943048312921 0.68076219914394076 -0.66332753914285869 0.21275918687432085 -0.58500233064137208 1.0271811722361308 0.31752801609651643
18 838 1 -0.30685113755848437 0.68225597743826882 -0.61187433294314142 0.25686370182297547 -0.4844916354595058 0.88183164887299503 0.24570844042203155
17 796 1 -0.079696780859336222 0.62314951624070414 -0.66934551336686354 0.39662285267655117 -0.17101914857577161 0.70715162519825869 -0.040065585227337684
16 751 1 0.1489117798543847 0.57111907025717057 -0.69246046759351132 0.41490576066061063 -0.25337817851175748 0.65013374158102533 -0.39817710590347977
15 709 1 0.34796104789109067 0.47375648945403781 -0.69358481679637551 0.41643486856921413 -0.52314237405222075 0.46888724182997404 -0.56416100257178114
14 664 1 0.18028276981150626 0.42965539765499861 -0.78123004069930757 0.41542025189436149 -0.13137394527284912 0.40402576663925499 -0.51147912733399425
13 622 1 0.29851364313370399 0.33058793792096181 -0.6940912553870684 0.56554270339154167 -0.2798353819760197 -0.21280912422215334 -0.57257272877287102
12 577 1 0.37585919858740374 0.33457450187158111 -0.64270331093477562 0.57768695644621837 -0.44440921860114913 0.037726914174098652 -0.42914911524091798
11 535 1 0.30993709400251768 0.41780080753277826 -0.71407594223966031 0.46848375820381893 -0.49530811690363263 0.483220584028904 -0.39666979265549135
9 448 1 0.1312495213133669 0.59469441583013161 -0.71489566824019157 0.34356411114503876 -0.42160465599937041 0.98375873359299415 -0.088717588364172539
8 403 1 -0.045593793280251926 0.64470308267981957 -0.65144638024799439 0.39736224639394346 -0.082955189050831921 0.85382069220679457 0.14903707194313245
7 361 1 0.059677979701080304 0.50299111949935515 -0.71664599208494772 0.47943403557962389 0.51034983027664949 0.41683373940236812 0.37652216261168614
6 316 1 0.20067515034931582 0.34126762868389027 -0.7229268060993439 0.56625323192698485 0.53795932206296249 -0.0056760203416053112 0.19291956844704181
5 274 1 0.16267015792773348 0.37495555607176151 -0.75396125449615581 0.51428511295706925 0.51351136817290355 0.2257403066359096 0.017583824173000556
4 229 1 -0.060744289012690585 0.54046033639162072 -0.68215346263996413 0.48875291257250436 0.0292699736638793 0.66790571917988428 0.038172541434283926
3 187 1 -0.13288805115529281 0.61088023006420211 -0.67773584011287324 0.38709203221372795 -0.37326672570272912 0.75301183885310163 0.034379232740764272
2 142 1 -0.010689851057980367 0.54423095001645205 -0.72294428063006466 0.42549966772352094 -0.19458632890829006 0.602967385217132 0.015544553323369259
1 100 1 0.13977410180245664 0.48309829613467314 -0.71105239295771938 0.4914099421116685 -0.066901381185748662 0.41119652820708574 0.064150749253872319
0 55 1 0.21702030037807704 0.47032844531451268 -0.66307521380604184 0.54039300845580396 0.020716633418981143 0.20189812558506379 0.092780085327505285
