18 852 1 -0.36861395001092423 0.64296848937690354 -0.62560757919357046 0.24357839473419446 0.38374051588129471 -0.082902380585922336 -0.69472095946774559
17 809 1 -0.45309383082269783 0.752029481877176 -0.47759439550635785 0.032576559653766463 0.39157345435079965 0.40725967688862924 -0.58800610339663117
16 765 1 -0.22488953982614385 0.62071316819361 -0.63231671118826738 0.40535840247846078 0.89312077643613264 -0.41702003875788252 -0.29477034497257854
15 722 1 0.18493044662501501 0.2359313179353173 -0.74760400711045805 0.59264271840693616 -0.40427312497921503 -0.98228487995033886 0.42507525928575929
14 678 1 0.057407564956350944 0.37959861796076111 -0.70260662655967776 0.59912702246058969 -0.33625700500896222 -0.91434080496087655 0.17386009562187849
13 635 1 0.091304218901416712 0.56585052433757099 -0.63950340643143166 0.51235936302588769 -0.46118963265978719 -0.73723958483181207 -0.1753963997355126
12 593 1 -0.082842969112390225 0.64982507032472736 -0.6355971093524283 0.40851038546032598 -0.39553786834681759 -0.55929116000201184 -0.42709189847674933
11 548 1 -0.3459340853628155 0.69551201766169657 -0.5953034430821218 0.20544209044623521 -0.38228258827307593 -0.061351462752117808 -0.78623071580581827
10 504 1 -0.55311129549460392 0.66176898223150304 -0.4956887854924566 -0.10208984714248048 -0.69415923611087382 0.63861397503904205 -0.49629589774910576
9 461 1 -0.51766486768218423 0.61529777480001857 -0.52992716403628193 -0.26946044962145405 -0.97513320696196981 0.80931365360733953 -0.25416364127795754
8 417 1 -0.44157422292669823 0.59365953736333732 -0.5841176123207219 -0.33374717125538256 -0.91475879722484454 0.98065196057357795 -0.018175984899948393
7 374 1 -0.48630472260685037 0.65962904539854228 -0.51835559380966667 -0.24434548819880023 -0.4695372098556343 0.90658241238181858 -0.035315747317955205
6 330 1 -0.54145800257154775 0.60814688141135465 -0.48254520003522738 -0.32269293764170937 0.013564915561195443 0.92877728647504265 0.43437726670178295
5 287 1 -0.72970740326844019 0.56410335794965583 -0.1674634179051612 -0.34823915751775208 -0.35336377635812982 0.91917058062704682 0.84339546714331604
4 243 1 -0.72039100513911569 0.62934378250511047 0.0039844318082576198 -0.29145724804845746 -0.56025650871999688 0.82573519277447516 0.47562638694589643
3 200 1 -0.58966911796300425 0.67174964330198672 -0.42409340806582008 -0.14555936685594698 0.13656927648373571 0.60099644618885906 0.014985616805038323
2 156 1 -0.36944836836060824 0.64315310120955504 -0.6533065988931922 0.15183042963393731 0.32316651523645856 -0.18268101323656347 -0.14461895026844906
1 113 1 -0.21468077950554096 0.67007654824429352 -0.68177670689940872 0.20022513411982998 -0.066106409851751244 -0.42480345336426595 -0.28869985697549794
0 69 1 -0.15889577219770171 0.6924870897949198 -0.67512438831282062 0.19854678126401026 -0.19301279142375691 -0.062580618050712591 -0.16453384822491304
