108 1694 1 0.10998829790266322 0.70516944585036823 -0.66560664868649189 0.21818894607174089 0.95740181430840621 -1.7134957467151259 0.33719064109733948
107 1679 1 0.045203197194545103 0.68520867016916798 -0.69444590819204388 0.21492005463362279 0.74429661828205906 -1.8757750101037232 0.14933512205992724
106 1664 1 0.0080191927205305723 0.66846550969231511 -0.71238695296616672 0.21352841530692226 0.5780602256061701 -1.9702944330541259 -0.0057916162362389055
105 1649 1 0.029705958536684691 0.6743852824012182 -0.70684933193519373 0.21139079651398307 0.49812598191561142 -2.0075645126871082 -0.027315250147657719
104 1634 1 0.043037675433129467 0.65836441452381433 -0.72208187637183818 0.2080908935954528 0.27858533676100239 -2.0377005966420998 -0.078684936479029619
103 1619 1 0.018676586572753631 0.65073320784540911 -0.73893219309764091 0.173714395848832 0.098961745525334294 -2.0833225744319219 -0.31584529680102358
102 1604 1 -0.017110544838594494 0.63956477081628327 -0.74801590389281525 0.1764549254326902 -0.060245831685718197 -2.1096261330130512 -0.46289393784664601
101 1589 1 -0.025234485102788647 0.6575629367071687 -0.7302703785783381 0.18351942458958481 -0.11134972561195489 -2.1774633239247336 -0.47911707883053634
100 1574 1 -0.050313910166320579 0.65640703248684029 -0.72430370121642995 0.20489623361540032 -0.27674389130343896 -2.1861476832669284 -0.5654813951867862
99 1559 1 -0.075073715938583196 0.67527713304124648 -0.70275355183480659 0.21095538900518987 -0.29725038623722927 -2.2257881176180785 -0.65523920234553823
98 1544 1 -0.069873860773275134 0.67281273840758538 -0.69865549286757023 0.23306901317656056 -0.37021790015845085 -2.1805259044192549 -0.61160354802777706
97 1529 1 -0.076333581826698707 0.67438923645856641 -0.69414381595192176 0.23986809877522886 -0.33522055208337448 -2.1851657221730871 -0.61444505864040788
96 1514 1 -0.086582239501178382 0.68900898842275327 -0.68246421604531571 0.22806298141800083 -0.17233665743932783 -2.2247748436481678 -0.62748319147048981
95 1499 1 -0.050961265021079102 0.69889346714530165 -0.68116634515652685 0.21204546982939582 -0.026315844027807237 -2.2632134440642795 -0.45452937124505777
94 1484 1 -0.023313218609283502 0.65896588102331055 -0.72215763410772305 0.20906652765372097 -0.19739898660316571 -2.2236835715001426 -0.3625924145848109
93 1469 1 -0.018860378158165939 0.65774768403391715 -0.72882854820896781 0.18926494022760157 -0.18366419832390662 -2.2054434926310686 -0.4027601016360427
92 1454 1 -0.019706996419562299 0.65473254545635184 -0.71968897237699281 0.2301840812291617 -0.095956528482154843 -2.2065712627134828 -0.26783218277711995
91 1439 1 -0.0040732804384172403 0.63220354641851673 -0.74218961954056939 0.22238851797821141 -0.17745622163236019 -2.1173514881986488 -0.25202686991201245
90 1424 1 -0.011567661401822244 0.6346365350880494 -0.74771594324168356 0.19499621986932666 -0.082978668276435158 -2.0435241226490626 -0.3614225310594058
89 1409 1 -0.063420985890712919 0.63468844500815491 -0.7589977652556027 0.13065507513595631 0.031313727167369056 -1.9303750779054547 -0.6859307795887678
88 1394 1 -0.065717149739165218 0.65859059267119735 -0.74346322482881089 0.095927685275451618 0.22624271449810199 -1.8617013937848514 -0.70511983600394956
87 1379 1 -0.029245487584956664 0.66834123530756473 -0.73888113223836438 0.080742597590298157 0.35645699894007377 -1.8132698027883853 -0.55268709843563069
86 1364 1 -0.0011624158907284517 0.66760022349722037 -0.7418576396002976 0.06289541272964258 0.46450764685356322 -1.7519135329980429 -0.45677160365198571
85 1349 1 0.046113006355865474 0.67110703147960804 -0.73846851292083937 0.046402568548908847 0.62927648800273783 -1.6637073136443117 -0.32765362270037213
84 1334 1 0.091794254201304284 0.66247754550911253 -0.742741320555795 0.032134830494041589 0.73412994057162329 -1.5474877790389077 -0.22397496741394943
83 1319 1 0.10500091789558352 0.65988387924612601 -0.74200160249016478 0.054421457663272242 0.76107422043186967 -1.4566122882633621 -0.14285319440782465
82 1304 1 0.10145749023562194 0.64355658158891627 -0.75165197402508432 0.1027648476516692 0.64657017991348875 -1.3748313496593809 -0.053389155743789773
81 1289 1 0.10811900342503634 0.63205717992949073 -0.75302115614836729 0.14755724580966223 0.51548388203267004 -1.2898361131824876 0.013041366873117998
80 1274 1 0.10658043831521601 0.62527331665295249 -0.74862260409220838 0.19297172407519519 0.37719517719676127 -1.2511285514869763 0.073181075771044532
79 1259 1 0.082256931822055512 0.62161659577552608 -0.74562807074963477 0.22553355655832028 0.23927857459700486 -1.3080445744153504 0.060600919791083598
78 1244 1 0.046027832274164876 0.6235725309641994 -0.7484942265512462 0.2208961975736487 0.13541515288726655 -1.42422164873298 -0.062318297209550164
77 1229 1 0.044950379696521076 0.63389845655909904 -0.74508158647369227 0.20249849292026159 -0.03300833939816239 -1.5221273491019709 -0.1237582853570947
76 1214 1 0.0070290776653218591 0.64345089558569379 -0.74047860342572147 0.19394064789475382 -0.2463610605978801 -1.6074727596424838 -0.22099791725075837
75 1199 1 -0.037475274292512753 0.62606133932762265 -0.75303460339465911 0.1989514747526466 -0.50295363956996331 -1.5972455211352701 -0.31144916168122672
74 1184 1 -0.057238069937820595 0.62845659392436648 -0.75216424771498802 0.18977633509508834 -0.54712764717540263 -1.4620743253867909 -0.3630064314597431
73 1169 1 -0.084459269591887848 0.64166962996683863 -0.72374193297878353 0.23942500330240954 -0.43991944234194597 -1.4350287407258853 -0.3877288904856524
72 1154 1 -0.012750198793167338 0.6076222312162558 -0.74919083091613803 0.26333582254167648 -0.5858362011252386 -1.3148593011581862 -0.22513896917708917
71 1139 1 0.053120646350871027 0.5783013475794565 -0.76354226593092467 0.28239857729124629 -0.67648847920751554 -1.2238883626216557 -0.078578796203200449
70 1124 1 0.060653631775313126 0.58019235278144488 -0.75955080870825731 0.28771607483251443 -0.55848635814054082 -1.225597534921737 -0.040354776132421583
69 1109 1 0.045864830021142111 0.59860553928288684 -0.7551363545275761 0.26331903041325955 -0.36713283763443011 -1.2611099916966073 -0.11642273424083194
68 1094 1 0.0017223669439786697 0.60793404442902244 -0.75857573520232979 0.2344697955782904 -0.16265514974163339 -1.271476932694086 -0.29095211530570336
67 1079 1 -0.050073316335403857 0.59743788051172086 -0.7753186752309158 0.19859907794100054 -0.01435939100619475 -1.26343777819819 -0.51950567076721565
66 1064 1 -0.057084180001034074 0.57598866725324571 -0.79740339502711077 0.17066422351704583 0.083321014948622915 -1.2521158049963361 -0.59748769705530258
65 1049 1 -0.042124467086735978 0.61240322077431675 -0.77824613348650018 0.1323660839158384 0.2666545093522435 -1.1952844043463049 -0.45856374653096788
64 1034 1 -0.092173569451498405 0.63736004758767184 -0.76032478150226201 0.084749215141780493 0.41424575944160247 -1.1194769764740635 -0.41034184154690662
63 1019 1 -0.10250755890520474 0.64638205163406437 -0.75365812162798984 0.060678492044575455 0.48752095446607585 -1.0852451539017238 -0.33614232488843826
62 1004 1 -0.11485166294322102 0.64326352907357554 -0.75592465798283226 0.039987987402772367 0.53424921372489032 -0.99790427206809362 -0.33189339997729461
61 989 1 -0.090277694214348114 0.65373799587230952 -0.75071310608957342 0.030106527955616792 0.59116257029322272 -0.91330245015036027 -0.29865462157983774
60 974 1 -0.084045709550440675 0.65348945433818006 -0.7522015803643296 0.0089796588106714082 0.63489283557246612 -0.81434474446825167 -0.31239040492328135
59 959 1 -0.068532146891797471 0.67846422404834894 -0.7311053295293235 -0.021786203494241325 0.72942208714678736 -0.66489312109397269 -0.34267588213142541
58 944 1 -0.088664622654085992 0.69140771223492126 -0.71327911464366855 -0.072985373636269085 0.79168266677333632 -0.5649242901983933 -0.43524067477434913
57 929 1 -0.13013999436311938 0.70762767033214591 -0.68317139137148075 -0.12491401866492907 0.87006055654933767 -0.50168262399961505 -0.5185865608105148
56 914 1 -0.18232137666349948 0.69894374999586117 -0.6654005814638434 -0.18835768139587106 0.89052971852331442 -0.51812712696130192 -0.64961560718880318
55 899 1 -0.22876386393144585 0.69035615017989582 -0.64353432993780313 -0.23861904085686503 0.90621188344069592 -0.54306967309253218 -0.79759650273495142
54 884 1 -0.26028073723065032 0.69715003916621621 -0.61187335996145242 -0.26804244456185711 0.92690297406664945 -0.54303768168221644 -0.9326114094227238
53 869 1 -0.31384901928411812 0.70161458213147032 -0.58609491901892719 -0.25637573429456467 0.91773097233107792 -0.56510239976472876 -1.0422560333579882
52 854 1 -0.31973483868146496 0.71855370745856384 -0.57744892374623058 -0.21909573910784044 0.91846927555805769 -0.68104318781767481 -1.0552518046914297
51 839 1 -0.29792888060585615 0.74764231297601225 -0.56533578302202458 -0.18073407643190786 0.96630832242876519 -0.83919802758635287 -1.0055678439067495
50 824 1 -0.28268352217122772 0.72466126774673845 -0.61903387466187776 -0.1084118782314037 0.77792752908321672 -1.1552882965531981 -0.89593006354703841
49 809 1 -0.20571257065573184 0.68002708034879056 -0.70366440667976193 -0.010095099728563414 0.31493626482648385 -1.4963719410209264 -0.54920461607568793
48 794 1 -0.18328899478572563 0.65804464607910629 -0.72932636902835279 0.038281008306734518 0.095574881230571007 -1.5803167801187694 -0.36882962221993359
47 779 1 -0.13332351563195091 0.65055158749451691 -0.74281187882080535 0.085076347304089445 -0.013616796368444114 -1.6090827134471035 -0.143573752928426
46 764 1 -0.088575699009214928 0.6358029096186848 -0.75318403266877154 0.1436064712965637 -0.17893083438156718 -1.4803123582751756 -0.015387548752335816
45 749 1 -0.099576797575961246 0.63141102275959549 -0.75331574385625699 0.1546608282031772 -0.30488940957753463 -1.4095503651490329 -0.097139908776780748
44 734 1 -0.095395206005574468 0.63312383833303698 -0.75298682870878353 0.15187098405121777 -0.36203467201634043 -1.3212660344719722 -0.10798302953557551
43 719 1 -0.084714279786870697 0.64089855166260257 -0.74539519543356048 0.16266081243352273 -0.35614566663645114 -1.2115993797545495 -0.065629187605661929
42 704 1 -0.064667372228197684 0.65531362753703903 -0.73593811316306634 0.15740798622475113 -0.31626165500902204 -1.1184398971173903 -0.0090870040346328323
41 689 1 -0.082797972582892065 0.673401992861554 -0.71998467573486058 0.14593258187676209 -0.23083008715094935 -1.0437811692604704 -0.055651812179721157
40 674 1 -0.078959432714749395 0.68137796868888301 -0.71374495159672624 0.14162491250116885 -0.19596673469292869 -0.94616548938304379 -0.020921084068134765
39 659 1 -0.069647573296074447 0.68281305490910915 -0.71629897391913644 0.1258226034623747 -0.18434730557732565 -0.82292673375712144 0.016092559858895513
38 644 1 -0.060369032535415867 0.68753258910262993 -0.71330006430389825 0.12189149722858406 -0.15990522869500551 -0.70363206956852598 0.052150117660336587
37 629 1 -0.04620771886999131 0.68835833987457562 -0.71325254190309328 0.12368691972365857 -0.13479932259912608 -0.58060721088732659 0.085619143325312314
36 614 1 -0.011147884539901955 0.68719538521900014 -0.71241028721386834 0.14180906133194915 -0.082750609903051942 -0.44581433808753768 0.1359089834897324
35 599 1 0.02538644673657782 0.67894508791884733 -0.71980760467048699 0.14235908180195497 -0.0063244798174932884 -0.3148967552246742 0.16317107748342255
34 584 1 0.04116746324200516 0.68195396858568202 -0.71910428614975452 0.12701594522542645 0.10934412020643655 -0.2271757943268434 0.15782385184392853
33 569 1 0.047303037082099368 0.68878510573627783 -0.71398855955853358 0.1164381278542584 0.23923705408304741 -0.16443165376170546 0.1682775351015012
32 554 1 0.023271687092695319 0.69210501628460641 -0.71459407200497727 0.09901710594079316 0.33924902306468874 -0.1038649905924868 0.15934278974514138
31 539 1 -0.023071628880170596 0.69469339461641466 -0.71344461160658068 0.088688069020999613 0.43165216878435525 -0.045789943840871594 0.17545067093451655
30 524 1 -0.076259428365134704 0.70577062584005745 -0.70003988596039313 0.077565980631430387 0.50548863620746942 0.020820186832964813 0.20616128981274082
29 509 1 -0.11312734643542315 0.71563164167206494 -0.68653777279096451 0.061150989014464564 0.585979892133769 0.12343853766001722 0.25006096248504994
28 494 1 -0.14572308772335865 0.72133453771609612 -0.67509983672137397 0.051782978487624795 0.66507300622337195 0.2564762939106332 0.34431734169671219
27 479 1 -0.18047514435109396 0.73262707793171411 -0.65511454276681902 0.038874449296578184 0.69856055553160346 0.38541663189489034 0.45563348288825767
26 464 1 -0.22434192038443429 0.77544315884659376 -0.59000919711531219 0.015740313706649606 0.69740904383161939 0.58651022170221123 0.55884122883674925
25 449 1 -0.24249526063578875 0.82970095104008523 -0.50018260499363132 -0.051085634714111983 0.68387261295223167 0.85687016755667855 0.63514334323746657
24 434 1 -0.2820110104533794 0.86081552962032326 -0.41905017785090048 -0.062155952174147912 0.49962595357454115 1.0662512682945553 0.79212320795103486
23 419 1 -0.30744763569596423 0.87210025300484928 -0.37060892678063934 -0.086983466269990053 0.33547794125045277 1.190920399770977 0.90197632293006225
22 404 1 -0.32529228441529301 0.8694567793136484 -0.3503888560107557 -0.12432814721088779 0.26443038942413383 1.2395637188577018 0.98362340499796042
21 389 1 -0.33199971654782795 0.86374096498673181 -0.35941850682530579 -0.120607091696212 0.22747246590767445 1.2763539146943506 1.0138021901188063
20 374 1 -0.31155334564937431 0.85647001618404683 -0.39989482491211453 -0.097353752885491196 0.28388997621680162 1.3599713774005124 0.96609661711960093
19 359 1 -0.30015287435587223 0.82313945925916043 -0.47578527117313413 -0.077317904531567949 0.51098221389045662 1.3398624360677607 0.9005574574114017
18 344 1 -0.29057085531500282 0.79906609065164003 -0.52337659206921971 -0.056025919771320862 0.64693179864613637 1.2482901115787919 0.79713813359200436
17 329 1 -0.27069696410056449 0.78274298437893686 -0.55784589762284398 -0.0533341217013849 0.7150944936296092 1.1462098573481834 0.69002606659499133
16 314 1 -0.27164963290428756 0.76492339174445034 -0.58113152692029046 -0.058179292917875942 0.75272294370308335 1.0034237104522283 0.64769302822046082
15 299 1 -0.27349115741616703 0.74723337099244913 -0.60220514657127355 -0.064759845070059288 0.73225304558276694 0.84045182015981623 0.60384724948517043
14 284 1 -0.26562481191593429 0.75011065267429289 -0.60430427981576751 -0.039922492851988567 0.65792210563833842 0.72445740968896721 0.53519591997500182
13 269 1 -0.25485830879517596 0.75359716138259747 -0.60239494879229227 -0.065260144527002101 0.63613883676997007 0.62569937814576781 0.45586835297562028
12 254 1 -0.25005938689571205 0.75222786759645111 -0.60803729903518255 -0.043751356763383598 0.56771405077468706 0.55449576569622583 0.40079152507391935
11 239 1 -0.25273145907819117 0.75369539258365703 -0.60649307272719499 -0.01536936967806652 0.47178081054371124 0.5014293975013866 0.3562506249805622
10 224 1 -0.25243489662816665 0.75158843349758875 -0.60913062159240661 -0.018743943966398023 0.42518099875958326 0.43366209339071776 0.33728629215916384
9 209 1 -0.24777036679515718 0.74748862416587369 -0.6162751140298004 -0.008694015663629354 0.3662265133625579 0.39658541287411686 0.30589324961114422
8 194 1 -0.25839846161776137 0.74962113447733969 -0.6090626158922775 -0.018469426112807091 0.30231256930095046 0.34423471715872661 0.2600008694942233
7 179 1 -0.26098756228277664 0.74821868509853917 -0.60965960020937227 -0.019221432715984373 0.24670816236480703 0.303613032866202 0.21022486474860166
6 164 1 -0.25259996678386498 0.74189229798767897 -0.62111409026214914 0.0025222698456062571 0.19015207333652898 0.2483450107227875 0.16143436974257572
5 149 1 -0.23348425125764985 0.73806562713636148 -0.63288597511347511 0.014127170952829808 0.15039899161847667 0.17529871011097584 0.11313910740384911
4 134 1 -0.24767607362242661 0.72762428102858179 -0.63967981094625892 -0.0054044130463639112 0.12446250670850459 0.11067025995961763 0.058510815130452747
3 119 1 -0.24759612681839857 0.72997106705632053 -0.63704436361775363 -0.0035885969454632983 0.11146309427718271 0.054410540621139709 -0.0038046606469930395
2 104 1 -0.21546192230225117 0.72509063051849221 -0.65329756517051862 0.031969186952220251 0.084213176626471486 0.035389501275392164 -0.020175539097352164
1 89 1 -0.19147128443627018 0.71838096351127645 -0.66437673374687867 0.076623065435707988 0.028785751400798754 0.026335619172108429 -0.0084619473695504745
0 74 1 -0.17322959464770427 0.70958973751642451 -0.67564255752272473 0.099905187121167985 -0.016503913686048963 0.016897417554702275 -0.0051480556214110375
