19 867 1 -0.26836891210873975 0.72586201171793963 -0.58948756579439177 0.23153158905894405 -0.55029437376767976 0.89447854296471174 0.31283527404113115
18 824 1 -0.23867861547473404 0.66789112787232652 -0.63429004809674516 0.30762004926520081 -0.41931518000239698 0.86764174700854069 0.15403391181721521
17 780 1 0.029517125960555914 0.60098265598096079 -0.66736650305466938 0.43882859647666633 -0.086999080201543996 0.62749067015623361 -0.17029462029131631
15 693 1 0.29544059454156391 0.53716003200312856 -0.67295395605239072 0.41389241132057769 -0.44531897430561951 0.39806631585370605 -0.59737152010076822
14 650 1 0.21834574996749617 0.39671842921460065 -0.75605806669771281 0.47256303407476596 -0.14188933295249509 0.17775528574235772 -0.58581802409369277
13 606 1 0.33815591319394928 0.29857498373197983 -0.67768733394721081 0.58072664384281147 -0.3678716665299232 -0.17816969942491154 -0.52469960876912658
12 563 1 0.36703183594887767 0.35374740870596244 -0.63488041193593714 0.58058355537671558 -0.44275501999761513 0.12021269981158068 -0.40196078426584858
10 476 1 -0.031374862265143591 0.56001357487253689 -0.7674304379172936 0.31056551150183381 -0.5965362807337149 0.91166941655371392 -0.069795613955291977
9 432 1 0.059029856552375699 0.56968397045811692 -0.74711406312787532 0.3373369628650828 -0.24370980311716436 0.9951422130714157 0.010111326321783213
8 389 1 -0.042593664523602873 0.60637044606941404 -0.65917487670284847 0.44270661142546208 0.16322321081314359 0.7617157233013776 0.23362647552717905
7 345 1 0.13450856632995323 0.44646293776390095 -0.71481057217960497 0.52117572534352874 0.57215575897121862 0.22618503769111717 0.34565570363361309
6 302 1 0.19998790470302083 0.34688075858340983 -0.74156063051467247 0.53829955282145192 0.52964011447343606 -0.010642932124625111 0.084272350835920565
5 258 1 0.056969689957256701 0.44618891113835113 -0.73430935009351994 0.50838930788184267 0.41419186605769109 0.45599473452916406 0.070910227593132716
4 215 1 -0.10979129762133547 0.60049760885941816 -0.666582332037023 0.42780426287828011 -0.18805617876202435 0.71004364687948229 0.074779227894631969
3 171 1 -0.078370428181319327 0.60303292092165628 -0.69810992311515774 0.37795754724508507 -0.33052070393605215 0.69202654828418464 0.032991030024251286
2 128 1 0.032567099727812687 0.55190281712141698 -0.70618126182984786 0.44232419096084541 -0.17106799275833373 0.52138386629415312 0.051622407493492291
1 84 1 0.16447483055660378 0.4702487683219454 -0.69933431746321029 0.51258720079937192 -0.0246044027011862 0.33643242209503199 0.082437491572806595
0 41 1 0.24089695652742785 0.46887397342794163 -0.65789275516590706 0.53786892090724903 0.037674047388901045 0.14152234119208393 0.076259239358408407
