18 853 1 0.1717999233485924 0.29601094859796961 -0.73258880777728408 0.58836718413504818 0.28738495331241254 -0.12755130063641046 -0.78617657393275808
17 811 1 -0.014277109403160062 0.54083110805528356 -0.66823653184280551 0.51064450865301936 0.32664316730712367 0.42907131102890983 -0.68923073364558818
16 766 1 0.25066037360267174 0.19762322672244056 -0.63148563205852271 0.70664017283821889 0.82553466729132319 -0.45308933529786838 -0.35135430422338043
15 724 1 -0.64552159651022267 0.21832547584527012 0.41995689718241069 -0.59939307598999825 -0.46636123703190197 -0.99209923553445134 0.40728277167679489
14 679 1 -0.51438972219250101 0.13393976070305569 0.49024056909429164 -0.69074419188266445 -0.43473301732285868 -0.93915717588031111 0.14704344235713779
13 637 1 0.50822134521652806 0.086505993304347634 -0.42679657346009603 0.74301578870939999 -0.60551731438010192 -0.78311208748637839 -0.18822510782760765
12 592 1 0.36978589428249536 0.19382373805695957 -0.53128028535688099 0.73717841079784308 -0.4964611476741686 -0.62449311253052275 -0.45530374585006828
11 550 1 0.18056324832970161 0.36565085567667549 -0.6732716234794206 0.61676712470180095 -0.49810345663930239 -0.12944864003059017 -0.81935338957894499
10 505 1 -0.058512754016672885 0.54346066454512942 -0.75272804402556714 0.36691586971265583 -0.74624133838542617 0.6263968659565563 -0.57778435759835911
9 463 1 -0.020267369958408277 0.630744582992527 -0.74413236362187618 0.2191290262632325 -1.0638103333754378 0.77360023772683828 -0.33038779143016295
8 418 1 0.070257132019556454 0.65385254359065659 -0.73889087007363741 0.14690496507006887 -1.0008703495002211 0.99745794566900292 -0.056977853717089265
7 376 1 -0.0078680862413957834 0.64040852001326831 -0.72183299703500847 0.2622444377003465 -0.55181928599003149 0.91461550306108974 -0.10662224129515285
6 331 1 -0.067269027962679154 0.65679779437670249 -0.73585632996001171 0.15035623311535037 -0.050666009032390429 0.91116575787584464 0.41613481215925685
5 289 1 -0.40109833092484554 0.66255268782064425 -0.62340822981409783 0.10726716082285385 -0.39697492815696372 0.93149253854576142 0.79442663306621963
4 244 1 -0.51808760624843742 0.66917177592331012 -0.49029055552207462 0.20834955657563262 -0.57799471090551691 0.84994980305517065 0.3903642499178841
3 202 1 -0.15330467415422599 0.59943880971896157 -0.71544766559711981 0.32450797844862478 0.084131407593165675 0.6260432764329894 -0.036677423025670945
2 157 1 0.1667780144484759 0.37223739604494344 -0.73982290659762362 0.5350574564995314 0.25742725600561844 -0.20650521399993063 -0.19278945928235661
1 115 1 0.29794256945098579 0.34390762557425331 -0.66769740511126263 0.58918413555399651 -0.12376726819194178 -0.45833226633545171 -0.32313562085631758
0 70 1 0.34026774560611961 0.36540898828218826 -0.61398361465227247 0.61132499827934939 -0.28048233156298291 -0.11259071267604784 -0.18790784176400069
