18 853 1 0.17095542879503575 0.29743210775257639 -0.73302343026821104 0.58735426560227721 0.28645896619204009 -0.12525964820714661 -0.78828006481739243
17 811 1 -0.014646636538897825 0.54099139247880368 -0.66911309596866764 0.50931469064338519 0.32663535892197337 0.4316419921535084 -0.68603791229687161
16 766 1 0.25107084476665831 0.19802057108631826 -0.63145661313259038 0.70640910955757297 0.82175850115139504 -0.45522159490377512 -0.35476992910026039
15 724 1 -0.64479932956419916 0.21868058997538881 0.42097529148733287 -0.59932664559381177 -0.4654886022714802 -0.99169861502932877 0.40256412471591002
14 679 1 -0.51350672200844372 0.13440067170821815 0.49142487784682831 -0.69047005389788818 -0.43187731103769528 -0.93891833462237817 0.14313463061340229
13 637 1 0.51209687790607439 0.083251310242705809 -0.42927830008954521 0.73928759495473362 -0.60701203287052075 -0.7824450957786161 -0.18800847502199472
12 592 1 0.37112935206774877 0.19583306766988856 -0.53147985764995542 0.73582713632561614 -0.50242927009513605 -0.62137241158152223 -0.45316482646292783
11 550 1 0.18144679360808014 0.36740455311366388 -0.67349188271960825 0.6152232435071785 -0.5037397220472255 -0.1268317124202912 -0.81669103219062145
10 505 1 -0.058882502522731757 0.54517241936743277 -0.75212230272323011 0.36555700759803011 -0.75053510653887912 0.62628440729299706 -0.57499140927531811
9 463 1 -0.02070478855071721 0.63188496909562819 -0.74335440063069269 0.21844205782099485 -1.0655603485973923 0.77129341107373239 -0.32832242859381067
8 418 1 0.070283599947820852 0.65501410243285385 -0.73795778725749417 0.14640712215763502 -1.0023714202832135 0.99425335205102272 -0.054091945880375539
7 376 1 -0.0068846217362360127 0.64174082359462004 -0.72108632335142075 0.26106671865861786 -0.56002231497273547 0.91234846776871237 -0.10494723825627415
6 331 1 -0.067832364489575261 0.65734038721858801 -0.73549527602283593 0.14949610231428354 -0.052299862260599794 0.91079570571310176 0.41722737180124042
5 289 1 -0.40191914541977913 0.66290782858052932 -0.62254734051052607 0.10700009427544085 -0.3973800519204041 0.93113774156186047 0.7971188298727101
4 244 1 -0.51869372001576775 0.66973595792883656 -0.48913946907552242 0.20773336579823723 -0.57924565420734486 0.84954143562696516 0.39097769497350721
3 202 1 -0.15443322665785977 0.60011513657641491 -0.71507119560012788 0.3235512116789499 0.083568687436266012 0.62784607154203143 -0.035376091848016523
2 157 1 0.1669396860047265 0.3731518044376515 -0.73951834392383731 0.53479107236537982 0.25509513957956143 -0.20755453878648958 -0.19288163520512175
1 115 1 0.29826673631045075 0.34451032092900652 -0.66772481129896832 0.5886367038843755 -0.12553506765090569 -0.45836505802071215 -0.32240710194954736
0 70 1 0.33973736882659666 0.36645004158402034 -0.61410419942869132 0.61087553518691262 -0.28045792070654624 -0.11229796484358105 -0.18739460799522734
