19 883 1 -0.22864691455388025 0.68106343321532514 -0.66363944848484657 0.20846071768242944 -0.58678603852750433 1.026954969205442 0.32744962144098544
18 838 1 -0.30932145299729191 0.68288993683690857 -0.61126099657533783 0.25365639544125856 -0.48764505271735958 0.88067316816820895 0.25358726918044783
17 796 1 -0.079887012655827774 0.62335815821068241 -0.66902141813404481 0.39680349529587688 -0.16967355775803225 0.70423505075649739 -0.039212305198873948
16 751 1 0.15639918645697046 0.56973525451297624 -0.69294518769635383 0.41324085118620241 -0.25352696495371602 0.64545852460894415 -0.39329768806511239
15 709 1 0.34858690246780594 0.47365121864377763 -0.6923339147394546 0.4181093696710303 -0.52114940201595072 0.46214348702612684 -0.56379637829641582
14 664 1 0.18026764508484336 0.42943360519626933 -0.78138748238702327 0.41536003326339577 -0.12974323924745806 0.40277614365547371 -0.50900622161252596
13 622 1 0.29854477193352374 0.33079869312474419 -0.69397512406992978 0.56554555161387954 -0.27838603905586418 -0.21219219592006169 -0.56965310916806844
12 577 1 0.37628737785618888 0.33557954064923445 -0.64254696375782749 0.57699876995480648 -0.44427865599219635 0.038723329987736033 -0.42585301248848589
11 535 1 0.31018471034628253 0.41793484645952611 -0.71295348070870435 0.46990769724232911 -0.49351043621382523 0.47708130502105417 -0.39589751031061804
9 448 1 0.13178518983444193 0.59452412955470779 -0.71470329603243943 0.34405366116041314 -0.42241865350574775 0.98146967997662149 -0.088913336680852592
8 403 1 -0.045832423591626245 0.64508499072083714 -0.65107408973812675 0.39732514816719683 -0.082329097351522662 0.8506204622469361 0.14939305426420774
7 361 1 0.059485919784352907 0.50329994505949049 -0.71651369237193563 0.47933153379895482 0.50886071646063857 0.41536549278635926 0.37550268570580114
6 316 1 0.20042430591768151 0.34158859856803719 -0.72313612408642192 0.56588114738609818 0.53656478400949204 -0.0047492689136200824 0.19268421621612156
5 274 1 0.16257333833600679 0.37512968546885123 -0.75382116215885497 0.51439409427383642 0.51234730329707445 0.22450541384379852 0.018197836579748258
4 229 1 -0.060681830208135848 0.54062786818417086 -0.68191497431398029 0.48890816257411124 0.029587629084328906 0.66490968201935041 0.038848844686727939
3 187 1 -0.13258184703910109 0.61122572847360379 -0.67737962927383599 0.3872750967109212 -0.37203738251340995 0.74916516068594141 0.034931411445088295
2 142 1 -0.010354577712243974 0.54459616145777345 -0.72267854898730011 0.42549208979659137 -0.1943262735646592 0.59992192445160009 0.016366285257092515
1 100 1 0.14002662772371774 0.48333797493881347 -0.71081528432562757 0.49144539582688912 -0.066657229692900638 0.40918832320534332 0.06519069836995782
0 55 1 0.21761999208229399 0.47085869008434478 -0.66283955653109805 0.53997903229274991 0.019372453097235641 0.20111800306488467 0.093941597063311053
