19 881 1 -0.22758577679395831 0.69021149185818009 -0.65155410955240922 0.21746276240626364 -0.59609632097188059 1.0082377985398798 0.30792266281017727
18 839 1 -0.31088511662707824 0.68653542747967689 -0.60609849144679606 0.25429150544401496 -0.49463693746565374 0.86944617070592201 0.24741214369860617
17 794 1 -0.069118239819971672 0.61952823437976523 -0.66469903320382229 0.41180411725525951 -0.15421434105802709 0.68716391452094794 -0.070379351925473579
16 752 1 0.13845210936204683 0.56772349389670884 -0.69210364922534751 0.42369043725327421 -0.23749378324278794 0.64767452963976779 -0.39112751485804026
15 707 1 0.34527291898534834 0.48074765270900249 -0.69173629854086605 0.413725995208306 -0.51736724406424428 0.46325123682146002 -0.56595102844135114
14 665 1 0.17587596697028479 0.43370417979922399 -0.77971996382894548 0.41593882563850409 -0.12981966914647347 0.40693737903216681 -0.50173334146489867
13 620 1 0.30645215841130324 0.32363158006972254 -0.69553293422468521 0.56354557259855065 -0.2962738102449346 -0.20892051315965135 -0.56285276157178987
12 578 1 0.37806599989498207 0.33046033389847079 -0.64350641277659659 0.57772100892949607 -0.44387944380279903 0.035619123494790496 -0.43409449746425344
11 533 1 0.29378758284688389 0.4272399893535806 -0.71593260425521643 0.46754182040378106 -0.50699896778154718 0.49580390469601815 -0.4041055827272545
10 491 1 0.087729161132389072 0.55039007801265483 -0.73208580271517176 0.39169469459658729 -0.64848158043975823 0.82620947597667871 -0.3051263923033124
9 446 1 0.11651642157462179 0.59598917361637427 -0.72345132112222743 0.3283885113733731 -0.3927128334488113 1.0000116592523098 -0.041588383245897871
8 404 1 -0.044223324743444682 0.64433337362643017 -0.65147866710311853 0.39806324558964645 -0.096224499305250497 0.85319090694490096 0.13745030917536855
7 359 1 0.066596581811399269 0.50370207790657906 -0.70998126390611149 0.48762251476517443 0.51379251253327773 0.40356471012629147 0.3756403273691778
6 317 1 0.19765010420737386 0.34445380712648876 -0.71925649072465681 0.57004921858847735 0.5343563061179466 0.0067361104285789111 0.20211511407731753
5 272 1 0.15567424887924641 0.37628327918104726 -0.75146218871334347 0.5191155950063453 0.50807096786092687 0.24799009612102274 0.021099620258400596
4 230 1 -0.05736660868130742 0.5337086177645346 -0.68376615597460955 0.49429548599595946 0.051226023060339701 0.65916615316025895 0.038263448144092542
3 185 1 -0.1313691378980342 0.6086239346701825 -0.68086633204916336 0.38566837261620401 -0.36639936875437634 0.74360304643127872 0.0381736389629629
2 143 1 -0.015303282122142763 0.54661128215859445 -0.7229996190181357 0.42220074215100389 -0.19174618901760282 0.60257873689898289 0.020096987518595073
1 98 1 0.13951115897621466 0.47569027425297616 -0.71336746655062522 0.49534054666399396 -0.056259546656263863 0.40119831036132086 0.067999901682557221
0 59 1 0.20897665883896693 0.46802370946440836 -0.66328884478418126 0.54528017736255852 0.016947966187754248 0.21770073654442007 0.096179561987794246
