19 896 1 0.48234138762484924 0.1697439575795143 -0.67612112902450505 0.53046582692573863 -0.54836559477628222 -0.41971513581226544 -0.68215491952244423
18 852 1 0.52305323414670724 0.39957035086809572 -0.60920526087985594 0.44229831457074725 -0.58924802462675518 -0.31496949400025603 -0.26900773565621133
17 809 1 0.3886224579830676 0.48293775244370934 -0.61371589270911209 0.48897496403402413 -0.67774421246795136 0.089728554887733514 -0.26046464220837839
16 765 1 0.14109560519853068 0.66575101639616119 -0.70111842295477367 0.21283930876261961 -0.18771247941245983 0.76499628196738312 0.12468953811243175
15 722 1 0.026250373045875512 0.78657352474115017 -0.5973497879184918 0.15422787998597562 -0.049656094920760861 1.2903696726949421 0.52988787468803389
14 678 1 0.20201262482181939 0.68887996845490251 -0.67816603194342984 0.15724541835066039 -0.34651994065726405 1.4028892970694469 0.26975568952217499
13 635 1 0.036602572548269777 0.67481214141892443 -0.71657283799491533 0.17266207842015227 -0.89776916583933997 1.0043631448874248 0.53342273578783361
12 591 1 0.2361052041673371 0.57837608728089551 -0.6584474523147954 0.41974085668052064 -0.79807868530647907 0.41176782019137098 -0.12900844451709331
11 548 1 0.34207852658166443 0.35942784728787552 -0.74088024841188571 0.45264816553131371 -0.54505842904602253 0.082407056715298826 -0.32999732955309541
10 504 1 0.39231080512408872 0.3148219681834965 -0.63551674344661135 0.58574553291593512 -0.40022579566704147 -0.22693789135649206 -0.3566504850195038
9 461 1 0.42193512770870378 0.36323746178407584 -0.56084854800047013 0.61276276042842737 0.46406223721318413 -0.40209025839521872 -0.23023204664503963
8 417 1 0.38029178931630503 0.19652146685297295 -0.58432654000423734 0.68943452386084891 0.45719976965197762 -0.74687208496867818 0.13001385110035737
7 374 1 0.47841920945926275 0.23836794612857462 -0.53730253385414617 0.6523816133159589 0.02125158862742595 -0.72839843393516235 -0.14012186205667829
6 330 1 0.42479017306965666 0.35590274325321347 -0.57317773756763835 0.60361728550889926 0.019832191257101974 -0.12748975158378623 -0.054600744200486294
5 287 1 0.31132926855051757 0.29254905340978377 -0.66328587227029334 0.61444364228094628 0.27673988743895456 -0.01482420406456237 0.086014186568608431
4 243 1 0.14036980254049602 0.41015211588920714 -0.7097749301054932 0.5552396860456672 0.56717071152836107 0.69783435051468301 -0.0080495538486820908
3 200 1 -0.012245662747444255 0.5891294155584742 -0.68500168890140212 0.42842649506050989 0.19533702153864349 1.3485457109018464 0.34846777114447475
2 156 1 -0.076417683954007706 0.62914338730610331 -0.70295051162959166 0.32279949502408345 -0.15025684729054564 1.2550849878122516 0.51770352623759941
1 113 1 0.052351209491467647 0.58072883379871099 -0.70590575293841196 0.40213236679981812 -0.074009252371721512 0.97170174333745818 0.30630472068921516
0 69 1 0.1739024960258824 0.4982585081659241 -0.68356217638606553 0.5042213124517656 0.047226438811112478 0.543083619864832 0.090691933915513681
