19 868 1 -0.23482130641367907 0.65697751759391787 -0.67638102572060865 0.23611057467941571 -0.0077715738405236502 -0.33758531178854356 -0.71523861582442338
18 823 1 -0.45771305537087559 0.77608226750914044 -0.43379326956143305 0.0042979395215323093 0.2739691495995587 0.58914761338378696 -0.68081578078909988
17 781 1 -0.30469846944066903 0.6677751008984899 -0.61892340814275593 0.27958732480833409 0.73623519757197919 -0.15820155508049152 -0.50888882805184599
16 736 1 0.064707022744366641 0.36470198407264753 -0.73020999197655889 0.57410698623046585 0.087363387863531317 -1.117829999725803 0.25653634289048877
15 694 1 0.11019236192682386 0.36177604165158572 -0.72934627128515706 0.57011380935944378 -0.35217632713460573 -0.97009581293869751 0.2816245302389222
14 649 1 0.040600769666880247 0.54559225923960397 -0.69373496960304482 0.46841483335836437 -0.43558292030174456 -0.87791832230623124 -0.17564759959522822
13 607 1 -0.066325346558793505 0.63848000711941766 -0.66671706087406879 0.37872495250786897 -0.43626667746129788 -0.52688583517940069 -0.43361406825611165
12 562 1 -0.17475872872575768 0.67295811318847454 -0.65777971695708715 0.28967673118119053 -0.53495008713751147 -0.31414645503977001 -0.58564906586764287
11 520 1 -0.55815633106198814 0.64791141711112021 -0.51649191198304001 -0.043685358286089229 -0.50360500524758833 0.57309600033479002 -0.63755378871375945
10 475 1 -0.54912385942065933 0.62883265255410314 -0.49424449874772236 -0.24239401303320882 -0.93199565973893961 0.74455957293617581 -0.33025078415861736
9 433 1 -0.46349088157380686 0.59947870621083077 -0.58497794915200485 -0.2891405929710289 -0.95644669037044328 0.96770386773351313 -0.17288979271056285
8 388 1 -0.44340851452555374 0.66956427850646238 -0.53320159811088952 -0.26602372444268202 -0.67917211424462021 0.82206870774883789 -0.15203801188769958
7 346 1 -0.50157603270739792 0.64399179628177239 -0.49765600070361071 -0.2933164753282223 -0.14462242285675564 0.95687075274737587 0.32491590143802812
6 301 1 -0.65977573742491391 0.6029171333295883 -0.26205835438535169 -0.36402242450140904 -0.22052790720224627 1.0213786763199899 0.73285813733998195
5 259 1 -0.69545900757565637 0.69856870126935011 -0.0195467261475409 -0.16720186567634254 -0.5375957780885694 1.0589131623041059 0.33217719018983571
4 214 1 -0.62195527023954111 0.6745642997909268 -0.34763841763676173 -0.19308593385289508 0.056534283342011375 0.80632049734410516 0.12675393023177148
3 172 1 -0.46767240308491459 0.67148298767227155 -0.57223635381142113 0.054209556686174436 0.28542611923950134 0.14502524246618476 -0.059529758825123347
2 127 1 -0.29280157503459392 0.64478615157906438 -0.68199863492464219 0.18274550158634764 0.12762961283527793 -0.35768538265717947 -0.25848298575825673
1 85 1 -0.11342502416477428 0.67718037081640958 -0.69117455516986326 0.22547559415580209 -0.19723171734320941 -0.30349765795167494 -0.1771659757493326
0 40 1 -0.19107644039376759 0.70117239109118468 -0.66156402538321157 0.184878641861842 -0.0718410011182046 -0.053821658341538015 -0.054327454339632812
