18 852 1 -0.31319702543233191 0.72392502593843921 -0.55880940474838592 0.25607075046776429 -0.52560950882483759 0.862597349535283 0.2634922970913669
17 809 1 -0.17025625092263649 0.63748042793675364 -0.62485260858758662 0.41736163043651969 -0.29409075640653642 0.74547762720506794 0.0030132292291550752
16 765 1 0.10095488938644095 0.57084785488256762 -0.67697858562052038 0.45347638471720053 -0.12376256202519925 0.61545612733781707 -0.29430124370405447
15 722 1 0.24703995100737558 0.53365191881299479 -0.71823516348846939 0.37192088148176655 -0.44057383003915807 0.51650009128005558 -0.56044660322342821
14 678 1 0.22998216082807874 0.48130819931220925 -0.75187454076073834 0.38747296412977705 -0.22738695872756948 0.45837051095017717 -0.52595543057563421
13 635 1 0.25669385868377481 0.38202028613958411 -0.70360512311495549 0.54139504487781664 -0.18967280018838176 -0.092186292526788949 -0.60784751383356428
12 591 1 0.37518132282896605 0.32905969095553284 -0.63586948818219835 0.58875180576153274 -0.43088977589558869 -0.083091815782474335 -0.4430380819501451
11 548 1 0.36112510622814009 0.38003403821646298 -0.66747202996406718 0.52881365022496363 -0.50187759950359012 0.30265605330509049 -0.41295850392132921
10 504 1 0.14296803779483447 0.53936231074862728 -0.73033690375555771 0.39402594448302664 -0.64071497620483941 0.78168369759901002 -0.31209226777551213
9 461 1 0.11961147274803795 0.54761772435194955 -0.69842003342560111 0.44499143865070029 -0.55483305507526426 0.89759781313726938 -0.3280413074876915
8 417 1 -0.016439439493512707 0.61548101640852682 -0.66803302612644677 0.41790517976475017 -0.21522202700812576 0.90891993637691448 -0.011918604493733083
7 374 1 -0.009452490288762572 0.50818168505221162 -0.71075524334184437 0.48630135663692259 0.3900862666579995 0.5887114994348599 0.33078444476182356
6 330 1 0.16129699797554894 0.40289204390887834 -0.70520076222730887 0.56067206489446642 0.55494876735678123 0.11327596328400823 0.2751514995190078
5 287 1 0.17904045642075192 0.37547541699114112 -0.75194823405213307 0.51140647190454702 0.52174651108075953 0.10074630079703581 0.024059403769406958
4 243 1 0.0058580162560105927 0.49114878169523107 -0.6876723329367942 0.53464504149772274 0.23334678000854334 0.58322252346295267 0.041492853306479324
3 200 1 -0.11724740885047313 0.63122646074886324 -0.64983343885459144 0.40684481330690447 -0.34300507191438845 0.7444014820104744 0.051120794867708173
2 156 1 -0.049093391158111392 0.55132573346881364 -0.72191933877421854 0.41528573640743599 -0.22385362202131168 0.65031419375745303 -0.0031449010222732569
1 113 1 0.088218289662650523 0.51069262447798935 -0.70993076321312942 0.47687407993767483 -0.10811092888912999 0.46922748924034519 0.049712261837654884
0 69 1 0.20832980918348576 0.47836983360744079 -0.66778456814977005 0.53087170148821006 0.0050720474343816501 0.25931578190146826 0.10901632347717154
