19 883 1 -0.21302882725951514 0.68444798455803946 -0.66192139382708703 0.21911125846217888 -0.59116676453767303 1.0116806034812165 0.30498835974787536
18 838 1 -0.29436521749029898 0.6846757924253748 -0.61217975318962237 0.26420470810200813 -0.48761217535617191 0.86883095757553641 0.23047601703096135
17 796 1 -0.072862325338871853 0.62099665855470154 -0.66838317308849626 0.40288728639938637 -0.17075997110551674 0.70369096577225065 -0.044475420785516924
16 751 1 0.15566192621804847 0.5711129257211337 -0.69018762552239732 0.41622161449892142 -0.25730497282041659 0.65378435648668021 -0.39334564822123952
15 709 1 0.354648818238052 0.470165888489808 -0.68924960022905923 0.42202279749679961 -0.51085911529696759 0.46488800305782269 -0.56722766877078734
14 664 1 0.18924170208332242 0.42819795853720383 -0.77832228870087783 0.41838797952212453 -0.12886320920591976 0.40706794565396964 -0.5075228766431068
13 622 1 0.30715805923923722 0.32733500995812465 -0.69121880906964017 0.56632347283902007 -0.27410015496658813 -0.19857358287431048 -0.57413663134256454
12 577 1 0.38334030885683001 0.33071714029765792 -0.63917807382699188 0.57890221165383882 -0.43471870708250404 0.043992001143963268 -0.43408227813558831
11 535 1 0.31871593942671633 0.41171012156311398 -0.7097154772436568 0.4745722991480224 -0.47980410601446094 0.47524091563979504 -0.40374079466615187
9 448 1 0.13506428939761794 0.59420248328428782 -0.7147936535842766 0.34314877150289114 -0.41883656414214204 0.9884143536974257 -0.07761529942077075
8 403 1 -0.039302857469844452 0.64281671258230266 -0.64999006629993561 0.40342889476460608 -0.085845510155319188 0.84747818700816413 0.14053617390232293
7 361 1 0.06656225358152261 0.49930223949026525 -0.71450261614520694 0.48554376894344964 0.50317304510271876 0.4172872924375014 0.35921271494413809
6 316 1 0.20812544446282891 0.33713416207327873 -0.71930925589659256 0.57062995935350991 0.5327644418196199 -0.0014486467023241804 0.17778108930820247
5 274 1 0.1702327605996457 0.37127193379587486 -0.75104252259836679 0.51876110845279944 0.50837329772646134 0.2278193171365277 0.0066181832701285781
4 229 1 -0.053803311739573513 0.53723939664669274 -0.68111968659117272 0.49452503159546385 0.029122772270070957 0.66464565993111147 0.029967383945526057
3 187 1 -0.12539869238800233 0.60924309629602025 -0.67729285031428765 0.39290254831976534 -0.37047351481058433 0.74879883687414683 0.029580914857192702
2 142 1 -0.0025357197350584647 0.5422869601200786 -0.72153967186307333 0.43046361627538077 -0.19298311876870411 0.60173718785440833 0.0093683694939380516
1 100 1 0.1486218497852265 0.48062538127468374 -0.70802556894608482 0.49559114435142548 -0.067569702947198107 0.41103227461060715 0.054047635836740666
0 55 1 0.22652605403926282 0.46797336782833981 -0.65906110106784432 0.54343844076771308 0.014441909696658138 0.20451807337403066 0.081099953252068466
