19 883 1 0.54816375334421275 0.36235399469088314 -0.60744824242611639 0.4463437182537317 -0.70905789534280106 -0.36039685294267004 -0.36764206579022513
18 838 1 0.50552317677317393 0.40907894469955286 -0.53627649366115726 0.53805971517588402 -0.65054692703830264 -0.30539026812677789 -0.23135958092616993
17 796 1 0.28163892382574079 0.52765801980112537 -0.66336800513437311 0.44966589874024937 -0.68132536426068313 0.36837243412778659 -0.3070308451649823
16 751 1 0.086036320486848394 0.70767041455783508 -0.66153674330224632 0.23274336333756968 0.16512532002081612 0.8684905901808353 0.2168024425906282
15 709 1 0.11188741816123038 0.77501915203690819 -0.61904813620005761 0.060049352206670535 0.053337929860966776 1.3760502223475128 0.51269237848123494
14 664 1 0.10571943317033619 0.70030195236509329 -0.68598136230703499 0.16682370194659349 -0.7686197247449188 1.2422428458132209 0.49597656914914834
13 622 1 0.10616945036936333 0.62746160412289687 -0.70240107113222272 0.3188302345012069 -0.85018178176966075 0.88451179629033638 0.03723951065764923
12 577 1 0.29127864046089635 0.54200640889401019 -0.69206172052179105 0.3774074473529761 -0.77076591333589106 0.29586348720359956 -0.11164698199677429
11 535 1 0.46629036159600018 0.25713038437323299 -0.68449936872262285 0.49791352495496227 -0.55383087691287181 0.075823617502680893 -0.2564668794328453
10 490 1 0.43045875830008146 0.28496467778042361 -0.64560302427151761 0.56275849604579209 -0.22899147558360347 -0.26943324623021259 -0.31327506966296231
9 448 1 0.38512493055848346 0.34503328036166042 -0.58925290106698291 0.62081546524658981 0.63553847185657486 -0.4684103278695726 -0.11002821288339061
8 403 1 0.39364930067807474 0.2435672558678697 -0.56324965182676057 0.68444506694233054 0.3607655275421241 -0.81768050964563266 0.024359084236601162
7 361 1 0.52617961426531734 0.19585317758418208 -0.4872341242309069 0.66886430204244118 -0.058477309002646395 -0.56587310176714745 -0.091482159995854767
6 316 1 0.35678899055045571 0.36086658014468048 -0.62706608657595597 0.59098650629518212 0.11035034414518338 -0.082575509041445019 0.057262771536187723
5 274 1 0.32019172057120687 0.29024516549967244 -0.68051548303283382 0.59172095056226204 0.456778270935838 0.081898002382461185 -0.05753554792257063
4 229 1 0.074608297188833661 0.48457646429588996 -0.67882006498733727 0.54664666066085521 0.49695502151321347 0.96076173142140864 -0.022122917707870587
3 187 1 -0.031098157394510845 0.58675207541915608 -0.69461728553673552 0.4150442545458935 0.16482617762413779 1.3621384938845937 0.38772117780148513
2 142 1 -0.074979960782455876 0.62489568684563401 -0.69445004536572952 0.34874420501898096 -0.23448815979566284 1.192799549879435 0.41797461248532436
1 100 1 0.067120829898321493 0.57916253115370631 -0.70014397739361112 0.4121455660574882 -0.056527206664833983 0.83103472127060929 0.26381583154912636
0 55 1 0.20951958343544633 0.47531830076864912 -0.65696464206194416 0.54641698014598961 0.017130198382900984 0.3961956277456537 0.10094823737459947
