19 867 1 0.26992780134008471 0.28858241196001166 -0.68073827967613876 0.61680999355929778 -0.0159378987906807 -0.34932212476400387 -0.77393292688304005
18 824 1 -0.034178776673767293 0.54733357256465021 -0.64316773319871989 0.53440905544416262 0.25287084964395307 0.51360794031203927 -0.73956575780503742
17 780 1 0.20176160668778262 0.27117308583049743 -0.66522617902569603 0.66575636859650311 0.69654836027296962 -0.24306223452566739 -0.52736889488749039
15 693 1 -0.56904211545209193 0.13237690586802844 0.45384017811536675 -0.67282725744638772 -0.4235897981360901 -0.96872319822674358 0.24684541747200542
14 650 1 0.49106505286320801 0.052229261113008116 -0.47785539613554207 0.72648567675088283 -0.4915034340294086 -0.91867155202720319 -0.16645657099689945
13 606 1 0.40384816840804216 0.18608657424490727 -0.53508571853826925 0.71830475257765647 -0.49133389103276237 -0.56976345704521192 -0.44159365971526943
12 563 1 0.31839877376115622 0.26493666744126404 -0.60515575808367839 0.67986564229315016 -0.56816716206207085 -0.37128013751260153 -0.60338088672518941
11 519 1 -0.05385916297913048 0.49039880085463222 -0.76513165130553296 0.41374117858148296 -0.51515805135179626 0.52846854872758875 -0.70458625521727636
10 476 1 -0.066292271390182261 0.60505100701300807 -0.74937806601168189 0.26067437128929 -0.95031299667935587 0.76476810567390063 -0.41073676292571326
9 432 1 0.034101358736245403 0.62568257116851278 -0.76088191275186279 0.16857381859401449 -1.0086899708874255 1.1402136693788585 -0.1645740201290648
7 345 1 -0.023788009721327649 0.65440389670134169 -0.72153713563704658 0.22488626563728642 -0.19553942073743946 0.92724443363760922 0.23754572352718539
6 302 1 -0.29269365649469137 0.67429916160853265 -0.66308571890663703 0.14130956614421419 -0.22270654867004228 1.0520565968608646 0.64953349665970439
5 258 1 -0.49988075239919888 0.61800918113638503 -0.50155554898770127 0.34150536846672147 -0.50276715145907136 1.0504318886239474 0.23651050279857511
4 215 1 -0.22227180200680613 0.61433570484732525 -0.68774047976562191 0.31654370989507813 0.0364929756373105 0.78638700535773298 0.037656989085972987
3 171 1 0.052791039521042075 0.43073196532763985 -0.74605146655267562 0.50506463887890496 0.25679305649838646 0.08750107203020184 -0.14478643531786797
2 128 1 0.24412942780195324 0.32368682931332737 -0.70515205149918603 0.58171147769032805 0.087398082565027083 -0.3966121172403887 -0.30450135714310811
1 84 1 0.38070072815784972 0.32494511202540771 -0.58771470982822394 0.6356642585535266 -0.24955273561819941 -0.34503030731512668 -0.20329616539256448
0 41 1 0.31233690205767056 0.37240321428203133 -0.61718157872014101 0.61874744807065118 -0.12662532026666337 -0.11579159927063969 -0.095653054337628454
