19 881 1 0.2790521591315821 0.34049819664596903 -0.62247028778372737 0.64708701995271778 -0.30186319568471309 -0.38109685572195362 -0.63836832762920259
18 839 1 0.022252517571448874 0.43376256641740929 -0.68254171421445065 0.58778539433530852 0.36367837295722633 0.28637760365145004 -0.75999289868704867
17 794 1 0.090347074762086435 0.3814156271280767 -0.71037206687024634 0.58457766983945281 0.52093766124993635 0.064440699212828204 -0.58583154005346927
16 752 1 0.35026090107647467 0.036278890046250727 -0.61670787910888836 0.70404015166688094 0.63085127910471672 -0.83149539915208326 -0.18481233453517343
15 707 1 -0.64353163423029569 0.18431676719297607 0.38607560768125371 -0.63469677030056315 -0.51082422155602092 -0.94968030809448067 0.40012288670088519
14 665 1 -0.51766122182513896 0.069816571220418053 0.5028836945933588 -0.68866573569015488 -0.46250484007349973 -0.9364781268666923 -0.021260387195212643
13 620 1 0.34709495895943537 0.095423125422371899 -0.49732455451682644 0.7893591097049647 -0.36848369903172301 -0.67704815280680064 -0.43314938045666979
12 578 1 0.34200771541745684 0.20540034019426742 -0.57079840091491119 0.71765633025563935 -0.46671073206688307 -0.53131344358064514 -0.54685623217164026
11 533 1 0.0597624364567809 0.48477508527654611 -0.70680633991332509 0.51170925899596131 -0.51685188674034899 0.19087549236295726 -0.82808658407996094
10 491 1 -0.13710664923118254 0.59453119930641818 -0.72546917845983439 0.318479027398481 -0.81601094794476503 0.73830927251308243 -0.44567336937422203
9 446 1 0.032435448800390759 0.64116922759705652 -0.73186603273212114 0.2285214943427793 -1.0655588639943165 0.86749620044068965 -0.34317175871518529
8 404 1 0.059779205903323661 0.66676579775687483 -0.72085329458054004 0.17950026511286138 -0.91338300444244269 0.94283655852325887 -0.10421132533842468
7 359 1 0.0049588335118539986 0.67534264373080855 -0.70481041025637592 0.21709447050333472 -0.40377528410105895 0.90757548309419112 0.089432013904940447
6 317 1 -0.12891694928932618 0.6686829448188093 -0.7023579412821217 0.2072121179186158 -0.022675986994528271 1.046449632282566 0.36576939972239247
5 272 1 -0.48796811661093203 0.62016358361597301 -0.55162781732437638 0.27016846204122014 -0.4956284266272607 1.0418824379021461 0.4465437611269481
4 230 1 -0.3869188387625706 0.67957987629639738 -0.58693493097090654 0.20969594833895661 -0.27164402463949655 0.8759329653329051 0.3158583101788151
3 185 1 -0.071099909599967384 0.50149686258318815 -0.7397310085875245 0.44299405707997858 0.17939086020924175 0.2942253561771136 -0.10362212343867554
2 143 1 0.22411793691795792 0.3530805854610049 -0.70353288559587601 0.57458396201712103 0.23397213666266711 -0.34535452646785708 -0.23111905731028529
1 98 1 0.3624204383159641 0.33805364679431127 -0.61587600515651419 0.61242787661273612 -0.25352782574946686 -0.40661502542571692 -0.27190869301295861
0 56 1 0.33905489243407705 0.41689101229373859 -0.60384583079750209 0.58873922615508889 -0.19470083062296742 -0.081094916292632546 -0.12146407193184583
