19 881 1 0.28032485807418855 0.33951584699249754 -0.62190903143824194 0.64759255724737974 -0.30447678062585914 -0.38384455296669823 -0.63540828315678188
18 839 1 0.020526300294029059 0.4315847960141479 -0.6797514959754184 0.59266444010489305 0.37376017297985403 0.27483674106159645 -0.75430125529670145
17 794 1 0.090326198489249679 0.38064133431769925 -0.70812291072402733 0.58780549145363836 0.5238810985386475 0.054610628655834353 -0.5802113326195566
16 752 1 0.35082162002165179 0.034364855771602844 -0.61682374182241828 0.70375543986343125 0.62694314899732506 -0.83105913919459207 -0.18242235074006122
15 707 1 -0.64399958789933209 0.18535432378690839 0.38494011229012992 -0.63460965592169383 -0.51277914984825379 -0.94590872689939209 0.40141239329796718
14 665 1 -0.51815035021314282 0.07139392983867951 0.5019108210992449 -0.6888458819065908 -0.46409046740299681 -0.93521325397819677 -0.019114253844985572
13 620 1 0.34752111736615887 0.093962916925897672 -0.4965836633964929 0.78981308451751542 -0.36966147668675908 -0.67823529319286679 -0.42972116965294205
12 578 1 0.34257812256337744 0.2040678424718505 -0.57018349690933279 0.71825296759712765 -0.46727459789450804 -0.53332034466033629 -0.5437630767121161
11 533 1 0.059574884646390255 0.48188611246920476 -0.70556381815271274 0.51615531213235821 -0.50584855553271946 0.1782090664795947 -0.83237699676827481
10 491 1 -0.1343809177062594 0.59316239682889638 -0.72650711522398925 0.31982425091531053 -0.81292030270505911 0.73439695766545243 -0.44534568991913637
9 446 1 0.030758959186716981 0.64128547924491586 -0.73291085974611025 0.22505219884637043 -1.0640346179401938 0.88506743693316725 -0.32752578043280267
8 404 1 0.055737324426930461 0.66568326649659304 -0.72286595992912861 0.17670298058576395 -0.90336278554630756 0.96435996939558044 -0.092248453220912102
7 359 1 0.0064184995596633801 0.67412377375121102 -0.7057428177335906 0.21781417709662715 -0.40210914287699051 0.90470998699370531 0.086492753452630924
6 317 1 -0.12687438859503397 0.66788283406635607 -0.70323873981110041 0.20806413508104601 -0.02338258726829574 1.0420608077601492 0.36277942399311663
5 272 1 -0.48794467452780871 0.62105281816089541 -0.55367864541475931 0.26390026386125082 -0.50845985218923528 1.0512122233532741 0.44768438590869936
4 230 1 -0.38520025956410808 0.67898439137947986 -0.58849162352057693 0.21042472606824666 -0.27004584579386853 0.87292878511180994 0.31281549638860418
3 185 1 -0.069693801378981318 0.49990412208314294 -0.74051442310145499 0.44370827347746011 0.18009420478309476 0.29135957289207992 -0.10464749318846008
2 143 1 0.22544720589906891 0.35127181959640147 -0.70323882867575294 0.57553176797852867 0.23284227932114579 -0.34950448547939045 -0.22981899207815734
1 98 1 0.36262707091650692 0.33629732457966643 -0.61606648588180679 0.61308058352252104 -0.25240023188385197 -0.40753176294515281 -0.27177852085073495
0 56 1 0.33939983993254302 0.41524816721977786 -0.60414494672983399 0.58939425821362201 -0.19390637031089064 -0.082453920112250695 -0.12178370956530518
