19 868 1 0.28558462387160494 0.30730810279469439 -0.66613206124481417 0.61666135726715898 -0.087255175675418295 -0.38581594106613731 -0.7629526213439054
18 823 1 -0.037590182926232313 0.55076869173939103 -0.64522653164180344 0.52813213234259937 0.26020397997322603 0.5221697502607604 -0.74451675922473959
17 781 1 0.19561311721011879 0.2821984006880347 -0.67246117320950816 0.65566419877109938 0.69259544711527687 -0.23095483069253145 -0.53437905367217475
16 736 1 -0.53914088344217215 0.13258632060630141 0.49436786734505506 -0.66884107763053791 0.0012543190863476589 -1.1202965828381992 0.23315807178226622
15 694 1 -0.56529035883365653 0.13967137850821146 0.46075059899052812 -0.66981161662455624 -0.44189825886687084 -0.97853348289904163 0.2744608486395142
14 649 1 0.49146952541466116 0.064086227322864911 -0.48624128988755511 0.71966663745424286 -0.52194222137215474 -0.91546537642769399 -0.17245169506603766
13 607 1 0.39588310628300633 0.19347637623490591 -0.54354314356026823 0.71442585975547435 -0.51212563035260228 -0.57718232943042047 -0.44204173861500717
12 562 1 0.31236660335096234 0.27847910072026877 -0.61293009064854154 0.67021876991813945 -0.60355368739868664 -0.36763566713026308 -0.60870890183249049
11 520 1 -0.058176295439633485 0.48739159224515527 -0.77333479078060696 0.4012708011131233 -0.53483076274127561 0.54719864151265118 -0.71255276079752428
10 475 1 -0.061609940952384985 0.61036161182900206 -0.75090142092460643 0.24456077779307414 -1.0229642762512308 0.77728803821167591 -0.39673562522485867
9 433 1 0.063032860146365027 0.62008049995145009 -0.75858575978865905 0.18993334927703334 -1.0618903348428901 1.0581419465143171 -0.23140831079137561
8 388 1 0.038948491349400344 0.6554138251335504 -0.70929888152422793 0.25653621481945327 -0.77526753045376395 0.8955165470049602 -0.23074046904388851
7 346 1 -0.023145605708807099 0.6573443958011731 -0.72077700663794564 0.21873073160213707 -0.19058943888349036 0.92770363471847694 0.26223186816110233
6 301 1 -0.30273484433820047 0.67809675776597045 -0.65630501326380775 0.13341713044282369 -0.23283375005111021 1.033960985424917 0.67051875638700298
5 259 1 -0.49662623950134588 0.61912273197034007 -0.50511336341357738 0.33898364429181205 -0.5124227683263658 1.0725512547003786 0.27363982091785177
4 214 1 -0.2162731715431353 0.61355784903811927 -0.69329891662937138 0.31001498891977813 0.047976660149368362 0.7826168029673134 0.047289471736117021
3 172 1 0.044996237249562886 0.43873470760793526 -0.75063161494284902 0.49197497255638023 0.24897374139996251 0.097000063381628046 -0.11941911417806038
2 127 1 0.24525496665091803 0.33007285317733942 -0.70982192868922245 0.57188700149622229 0.067336662565379804 -0.4112563743895713 -0.29554181564132198
1 85 1 0.38150963492239376 0.3266210596122599 -0.59505296976534516 0.62744007287755343 -0.27056240871285481 -0.35458858540042887 -0.1836020647591674
0 40 1 0.30509843804949266 0.37238020233370783 -0.62744386324383039 0.61201480904249705 -0.13788502398146735 -0.10770052676297154 -0.070685271478308526
