114 895 1 -0.22729315038363887 0.67922287961635253 -0.6636144396282776 0.21589344388192488 -0.66821092367886781 1.051789319980666 0.25566021033696962
113 889 1 -0.22616350104675889 0.67793598596590532 -0.66839744250633049 0.20614977219901393 -0.61981053089067573 1.0346129491359599 0.30590000973351295
112 880 1 -0.22024055338593751 0.69952750074350778 -0.64171650111978751 0.22439988087870172 -0.59649685539699671 0.99723303634097105 0.28635422301735075
111 874 1 -0.23063082833800372 0.72619670868057085 -0.60627770276504711 0.2277610775606087 -0.59315776974425227 0.94047583714388205 0.28734276358001459
110 865 1 -0.26875501543939656 0.72935443383700826 -0.5813599511124542 0.24048588058551734 -0.54757934842393541 0.89911171729196437 0.29482973772359405
109 859 1 -0.29925077139151818 0.72712515675536049 -0.56420179558334493 0.25182199287513213 -0.53754878907366621 0.87766252880318396 0.28523330912982237
108 850 1 -0.30904196142956775 0.71905548447943657 -0.56549099219437393 0.26013883612953814 -0.51720555632151266 0.86648653877196213 0.24907472992916008
107 844 1 -0.31129986319956038 0.70496561970063321 -0.58308932787683154 0.25714335676463074 -0.50788957895053555 0.86481394145174706 0.24126498408059563
106 835 1 -0.29094125592574005 0.68195630294804765 -0.61960788242360532 0.25763318596081397 -0.4805702096814235 0.87595392011571194 0.23427350049184267
105 829 1 -0.27349898882860135 0.67324962729989224 -0.62927134127852924 0.27559176601598512 -0.45742341142964199 0.87359613093778665 0.20573552527375155
104 820 1 -0.17912540172584779 0.66268429450165556 -0.63326221631411339 0.35741094228679343 -0.37917674850373817 0.85234509792766 0.060056570916952975
103 814 1 -0.15809359541791257 0.63074954217631185 -0.65480127900403662 0.38522294213466596 -0.29855335331594729 0.83779947163863311 0.049139959925245641
102 805 1 -0.1449037847103781 0.6310332510001283 -0.64931897965550112 0.39897968866592248 -0.23505404886360542 0.72926010833745902 0.016624257621547751
101 799 1 -0.1033607769915259 0.62139832981517895 -0.6715825331485904 0.39007379641849399 -0.17551154754445589 0.71670454996596933 -0.0059596490374887925
100 790 1 -0.034527223211894373 0.62114385751656642 -0.66484809117229282 0.4134793765005384 -0.13828917758786308 0.66746878345305305 -0.098241877809027073
99 784 1 0.011199092110447296 0.6088723140203316 -0.66177388255731384 0.43726926935293203 -0.10372198918997587 0.63754080682978975 -0.15601155330282424
98 775 1 0.062584340243265146 0.59202781557065354 -0.66756813330589027 0.44714544987223642 -0.080129984629100981 0.61635586539933418 -0.21060998939553904
97 769 1 0.090105048400738103 0.57717101252010483 -0.67715649657343424 0.44745254687800162 -0.097805422791439486 0.61854318527930874 -0.25552891537241335
96 760 1 0.12325388212903263 0.56272595956173543 -0.68215919375394696 0.45034077025338465 -0.16525297332714395 0.62000436940179426 -0.34549541646828802
95 754 1 0.13543521326854543 0.55573582478736361 -0.69306599987508566 0.43871917654914516 -0.20432657940918161 0.63585837480920326 -0.39112970356310733
94 745 1 0.1772505571357505 0.58568924251208043 -0.68982111988875905 0.38690719010650326 -0.31809534377631993 0.64881025444615714 -0.41722590849279223
93 739 1 0.19562056230241665 0.58180344565121389 -0.6929973803901065 0.3781427997533624 -0.35174105394356731 0.63797503537523104 -0.46614770027251828
92 730 1 0.2076120742386792 0.58065657894798273 -0.70542576047827277 0.3494419270900227 -0.40801408205964768 0.57449485445076975 -0.50779804970359033
91 724 1 0.23394625821975901 0.54886207541777254 -0.71296257281133557 0.36838015717911593 -0.43268765604091913 0.51454629105813343 -0.55832588202859157
90 715 1 0.31120288086836434 0.48587802374845618 -0.72287674356475773 0.38016381546740702 -0.50062725806719932 0.51977501046213626 -0.55043891671349687
89 709 1 0.34559247821102862 0.47568912721043299 -0.69799574943978393 0.40876353435908469 -0.51636661689358654 0.48026016084717749 -0.55812292550790998
88 700 1 0.34379688892984578 0.50086965098076086 -0.68774352488127188 0.39741934511602894 -0.47322655092726795 0.4649130604966164 -0.5483651021295497
87 694 1 0.29096341061966918 0.54045567907108172 -0.6762658849296822 0.40732346546775283 -0.4322787362189433 0.42401638788553603 -0.55957536612247738
86 685 1 0.26405115007171559 0.51586730615908394 -0.71455479079755646 0.39187927162614072 -0.32048322150300668 0.4423410200994512 -0.55406657604322151
85 679 1 0.24052911326246501 0.48528318788905922 -0.74642406541515649 0.38664853264239196 -0.25325448273423068 0.45302808814154827 -0.52919913777693406
84 670 1 0.18480585623349921 0.46586778142190821 -0.77060472354480147 0.3936779975884766 -0.17750493633483971 0.45134492712495161 -0.48777349587859664
83 664 1 0.18338662348867193 0.43900000900459374 -0.77944902239350045 0.40756295208127946 -0.14842772849676628 0.40343515688839476 -0.49856268371367796
82 655 1 0.21034746006611182 0.41163566715757993 -0.76016516150212787 0.456573050897568 -0.14273715457329672 0.25177503564394704 -0.55989790274964246
81 649 1 0.21549255391285915 0.40185021644474789 -0.75864620787788617 0.46533352987284926 -0.15077569863559179 0.17361687883284332 -0.59143620705997979
80 640 1 0.24494323664597717 0.38447952316967521 -0.71871244635543874 0.52500545381776065 -0.16875958143773959 -0.014683044246929709 -0.61661492847874055
79 634 1 0.25917215776783009 0.37563625452551863 -0.7060611623618499 0.54148391659239559 -0.19428707617735555 -0.10391613699821373 -0.61199834587183144
78 625 1 0.28881413021176783 0.34692592355417073 -0.69337445159866828 0.56165885698202211 -0.25648131888219072 -0.19594354157600208 -0.57550522061031972
77 619 1 0.30962526982808652 0.32440067269582934 -0.6966900374123286 0.5599280200247051 -0.29922586269300228 -0.20783335991167648 -0.55647280573864455
76 610 1 0.33404987828881599 0.29797388529973945 -0.69218104723808116 0.56613394204816792 -0.35724272172568011 -0.18516820223085353 -0.537600077886357
75 604 1 0.33963653562011942 0.30621651768637026 -0.67425242913669681 0.57988113417428933 -0.3815463464604118 -0.17064396222877673 -0.51655497642787329
74 595 1 0.3535203462784024 0.32903758702294111 -0.65260903135607007 0.5838313825804593 -0.41104469043052499 -0.11590706458151119 -0.47417047745804702
73 589 1 0.38185820584040986 0.32022988887384574 -0.63639702739255788 0.58875797440892785 -0.43642959722561286 -0.063290846548896981 -0.44490033113259414
72 580 1 0.38729579065881481 0.32827588948176689 -0.63938242093861486 0.57743140780320745 -0.4464396946789862 0.024627535960425065 -0.42763429676192077
71 574 1 0.37508312641153363 0.34209900866113035 -0.64486784396732943 0.57133736125983359 -0.44796500536052802 0.057403992113023966 -0.42155956591669086
70 565 1 0.37130031728189544 0.36057863246366123 -0.63651066061356787 0.57181579474711886 -0.45713090735737927 0.10474488108396601 -0.40002708545329335
69 559 1 0.36374795215355787 0.35086576190240404 -0.62691860694536117 0.59291964438229428 -0.45760245469602334 0.13343924694718781 -0.41963190172785475
68 550 1 0.35866373245055916 0.37385725790155627 -0.6533789046617503 0.55198467794131267 -0.47833340680535985 0.26980271306730846 -0.42118028414326586
67 544 1 0.35338230040922264 0.38101928908842092 -0.6896693761439826 0.50428305812233087 -0.47178576691385526 0.37933560140854095 -0.41219110819981669
66 535 1 0.31388475908487279 0.41663747767624659 -0.71640204608138669 0.46331164304408445 -0.49071069553031293 0.48579560474915928 -0.39287226529769459
65 529 1 0.26716176286880866 0.4547890097449665 -0.7190086529516494 0.45256834407266927 -0.53029933193350132 0.53174458321152651 -0.38540299889652135
64 520 1 0.22064166483631825 0.48830254838829718 -0.71555315289405519 0.44817581634792564 -0.57729463747419996 0.62055546858515154 -0.38781179627256945
63 514 1 0.18901814473004711 0.50980289293940861 -0.723032113392161 0.42614283323445235 -0.59643315429933164 0.68755464758423457 -0.36467268528123525
62 505 1 0.15119078821046508 0.53183938739178604 -0.73315999286801137 0.39593514170480698 -0.61554043748679865 0.77211666495285303 -0.3111683761437356
61 499 1 0.10855711114195253 0.54586851893087973 -0.73513423536193012 0.38706662173268325 -0.63987392992243974 0.80299342670598473 -0.2948852876178627
60 490 1 0.074510675985206193 0.56724254887093195 -0.73145857613169318 0.37101536533953933 -0.66493566112683167 0.82735454710246026 -0.25404126307700159
59 484 1 0.036453727159927576 0.60149154156180962 -0.72753586963357841 0.3279795871731353 -0.69226554684158925 0.82979504842897234 -0.14141565318510008
58 475 1 -0.022863676310783728 0.54800150284333915 -0.77495009331875164 0.31404451603595251 -0.57209914404814022 0.93967439569629463 -0.083319648110181416
57 469 1 0.00064160971649471785 0.55081402302218252 -0.73962167952803648 0.3867341096298812 -0.5888574824287629 0.91078351463765017 -0.23041022326828808
56 460 1 0.12678394570016499 0.54334108263770964 -0.6979375679048283 0.44898713827666886 -0.53540453627236906 0.90003168038458747 -0.34845395990779471
55 454 1 0.19482880241562667 0.55636754551325229 -0.69103632129756976 0.41828900857705303 -0.46746916912898379 0.93530780687404436 -0.29538094620236166
54 445 1 0.11985333169402416 0.59703773616097966 -0.7242257061978894 0.32354017828359899 -0.38897290254711103 1.0006861840493764 -0.040100924342785942
53 439 1 0.099328296052402121 0.57302779939675741 -0.75050855591364496 0.31386292903471597 -0.29056120279974551 1.0235962306804007 -0.0004373146999994434
52 430 1 0.032839200186916509 0.58189872501093631 -0.73199705592928554 0.35283958234952711 -0.26441554038348919 0.97252308992543912 0.0013348415764319389
51 424 1 -0.011246541841060623 0.59210533692130751 -0.7027061814590736 0.39432069160155642 -0.25482745653666078 0.9307136786992386 -0.015002229159003278
50 415 1 -0.0048005086506851188 0.61914669346814677 -0.66529810975901826 0.41714835758424462 -0.19470377629653871 0.89669093568009584 -0.0075074830104692649
49 409 1 -0.021809147907958751 0.63050552555413797 -0.65998913405027282 0.40792338281692114 -0.14169716502345531 0.88192644779095075 0.06555632086367158
48 400 1 -0.044231205411259626 0.65439793800641399 -0.6453137339088072 0.39163391583147361 -0.04191921656990711 0.83772027733714938 0.18438293329706298
47 394 1 -0.058862981094788963 0.65494914778836955 -0.64898544543027092 0.38261554449289703 0.052012103705360552 0.78862896310729091 0.25859807154467662
46 385 1 -0.010937662175274952 0.58092024071059678 -0.66025551117959846 0.4758935820494421 0.24224848794817619 0.73763689715413394 0.2157850195852499
45 379 1 -0.04210558102904572 0.52407859188340633 -0.70698119846651786 0.47301832373657443 0.31162201577260457 0.64799717430462844 0.34005665287554132
44 370 1 0.013928149560297351 0.49397609292296007 -0.7350722013233264 0.46417936739160676 0.44908649786420823 0.50554521838182209 0.37580147983745948
43 364 1 0.044741832386504685 0.50067570850018583 -0.7306148701041999 0.46208647993114654 0.50290348342118329 0.43135697343269253 0.38211165143444081
42 355 1 0.081598542276264424 0.49315452673598337 -0.70417758984597645 0.50425609824464102 0.53687326578651706 0.36253629280585969 0.37567593516179382
41 349 1 0.12112985576522095 0.46639039048702507 -0.70874852563148005 0.51525051103211961 0.5730550507799258 0.27852718064679494 0.35346764758776394
40 340 1 0.1360851268041719 0.42941109193584048 -0.71165154879055892 0.53910947449396618 0.56563304521126212 0.18936454067807051 0.33364563980728196
39 334 1 0.14221007478137743 0.41496563515325641 -0.70808156659845178 0.55335369458964667 0.56167987116725915 0.14800119350683447 0.30341800991154028
38 325 1 0.18039412581243103 0.37548450026360269 -0.70903937758675328 0.56897496470895026 0.55514567789103675 0.063487023324897529 0.25290843472682545
37 319 1 0.19579656274280677 0.34924859761509658 -0.71712990754312478 0.57045054017783159 0.54774589226050352 0.010856519253957087 0.21264622968145855
36 310 1 0.20512191003117194 0.33802936438693204 -0.73838632648892155 0.54630283148774372 0.53639113846413666 -0.031062702759749435 0.14683737589349463
35 304 1 0.20516510487959366 0.34467461568857832 -0.74116722771735977 0.53831016115009356 0.53568951665043973 -0.01951680966229636 0.099199511004095492
34 295 1 0.1863108952797258 0.35519448514733698 -0.75444763091283729 0.51955163384498415 0.52774094722809084 0.027681232447650195 0.050721805919905188
33 289 1 0.17821088410192526 0.37295753332242126 -0.75135466046702348 0.51440230687677646 0.52693047838352325 0.083653642909710266 0.028751837726291092
32 280 1 0.17080583165785049 0.37265200832204576 -0.75572146695248588 0.5107258686931756 0.52451686553682553 0.1574043793340073 0.019660758749518281
31 274 1 0.16128108919734785 0.37606623031576086 -0.75475702739895068 0.51274206992922855 0.51658599816961048 0.22263779344047482 0.019097601770003317
30 265 1 0.1162029042091986 0.40344385210672973 -0.73546489513801405 0.53180948775878489 0.47960719134640362 0.35562335493158087 0.036185300653257334
29 259 1 0.064320972305266358 0.43909373215374281 -0.73393654560918264 0.51419515159544482 0.42831542229771247 0.4417024967305857 0.067196368683241012
28 250 1 0.019526935341212491 0.47150607962293267 -0.71879510072129404 0.51052357325970532 0.32431156544527923 0.52987152554145966 0.085051122257032943
27 244 1 0.0071425379324329312 0.48833258682914638 -0.69223536709208255 0.53131014044485148 0.24680207337935256 0.57697132251109873 0.049153945361275465
26 235 1 -0.020117115013730542 0.51179416357899343 -0.68039215858019864 0.52414553928520724 0.14088636609560737 0.62925140830304249 0.013557717581131773
25 229 1 -0.060214464348487221 0.54388470691821067 -0.68173057556886307 0.48559969748576198 0.029205926086475664 0.66526954833566865 0.044960757815023268
24 220 1 -0.10711174526508067 0.58523412372793016 -0.67524735166764749 0.43596916005205988 -0.12211084477238583 0.69550216056118086 0.083622889305248513
23 214 1 -0.10894285625894913 0.60733115758400391 -0.66380332858272495 0.42266471352634899 -0.20719639776147425 0.71428726267064901 0.075092537955179797
22 205 1 -0.11033546650055007 0.63915856498120072 -0.64889263297558919 0.39779487743469727 -0.3219493637134454 0.73328602132366982 0.075506195156097883
21 199 1 -0.11793068140691114 0.62819440114748071 -0.65465032354184971 0.40360513207392618 -0.34849755361839457 0.75082998111247379 0.050731761939132737
20 190 1 -0.12246967152884215 0.62067836307093704 -0.67301646681115068 0.38315582283482919 -0.36974784294810925 0.75678021823413455 0.047415575717438763
19 184 1 -0.12312568306968874 0.61356685987190229 -0.6819766849231198 0.3785281704930662 -0.3731341766487799 0.74203497582208977 0.041114879043467507
18 175 1 -0.095412773778944845 0.60561962835924577 -0.69337480641377902 0.37861939487626817 -0.35051580572250196 0.71278421261831026 0.03309832891725286
17 169 1 -0.07536914323836888 0.59919743891144905 -0.70145211529995732 0.37847965782944026 -0.32235817678834361 0.68814180275345727 0.029496492852062746
16 160 1 -0.057112164629462295 0.57131425172782302 -0.71335765272001805 0.40181971794550003 -0.26303522079864927 0.65690134682538748 0.0010260859533681548
15 154 1 -0.038294658740568033 0.55281568115774915 -0.72504532742621819 0.40894695860887059 -0.21815665473495163 0.64094090314097052 0.0041418159875291245
14 145 1 -0.014640143210762683 0.55533106402269838 -0.72409062351441134 0.40876135394224472 -0.20202685910193716 0.61294676305549056 0.026944857254177192
13 139 1 -0.00059042796573836539 0.54369172812785127 -0.71894193474437673 0.43303747023344363 -0.19025381764488941 0.58577683870996855 0.018561110727515897
12 130 1 0.027885559583773926 0.5513150735275073 -0.71075240046893085 0.43601044769100616 -0.17855636207740863 0.53402392274133326 0.049415998877390774
11 124 1 0.046466452169351163 0.55807987817791116 -0.70402295923171787 0.43673721076905753 -0.16735022636709332 0.49999843778639363 0.067383279439182875
10 115 1 0.082605330610782596 0.51619384299148996 -0.71270453841790871 0.46773124412516648 -0.11581273852500146 0.47606853683186268 0.053292582698520975
9 109 1 0.10414083462468562 0.50317623839286907 -0.70988014350914663 0.48170379024034043 -0.098282202450325359 0.45184664517913259 0.053094540688164674
8 100 1 0.14148416200730668 0.48719321765724666 -0.71113222767512851 0.48674013121138704 -0.069995932604820621 0.41072958597451475 0.070758053812182101
7 94 1 0.15141485158096696 0.47306414352764825 -0.71309692968305316 0.49474905528537305 -0.052581330522670389 0.38756266320305843 0.072194958853534802
6 85 1 0.16217052545177219 0.47033373716662941 -0.70251424603867041 0.50888174507471429 -0.032254298946452153 0.34427195080806866 0.081849635411131147
5 79 1 0.18109259196214084 0.47501833899291163 -0.68856488102453506 0.51714742131863811 -0.016898228309612878 0.30812144824653653 0.096056838106672773
4 70 1 0.20717996957070836 0.476956324526636 -0.67017950029246964 0.52957394393083446 0.0042155980101040453 0.26088230645550864 0.11103852942378779
3 64 1 0.20998946646292263 0.47655765661943689 -0.66401593935225756 0.53654455190426353 0.0088916860395836066 0.2375237344857431 0.1073689176797275
2 55 1 0.21906579709073579 0.4735729173489423 -0.6636480886876186 0.53601313685383056 0.018387527898320832 0.20289123731723133 0.097604731068616002
1 49 1 0.2351450557036362 0.47300655202650338 -0.66291920193734621 0.53057491103602394 0.024853915880128016 0.17726254388969853 0.093766742435893266
0 40 1 0.24209305856766242 0.47175114232300103 -0.65878859262817613 0.53370347659846196 0.035688173613176423 0.13527365702212932 0.078539406574500523
