19 896 1 0.26251022850724981 0.38145846329594457 -0.69770686456903919 0.54661042053935327 -0.55800195893311288 -0.2629063592509791 -0.58174657929214013
18 852 1 0.15667724925608587 0.30527572515293055 -0.71238382399383648 0.61218319031954593 0.32612198952293991 -0.11574892445124614 -0.76679148985144763
17 809 1 -0.0077318495712670578 0.52809899064593935 -0.66260997596117899 0.53103643409626167 0.35234514024893537 0.37061778613146212 -0.6598369479849211
16 765 1 0.26316536994694661 0.17822231915701903 -0.61930960943955482 0.71793899508997738 0.83652241146699902 -0.46075450215213065 -0.35587164015645928
15 722 1 -0.63991429626149543 0.23338878111520731 0.4244184823950049 -0.59658052439820219 -0.47916977389847115 -0.97478452797399118 0.37818048606811006
14 678 1 -0.51533911307214331 0.13264059120904123 0.47862326523358684 -0.69839232676116392 -0.40572424715838973 -0.93539211173894721 0.12576700309005148
13 635 1 0.49672201370365388 0.064173176545301733 -0.40950254615163906 0.7625330872884124 -0.53307968114594162 -0.78131595233403184 -0.1972659089180222
12 591 1 0.37890055476720014 0.18861703453033687 -0.5271055653087604 0.73689735167295978 -0.47437961691165476 -0.59363276522135788 -0.46337027715294005
11 548 1 0.14672832765409285 0.36694883267572148 -0.68021960256863434 0.61734969372562887 -0.42110237366527309 -0.081760966327916185 -0.85334817718868916
10 504 1 -0.071079471398784858 0.54963105502513498 -0.74488326353907497 0.37148665628391458 -0.72473616717654665 0.63608534639039049 -0.57642381553371425
9 461 1 -0.020395728355718908 0.62903003277440706 -0.74614776204782396 0.21718367646692968 -1.0281412080035677 0.81362765846678964 -0.31970030516892461
8 417 1 0.069040445890187221 0.65674447432250516 -0.73532057412866314 0.15239345635962773 -0.98049109208815322 0.99855366361311737 -0.06441384623595818
7 374 1 -0.00774746669365975 0.64558017123528222 -0.71816642932541774 0.25962126079663467 -0.5403934187110222 0.92312667105259694 -0.098779295494133168
6 330 1 -0.066571019315141103 0.6640359897879381 -0.72490760139976573 0.17068530424888667 -0.056065218938052115 0.92193071823574324 0.36976046923668665
5 287 1 -0.41781256029085412 0.65186367858231842 -0.62095365302560279 0.12215960790084646 -0.38850848894203627 0.93406709389789944 0.75238590163865049
4 243 1 -0.52720404310654423 0.66285517447617126 -0.48832810139586769 0.21027263252592998 -0.56477337164817587 0.83423468235144493 0.38124946558648409
3 200 1 -0.14253976889730849 0.59119936228520431 -0.71553799866063639 0.34376023735883215 0.091344972865463697 0.59284515915582159 -0.066154075034744547
2 156 1 0.17260136916383007 0.36595359452649845 -0.73399211683022425 0.54547438660948422 0.26659877651577257 -0.204825215028618 -0.2116053155736318
1 113 1 0.30400266238368701 0.35339980690358686 -0.65115147163856313 0.59890960814389271 -0.13315480971219287 -0.4506706770696921 -0.34100487693563086
0 69 1 0.34165337150487518 0.36962820035821181 -0.60730159162379582 0.61468100999665343 -0.26288239816725251 -0.10245541499102843 -0.20682718083521046
