19 867 1 -0.26598628394219215 0.72658939148000778 -0.58851812716396135 0.23444736497294849 -0.55240080225412691 0.89944705701275818 0.31043936773962583
18 824 1 -0.23622867098938841 0.66868502919076311 -0.63333168351297764 0.30975365275869349 -0.42125528483681424 0.87223248121819019 0.15153411626158264
17 780 1 0.0323860518569224 0.60155786858323856 -0.66608385420895933 0.43978582691220258 -0.088476327586337958 0.62901755349892818 -0.17349494224510426
15 693 1 0.29716743274727597 0.53695878379541173 -0.67132734845581366 0.41555549886222415 -0.42861647901559424 0.40327565172920893 -0.57942166156068542
14 650 1 0.22073978077869627 0.39641884540738226 -0.7554782495696466 0.47262951940693876 -0.14317562350068633 0.17736860501233462 -0.59285630481904539
13 606 1 0.34148318867225674 0.29809353626153662 -0.67655359035536633 0.58034878725692451 -0.37384905545254637 -0.1826351598666057 -0.52944254400857327
12 563 1 0.36984482280161607 0.35352670407886999 -0.63352062252585195 0.58041820903933528 -0.44863245975075666 0.11789529845675277 -0.40499042228433518
10 476 1 -0.029376059464395185 0.56057880913459546 -0.76622475896104725 0.31271083229505858 -0.60691562674237354 0.91838541309471067 -0.087779349427817427
9 432 1 0.062146652762538918 0.57066275208106687 -0.74565311423170122 0.3383537352745507 -0.24727506237615507 0.99939099197180903 0.0073632399959628666
8 389 1 -0.039903439825854183 0.60675497381585453 -0.65789410268270854 0.44433260840849859 0.16512669651907613 0.76363253612073434 0.23220873950265125
7 345 1 0.13808374374405308 0.44658344640321707 -0.713474872277712 0.52196715580633435 0.57490843446326589 0.22314284244867402 0.3475237885069391
6 302 1 0.20345106007021224 0.34713963727721425 -0.74030545311223173 0.53856250749531775 0.5308842709830659 -0.015123761468269685 0.083348724142937161
5 258 1 0.060112501260672829 0.4467343383886952 -0.73330360880326484 0.50899974009100313 0.4161013601038317 0.45602876286618749 0.06952951952719004
4 215 1 -0.10683755151004455 0.60110889216754859 -0.66561229270229194 0.42920171615225339 -0.1893762882346208 0.71236288498923017 0.072650150669321109
3 171 1 -0.075504722741886174 0.60387001884225067 -0.69701994059568406 0.37921397600710854 -0.33355874176273981 0.69442122735558376 0.030379930923852636
2 128 1 0.035574731130965064 0.55254121678815382 -0.7050006696485539 0.44317795302825791 -0.17350348812533789 0.52208286127995962 0.049895017621582091
1 84 1 0.16724539681304063 0.47021627144353073 -0.69842990196710097 0.51295351383221666 -0.025647238910952462 0.33638263846190875 0.081426081100117939
0 41 1 0.24316062373766417 0.46825096868210936 -0.6571838047305536 0.5382595918250318 0.038254200964262082 0.14035881151818883 0.074963680458663612
