19 868 1 0.5195370584504222 0.39704292930749802 -0.58702281450966254 0.4773283696039427 -0.65171509458439447 -0.41155706901282929 -0.28346889803148623
18 823 1 0.435113151517941 0.44428301624192351 -0.59252244134219778 0.51206083951126946 -0.66498727715592632 -0.11693773066854855 -0.21625322798988286
17 781 1 0.1870892977073296 0.64014119828690097 -0.65606969155520067 0.35325543274216281 -0.71631066225646634 0.48972625038595013 -0.11239757672766679
16 736 1 0.035294095826693725 0.74346479072897798 -0.62121119675678993 0.24517561210301889 0.053804948197534515 1.2043697901983521 0.36780242185675421
15 694 1 0.19153052265365034 0.71092216990388946 -0.67513556019041066 0.045800683374219497 0.03043046861150079 1.4957671579097664 0.39207006889944779
14 649 1 0.0073677082990951338 0.71085224953260284 -0.67885815999665444 0.18381075815853201 -1.0475430585811645 1.0746736948552904 0.56063466384739569
13 607 1 0.16408147272626095 0.61554387189164927 -0.66768792316486503 0.38519585842063186 -0.8486652637115889 0.64315499203005011 -0.1205408887085517
12 562 1 0.39099199372630361 0.40669846169641971 -0.70122170811650464 0.43590106464869705 -0.62391937647616191 0.15268482335111377 -0.24888468365613034
11 520 1 0.43670743327979172 0.30432613363643479 -0.67193984944864249 0.5149456872593563 -0.55482550350352799 -0.072975662778047443 -0.31964447838522159
10 475 1 0.47372421511837132 0.33484761379493133 -0.56431058680654433 0.58738063056622591 0.059473119343497638 -0.40225523098380478 -0.24652223944595636
9 433 1 0.35223020956418716 0.2461136098843151 -0.60387720023675817 0.67133769262145127 0.58093492063465102 -0.67258742926575632 0.079858251143606007
8 388 1 0.458847114761255 0.28385919804354715 -0.5187509155082094 0.66315968561179939 0.16180621013579277 -0.85692587272737641 -0.076069719191136781
7 346 1 0.49286242770166278 0.22266677361477766 -0.53142841754508696 0.65198924248298251 -0.048758836351493834 -0.31754230374600251 -0.1427477093411201
6 301 1 0.30728633178728343 0.32122208118699785 -0.64298264286921547 0.62367043045468207 0.1743994276033215 -0.040130423023046875 0.1341046833932254
5 259 1 0.23749151000290097 0.35871587038935865 -0.67950918881107158 0.59429619662981736 0.55636728294084148 0.40672474326744157 -0.072766962830902768
4 214 1 0.040078748539867141 0.55583316497727098 -0.67450869747200748 0.48423259252289469 0.32712603428837383 1.2113911340518655 0.13462066714085241
3 172 1 -0.047178332169350461 0.58395757522272551 -0.71309034067177912 0.38505833500174924 0.071222543942323122 1.326092377196141 0.42408789635797278
2 127 1 -0.010997689447473927 0.61678215070556841 -0.68382277492287957 0.38967325016557569 -0.18261957236109658 1.095754901425553 0.31467201179701165
1 85 1 0.1307123489428377 0.53637062825999016 -0.68844701129358987 0.47038446361965774 0.013640757498157208 0.64861643385174561 0.13395117811054255
0 40 1 0.27099354808924636 0.44604672358380837 -0.64652640557958496 0.55642467968494458 0.046036856922617164 0.24542783778519264 0.16087428219127314
