19 881 1 0.28107031668117299 0.33749093886792864 -0.62060932497644772 0.64957171198803543 -0.30028399171853265 -0.38998780286389351 -0.63442089434229132
18 839 1 0.024236436181866123 0.43047522687210871 -0.67913455675771806 0.59403697530381627 0.3717303238894526 0.26526538058484472 -0.7549745039910174
17 794 1 0.093492146823220962 0.3828970265023891 -0.70692385875066366 0.58728846703054338 0.51477786631111111 0.049978118272905422 -0.58000616366658464
16 752 1 0.35205483457832676 0.032906747416260859 -0.61416276637522238 0.70553429103257881 0.62051458233721057 -0.84394731093683784 -0.17807661924715226
15 707 1 -0.64457165834397978 0.18709472183762804 0.38224864453815793 -0.63514479929299061 -0.51438649817300186 -0.95077619152346515 0.4077067297513583
14 665 1 -0.51952329869755975 0.07216859067416366 0.49974674662790447 -0.68930430570636669 -0.46812453713405333 -0.93848383718686956 -0.015245980342705667
13 620 1 0.34722880929080041 0.091313543005151432 -0.49499132109426575 0.7912506448045985 -0.36506086637867374 -0.68417636779749247 -0.42563319429321439
12 578 1 0.34275992562606061 0.20241241570303448 -0.56862449850054919 0.71986875682938078 -0.46434671464069532 -0.53964022947790879 -0.54105448697182745
11 533 1 0.059419054031636685 0.47850656756343779 -0.70530395303472582 0.5196606341163742 -0.49508842671094722 0.1743953218911142 -0.83638849433936535
10 491 1 -0.13651826857292723 0.59294525660384412 -0.72579768125733513 0.32093053905530333 -0.84196856975822898 0.72650850348852558 -0.46463517090047091
9 446 1 0.028455014596716174 0.64026526671154416 -0.73148260048304603 0.23277436623833045 -1.0883008318777101 0.8643757709485258 -0.35776167005042653
8 404 1 0.058035323039696107 0.66584621928200161 -0.72156728914208079 0.18061384439652337 -0.94120162840403965 0.94742843311739511 -0.10812780209335811
7 359 1 0.0070283733108821474 0.67515269880459472 -0.70351747113134455 0.22177151097116404 -0.40064354182084905 0.89314542960733756 0.081304313606276088
6 317 1 -0.12763995706644943 0.66837181644552568 -0.7015605170781698 0.21166009831424137 -0.017707058815963655 1.0363565986597656 0.35686724063168712
5 272 1 -0.48699181145180215 0.61840484419719022 -0.55228647400361375 0.27457981514488067 -0.48321330077079327 1.0372440580742692 0.44123597338807519
4 230 1 -0.38595247595072391 0.67870827223196917 -0.58700951150443903 0.21404579163048468 -0.26164405692003201 0.87043923640051568 0.30744012415700367
3 185 1 -0.068579926147132375 0.50094271941536006 -0.73827720931011731 0.44643022725579756 0.18007659868514309 0.28145346350931472 -0.10779088339952959
2 143 1 0.22705476375834485 0.35311594913015265 -0.70058219116677034 0.57700940559450209 0.22787740341055504 -0.35754254488406056 -0.22768680419190376
1 98 1 0.36361553251957629 0.33525719206891619 -0.61330845933882661 0.61582391426446381 -0.25075147297846229 -0.41834177199607897 -0.26940648308594606
0 56 1 0.34031753986010449 0.41430452233597354 -0.60162505579584935 0.5921005210892557 -0.19173265718087401 -0.093841585205207398 -0.12138368809651744
