19 881 1 0.53599736452344071 0.36674174732314785 -0.60934293741131151 0.45487196068920827 -0.68144638159130366 -0.36659020624886918 -0.36256191665255288
18 839 1 0.50899032133353195 0.40582302958894173 -0.53669766562920962 0.53683529797527085 -0.63777286489556229 -0.31225632323996089 -0.22593250467397288
17 794 1 0.26114815622069187 0.5389179332215327 -0.66747162015921713 0.44255026611312154 -0.68496780605291396 0.38900548350495584 -0.29580732115573383
16 752 1 0.091345425002365921 0.70804229103112493 -0.65915547983015454 0.23631796557268289 0.14578736316695792 0.85166861200037314 0.19444795390792766
15 707 1 0.13236708596288399 0.77519239921796901 -0.61537671498379709 0.053546217458697171 0.04691177091355541 1.3907871082722287 0.48037200329042035
14 665 1 0.10259906013787427 0.69705451360272497 -0.69378526819846698 0.14916581228845499 -0.72168116964524553 1.2645759139024477 0.54539194642208044
13 620 1 0.11541444105564741 0.61756358265000955 -0.70310787864973467 0.33306761950235808 -0.81835770674714492 0.85374066580574315 0.00042674860092506217
12 578 1 0.28033333394380339 0.5466830986028608 -0.69179226024213969 0.37943942896198668 -0.76902896358954465 0.29854159364558253 -0.10848186907194582
11 533 1 0.47362873092579311 0.25990937831046496 -0.68100085207654781 0.49432861517305082 -0.55558591207792996 0.06923282264519838 -0.23783625268559619
10 491 1 0.42826929455079471 0.28376733756711903 -0.64414932962712335 0.56668611295492421 -0.23841272445592523 -0.26344777594684021 -0.31058523046936332
9 446 1 0.37090009659669149 0.31933802276393269 -0.59268090139738916 0.63967624207919849 0.65993088350765305 -0.49430496435024529 -0.039815372358608971
8 404 1 0.38489882369333839 0.22525580974880494 -0.56444308182196279 0.69463423690257287 0.37744621938006434 -0.81397942194930772 0.05362728417156179
7 359 1 0.52429020718632113 0.19621396285423892 -0.49125023137266793 0.66730283200797236 -0.055912115528689778 -0.52985420625343571 -0.10455833296100155
6 317 1 0.36247270283023869 0.35819582574128578 -0.62097078428631713 0.59557079779594302 0.10390544537110416 -0.087271962451608148 0.052688536508245683
5 272 1 0.32298561259589936 0.29573150638775586 -0.68247794214293989 0.58518973732800406 0.47730255824371082 0.10778266557472638 -0.076888020926617784
4 230 1 0.07918981467338955 0.48151350470518511 -0.67809644862455909 0.54959887590977163 0.49856911595440184 0.93730646674220564 -0.027980892244442168
3 185 1 -0.031663558856283566 0.5864777998745917 -0.69403546038643316 0.41636040760500387 0.15185700760664922 1.3556756927532458 0.37672502335881919
2 143 1 -0.077968024498796945 0.62336975765824243 -0.69569549834208511 0.34833734508291953 -0.23274614858209308 1.1933886594564806 0.42402531433297341
1 98 1 0.07382910831843624 0.57442229612625806 -0.70073351361392755 0.41660632661569313 -0.042754445586863477 0.80208765154970829 0.24700041188197333
0 56 1 0.20333003311454786 0.47691085201448463 -0.66038772414714997 0.54323198604298251 0.020429343901403114 0.40899623450730554 0.104127876710975
