19 881 1 -0.22802396415697226 0.68946175533346621 -0.65098624519114623 0.22105308926718964 -0.59244063121518098 1.0092301099346714 0.30245333007308467
18 839 1 -0.31088421467984922 0.68560765266284063 -0.60615092107975022 0.2566597213183513 -0.49165455123321666 0.87151090219178806 0.2442678032194093
17 794 1 -0.067927128741596787 0.61970180063861757 -0.66436193325881876 0.41228485917237173 -0.15609406757616098 0.68770984731354279 -0.071336076438810334
16 752 1 0.13729239752797318 0.56742195318317845 -0.69207888384063831 0.42451141700630896 -0.2353586667917823 0.65032401157930708 -0.39232663530155709
15 707 1 0.34939794520493761 0.484242017262486 -0.68735780277890401 0.41348518179383786 -0.53219601940989247 0.45738253285997782 -0.54816027886278107
14 665 1 0.17697724285251001 0.4340343188609655 -0.77879821222448686 0.4168532238080504 -0.13084677299921915 0.40583311576446185 -0.50354773547300125
13 620 1 0.30655655447952401 0.32302628385956278 -0.69461180980510573 0.56497038198546246 -0.2937698630905704 -0.21149924623212824 -0.56409103916889536
12 578 1 0.37787037931153344 0.33162516830752725 -0.64364061266037764 0.57703161604728015 -0.44372314800331464 0.038484214963595983 -0.4344488015174407
11 533 1 0.29706841971537895 0.42565335066493598 -0.71184264680435994 0.47312749366960682 -0.5056004813605961 0.4788887261882751 -0.40990334342786544
10 491 1 0.078630037510364195 0.55501397262147056 -0.73288601807278475 0.3855578969616239 -0.65193766712827939 0.83675922225410215 -0.28944317994557001
9 446 1 0.11723461883568863 0.59585305367803565 -0.72289881079101559 0.32959443552030177 -0.39284775652528203 1.0000370976827888 -0.044434354581129647
8 404 1 -0.043632011199294725 0.64396588358285445 -0.65117025303580145 0.39922611380187628 -0.095715470391225008 0.85381085398401479 0.13541122382166687
7 359 1 0.067641800544878006 0.50337702540777918 -0.70981592581957886 0.48805482126863264 0.51387486896093248 0.40444034830505088 0.37478955854747897
6 317 1 0.19878961419207669 0.34391883061647383 -0.71904912784922537 0.57023756363118583 0.53468282099471764 0.0071096694332243825 0.20107969810026102
5 272 1 0.15703371790806225 0.37609288341923741 -0.75115097007838283 0.51929449701655772 0.50762085691924441 0.2484737551063502 0.020146728655593044
4 230 1 -0.056392323777494036 0.53364682674471353 -0.68346943118660897 0.49488433674720927 0.05092046387403943 0.6596987756837267 0.036462572490039931
3 185 1 -0.13046089102244871 0.60864064247007543 -0.68063204077084982 0.38636323495300468 -0.36723233228046831 0.74455329107973411 0.036354828861337687
2 143 1 -0.014313733541303006 0.54673394142059639 -0.72262588822421148 0.42271614589340883 -0.19279841220005769 0.60334840504934073 0.018263542916000294
1 98 1 0.14035718184441628 0.47544510562565889 -0.71268312226220754 0.49632104557825363 -0.05616791426460855 0.40039101118699061 0.0657306584911799
0 59 1 0.20962537267588524 0.46758046955438187 -0.6624681642594733 0.54640794189367681 0.017712032831102075 0.21587186284768622 0.094265252843505787
