19 896 1 0.48068865959853724 0.16763460652668283 -0.67843393068827973 0.52968335155907686 -0.54168516183965321 -0.41599045034595544 -0.68324659213287808
18 852 1 0.52331108511948043 0.3983492646724856 -0.60934098501529521 0.44290736673321623 -0.58977493734391351 -0.31801837439828351 -0.26886600100494923
17 809 1 0.38848227626511389 0.48212358430572078 -0.61410494371374924 0.48940115303339171 -0.6776127317870938 0.088523433374669558 -0.26074722303395342
16 765 1 0.14610775208907395 0.66122036215962021 -0.70248523134633267 0.21898551820900808 -0.17711789022818578 0.76433265495372871 0.11596678124808632
15 722 1 0.026107049347480694 0.78589245269748698 -0.59817800006574562 0.15451393142639705 -0.048729931509247461 1.291854773669433 0.52991717847132402
14 678 1 0.20296819619423415 0.68803436613932389 -0.67869889056561195 0.15741803673634522 -0.34674995411949378 1.4041856093785103 0.26756476189376116
13 635 1 0.037082674961481994 0.67402653594077888 -0.71725273172523063 0.17280515877157557 -0.89762946758952988 1.0053331636508633 0.53335115148511192
12 591 1 0.23635822715541202 0.5772368022936506 -0.65891443502443159 0.42043338336790714 -0.79734823371677721 0.41055228184245945 -0.13028456112918974
11 548 1 0.34204876126596651 0.35857026910993572 -0.74112546915349631 0.45294927530448281 -0.54522888516211276 0.081028022434191924 -0.33050802048066374
10 504 1 0.3920744997648018 0.31402658263974004 -0.63571122199277819 0.58611955628714163 -0.40018589168512642 -0.22861246467554067 -0.35651213006712895
9 461 1 0.42162532468565317 0.36283948430255336 -0.56152954006663847 0.6125880914997649 0.46473168680661897 -0.40188828543000998 -0.23025896466121115
8 417 1 0.3798255328918026 0.19630455211738748 -0.5849966480627723 0.68918503258324681 0.45770848947060716 -0.74682936236676856 0.12973458269419361
7 374 1 0.47805424921244588 0.23822522931830672 -0.53799145046975694 0.65213347878146222 0.020879350781946939 -0.72818491541732489 -0.14079161847712263
6 330 1 0.42453062073399361 0.35513265180508424 -0.57351266855255145 0.60393523716606423 0.020483607534383094 -0.12869737311760485 -0.054263249001610836
5 287 1 0.3110866527854127 0.29175106964802167 -0.6635917557821237 0.61461564369612465 0.27761819749174721 -0.015889431464912875 0.086432343716548912
4 243 1 0.14009378278363399 0.40938497678706331 -0.71004078621314415 0.55553555666604082 0.56857022430688775 0.69745320464254457 -0.0075112596894736936
3 200 1 -0.012704439745585589 0.58823830424493073 -0.68562391313034632 0.42864221020990284 0.19684249471768267 1.3497012594382638 0.34838792998234108
2 156 1 -0.076387716730076827 0.62867916943941338 -0.70356310729412408 0.32237613543867061 -0.14971647125927909 1.2562174108021853 0.51898374553406912
1 113 1 0.052172728461009836 0.58010450292542404 -0.70652173947701846 0.40197487948496036 -0.073237352201851708 0.97238092620228045 0.3069439482945045
0 69 1 0.17370433551655132 0.49746453334870844 -0.68410171162211375 0.50434183847723724 0.048355555025499174 0.54285174347046294 0.090913583440762849
