114 895 1 0.25805487274013655 0.38338599479513608 -0.70046262163272166 0.54385198109911359 -0.56953366803464844 -0.27654993964870117 -0.58319268045491768
113 889 1 0.26630058156936487 0.37258312086271927 -0.65790226186062528 0.59785485875978917 5123548.6809859183 1515018.2726546375 -1915765.9891241214
112 880 1 0.26873753756640256 0.33656001998938279 -0.63201993654422506 0.64425017552044672 -0.29393515308610102 -0.39290668684151153 -0.65150510583866317
111 874 1 0.28009916354114417 0.28625531479805355 -0.66029282295625658 0.635307595803699 -0.18078813133587809 -0.38448740011784055 -0.71573336291976486
110 865 1 0.2247909102366264 0.26362189373234002 -0.7051642332679211 0.61864040277016241 0.094185098375210857 -0.35032634172849186 -0.78968057828020755
109 859 1 0.21185868427670557 0.24867543121139155 -0.74535000218033443 0.58114525039627341 0.19771956766255808 -0.24820361268175939 -0.81883583754129408
108 850 1 0.11860794541271719 0.35229049011482366 -0.69635135048972752 0.61393677404987257 0.34500921686878921 -0.042099966406557374 -0.76102929717965706
107 844 1 0.05110820231349144 0.39918822206793503 -0.68835998882438953 0.60348756474695531 0.37303465549111287 0.14396945383207935 -0.7437733924467933
106 835 1 0.0018481864474073275 0.47179145678384465 -0.66802252861475975 0.57546095156472232 0.34712076363607508 0.35949844599532305 -0.77588409161465599
105 829 1 -0.0255665998546241 0.53537351884243733 -0.66186071699084192 0.52408199320193083 0.26062897104491617 0.5041924734537363 -0.75577661988127587
104 820 1 -0.035438349123386025 0.54104923450783204 -0.64677655477847151 0.53636735306950678 0.30853165704960761 0.510167796907251 -0.74399603448448404
103 814 1 -0.016025667115570717 0.54573207945005109 -0.64589261394793163 0.53361259983262432 0.31790022728142397 0.45496672963624535 -0.73195631469157829
102 805 1 -0.0083554861092002553 0.48411597501317954 -0.67001073735359851 0.56271442172722452 0.44158083648349578 0.26848952960082301 -0.60665142622781087
101 799 1 0.021816998308384062 0.43632847290071763 -0.67738139117155072 0.5918580346801372 0.49248677832779342 0.14750233994909051 -0.56987165960291908
100 790 1 0.12406563348939105 0.34709696223813108 -0.71234471572649594 0.59724067457640151 0.5742646512194034 -0.018867601421922266 -0.56917001246173005
99 784 1 0.16598047846999539 0.30812419291375759 -0.69928144691176941 0.62331005167019327 0.66074859364330918 -0.12997207078283146 -0.557922603304009
98 775 1 0.23022022846517629 0.25067113426349485 -0.66158155967205623 0.66818595372424938 0.75354977711279747 -0.34749718960807391 -0.49739580687188689
97 769 1 0.24937757462034493 0.22315595907569868 -0.63597989804046617 0.69537170814889915 0.82289635158680663 -0.41786651272026276 -0.42821878898476012
96 760 1 0.27986353952622461 0.10916306079243129 -0.64763092968095037 0.7002385338746141 0.79940016684034743 -0.61923730013388545 -0.27687100221151145
95 754 1 0.32404375645882272 0.039213458793357817 -0.64497078525187868 0.69099249975748067 0.67797520744738826 -0.8020118478291679 -0.20860511814476268
94 745 1 0.40311235064044121 0.014526651388697777 -0.54707260110531097 0.73348549970700749 0.51269245714919021 -1.0054260473505277 -0.01239903307014357
93 739 1 -0.53464987723788737 0.067821029862588464 0.5074240720864347 -0.67236197672467368 0.12582067377188424 -1.1422135358747141 0.10994065816664132
92 730 1 -0.62515326295788587 0.15934911914688688 0.44831525759042529 -0.61871211872069409 -0.26089932774552038 -1.1001915059515006 0.32310370507086567
91 724 1 -0.63912951062466827 0.21594731132840012 0.42623136545200502 -0.60266661636731356 -0.43150385990472168 -1.0115038427588949 0.41317198476193812
90 715 1 -0.64329067527658812 0.21046706377163288 0.40692784850211722 -0.61342517741202696 -0.51568233513274209 -0.97723399224806817 0.42293233926545321
89 709 1 -0.64103273663396843 0.19654294595152452 0.38019836517282141 -0.63710054471815947 -0.51244578710623778 -0.95779150236219979 0.45357060927745591
88 700 1 -0.58271318167638309 0.17384902821606138 0.43512555192463209 -0.66399368773445577 -0.47816321186049549 -0.97411352630374259 0.33966305929671653
87 694 1 -0.56583691191310459 0.13525625376462261 0.46313141977165029 -0.6686132087795581 -0.44320382611893999 -0.98227839821488994 0.26438594877142124
86 685 1 -0.53127390518111572 0.13662479958300872 0.49655634683139166 -0.67269123395059371 -0.4385692830434047 -0.95368776237063035 0.17252099624288783
85 679 1 -0.51056933130286708 0.13373946377505264 0.49128870540920755 -0.69286948388527658 -0.41600092235755809 -0.94472781350112967 0.1362099316397456
84 670 1 -0.52324374506093962 0.10173019205289975 0.48672623456085784 -0.69207262904242317 -0.47125763666883086 -0.9322264867957003 0.067064196038643026
83 664 1 -0.5123154113273668 0.059941125233886554 0.51029886089687404 -0.68813883293236644 -0.47781174070236765 -0.95191589636135465 -0.027563580315099069
82 655 1 0.49543711510829291 0.038885222046819719 -0.50907689020225833 0.70275936446378251 -0.4817312450791541 -0.9551774668307681 -0.14605510589939505
81 649 1 0.49361328941700949 0.070562929741542019 -0.48710743126565553 0.71700288971731796 -0.5277260348961792 -0.9154947049008364 -0.17692604994116282
80 640 1 0.49248165916897058 0.081307469586039516 -0.44616222853565629 0.7428258050174279 -0.56772752887701405 -0.83553878609222365 -0.19867219631147415
79 634 1 0.49327298883332493 0.067606759287207011 -0.4179608591534999 0.75988144128001189 -0.55630522478485123 -0.75877337143730295 -0.19980520388689393
78 625 1 0.38954233142575112 0.091182716869799701 -0.45391276586051177 0.79618194224718042 -0.42613354385257968 -0.70514791684905653 -0.34196545988927407
77 619 1 0.33804453059085465 0.097588008274395524 -0.5012930403289737 0.79051107752920136 -0.38185552722244187 -0.68838138606051924 -0.43198473622335931
76 610 1 0.38542430712532288 0.19663798244263561 -0.54116965837458519 0.72105270833177604 -0.49319620168652101 -0.58633032863028178 -0.45279565918523668
75 604 1 0.39303237314666822 0.2005484301133918 -0.54670694482663829 0.71163009865805649 -0.50703685468501325 -0.57283701050982139 -0.45438354532717184
74 595 1 0.37545940389901145 0.18650498663983317 -0.53293208776201273 0.73500307197718373 -0.48728288159816507 -0.59954230162219502 -0.4545681992896502
73 589 1 0.38275921953807018 0.19688387399585741 -0.54154169205431268 0.72212513859160365 -0.52285014452422929 -0.57380556727800758 -0.46894383037980558
72 580 1 0.35288112356425283 0.20299286472840172 -0.57430563986016758 0.71024069267128809 -0.49998672648850195 -0.53362621808610622 -0.53211051696697265
71 574 1 0.33925108165913243 0.19309308379010692 -0.58325059801555412 0.71234998736578503 -0.52627215341723654 -0.4832981992443362 -0.5663873805700157
70 565 1 0.31942479902629628 0.25100574000256237 -0.60582597717979925 0.684060524827239 -0.59035590234111601 -0.39559170339026906 -0.60119364437096634
69 559 1 0.28930835074112049 0.3222848216805822 -0.62432219810160605 0.6501191928126312 -0.59632988638946349 -0.3224747402053012 -0.65910543851670023
68 550 1 0.17752895738025218 0.36428767954822061 -0.67260020029743572 0.61918246614443384 -0.47916199921793562 -0.12581670955898916 -0.82099812532048289
67 544 1 0.12256644304862523 0.39893902016777427 -0.70272222048271693 0.57620014410430698 -0.48355905034620761 0.0014777688281042835 -0.86982321111365479
66 535 1 0.076487785635962646 0.47508030732513917 -0.70649789240771654 0.51894994774430114 -0.54609997750055739 0.13713247944092732 -0.83647815878253462
65 529 1 0.020910724310176224 0.48767572479519106 -0.72649247047081622 0.48367739186726411 -0.52645661807632083 0.30151433559414537 -0.82829309746205171
64 520 1 -0.057778159839020495 0.49743803235873063 -0.76677633183999816 0.40158578801880945 -0.55179492819915932 0.53824727682289586 -0.71644620228310263
63 514 1 -0.033351451787287489 0.50464679169370208 -0.76752744761425784 0.39385392400695485 -0.61568918680507734 0.58321995878175348 -0.66159864781777467
62 505 1 -0.062488427004673157 0.54729396903579453 -0.74968261053732044 0.36679761641193487 -0.748252696732151 0.62449104081831253 -0.5870454710948082
61 499 1 -0.097375675865150849 0.56842797064588568 -0.73579898255049914 0.35497531916297442 -0.79463080985606993 0.66897360008296347 -0.55514551719950345
60 490 1 -0.13180499976434984 0.59685480575699446 -0.7264566790952296 0.31408991750744097 -0.84610215206515949 0.73671642189280884 -0.45749405685695116
59 484 1 -0.11952471692653756 0.6087871755895351 -0.73512850588276435 0.27327293448111967 -0.90848778950544939 0.75430079664420946 -0.41295351433528865
58 475 1 -0.062031168401757271 0.61891351472330136 -0.74290618826848742 0.24736327712890116 -1.0144186402925266 0.73613842493253567 -0.40966590960715743
57 469 1 -0.049716092491910918 0.62363468638417474 -0.74698331934048057 0.22499779712905077 -1.0557829624865265 0.76652283219888517 -0.36555443551951078
56 460 1 -0.014372477483534943 0.63354939182437664 -0.74397340129678502 0.21192493523141781 -1.068231832266064 0.80498307443297956 -0.32120820602679423
55 454 1 0.0071761623636739432 0.62379423402060585 -0.75207453190105056 0.21263385140233801 -1.0405339715123707 0.8631909150346212 -0.31362986370191909
54 445 1 0.026867092768868901 0.64375024217339083 -0.73061272101619645 0.22598415191592347 -1.0896762736697216 0.86901807469187897 -0.34928231473707949
53 439 1 0.02869670274883156 0.65533237025819391 -0.72558014793037329 0.20796497943754963 -1.1267337010678578 0.90779507108859903 -0.29647935870506337
52 430 1 0.060860752310658031 0.63419704503082641 -0.74787411456604946 0.18647891479841899 -1.060607896930615 1.0374674373963881 -0.20724795794194081
51 424 1 0.065693818777934343 0.65267075076686565 -0.7373845897069643 0.16114955826957816 -1.0632399021097123 0.99835686371453236 -0.11344036681701659
50 415 1 0.071094080974648088 0.66800270743156387 -0.72452741174883573 0.15420131043218788 -1.0251082183359939 0.95165184216324117 -0.063515882294139764
49 409 1 0.075739743369845958 0.67986420203597886 -0.71211081271560095 0.15794413087474385 -1.0026486161418093 0.91495912103293742 -0.053220695582093185
48 400 1 0.046233621373870923 0.66045894725302801 -0.72247010340950968 0.19923197767309342 -0.89158553382513206 0.93409787159746316 -0.14943480017321986
47 394 1 0.046547873982596896 0.65109172021759587 -0.72577239861919141 0.21718032299068413 -0.80210205423939784 0.93987595655952227 -0.16914102142890783
46 385 1 0.023266589014002761 0.65794271868779819 -0.7080791712527954 0.25533102435723876 -0.70548425822939376 0.89948358446105814 -0.17793933765571204
45 379 1 -0.0056070305204417728 0.63880477435375727 -0.72304461419473631 0.26287545978195292 -0.58693468412805194 0.91837548295124471 -0.13048834881327531
44 370 1 -0.0065098300377736335 0.6617342652601802 -0.70567647461777872 0.25315232067763538 -0.53921549688723003 0.87611669533978753 -0.048996854577883636
43 364 1 -0.0027570147829814626 0.67262021567431762 -0.70364693325154748 0.22903152110880592 -0.48938443045650842 0.87762577154332944 0.039045937015111269
42 355 1 0.0019970968556371855 0.672092797683153 -0.70717674386804719 0.21951841799440885 -0.33633716423915255 0.91851706273024603 0.14820151708922399
41 349 1 -0.0087730710255957221 0.65856081575902103 -0.724151277343001 0.2045131113011899 -0.2176031912438543 0.93575410346826138 0.25045714799122382
40 340 1 -0.029528709209302111 0.6612829060450236 -0.71843742260975796 0.21373030505505994 -0.16864035779350023 0.9373299264563435 0.28824582116510272
39 334 1 -0.031812230243567566 0.64631741518648578 -0.74235928668581797 0.17367921667520689 -0.050170342288912206 0.92166382293408511 0.34083645978014254
38 325 1 -0.078153296524982138 0.67880055697124975 -0.70698873203520884 0.18245218242884081 -0.058778932926582983 0.97009151967569596 0.35992040257661456
37 319 1 -0.12120483378664389 0.67004919477679936 -0.70417696350511505 0.2011921194143316 -0.029956217037328065 1.0223002706422402 0.38477635631959717
36 310 1 -0.19605136149294292 0.68043355938924222 -0.67939489103411899 0.19234504659696236 -0.11482068188907074 1.0883164397629503 0.48734893752681951
35 304 1 -0.26582961289880402 0.68754350384319929 -0.65878181852514484 0.1504162983515808 -0.21708553728298896 1.0582127149129499 0.62262334785634188
34 295 1 -0.35117767986577486 0.67777680431856968 -0.63585774563666375 0.11392000704730697 -0.32492855198907927 0.97822132682608398 0.74026847971214627
33 289 1 -0.40236262771854869 0.66146458344234582 -0.62344610973113035 0.10901315942576888 -0.38479900835216257 0.93459532250646027 0.77062111129258815
32 280 1 -0.4429252767379766 0.64897705000495831 -0.60227403461530704 0.14110979775213606 -0.44987439668238199 0.96258226022415905 0.71880214733878478
31 274 1 -0.48103140422442442 0.62505564593171192 -0.56065114046351094 0.25215972385718838 -0.51018736714899604 1.0558938913294724 0.49260157561794354
30 265 1 -0.48781610099252476 0.62418963422168205 -0.53553570890742119 0.29261622755356437 -0.49384551260831888 1.0716609751325705 0.38761662165345834
29 259 1 -0.49606503728373141 0.62473008992604961 -0.49985798885209792 0.33730369773605523 -0.52127832845916922 1.0692151192725616 0.25887831605832329
28 250 1 -0.48990705062439127 0.66488564509441928 -0.48281464168392729 0.29121844459358898 -0.56205969447965798 0.98594778378050663 0.26402014532491108
27 244 1 -0.52031720150117955 0.66628881950072816 -0.49111252193477201 0.21008976564596207 -0.57393176297482029 0.85964998540773141 0.40053188192486083
26 235 1 -0.46179041471057186 0.69423628451826069 -0.52370286729568727 0.17470232089469995 -0.44389731541351229 0.81742654024800165 0.41988322603022787
25 229 1 -0.37199564789266304 0.67727234407873105 -0.59775691756872895 0.21356047713411458 -0.24148058668133318 0.88406097982377241 0.30735213843689957
24 220 1 -0.26698873738468215 0.64981690576259821 -0.6555959501544113 0.27685547355252083 -0.061911706362148489 0.84936649314729806 0.11876164925141286
23 214 1 -0.21805771669323037 0.6185330697256225 -0.68870046500722659 0.30912674317367489 0.040810491080651122 0.7851154320656375 0.044203093404270651
22 205 1 -0.1676150357542055 0.60377446722436912 -0.70860178742151114 0.32441501102767334 0.086469637164844029 0.67625523353553585 -0.022238338058703594
21 199 1 -0.14474585451438882 0.58722740067110202 -0.71936255785384184 0.34165791057714218 0.10002413087460066 0.57534029233686934 -0.058864930433005877
20 190 1 -0.096942021488041361 0.53292075853988807 -0.73407915042034166 0.40954305085696657 0.14740225892353612 0.3814286547579096 -0.095697750825749467
19 184 1 -0.070166272198944127 0.4998904348837962 -0.74282011105382995 0.43977781887149398 0.17438083873602825 0.27408901446801653 -0.085780536343563668
18 175 1 0.034706195526858649 0.45565848086971783 -0.74884925308831118 0.47999544263735572 0.22698011857272457 0.14194199009994737 -0.10980744982536804
17 169 1 0.059018090600359063 0.433429528850861 -0.74834738308101822 0.49863002590878974 0.25788198948546459 0.049288066448324147 -0.14208287287369667
16 160 1 0.13686707126277461 0.38410433896390878 -0.741434044449235 0.53292290185795066 0.27417566158742351 -0.1411678120607163 -0.18375340579216759
15 154 1 0.17707208464921792 0.36517582146480881 -0.73359516666424462 0.5450965306276877 0.27042153119794043 -0.25004807165290283 -0.19467166898767743
14 145 1 0.21869266104327445 0.35660146187691821 -0.70870089983499507 0.56811262260763462 0.242454430606759 -0.34397610154717512 -0.20393271358565651
13 139 1 0.22775095152107 0.34045821122052822 -0.70176155377995697 0.58287943189831803 0.19796537735816316 -0.37752088507005299 -0.21388036909947633
12 130 1 0.23883124501812567 0.33223431170969775 -0.71258515838044123 0.5699143712715069 0.089708193469321171 -0.39756671886906086 -0.28244052946078541
11 124 1 0.25620514817565931 0.34115339928213101 -0.70139961065064138 0.57097448838425702 0.027270805867189184 -0.41165275614514307 -0.30782233744430798
10 115 1 0.29429411389441734 0.34508585931945651 -0.66860580174632489 0.58929874095912183 -0.1098678016183503 -0.44897930467897734 -0.32800189903270305
9 109 1 0.3222518488094947 0.36158736392025576 -0.64097408270317702 0.59544987152142703 -0.19961668614056388 -0.47582744614262545 -0.30935332766768409
8 100 1 0.35480828410224236 0.33918974925566175 -0.62153102794500381 0.61054121632690028 -0.26135653567724287 -0.43008867591953243 -0.26414216772517701
7 94 1 0.37990066569483655 0.33080870022982262 -0.61776871055066906 0.60382357383712604 -0.28154950671506723 -0.39297359356419798 -0.23785347353096059
6 85 1 0.38083083345018187 0.32787168366356079 -0.59473391597738823 0.62750267292774364 -0.26378285694646036 -0.35858908575432502 -0.19214774473351776
5 79 1 0.36704711884706498 0.33922526405651698 -0.58548749579758042 0.63828443897414044 -0.26111045253449627 -0.284391552132082 -0.18541492345753949
4 70 1 0.33946625899824845 0.36660735797338773 -0.61192979904246703 0.61310979858859904 -0.27043306048664478 -0.11418435913818241 -0.188531664529624
3 64 1 0.33763249610825946 0.39651275967311989 -0.61111859596277984 0.59608387887661729 -0.25530264260483926 -0.080895730439669494 -0.14880349349925087
2 55 1 0.34314565182564488 0.41571712307701442 -0.6051021320886022 0.58590250465034843 -0.19869770724565755 -0.088777723203290124 -0.090953021429111811
1 49 1 0.33819792465187065 0.40762223770421441 -0.60904466997210138 0.59036502696954418 -0.1678164601928902 -0.10652170649799819 -0.075770796585820518
0 40 1 0.30286842908487249 0.37342923281673351 -0.62680442858415142 0.61313744874119613 -0.12733269088247687 -0.11154710319817743 -0.080953551111673794
