19 881 1 -0.60231144713170082 0.66325122026034311 -0.33101459276957312 -0.2962230221486436 -0.60405760861028712 1.015923765654138 0.17506246100853448
18 839 1 -0.63473613656651373 0.68373092541453617 -0.24171653195289053 -0.26682424318090958 -0.48011535481343504 0.88525997700700698 0.11931000735400422
17 794 1 -0.49320951317210793 0.73907600752332381 -0.446405545407763 -0.10598641539892628 -0.15659628503711667 0.64079100613799045 -0.19036357391564879
16 752 1 -0.35157533201912278 0.7107224527885061 -0.60632824498809867 -0.060286319738275293 -0.2829586001838974 0.56501873327671659 -0.49970678062916973
15 707 1 -0.20495910030932038 0.6350247311775159 -0.74463867029444575 -0.015767330003443446 -0.59602096888216571 0.4034793552976691 -0.63135518030785154
14 665 1 -0.3895136402751665 0.60162160260947251 -0.69707702140482108 0.020351843714533736 -0.18127652726976315 0.36165484401250969 -0.60973589719584242
13 620 1 -0.2369756679205641 0.61993506584634128 -0.71882586956959349 0.20691161442802769 -0.34719491582639578 -0.2944993212967783 -0.63481232469654691
12 578 1 -0.15385604144327653 0.63223225148853346 -0.73048681629343792 0.20736371406449522 -0.50488241605914752 -0.036569842102043226 -0.48933023541151105
11 533 1 -0.26059170898491568 0.63207386281542577 -0.72698239848543633 0.063805841787957188 -0.56593027276830532 0.42869588555375399 -0.48355969945433935
10 491 1 -0.44678969000547863 0.67042828634561991 -0.58288472377742229 -0.10559490782893838 -0.70675366924763172 0.81829969613730436 -0.36977230947768525
9 446 1 -0.39261699630159264 0.66714854950723612 -0.61438052077314587 -0.15264757711809399 -0.44934254251284728 0.94959634603369936 -0.1518419560459314
8 404 1 -0.46612939513673635 0.74849804055319746 -0.45268845727348606 -0.13246596139701486 -0.10369882195842862 0.80358366349806454 0.018670859771243876
7 359 1 -0.42163848566625595 0.70378708108760402 -0.57104608735912488 0.02847978249726724 0.49561119606680692 0.33336989878382278 0.26952379140803645
6 317 1 -0.32983124773370731 0.64006968608226877 -0.66572282725334941 0.19579392802326351 0.49398592893710735 -0.080296694994248644 0.11400662372544426
5 272 1 -0.38297086092979354 0.62991492307113828 -0.66178606304711907 0.13630743240032525 0.47129425845704559 0.17530230244259057 -0.079713474212538216
4 230 1 -0.49701458527822934 0.73024948854783178 -0.46855004171696168 0.013154653297343145 0.060887525828031724 0.60044607884885326 -0.076962500060645964
3 185 1 -0.5505284485529186 0.71334792203755149 -0.4172582786954781 -0.11810460752532237 -0.36166972372034506 0.71364137006850181 -0.087015031529523168
2 143 1 -0.49174429150931526 0.69188829139127972 -0.52632663439437799 -0.049582435708061305 -0.20525113713722715 0.5544819292133234 -0.099423789553507891
1 98 1 -0.36969938816402487 0.6879171194639524 -0.62241085145078068 0.051933911232240976 -0.092303484221064019 0.32600080173689006 -0.032047802653902738
0 59 1 -0.28473635444633966 0.71520527082662122 -0.63127383032500839 0.094339706302385348 -0.024348816853597296 0.12564508149702355 0.014281050938629856
