19 867 1 0.52120237479874154 0.39719195114559508 -0.58930258173162497 0.47255592855634426 -0.65784835504009176 -0.39824905221775864 -0.27708253649077536
18 824 1 0.43795489319580044 0.44229787627923062 -0.59285927321832088 0.51096573498012754 -0.66708020320657069 -0.12558226349436427 -0.21793370374334453
17 780 1 0.17249822184590283 0.65222469193437227 -0.6547153924935355 0.34087397894698646 -0.70375162685483905 0.48514365761599088 -0.091024801419780713
16 737 1 0.0374431733999009 0.7451456960202002 -0.62063787073297694 0.24117324453668776 0.05819325761605882 1.1906741988577723 0.36469774232655272
15 693 1 0.20236385471142182 0.70792611678825978 -0.67416283936813715 0.058257613155030176 0.01204138846967291 1.4886811455911 0.35909441760969479
14 650 1 0.0083946668552256111 0.70500606619229322 -0.68520983362888566 0.18271141206485342 -1.0284344135222847 1.1012249398547651 0.55877518764775669
13 606 1 0.1672309012086011 0.61433438992070599 -0.66689558405350169 0.38713997857577548 -0.84881039417880411 0.62363163734897631 -0.12550489503298212
12 563 1 0.38603883726818483 0.40520889051452297 -0.70951578807380089 0.42821386904516617 -0.63006096951537915 0.18202987665884804 -0.24468902699106496
11 519 1 0.43488494320470367 0.30532011135620579 -0.66753854465789741 0.52158125653755227 -0.55185712738501291 -0.08752972302012349 -0.32254364430737825
10 476 1 0.46034869357595493 0.33830709742641407 -0.58309517037461966 0.57760489128782466 0.035301632186682384 -0.38770093859948829 -0.26925257470258518
9 432 1 0.34999824639715471 0.23618535150804765 -0.60469107239753606 0.67532689433684967 0.57203102094253477 -0.684663440952331 0.094721191020844614
8 389 1 0.45156606111318487 0.28390082132813743 -0.52393463609679325 0.66406393758286064 0.17828977118234229 -0.85908198834807525 -0.078068990970585617
7 345 1 0.49056266228625395 0.22669509592813444 -0.53587014901530727 0.6486915994885929 -0.046070763810218934 -0.30128327181403691 -0.14376476301006286
6 302 1 0.30364874238957307 0.32421274353543494 -0.64612009001547233 0.62065478927730433 0.16639336188475137 -0.043050898175602571 0.12944345866757306
5 258 1 0.22598086399299327 0.36115457894219188 -0.68438486973915336 0.59170716515028843 0.56018497032694281 0.43276792224552985 -0.062032836389956221
4 215 1 0.043813589987921515 0.5525966394402666 -0.67460549001098424 0.48746769765671061 0.34173747691137635 1.1999350472713077 0.11764543826803429
3 171 1 -0.049503568905818369 0.58796792353469463 -0.71534573129824019 0.37433087272261212 0.060576197620473414 1.3227238804182766 0.44328985537751442
2 128 1 -0.019841631015285639 0.61783630991960192 -0.68586235103225734 0.38402791468861691 -0.18942129492032395 1.1042587335536278 0.328669197160677
1 84 1 0.13267935253047106 0.53186054799875826 -0.68967679192943743 0.47314529435309288 0.017541174735116592 0.64339480221280809 0.13059569787096029
0 41 1 0.26688080461355701 0.4474212593606251 -0.64906605589276689 0.55434836329584358 0.044432837310537043 0.25322397563555293 0.16131720273866709
