19 881 1 -0.60328913705513554 0.66362289829063026 -0.33122931021225588 -0.29314503241898365 -0.59656621670703636 1.0144747985017326 0.16803607236971135
18 839 1 -0.63573277071477774 0.68279494544664598 -0.24228262073276527 -0.26633444839653558 -0.47960503654526959 0.88562613599762829 0.12004298356169596
17 794 1 -0.49422630891730274 0.73825190923422412 -0.44684030593045049 -0.1051580481084692 -0.15605602993063233 0.64150236148460404 -0.18970801530548195
16 752 1 -0.35252056228654505 0.71002158111829261 -0.60673346390624516 -0.058933108587507985 -0.28164285852607857 0.56555619647602973 -0.49884919200253802
15 707 1 -0.20061505650167064 0.63640728409251746 -0.74470755920575593 -0.012248229285198199 -0.60012188004022593 0.39302487625200683 -0.63335992230967775
14 665 1 -0.39046705159970596 0.60136214454082326 -0.6966424270796383 0.024256576858361203 -0.17397304499874811 0.35797854684933833 -0.60857057141201276
13 620 1 -0.23966400674473368 0.6187762126363241 -0.71812863136556371 0.20968650733780925 -0.33960520150780948 -0.29377142492831554 -0.63446651020932154
12 578 1 -0.15066228855744671 0.63531046962425064 -0.7274237203886621 0.21103604670379028 -0.50668105342750458 -0.052154860699527787 -0.49017114834937608
11 533 1 -0.25865615655518615 0.63510524045119188 -0.7248062092998242 0.06628940479407136 -0.56792983832682531 0.41741476992327542 -0.48774712049506297
10 491 1 -0.45834038454409637 0.66753041665162616 -0.57505742004289095 -0.11677413409865407 -0.71491062904878655 0.83482889555421969 -0.34234657069393837
9 446 1 -0.39373062338390791 0.6663394067960029 -0.61477099794050927 -0.15173862808033001 -0.44819342305428106 0.95053763016822423 -0.15093851617409879
8 404 1 -0.46714082213149904 0.74762454187463545 -0.45328516800040181 -0.13179360058779852 -0.10354428446274015 0.80461176014330771 0.019546419573021362
7 359 1 -0.42249964736384382 0.70335318813418413 -0.57088991578787196 0.029547331023685487 0.49678328323184689 0.33310145147549614 0.27034733375064346
6 317 1 -0.32957683279431171 0.64038010413097779 -0.66526300408312111 0.1967678045737398 0.49270002935431911 -0.083616680255431453 0.11511151188349897
5 272 1 -0.38366444340591949 0.62951425060218624 -0.6615116008277071 0.13753474152067244 0.47181186530030028 0.1746971123825399 -0.080228403667614676
4 230 1 -0.49799604375921458 0.72933113253648818 -0.46892384524817204 0.0136552872867033 0.060653105136888735 0.60153539069748341 -0.075945171662745406
3 185 1 -0.55144087826063559 0.71246183818474362 -0.41773860445826266 -0.11749700106308408 -0.36151092665205797 0.71421887066519141 -0.086019580686556185
2 143 1 -0.49281825620361414 0.6908927218597718 -0.5266870677218124 -0.048970868158773551 -0.20489023964766959 0.55590823706267578 -0.098352898057188581
1 98 1 -0.370729349742491 0.68716086599559811 -0.62253707182627771 0.053078128128763745 -0.091086499466338913 0.32679203851159966 -0.031873733607687457
0 56 1 -0.28591123512530803 0.71324670226642539 -0.63326378395913274 0.092254470140752234 -0.02118793192705537 0.11748443589847697 0.012217693101443432
