19 881 1 0.27678286418848219 0.3355850952845133 -0.63009653613244121 0.64323576165229135 -0.32303225125407775 -0.38584938387090539 -0.62563772814560337
18 839 1 0.020412408509892434 0.43142157850109691 -0.68596072554787735 0.5855908453760843 0.3618988532852494 0.27187959816034418 -0.75678159275697054
17 794 1 0.088119096581635623 0.37832164651743933 -0.71374149615488436 0.58282144200480246 0.52287130295021633 0.045681850340984098 -0.57499907783499871
16 752 1 0.3433358610072737 0.027639155621571397 -0.62219991071506942 0.70301055093723908 0.63510931624195299 -0.84979651943103296 -0.16672214639301799
15 707 1 -0.63582913123167772 0.19174535163172768 0.38864035612130143 -0.63868122690329887 -0.51803312518626821 -0.95779423655297635 0.42663619443659256
14 665 1 -0.51045679170517455 0.0763078145990327 0.50618179137326924 -0.69093485605759364 -0.47879049453111894 -0.94733262676873364 -0.00044314236098303106
13 620 1 0.34262806503836496 0.091377768736989454 -0.50386110941758833 0.78764211088869052 -0.39681699334351733 -0.67507570969489994 -0.42386100157322254
12 578 1 0.33881619555054965 0.2008180662272975 -0.57782423353845247 0.71483903436023999 -0.49603869730071609 -0.53100197162022733 -0.53386372076986555
11 533 1 0.057938501392826885 0.47903936608358128 -0.71168560555216476 0.51055657340635885 -0.53330058250928991 0.17023279000671704 -0.83006582335451351
10 491 1 -0.13686622255158515 0.59135895427540364 -0.73026196166385082 0.3134959197017172 -0.84088984492348562 0.72859973861133898 -0.44423823716008304
9 446 1 0.028664544166691844 0.63775332843887644 -0.7372843446855859 0.22104486208549745 -1.092333778114202 0.88536053815320681 -0.32790455677932628
8 404 1 0.055729010523991228 0.6625980129352399 -0.72679552989085794 0.17212323599954679 -0.92594151023826454 0.9665123340024131 -0.081638427841282446
7 359 1 0.004014974480054982 0.67000081261670086 -0.71137387567542343 0.21220273344001128 -0.40148325940334639 0.9131037095708483 0.10493429557977878
6 317 1 -0.12834932066443297 0.66471056149350294 -0.7075667267552701 0.20257257591491398 -0.011313086731559405 1.0477483441337241 0.38552498826669523
5 272 1 -0.48781634790931944 0.61897386872240956 -0.55636686426021631 0.26336756236196063 -0.49680766702110635 1.0447951664256081 0.46694714662867526
4 230 1 -0.38606383730360427 0.67773957898844006 -0.59172329670626433 0.20368435564387041 -0.26301720025516589 0.87372492442555505 0.33044120584642245
3 185 1 -0.07285619814721081 0.49719282991884339 -0.74521616105846378 0.43834248888980903 0.18044275477478491 0.27721082765623606 -0.086725434737553134
2 143 1 0.22071534124231837 0.34876615489758028 -0.70957655372731587 0.57109370661802061 0.23033474183717756 -0.36091816930854137 -0.20998820044192754
1 98 1 0.35936324802677239 0.33285578545068401 -0.6214411238514268 0.61145401433462876 -0.26589771345585023 -0.41981158425815207 -0.24673379749780674
0 56 1 0.33652013050760404 0.41252785260246966 -0.6108443348126551 0.58604110028019818 -0.20393630000110399 -0.08329627789340803 -0.093442821028149589
