19 868 1 0.28207079909628802 0.31432784032921662 -0.66754136374879147 0.61320681729377058 -0.065377562811598858 -0.35000521398331719 -0.77228408944584803
18 823 1 -0.038248817152742073 0.55958492485251266 -0.63752210755777483 0.52817355314263592 0.24352461530310407 0.5321637093338808 -0.75050271735292151
17 781 1 0.19722233822242907 0.29045598703798153 -0.6668875913804535 0.65726677183822935 0.68400690708976197 -0.21823621411483693 -0.55238893446868853
16 736 1 -0.54408989391448015 0.12243885399479017 0.48864276267325291 -0.67097180630755526 0.015203586184875576 -1.1228858915691173 0.20925384511692882
15 694 1 -0.56976147333971283 0.12997868392005546 0.46241566037003423 -0.66682018735841775 -0.42527756956667501 -0.97096323943123541 0.23496118431161553
14 649 1 0.49601632787184013 0.07419308875105296 -0.4856417760025688 0.71597154515188965 -0.50474221417367238 -0.8997842718241722 -0.20343218794359871
13 607 1 0.39965895624128633 0.2035878304075458 -0.54059303246785184 0.71174706690880452 -0.49450939504699143 -0.5642447023635847 -0.46546298543775494
12 562 1 0.31522618683282705 0.28934619158458602 -0.60871768634596246 0.66811227415753283 -0.58467077133925682 -0.35160068555035973 -0.62694559368441194
11 520 1 -0.061106448108062358 0.49591078553898632 -0.76685814531052343 0.4028238818101858 -0.52042022060827819 0.56549886760361034 -0.71090114163082307
10 475 1 -0.066906273053571275 0.6170956566891127 -0.74503843547648441 0.24420120962899911 -0.98142401317334249 0.76617321851916576 -0.39569133744865082
9 433 1 0.058340528230505485 0.62649650105536359 -0.75326183010047043 0.19155973544788191 -1.0202665379691096 1.0059248720433973 -0.22822766997064256
8 388 1 0.036944306782445133 0.66269952519951358 -0.7027145641844037 0.25623563136267258 -0.74070039948295863 0.84773882073569296 -0.21626365849901741
7 346 1 -0.029376962401247309 0.66402785883682147 -0.71546858582867656 0.21519456187593552 -0.20453648812294375 0.94673601139181363 0.25021479918881923
6 301 1 -0.30477473985246661 0.68260522005075086 -0.64957761971301309 0.13860514952664513 -0.25366429404504998 1.0184939040261041 0.67410756302138741
5 259 1 -0.49860270464827289 0.62343985995301265 -0.49557801975221094 0.34222873970149326 -0.52164039202842605 1.0689895971965437 0.25370578217301692
4 214 1 -0.21938510920168736 0.62082362946932179 -0.68543221362349238 0.31085507150487507 0.02807946772211237 0.79362981179207237 0.035974644459464043
3 172 1 0.043991446097282602 0.44839266567713398 -0.74464143853987264 0.49246106246737215 0.24245525607384688 0.12258403474121973 -0.14112414662156852
2 127 1 0.24574328887262148 0.3407006735464046 -0.70560118447440334 0.57066650110849548 0.069343451249594387 -0.38105566417545944 -0.320732950976655
1 85 1 0.38293027066639657 0.33646944116535715 -0.59124330423074212 0.62496726167979921 -0.26377181079153728 -0.3384116379744006 -0.21577955024399931
0 40 1 0.30568615537636418 0.38198595314370365 -0.62307295702780319 0.61026452971866463 -0.13316418441970496 -0.093502440494283551 -0.10531516841372263
