109 1693 1 0.1141516626099847 0.70131994856072055 -0.66660091994714232 0.22530632747392645 0.27483364834151064 -0.53658984174705293 0.10760954531170071
108 1678 1 0.050526906859985107 0.67896049024265204 -0.6995788679134195 0.21690802645729476 0.20261822887235212 -0.592388706810418 0.037754088803894734
107 1663 1 0.01598837123702198 0.66572380090524819 -0.71495965838766695 0.21304666101971004 0.15636164163412239 -0.6174710206521099 -0.012945543804361363
106 1648 1 0.039693010511782298 0.66998212376530819 -0.71024665150531585 0.21236316247627587 0.12819290153655255 -0.62959711886075842 -0.015982179099215121
105 1633 1 0.05228772145411055 0.65374727382805509 -0.72558722613441307 0.20833548285899697 0.058539694674507613 -0.63828751980477094 -0.032465596204154464
104 1618 1 0.026402608138555522 0.64565765125685448 -0.74286043464530194 0.17489275083763994 0.0014069708100233383 -0.6511810399691681 -0.10678624535728083
103 1603 1 -0.009516799574781196 0.63574900461675599 -0.75157026940972149 0.17571216177048229 -0.047683762637896407 -0.65778296780893764 -0.15645097460780721
102 1588 1 -0.016019592079314304 0.65455670312901615 -0.73322706250883818 0.18351286021188176 -0.063341028554527265 -0.68096865892713232 -0.1596009101305069
101 1573 1 -0.041029032779474971 0.65487290277488586 -0.72583947325962028 0.20643439330347249 -0.11212808770447578 -0.68421837297806165 -0.18658186159399029
100 1558 1 -0.063049115106674672 0.67362088429668943 -0.70431103067488354 0.21495507761691707 -0.11744181947743862 -0.69888716161772502 -0.20975495254444518
99 1543 1 -0.06129668519091655 0.6698203081540608 -0.70166016324416747 0.23506698297543396 -0.13844006191905714 -0.68372660376062155 -0.20239974395892452
98 1528 1 -0.068646195833465068 0.67262407899093446 -0.69618571023426246 0.2412260454942757 -0.12327736148085328 -0.6862895240849981 -0.20432997350810361
97 1513 1 -0.077541808911300691 0.68885878728930205 -0.68385169494348519 0.22761304525004269 -0.069145391748903523 -0.70032823686625845 -0.20643788723295603
96 1498 1 -0.038536070662994248 0.69363262731119557 -0.68681787850594722 0.21370529088399876 -0.03453073003096134 -0.7104989284064912 -0.14679708846596143
95 1483 1 -0.012605025938537287 0.65604863926947798 -0.72561293335168053 0.20718872359885993 -0.085827641668257862 -0.69476929772105722 -0.12253294793925798
94 1468 1 -0.012827376623720113 0.65444724061233361 -0.73014533489462663 0.19601545244053903 -0.076798471856721798 -0.69035640442360902 -0.1311512620871931
93 1453 1 -0.0088911855836073129 0.6510869697256515 -0.72355639653058079 0.22906952156947324 -0.054533230409592556 -0.68877503244514715 -0.092804733464308301
92 1438 1 0.004198424144892055 0.62861723480834553 -0.74580955849020658 0.22043331826484885 -0.078082412688371572 -0.65836064481152123 -0.090708254381804215
91 1423 1 -0.0042985613211017244 0.63201993145700153 -0.75136305063482878 0.1896994853772129 -0.047746217050777064 -0.63446343509909697 -0.12821847883340134
90 1408 1 -0.056407662686133966 0.63321316895737967 -0.76155831583233846 0.12604836308279646 -0.010519759657679076 -0.5978149492970789 -0.22698935242273305
89 1393 1 -0.051915793690983106 0.65790633925375686 -0.74560054589306624 0.092432813973813852 0.048154297295542506 -0.57863458317327288 -0.22393883723846406
88 1378 1 -0.018390032756994485 0.66553035583926812 -0.74186694693426725 0.079778350434707046 0.088196855495559709 -0.56334431153061515 -0.17523518840258001
87 1363 1 0.013593085807060798 0.66626373521355198 -0.74290307056339688 0.063268403686234029 0.12467727032142212 -0.54480607834605976 -0.1396561263675716
86 1348 1 0.061692731528056099 0.6693653591896338 -0.73878816410000503 0.048332922312682894 0.17680378043104761 -0.51769772778170242 -0.095525419696939215
85 1333 1 0.10144508387285441 0.6603385669147952 -0.74334046925283603 0.03326888597350118 0.20866623881999058 -0.47884361325557989 -0.066280908666128013
84 1318 1 0.11373237798644396 0.65740215063427654 -0.74266306495514101 0.057783479389983211 0.21539609201488649 -0.44956783151148572 -0.041196493564117337
83 1303 1 0.11198420008900684 0.63848409394060479 -0.75395000020576519 0.10656921649799697 0.17554854054112631 -0.42344818480409607 -0.014944092486034245
82 1288 1 0.11763709766347551 0.62736455314652173 -0.75491833051353285 0.15057737201598231 0.13568495958287943 -0.39769643982014408 0.0034891916209096457
81 1273 1 0.11529403948911461 0.62152444784813987 -0.7494345114079024 0.19688209237039786 0.09176425390485228 -0.38688378916601712 0.020746213884634563
80 1258 1 0.088318639066897492 0.61878868051363611 -0.74754701244404342 0.22466386235340471 0.05015941878466941 -0.40797761193779147 0.0097220450903846567
79 1243 1 0.052284295186371385 0.62064218931199988 -0.75075219253008907 0.22009264125394123 0.017930795813769811 -0.44408639607222072 -0.028818406489026768
78 1228 1 0.051463851808201372 0.63170776323274802 -0.74704266552111298 0.20055929227949684 -0.036840109297329983 -0.47426179929653223 -0.048273491531336629
77 1213 1 0.012419366762110568 0.64151709351011044 -0.7420750110370623 0.19397488512153394 -0.10490480534521472 -0.50205385116727119 -0.078795561936121708
76 1198 1 -0.033188660923719901 0.62386648612300188 -0.7551869395836357 0.19844849851014462 -0.18061616742089193 -0.49412924506177147 -0.1096372976664562
75 1183 1 -0.048376569539495422 0.6253638743244978 -0.75559643569802626 0.18882202882577687 -0.19681465958733832 -0.44933976140403442 -0.12421859193336308
74 1168 1 -0.078131885638367482 0.64151055146944835 -0.72483047310806925 0.23870568919464433 -0.15531074038957393 -0.44662426250362125 -0.1366587421710799
73 1153 1 0.0083344643466718299 0.59978074551404259 -0.7540994847338035 0.26744637058461929 -0.21342330234708332 -0.40336730215412503 -0.072349751040778079
72 1138 1 0.065373193758036449 0.57398762969493189 -0.76560118647209341 0.28305365174749275 -0.23440632370244519 -0.37746184403951771 -0.031345619108246903
71 1123 1 0.071712646768188226 0.57804736021907166 -0.76091232389965069 0.28588630777792928 -0.19352380866128124 -0.37935619760875378 -0.019819811147885839
70 1108 1 0.053770797984721543 0.59666916763006572 -0.75707493388453262 0.26063796762456076 -0.13298724797201258 -0.39054388094861925 -0.047495783937299661
69 1093 1 0.0080029397869484254 0.60684272479189538 -0.75990359934420804 0.23286128923810356 -0.068379897855935942 -0.39421097668721361 -0.10364244261626293
68 1078 1 -0.043464103030948456 0.59255709263981959 -0.78015148930858313 0.19583313672501673 -0.024507648128654965 -0.38843302012869302 -0.17638868019314297
67 1063 1 -0.047946377076317784 0.57331978387258575 -0.80042288053815713 0.16831156423890214 0.0073078038967775184 -0.38388830092792836 -0.19457147612951251
66 1048 1 -0.033394059994998428 0.61244176119515958 -0.77903333236384853 0.13002689324635494 0.06447306381464471 -0.36652297548583829 -0.14585247764999176
65 1033 1 -0.085777202138580075 0.63886193857255047 -0.76007240250488473 0.08238712270162557 0.11113326321583611 -0.34417341125215545 -0.13329581886230202
64 1018 1 -0.094923141783211831 0.64425618180652633 -0.75665569553670198 0.058272873362741569 0.13015144601276044 -0.33350728389138917 -0.11007882772635021
63 1003 1 -0.10603438583935222 0.64358056795812157 -0.75701495822482523 0.038589047542526254 0.14692184030066796 -0.30475999741772747 -0.10862575164014472
62 988 1 -0.079550921123971607 0.65218575694727543 -0.7532687659319065 0.030191979975809032 0.16170823915219529 -0.27886948580475307 -0.09599100279991872
61 973 1 -0.072885447910685158 0.65295705811099414 -0.75384763856453152 0.0069663172892306764 0.17634972929230316 -0.24684150191406398 -0.10076752531067748
60 958 1 -0.059598218990940519 0.67856057561401495 -0.73170051904230504 -0.024858558862208838 0.20595500871925915 -0.20208611486098216 -0.10979993303434799
59 943 1 -0.08201861139035807 0.69271089372332761 -0.71252912235029597 -0.075675722033840223 0.22681495641994906 -0.17271276337878677 -0.13781719390405048
58 928 1 -0.12328990930980251 0.70800941182712829 -0.68351364525337943 -0.12779424000721529 0.24893405685245648 -0.1568325461564499 -0.16347782803552469
57 913 1 -0.176922380769303 0.70010245970879359 -0.66483413746302322 -0.19118207749791005 0.2574527112668486 -0.16168853024211124 -0.20540777127426479
56 898 1 -0.22196840418170763 0.69342182987249346 -0.64253660107275667 -0.23883657526262161 0.26205652199435508 -0.17150823033632695 -0.25040640958706034
55 883 1 -0.2551679190825174 0.70033977170325312 -0.60986108091185787 -0.26922666886984553 0.26672541410934475 -0.16973409557814367 -0.29462981228166446
54 868 1 -0.30752426647321229 0.70516281829238558 -0.58620784567212925 -0.25403658575192256 0.26265577183200772 -0.17791582632838543 -0.32911021185948547
53 853 1 -0.30840763100804625 0.72355673942407173 -0.57881533653743378 -0.21522821413343629 0.26380481285624646 -0.21805586156141835 -0.3325246806342872
52 838 1 -0.28958674498789128 0.74940956603259823 -0.56740772350974222 -0.18048073240000634 0.27622482283524652 -0.26618189389639207 -0.32158749538391396
51 823 1 -0.27152758896612927 0.72140017319339345 -0.62839364949398269 -0.10476631053166136 0.20852144863285443 -0.36676701987779642 -0.28472818474131362
50 808 1 -0.19211598954427375 0.6777635385284021 -0.70973330312919758 -0.002582795424000005 0.067343187698489113 -0.46973757602520022 -0.16945638385567668
49 793 1 -0.17075774357321885 0.65773036501709203 -0.73253916757774007 0.040235903230539979 0.0044223520789760037 -0.49377660639320908 -0.11767956230643264
48 778 1 -0.11885195766970735 0.64715647617373473 -0.74766398524517086 0.089784590391567914 -0.033467221171408913 -0.4977859545345551 -0.046504767224842661
47 763 1 -0.077679771236439141 0.63351076752298818 -0.75581584740580843 0.14619290469557136 -0.081847606409793369 -0.45626005236594175 -0.011751712379876971
46 748 1 -0.090727865435917363 0.6298004316970861 -0.75574294464969605 0.15483046302266443 -0.1196285960860287 -0.43631168854872193 -0.039504307860823165
45 733 1 -0.085763861309541903 0.63202299790382876 -0.7551998781341005 0.15121056272686248 -0.13600230186646395 -0.40699356013243515 -0.042060512931760337
44 718 1 -0.07396918017826784 0.63977595656525132 -0.7475743878834441 0.16232011694631862 -0.13424333546599215 -0.37290697209977236 -0.027657898570338603
43 703 1 -0.054956493386784884 0.65428921815911445 -0.73781197078297545 0.15658511616595247 -0.12152907116819037 -0.34509505151149378 -0.010244061846238037
42 688 1 -0.074619986211463554 0.67379798189838747 -0.72055002540882873 0.14572507722007788 -0.093044896829061294 -0.32308685551753297 -0.02518470062744204
41 673 1 -0.069289712144059587 0.67929882962752342 -0.71673683745234262 0.14156391382158301 -0.085525353007607705 -0.29150548981812169 -0.013296048967034544
40 658 1 -0.06027122746859194 0.68181059864249149 -0.7180411891345343 0.12616868638636286 -0.081010267336299679 -0.25266953822954175 -0.00086677204161153759
39 643 1 -0.050747969151390147 0.68547935224480916 -0.71600030793400449 0.12200926321987778 -0.074367102785200256 -0.21522736743370655 0.010675123378909038
38 628 1 -0.034922647021753267 0.68648671300184727 -0.71551466925897655 0.12472032581793127 -0.066014477077149525 -0.17664429787817662 0.021873173169971026
37 613 1 0.0015774286062609118 0.68442816992032773 -0.71510511282898892 0.14205727557693862 -0.048681319311284249 -0.13424880838121167 0.038590654019701597
36 598 1 0.036602526373289326 0.67683015488764253 -0.72128641879462285 0.14250297737342307 -0.024159544603957618 -0.094145002476112169 0.047537958512131682
35 583 1 0.048937160018977972 0.67973762861178566 -0.72078909167450045 0.12658987298181362 0.010911168352761206 -0.066648834015819725 0.045907381739614735
34 568 1 0.057725377754351263 0.68658875677522946 -0.71553675564167696 0.11519900676110609 0.053034028697769631 -0.046842426511001463 0.050619130385191065
33 553 1 0.028402675413095844 0.6901734374602867 -0.71656003862539819 0.096931033723972659 0.083945124379526906 -0.02809017764508364 0.047745586669503834
32 538 1 -0.017684815302350873 0.69297484685500788 -0.71512565648854809 0.089824297190811947 0.11287790539812302 -0.0097968434994130018 0.052654307268121536
31 523 1 -0.069181507833306094 0.70524241641770946 -0.70167871232411239 0.074121776357532004 0.1350252446477275 0.0096981596228279156 0.059792653202083886
30 508 1 -0.11020698352707652 0.71570486554189472 -0.68718976045650626 0.058234005059337811 0.16191073547424234 0.043194266558585714 0.075680906963884687
29 493 1 -0.13700448957267691 0.71996704611406204 -0.67826676771698147 0.053211034170374302 0.18541734968573351 0.084921242119186849 0.10430665486521894
28 478 1 -0.17373637816729059 0.73325649863063225 -0.65602965483269726 0.042138700707899691 0.19440925293393227 0.12439942054907312 0.13916414138273012
27 463 1 -0.21683069963350754 0.77931883871479113 -0.58778649106325298 0.01239500884315386 0.1961385578240821 0.18688566402898713 0.16883888632322888
26 448 1 -0.23298371900705001 0.83376791299738517 -0.49797983744085583 -0.05065308910626979 0.18967894189242784 0.26746737688466449 0.1935764863525917
25 433 1 -0.27662083312148794 0.86336847110620729 -0.4173144230987782 -0.0626455908794704 0.13216888772500984 0.32681647268112557 0.24278647813540977
24 418 1 -0.30243057116552635 0.8737453945765159 -0.37104513226146962 -0.086198868356207714 0.08206806214304109 0.36251173117325275 0.27615937528283391
23 403 1 -0.31721396259608414 0.87153202156933196 -0.3528741790001495 -0.12364081489675763 0.062612655386099683 0.37757573060608896 0.29967061562723518
22 388 1 -0.32155875445664989 0.86608753981193309 -0.36456469889581877 -0.1165543698614611 0.051962223364814451 0.39100087760400676 0.30708156844151707
21 373 1 -0.30069152520226244 0.85761424588056534 -0.40728843883484561 -0.090545786902102465 0.070434553719826515 0.41877566574000891 0.29081143308418483
20 358 1 -0.29037471974402052 0.82206599408943704 -0.48403109649897125 -0.074859342218128344 0.14285656120767767 0.41206347183187991 0.27204105909726206
19 343 1 -0.28115676024381941 0.79824030149498026 -0.53002889716940382 -0.053222790266841603 0.18207989337259128 0.38480777441295455 0.23981120502203146
18 328 1 -0.2620041209157678 0.78279634759992023 -0.56196239115122171 -0.052744570706204065 0.20064947130919183 0.35398720948003298 0.20864947959219277
17 313 1 -0.26069460930059052 0.76497483826063961 -0.58613427916159344 -0.057431910132261628 0.21286348860315168 0.31069146654010765 0.19386868798048387
16 298 1 -0.2640898249013387 0.74745651976129068 -0.60671086888769166 -0.058883249090568947 0.2038866141031572 0.26043873119217159 0.18210856678286325
15 283 1 -0.25444672026423093 0.75120256595292012 -0.60770397787022912 -0.04058875131394081 0.18214086369584251 0.22476512035322688 0.15844869459005226
14 268 1 -0.2461432849165649 0.75412883940479569 -0.60516533076275703 -0.066918602131704932 0.17488881373891368 0.19276131455902837 0.13666040717895356
13 253 1 -0.24036197921650043 0.75341476763270365 -0.61053938416081466 -0.04282484382480526 0.15151630563566354 0.17190962441767194 0.11781998278837726
12 238 1 -0.24492944384110671 0.75367279071371418 -0.60975625289089752 -0.013572182504674077 0.12258456757358635 0.15487279665185771 0.10434838404066127
11 223 1 -0.24182856696148683 0.75220828076269886 -0.61265227195252936 -0.018943078545538384 0.10934738818737086 0.13454094529552366 0.09845952298301075
10 208 1 -0.23908521548623143 0.74747519734365819 -0.61973761899275892 -0.0066612834459637629 0.089807465212632123 0.12301683172602984 0.087906961722779731
9 193 1 -0.24880726558367142 0.75051237868090404 -0.61195112562568976 -0.018491454376527761 0.069745155662606251 0.10608973419046439 0.072808356305410105
8 178 1 -0.25150599213701985 0.74800680012940179 -0.61391388210332642 -0.018447445356186674 0.051623740335695063 0.09367083293009372 0.057305519553953459
7 163 1 -0.24207778433234772 0.74184720863432563 -0.6253294516227218 0.0049134822098905757 0.034781664702117618 0.076158640671236594 0.041541461699595307
6 148 1 -0.22265035051949569 0.73771654720857616 -0.63719897538608905 0.01336350085571723 0.022275795272972732 0.053493512257881216 0.026819319276811169
5 133 1 -0.24075630035245771 0.72755585033451098 -0.64240668007129398 -0.00354201699629479 0.014663196163826565 0.03450004774086609 0.0097456753813689647
4 118 1 -0.23762727595109834 0.72972603362032495 -0.64109750156785139 -0.0052141216199517552 0.010454798373938284 0.017121695818332998 -0.0092397784185087786
3 103 1 -0.20719774198538765 0.72403731826991735 -0.65690688398157682 0.036227106512640952 0.0015720965681020394 0.012384972174715052 -0.014074239763587718
2 88 1 -0.18143322528330197 0.71578921198978374 -0.66926527207150166 0.082533534768613998 -0.016197975291440916 0.01029524348102142 -0.011212606418324155
1 73 1 -0.16064025725269704 0.70718775084163243 -0.68129720231238744 0.099570652958863096 -0.032079759336536999 0.0085770758843774567 -0.010040675018050248
0 58 1 -0.13325220505018492 0.6980132768338756 -0.68877313225378178 0.1435718896518855 -0.045910732256170386 0.004130249984006797 -0.010777259885068743
