18 852 1 -0.6068119595841821 0.71183265781297145 -0.20394448635090584 -0.2889293329926737 -0.51531981451996123 0.87779094220381215 0.13229772843158735
17 809 1 -0.54489577262341893 0.75552727066992542 -0.34618544615837255 -0.11145751261942509 -0.27444580023286647 0.71503668037925083 -0.12525734663460644
16 765 1 -0.37733763721119223 0.73104702057729265 -0.56696192734405859 -0.04172210674508816 -0.15870635681228731 0.54616868106792837 -0.40434995195477291
15 722 1 -0.29565029599118142 0.64932171521755921 -0.69625173597027468 -0.078776473554183518 -0.525211761133487 0.45762607450615878 -0.65732790182445056
14 678 1 -0.33092783731906023 0.62123592074097944 -0.70958758935677568 -0.032220339838014117 -0.3055838312452322 0.40499827680284961 -0.62893872196096512
13 635 1 -0.28486655819368339 0.64861896441941158 -0.68934572972068142 0.15148250042244535 -0.23623870335239752 -0.17488068752373381 -0.70349234399039806
12 591 1 -0.14867986734862818 0.64165906424047603 -0.71960918184765887 0.21984214273831673 -0.50840979676197762 -0.17554220072973425 -0.50395680280477462
11 548 1 -0.18376551633823124 0.64026775029591365 -0.73325990108297767 0.13644544843905451 -0.54121247676870876 0.23645067494947325 -0.47881206443842467
10 504 1 -0.38706712546414829 0.66648545795219749 -0.6332461003794787 -0.070537586273943464 -0.66242301737370601 0.72760249406621469 -0.40677047886450796
9 461 1 -0.37574338394400336 0.70889348444318678 -0.59591235379138652 -0.034284161578140251 -0.57574021313786361 0.82782712701436101 -0.42388078476222685
8 417 1 -0.45542837146451531 0.74220615785019994 -0.48192653545973985 -0.097271949369773139 -0.2350338420349842 0.85354868761314995 -0.13582725187533395
7 374 1 -0.47768267453903468 0.70687947760605907 -0.52129293926361275 0.019857946986616259 0.3748314699492668 0.53145793128234786 0.22748629100359247
6 330 1 -0.34959601478492291 0.67783244619717986 -0.62964402421392074 0.14789930392177916 0.51993939499648634 0.027219639949304472 0.18766337789685625
5 287 1 -0.36801015422146161 0.62470601802282688 -0.67648150944912788 0.12916533904027466 0.47474233847271496 0.031014353564278473 -0.076424248443706766
4 243 1 -0.45286300068287938 0.72554358579470335 -0.51361888887412821 0.06853644808689982 0.22302835187185363 0.51599418088807669 -0.066437150536733908
3 200 1 -0.52169155726973793 0.74413526555263643 -0.40089431454267016 -0.11569085617171956 -0.33996887445680291 0.70830156506096809 -0.075860575816901477
2 156 1 -0.51952436310344385 0.69082530216974303 -0.49975748887267091 -0.055653304841010262 -0.23303444354876937 0.61103406588994935 -0.12957617074302644
1 113 1 -0.40931432926035022 0.70191832211702376 -0.58266874644740818 0.016418917503230893 -0.13719916355279577 0.40213341116128015 -0.058555084528143508
0 69 1 -0.29256897122890174 0.71363659351829389 -0.63177665618662948 0.077359331455933725 -0.039247075434038214 0.17209566244704411 0.025313647099583645
