18 852 1 -0.60639747540815114 0.71210818008095844 -0.20389546731110514 -0.28915511423869411 -0.51584128803639639 0.87812853486942954 0.13192499599538116
17 809 1 -0.54511502692241065 0.75544182567154028 -0.3461437915150255 -0.11109334383765888 -0.27285501676101659 0.71621404265053012 -0.12510291597998138
16 765 1 -0.37591054549910069 0.73075430272212905 -0.56824395263749605 -0.042287363674963004 -0.16184401918298966 0.54618047488755084 -0.40310385344906896
15 722 1 -0.29534765102220267 0.6492749337100916 -0.69651395569940988 -0.077975220470247741 -0.52344847199433686 0.45692977733007623 -0.659023184021577
14 678 1 -0.33080795597946194 0.62102486790295841 -0.70985312825596292 -0.031666165098209798 -0.30394349628770068 0.40510988692150302 -0.62996849774023245
13 635 1 -0.28381602364224423 0.64852346917140902 -0.6898547669640257 0.15154595063806703 -0.23710704804895452 -0.17546038578929132 -0.70280745687317658
12 591 1 -0.14829441289993975 0.64119613987658497 -0.72013639710741728 0.21972675501899505 -0.50849843046626997 -0.17458004195875382 -0.50443138545692556
11 548 1 -0.18287302430098851 0.63978329772357145 -0.7338508321632109 0.13673969822375978 -0.54123486288834666 0.2362254351973393 -0.47813407055829976
10 504 1 -0.38615170414811151 0.66633797880701984 -0.63398671072907931 -0.07029516343111987 -0.66229779297717339 0.72663229666069462 -0.40626504185981915
9 461 1 -0.37529812662059941 0.70870902400964464 -0.59640075476927401 -0.034481519006648351 -0.57521868613526961 0.8283222178665689 -0.42332365439031439
8 417 1 -0.45414730662523295 0.74246978566943511 -0.48264412796773559 -0.097690772293467398 -0.23710657654766418 0.85308687999608901 -0.13616711514389288
7 374 1 -0.47833160979803679 0.70656660384780801 -0.52107397003278555 0.021081346002214799 0.37804723624580289 0.53142269215318871 0.22364563663791742
6 330 1 -0.34878182319628237 0.67790399860802197 -0.63010015315635826 0.1475506878041111 0.51899961106844683 0.027355312717709041 0.18848707359505321
5 287 1 -0.36713580299712961 0.62479053965435127 -0.67691981046477545 0.12894826061800871 0.47400022730830255 0.030665170142632765 -0.075307545876954471
4 243 1 -0.45273812607158542 0.72568637506696676 -0.51341599165969865 0.069364931712235706 0.22538471255324161 0.51524184795112837 -0.067080455134778338
3 200 1 -0.52117581271479196 0.7442199014259353 -0.40135948273586469 -0.11585800007184091 -0.34062099551308295 0.70842613331140991 -0.075832772095615716
2 156 1 -0.51882497072022982 0.69091943287019864 -0.50032395806260144 -0.05591890581948155 -0.2339919635416218 0.61095520898868994 -0.12964556532500565
1 113 1 -0.40854875591238854 0.70189302494028605 -0.58324438829283465 0.016126968330471943 -0.13829729763947943 0.40221005662964054 -0.05847690924010699
0 69 1 -0.291785312356799 0.71355187051557689 -0.63224674469135256 0.077260037559881894 -0.03998697831494874 0.17204094500408007 0.025447986593245337
