19 881 1 -0.60204602279323782 0.66408717806209938 -0.33188010403656742 -0.29391223675961359 -0.59988634892231152 1.0154685153934713 0.16784171875903844
18 839 1 -0.63513958673307713 0.68364881794064736 -0.24215525081571951 -0.26567429983961149 -0.47888674019897581 0.88654667857577496 0.11812071561317296
17 794 1 -0.49335757586900653 0.73901244876906591 -0.44658626957077013 -0.10497431461014525 -0.15594762018412925 0.64083869245732961 -0.19118795773236602
16 752 1 -0.35446617676487224 0.71014681934640822 -0.60551037737164382 -0.058330158555619481 -0.27694726668811848 0.56838468779028262 -0.49993774157857224
15 707 1 -0.2056487053350437 0.63526113615946789 -0.74425947611805254 -0.015156882525261954 -0.59589539886563481 0.40377912782696251 -0.63204765713883393
14 665 1 -0.38938472585544842 0.60193965453984266 -0.69681247995523199 0.022373094143895871 -0.17931410405097944 0.3588893455102396 -0.61107694691496683
13 620 1 -0.23806426471992076 0.6195457042388679 -0.71836728526505289 0.20841537775185143 -0.34426221457540146 -0.29520968695436356 -0.63632027654466139
12 578 1 -0.15411088472478676 0.63274667111706062 -0.72941229636450355 0.2093780965427936 -0.50292460653286231 -0.040226719985876049 -0.49046677518043452
11 533 1 -0.26133330214626904 0.63228936469162911 -0.72646506673756561 0.064525741353101823 -0.56527485705866609 0.42888383380667078 -0.48447732042013886
10 491 1 -0.44878955264851594 0.66957605792075836 -0.58209541411396837 -0.10686799783064156 -0.70788568587687295 0.82210939907028546 -0.36665953064999518
9 446 1 -0.3932496797518561 0.66713214211666372 -0.61429979404352919 -0.15141055897120231 -0.44818860774054609 0.95045464186622586 -0.15309071408513195
8 404 1 -0.46642516358594344 0.74846293207890469 -0.45280574718452982 -0.13121646769492992 -0.10235188459967683 0.80383388630148256 0.017689337516779827
7 359 1 -0.4214860058857029 0.70359610852982979 -0.57137106889437539 0.02893379571878061 0.49552927895765597 0.33339476848250565 0.27044671624217109
6 317 1 -0.32942874714868331 0.6399295428919296 -0.66593877459004924 0.19619487552858894 0.49314672359665418 -0.081547168325973529 0.11454748929168382
5 272 1 -0.38284553338412231 0.62964440368456309 -0.66202819892518761 0.1367329013237491 0.47096793512834073 0.17558502894240441 -0.079917496507509081
4 230 1 -0.49725467337046142 0.73003831806670882 -0.46859628177398704 0.014119797206789414 0.061941891579157193 0.60055373018888458 -0.077453790610521642
3 185 1 -0.55080149570027193 0.71322277735794959 -0.41739785000328467 -0.1170897818120424 -0.36095169923330872 0.71407752298194038 -0.087961040078962119
2 143 1 -0.49204373109750371 0.6917167477417675 -0.52636647266265113 -0.04857204996577856 -0.20440127254991711 0.5547245296521226 -0.10023806717114313
1 98 1 -0.37007961032736031 0.68776033784989965 -0.62227132406958918 0.052964128815844544 -0.091166321323935554 0.32588099712560398 -0.032508431101146582
0 59 1 -0.28517091071507833 0.71511886502470423 -0.63101316803090512 0.095419821522115297 -0.022894595502259935 0.12507389344064337 0.014020163022389077
