19 883 1 0.54737520001581685 0.36243304496228201 -0.60578867936887493 0.44949166207564673 -0.70970260462031609 -0.36395390680995837 -0.35754083888906085
18 838 1 0.5044550310776289 0.40880951441386087 -0.53463232004286798 0.54089572461866631 -0.65082143330465314 -0.30586625007306584 -0.22045086193673144
17 796 1 0.28069556126538653 0.52659645655350107 -0.6624004925577085 0.45291473953770994 -0.68354054034965628 0.36617402570190455 -0.29729606565422717
16 751 1 0.084801207518706706 0.70694540897757641 -0.66125819195816149 0.23616635555709384 0.17207813582718395 0.86499994516377599 0.22596569749591072
15 709 1 0.11087821819719104 0.77449429693588701 -0.61962602391413157 0.062675315967024858 0.063243372575434734 1.3769596722063311 0.52102182008898312
14 664 1 0.10608087048561057 0.699347449149478 -0.68589065397742777 0.17092104923487378 -0.77115458060741615 1.2394147432104279 0.50460316537676464
13 622 1 0.10500184572555862 0.62594280231408628 -0.70241873308838843 0.32214615321608053 -0.8520778153895785 0.88204340328891906 0.046082294613542747
12 577 1 0.29041754366795752 0.54111360983221335 -0.69133672779830668 0.38066683646116511 -0.77309432326426442 0.29173783583889878 -0.10116238278834651
11 535 1 0.4660094916471153 0.25669708808081421 -0.68272047318679285 0.50083381890326606 -0.55760977986966243 0.076390276230471843 -0.24504463148171726
10 490 1 0.43003002488156783 0.28447715002700952 -0.64362909924746592 0.56558687344630287 -0.23108734551286503 -0.27048263514057003 -0.30193501682246332
9 448 1 0.38469314254460907 0.34490165911146131 -0.58712890679341845 0.62316424675111115 0.63863281921215498 -0.46971143472105087 -0.097697502304185627
8 403 1 0.39325026403482327 0.24322346353276345 -0.56108065762842074 0.68657488466949268 0.36078605951816867 -0.8188906070042743 0.036858882080350985
7 361 1 0.5256784396961347 0.19581073044561895 -0.48465705369036821 0.67113923755742522 -0.05803599189477221 -0.56319013956509323 -0.080284269545105716
6 316 1 0.35613164774751982 0.36015082270540638 -0.62517104897283859 0.59382050646930029 0.11058748992657114 -0.083133887804423184 0.071809645572199973
5 274 1 0.31992950814577892 0.28932316695228816 -0.67850212456185932 0.59461927470217557 0.45724846394772717 0.081872020586779282 -0.044050688699065262
4 229 1 0.074113902607672408 0.48336720710032766 -0.67732477371547806 0.54963117037843301 0.49780157221857335 0.96183570883990821 -0.011043984502485171
3 187 1 -0.031853079129448472 0.58534033360885329 -0.69439784710571595 0.41734123344763852 0.16656765633582787 1.3635235731002993 0.40191500077346637
2 142 1 -0.076393827452664334 0.62316757343607243 -0.69466920588264081 0.3510852502502933 -0.23410431185504432 1.1916341566988242 0.43178303335038976
1 100 1 0.066175014459541867 0.57762842304494688 -0.69958611497454248 0.41538601334988862 -0.055345365011517204 0.82867605704499614 0.27657852971330599
0 55 1 0.20855408726757177 0.4739980791525002 -0.65568561145921489 0.54946100186372282 0.017213186545153827 0.39535331436589993 0.11545018660419001
