114 895 1 0.25794271344137082 0.38045677744090928 -0.69984457995291294 0.54675018152014554 -0.5635053137598719 -0.28213505171277814 -0.58612345000240318
113 889 1 0.2606948354712656 0.37522183733406395 -0.66320119825751245 0.59279924609943535 -0.54431841433130079 -0.42888679316513251 -0.5000271736040719
112 880 1 0.26840701961883678 0.33692750141509492 -0.63358855152765714 0.64265315527320033 -0.29783632045311298 -0.38467075035955545 -0.65655518191415418
111 874 1 0.28125682040088668 0.28707709220933258 -0.66189895190548076 0.63274886137633124 -0.18856358958863148 -0.37533762824318295 -0.72103036930965392
110 865 1 0.22638032784133447 0.26282783982305002 -0.70444801374575616 0.61921439720831606 0.091013941616565619 -0.35228471855297427 -0.79128109040120154
109 859 1 0.21285938496021103 0.24655376920131705 -0.74533465491626183 0.58170299406814241 0.19760156649983587 -0.25004918220770472 -0.81802014374697352
108 850 1 0.12271902882683648 0.35007599967147629 -0.69453918032468331 0.61644315343081857 0.34007716893154505 -0.054319544342917726 -0.75998529471492726
107 844 1 0.053998837170239067 0.3963749664301619 -0.68698774339768409 0.60664557362030402 0.37352282148294874 0.13204180024604734 -0.74411196439066707
106 835 1 0.0046845944082801452 0.46916985055117044 -0.6669729377211181 0.57879599709801388 0.34901868195457647 0.34865510612020867 -0.77597807865158108
105 829 1 -0.023167173673252151 0.5323815067138028 -0.66120569955087427 0.52805325134362491 0.26602921092232579 0.49366726258585564 -0.757264739702317
104 820 1 -0.033391271934959769 0.53875651513144951 -0.64596430819916384 0.53977453894636174 0.3126709077922219 0.50125179904854855 -0.74392623035579997
103 814 1 -0.014595393980490224 0.54323215651053847 -0.64441301248670724 0.53797552727356568 0.32409022580452074 0.44491047250100629 -0.73171425324100348
102 805 1 -0.0071051416720215796 0.48354834258006058 -0.66914300381641079 0.56425008444257019 0.43998858389602763 0.26348108890546101 -0.60886398880078463
101 799 1 0.021222535469823261 0.43141232082376796 -0.67664766581499647 0.59630608732160328 0.50411321971930412 0.1396849123047347 -0.56979791661754997
100 790 1 0.12895934328885189 0.34374441229008734 -0.71020084314881149 0.60068629848579691 0.56885884219225669 -0.034296163188610118 -0.57106730395031602
99 784 1 0.1686498545558241 0.31019184908168135 -0.69864776195973333 0.62227770973275476 0.65115852548823872 -0.12825658351623181 -0.55895436864752968
98 775 1 0.23275915357095026 0.25231368556598721 -0.66121287616310431 0.66705210658625347 0.744661825960236 -0.3447446108333545 -0.49837312053517846
97 769 1 0.25155220130374789 0.22406245037615094 -0.63606859851790121 0.69421484162336 0.81580644884238207 -0.41479280771709592 -0.4282733078003047
96 760 1 0.28197589621280267 0.11039094247013211 -0.6475675736541181 0.69925651325337057 0.79238538273855186 -0.61549204730198925 -0.27832611114057859
95 754 1 0.32617614209324569 0.040454020126748307 -0.64499785976184854 0.68989155487466736 0.67163378740785329 -0.79689993366489242 -0.2106467439880837
94 745 1 0.40492037420086496 0.014044570909183776 -0.54526159364871818 0.73384741947946408 0.50873293092239225 -1.0047494953370142 -0.010551051878081964
93 739 1 -0.53572338269672259 0.068727219500554201 0.50594193372951402 -0.6725323681621157 0.12490643033464148 -1.1406140425815605 0.11332605432022755
92 730 1 -0.62665070776060294 0.15964593011344566 0.44692004147531411 -0.61812987631164684 -0.2627738918970578 -1.0965615293129567 0.32498837315467732
91 724 1 -0.64045582188091255 0.21639202007419464 0.42498218281195921 -0.60198087856628524 -0.43214794690980229 -1.0078476100195111 0.41453954903101459
90 715 1 -0.6448253611436161 0.21072214078455781 0.40589691940344896 -0.61240846159076556 -0.5179049021465163 -0.97232791903375548 0.42531756578965529
89 709 1 -0.64245200230302846 0.19716044058538074 0.37907833816986586 -0.63614683755826429 -0.51432174545568188 -0.95350279590119835 0.455790470202524
88 700 1 -0.58417423065177387 0.17478252947680614 0.43413087307276932 -0.66311531476597096 -0.48028399758572055 -0.97057772951268562 0.34207277514060214
87 694 1 -0.56733127764899338 0.13630598279997458 0.46211171476899782 -0.66783880055545619 -0.44541962931037798 -0.97915050267747239 0.26702338923055385
86 685 1 -0.53284516930430126 0.1376960740451246 0.4955904558355978 -0.67194189988889252 -0.44126361599676389 -0.95064626338676772 0.17498486630352747
85 679 1 -0.51213850832289587 0.13486733646015897 0.49038544398371042 -0.69213226061052857 -0.41888851144047023 -0.94165016403971669 0.13832039843438423
84 670 1 -0.52477118714883952 0.10292046087117607 0.48580591665870332 -0.69138642683513774 -0.4740222753958776 -0.92933960037529928 0.069401186809272875
83 664 1 -0.51377418284806642 0.061214738591060094 0.50942690919018785 -0.68758495403183584 -0.48032917558700511 -0.94948590089011931 -0.025382464331168378
82 655 1 0.49679296714254195 0.037909435552309044 -0.50862936664665825 0.70217931461873317 -0.48451880112722728 -0.95201414917790383 -0.14530057468071442
81 649 1 0.49454298220597842 0.069129040394505764 -0.48690687839937602 0.71663805808254943 -0.52782220342627439 -0.91350707603424186 -0.1749580891962049
80 640 1 0.49428224951317279 0.08043413085078939 -0.44435541516740273 0.74280796537320537 -0.57283155322621793 -0.83436891516314049 -0.19515016102531799
79 634 1 0.49295255522844283 0.066340080547919567 -0.41586736896706877 0.76134821431133104 -0.55604791427956746 -0.76336819579326354 -0.19629130912432219
78 625 1 0.39017775422365697 0.089751705325717718 -0.45328011293748594 0.79639380379024116 -0.42673393942098781 -0.70476531362678851 -0.33921963820071477
77 619 1 0.33856204508463289 0.096211535169481527 -0.49997330276161245 0.79129373727718066 -0.38269628735847305 -0.69092319359705734 -0.42907735275763964
76 610 1 0.38540919640418991 0.19440565678106186 -0.53915581624925646 0.72317162398921486 -0.49108011542920771 -0.59307025094564114 -0.45041711339197421
75 604 1 0.39319173692962028 0.19842303770012285 -0.5446867077668609 0.71368406630821046 -0.50554857555531052 -0.57934510954749896 -0.45214506442236713
74 595 1 0.3752465636339859 0.18414263515693721 -0.53072099232077607 0.73730369231978943 -0.48466906616229066 -0.6071017650655397 -0.45202276364135269
73 589 1 0.3825513629388918 0.19467408968790209 -0.53899209952444882 0.72473717316556197 -0.52032819693287546 -0.5826845022169882 -0.46593437453151332
72 580 1 0.35307593192176695 0.20081891885689182 -0.57239772173884829 0.71229909186724427 -0.49825869783000998 -0.54025016458383712 -0.53010085362055148
71 574 1 0.33915240623802378 0.19074523989002809 -0.58106181847629323 0.71481400511690962 -0.52366307697095615 -0.49158227296125534 -0.56461920301440172
70 565 1 0.31972620137196833 0.24909009925933209 -0.60422413637621486 0.68603387061255594 -0.58873381727403196 -0.40166744661930026 -0.59985722957462495
69 559 1 0.28952217487005594 0.32037361745509368 -0.62310856959875205 0.65212986896004643 -0.59396199029586638 -0.3278669755444516 -0.65879738898978779
68 550 1 0.17982142287376271 0.36380435542463796 -0.67210153532313999 0.61934656943103927 -0.48405060296458491 -0.12718253323973913 -0.81829489966001412
67 544 1 0.12309791246604543 0.3974768211566983 -0.70221672302636839 0.57771165341524533 -0.48187771710826205 -0.0021717536901535509 -0.87019071988792174
66 535 1 0.07707347954751019 0.47370939110344584 -0.70625925514736521 0.52043919534325156 -0.5443116603447401 0.13413477632679313 -0.83729665749663562
65 529 1 0.021625618020835975 0.48640772733664323 -0.7262192405684621 0.48533026905457372 -0.52463462571646824 0.29788447003637569 -0.82952281762892732
64 520 1 -0.056811086911467724 0.49630777437484291 -0.76656996147733891 0.4035115706639138 -0.54981506940426861 0.5341155046838334 -0.71876003590531068
63 514 1 -0.032495053406776241 0.50343558956144063 -0.7673627445500929 0.39579173430424791 -0.61342858517221222 0.57941130249677242 -0.66399365848305003
62 505 1 -0.061554290032881959 0.54632068181774607 -0.74956940458798327 0.36863327264689139 -0.74653530138623914 0.62072866331104726 -0.58966046693699892
61 499 1 -0.09710709158929981 0.56664905541156996 -0.73647297894431929 0.35649209254781988 -0.79048951380675858 0.66888775026161074 -0.55678800295497699
60 490 1 -0.13150627190734482 0.5953705382814789 -0.72712045487250199 0.31549305333312738 -0.84268700632873583 0.73700657747268505 -0.4589268621410757
59 484 1 -0.11945904675045611 0.6070572617958393 -0.73604868017659375 0.27466954228800977 -0.90420147400465312 0.75580071328421672 -0.41423651250770871
58 475 1 -0.061789635031877746 0.6170748071086819 -0.7440272707296377 0.24864461354514961 -1.0105703332732512 0.7382979426160331 -0.41128806457954664
57 469 1 -0.049462243996461389 0.62173833019839575 -0.74822260382170047 0.22618105648179249 -1.0520206243682553 0.76931235733315784 -0.36720169749851517
56 460 1 -0.014174051059952265 0.63174321443936321 -0.74518998944133341 0.21305277966456104 -1.0647297092616168 0.80806469337038833 -0.32307215468850714
55 454 1 0.0072779570966906518 0.62198455544817799 -0.75323988856484558 0.21380344805276255 -1.0368145711448042 0.86629245162333235 -0.31561724205648861
54 445 1 0.026526199794532409 0.64175968841661479 -0.7320979588489428 0.22687759187959047 -1.0855015936309726 0.87409393781616884 -0.35103579135102064
53 439 1 0.028568636475209346 0.65351109058555934 -0.72693769859870405 0.20897049994590097 -1.1232863227662067 0.91230267253437103 -0.29867472479971607
52 430 1 0.060594541425829276 0.632394283665071 -0.74920943160422926 0.18732591687324815 -1.0568999202930776 1.0426265394930629 -0.20910409032217411
51 424 1 0.065326316207233892 0.65086472888971147 -0.73878407110824551 0.16219023822302492 -1.0589723738898336 1.0036050735032107 -0.11576431078677585
50 415 1 0.070258052848201802 0.66628458076107155 -0.72587227339522242 0.15568592154101221 -1.0195654803157039 0.95672985851399306 -0.066898993904631374
49 409 1 0.074778973822624439 0.67822689105037426 -0.71341895877808104 0.15952986737967834 -0.9971691934375887 0.92000558971822943 -0.056846782634087371
48 400 1 0.044961670400683419 0.65885056688021493 -0.72355998513638131 0.20088635251265649 -0.88519918079734061 0.93857152495861051 -0.15272524110561908
47 394 1 0.04512089897765028 0.64945732127360944 -0.72678078528546741 0.21899539369446969 -0.79476562608205459 0.94407870000010996 -0.17210900349618874
46 385 1 0.022291721865757071 0.65656291474415718 -0.70888672574981881 0.2567251997265122 -0.70058738359173756 0.90331358226839076 -0.18079769698316753
45 379 1 -0.0065703055817386271 0.63737457824194399 -0.7237987921185739 0.26424569367003897 -0.58175681075637431 0.92207590309208998 -0.13289950650043175
44 370 1 -0.0071191839535585544 0.66056269393489542 -0.70631400690274959 0.25441455983157041 -0.5356902692136627 0.87931642618672046 -0.052229941350186236
43 364 1 -0.0032598349537149543 0.67152604118535886 -0.7042718427587803 0.23031135660914817 -0.48639681099184834 0.88072685846179599 0.035671156591154017
42 355 1 0.0015594227549548707 0.6709532461292167 -0.7079043234526029 0.22065987072064294 -0.33409590973290043 0.9220525902788419 0.14528771132155022
41 349 1 -0.009066036075487614 0.65736407476681458 -0.72494089074495616 0.20555044422661134 -0.21565980168565893 0.9392870875267858 0.24747471749354844
40 340 1 -0.029755217301214654 0.66009917139655971 -0.71924840855033589 0.21462860425102306 -0.16710634199667027 0.94094353771414119 0.2852566674764872
39 334 1 -0.031915722309510119 0.64488607449652968 -0.74331734256548021 0.17487900340324272 -0.047095600507221891 0.92526410434429329 0.33915196346755117
38 325 1 -0.078224310298498245 0.67781091361550638 -0.70766960860023231 0.18345857223261805 -0.057565126642804838 0.97342591127890732 0.35803034245892029
37 319 1 -0.12133458370205942 0.66890107220163908 -0.70496722299957137 0.20216450950060003 -0.028464377802032231 1.0258057765016295 0.38330025280944124
36 310 1 -0.19638274588791055 0.67921730686309889 -0.68025358255903878 0.1932685452699334 -0.11315408107296011 1.092564350656952 0.48691474137522983
35 304 1 -0.26593623005505668 0.68634780889154035 -0.65974621639888709 0.15145803617252707 -0.21570992938740569 1.0619650652345367 0.62234985453418457
34 295 1 -0.3510211443602701 0.67674703842159201 -0.63683982297452646 0.11503322160743283 -0.32409801863611842 0.98162792290861267 0.74035620675239699
33 289 1 -0.40215158078257279 0.66038294654773444 -0.6245295834294633 0.1101420419478007 -0.38395298890472457 0.9377994972898438 0.7712132409157072
32 280 1 -0.44262959912001765 0.6475253274835252 -0.6037635582301264 0.14233606009547506 -0.44836536497996843 0.96568243919672736 0.72003410761339193
31 274 1 -0.48030829967674687 0.62488257032782302 -0.56114517339320091 0.25286716856808478 -0.51192456334435643 1.0574525862194466 0.49180380339882235
30 265 1 -0.48690638143486303 0.62433513906466942 -0.53606321924663136 0.29285497232938662 -0.49661870603918717 1.0730055769353108 0.3864832576689054
29 259 1 -0.49531064173531603 0.62468467089504987 -0.50037839310557208 0.33772458282686268 -0.52381633829528096 1.0706543528036974 0.257445307783155
28 250 1 -0.48972751521096647 0.66299334509953156 -0.48454710053737954 0.29295203115842178 -0.55807810366507915 0.98811538763737505 0.26266877587696646
27 244 1 -0.5200342352230849 0.66502219528570949 -0.49244436790852097 0.21167999076080449 -0.57021578889064295 0.86083504077182194 0.39860748404412188
26 235 1 -0.46160751465989042 0.69296922075302425 -0.52504919808064043 0.17616895609993763 -0.44061513525596285 0.8191518950985941 0.41828453304046964
25 229 1 -0.37154718757816191 0.67601872710892608 -0.59884541335485897 0.21525691372086894 -0.23820867337154464 0.88454333554635955 0.30511383054682228
24 220 1 -0.26618891408426854 0.64866661479277654 -0.65625252127497224 0.27876103241335526 -0.059198948218725712 0.84784541209713693 0.11558211554303523
23 214 1 -0.21717689243422586 0.61736205870295113 -0.68918346611879133 0.31100552389813829 0.043199430539790341 0.78303782550267809 0.041020052443376899
22 205 1 -0.16678117583924137 0.60260623866472163 -0.70893870497335154 0.32627545586320772 0.088699396968436997 0.67403916616924242 -0.025228770984185814
21 199 1 -0.14405880570966523 0.58602611295741347 -0.71959534549976556 0.34351563889378145 0.10259646185084392 0.57314959923888209 -0.061748818352419965
20 190 1 -0.09610975735033489 0.53159583840481639 -0.73427772530449886 0.41110217860574649 0.14899587573619183 0.37911826017187872 -0.098348633021104068
19 184 1 -0.069258101237242325 0.49851933333961884 -0.74293903838818764 0.44127471595194429 0.17565020200126971 0.27155123008351445 -0.088301365065406812
18 175 1 0.035536661048113663 0.45430120152468428 -0.7488434961075402 0.4812286175532543 0.22740764423071327 0.13994453719727637 -0.11216108937387056
17 169 1 0.059866851573959122 0.43199749270813775 -0.74832605999164126 0.49980219518714669 0.25812697851907784 0.047284758177433217 -0.1443902241418604
16 160 1 0.1378482383380743 0.38270001070778614 -0.74099411666438264 0.53429044915674961 0.27383411761804294 -0.14414969624630836 -0.18533319441484045
15 154 1 0.17808747512210524 0.36376298181642541 -0.73298533660997101 0.54652890187017944 0.26980753968328036 -0.25323359159085373 -0.19609135820914961
14 145 1 0.21969451323536046 0.35521402264956126 -0.70795050716431629 0.56952910230574028 0.24155343749519206 -0.34711828457247229 -0.2049334894477306
13 139 1 0.2288000177915008 0.33905367532274655 -0.70093610053689581 0.58427882048973612 0.1969334258298247 -0.38082105094285207 -0.21466038369693213
12 130 1 0.23989997136332042 0.3308399464272494 -0.71176600647933053 0.57129859583965226 0.08884891783450212 -0.40071218268922199 -0.28317070061156063
11 124 1 0.25703278884087516 0.33985717824911554 -0.7005978470989308 0.57235819247528397 0.026858497249911951 -0.41450972626580807 -0.30876500902383713
10 115 1 0.29525778343682163 0.34357364460019268 -0.66764432309902266 0.59078849844065451 -0.11008967945236399 -0.45244995422039969 -0.32834999279146754
9 109 1 0.32266655492904933 0.35963728603585426 -0.64026250836368515 0.59716935387444836 -0.19795901688200429 -0.47903168945645647 -0.31011105000628136
8 100 1 0.35522104268809346 0.33714842125242817 -0.62052765068723414 0.61244949800874271 -0.25971880241670137 -0.43413599895950433 -0.26456953113757486
7 94 1 0.3803169291610618 0.32878775327217136 -0.61670151106388249 0.60575316172782934 -0.28005206797910775 -0.39705603746418228 -0.23820910740225065
6 85 1 0.38119455640186023 0.32580578331786897 -0.59365221743577845 0.62937933431262427 -0.26221538821540619 -0.36258312998572029 -0.19230705492730332
5 79 1 0.36735176307087364 0.33716298488892127 -0.58449132385052904 0.64011225275959993 -0.25934976904575263 -0.2883415083698837 -0.18540049395937674
4 70 1 0.33984442599389358 0.36450998445992011 -0.61098160688861392 0.61509325585127117 -0.26842568421351443 -0.11865564210501035 -0.18901192926287133
3 64 1 0.33801901611029161 0.39445258808373812 -0.61022522624426234 0.598143355523582 -0.25324857774876969 -0.08540970442467534 -0.14961596435756885
2 55 1 0.34351964615209174 0.41372619209489037 -0.60420235143152212 0.58801735451160209 -0.19688451356728517 -0.093278299902254919 -0.091999125314663699
1 49 1 0.33858589474880163 0.4056299658635415 -0.60812079750079995 0.59246351644441941 -0.16612284358381313 -0.11102969665895999 -0.076828575635523907
0 40 1 0.30333588006322576 0.37134596405452136 -0.62590973190129273 0.6150825362160256 -0.12572325345244201 -0.11598353358654366 -0.081771859407420419
