19 867 1 0.27318904349733147 0.29381674077141262 -0.67791960546257568 0.61600688136168047 -0.032284180920184528 -0.3821184883929073 -0.77694822206861058
18 824 1 -0.035373657732728936 0.5510899905908746 -0.64532999238219135 0.5278235761513107 0.28712157664970572 0.32330957536924804 -1.3318078535465758
17 780 1 0.20425661628716227 0.27206785977973336 -0.67266570565714412 0.65709905098894406 0.60363483710897103 -0.26149944801290603 -0.4944884540143204
15 693 1 -0.56891720011241853 0.13363062328280415 0.45980670224849279 -0.66862087351851474 -0.44080906900199307 -0.99651965389319985 0.26869052200432064
14 650 1 0.49359877007687264 0.052964289075961221 -0.48330601601573075 0.72108968453603528 -0.52148674407177587 -0.94294515457166184 -0.15703703403424654
13 614 1 0.37601180151325186 0.18334757898041992 -0.53619761228139529 0.73313771625016544 -0.46853642870396828 -0.61063700831839951 -0.45418093088500289
12 563 1 0.3198453934968033 0.26658682006903578 -0.61097505149482356 0.67330518940169493 -0.60688096417361781 -0.37260362099416472 -0.615539164738103
11 519 1 -0.051266084814542263 0.49388155709677967 -0.76543457466644194 0.40934424145534498 -0.55266217949525098 0.5387693384606056 -0.72243733210511818
10 476 1 -0.063645039498491096 0.60817490864714874 -0.74855708010304822 0.25638815742320603 -0.96311875654920664 0.73119525840181154 -0.42288148249608531
9 432 1 0.052029615684474541 0.62450592032589314 -0.75865641684488083 0.17811714052757963 -1.0264838204189757 1.046754709048537 -0.19705578246093389
7 345 1 -0.021408962031816237 0.65795180760721839 -0.71988418572790724 0.22001780462040449 -0.19739219932230098 0.95105487168178948 0.2721525607391459
6 302 1 -0.28947766330916669 0.67914900603892836 -0.66028476774844647 0.13778002584112278 -0.22623595375781475 1.0746238260165906 0.69234797604902831
5 258 1 -0.49881336566521706 0.62290172585787884 -0.50079152659437021 0.33524097757925536 -0.53418053484493888 1.0905591640738554 0.26665506480771389
4 215 1 -0.22087992901886655 0.61871231132482596 -0.6875258879756968 0.30937887150699489 0.03496351329866098 0.8122059543864627 0.061208642539505934
3 171 1 0.054009791967137726 0.43472130693899008 -0.74806345642100414 0.49849914025240144 0.26042560600313047 0.08623049144229715 -0.12562164979826795
2 128 1 0.24435683309254905 0.32665425234783735 -0.70967301575260266 0.57441356900465179 0.08625540452594653 -0.40859109979702041 -0.2946888789338466
1 84 1 0.38214162531468543 0.32664098447272288 -0.59366831157752675 0.62835609433921269 -0.26362372878873014 -0.34588160898327325 -0.19281659963580705
0 53 1 0.34966303514481467 0.41635863780774962 -0.60507119630070483 0.58160991565088127 -0.18732293590969201 -0.08868306298142771 -0.078817219046295711
