# Frame list with one line of data per frame:
#   FRAME_ID, RIG_ID, RIG_FROM_WORLD[QW, QX, QY, QZ, TX, TY, TZ], NUM_DATA_IDS, DATA_IDS[] as (SENSOR_TYPE, SENSOR_ID, DATA_ID)
# Number of frames: 19
1 1 -0.12894019519372132 0.69290838571828561 -0.68360723257994149 0.1895614587121503 0.029186822131006263 -0.045100651841011294 -0.18437770120073371 1 CAMERA 1 1
2 2 -0.24232191426872177 0.67584626756057875 -0.66177432986098217 0.2157930694592041 0.22151781328151959 0.11996023826623578 -0.2085468496627115 1 CAMERA 2 2
3 3 0.14490348377307208 -0.65775703934027419 0.71755310483651835 -0.17741533002594953 0.32440751626938924 -0.017988500687457706 -0.074689620191311812 1 CAMERA 3 3
4 4 0.10030380187860594 -0.66389182890604626 0.72038742610404505 -0.17386415142769232 0.34537931436225738 -0.056792563777602112 0.042107806418280158 1 CAMERA 4 4
5 5 0.11242517103236947 -0.64885271309134918 0.69886562058234269 -0.27917303236594138 0.2516460132629792 -0.15545771653997484 0.10106559147682703 1 CAMERA 5 5
7 7 -0.21839411229621503 0.6669123963051844 -0.65782928301516241 0.27348217816995352 0.23905867648155943 0.0095244996880873151 0.055729197247780055 1 CAMERA 7 7
8 8 -0.32967218881745314 0.74442517529302799 -0.57607931795690048 0.072663785564520134 0.028396550739626242 0.45331359883044459 0.0098724183852544611 1 CAMERA 8 8
9 9 0.52739731648968124 -0.73378725294815372 0.41939830671286793 0.086679860963574856 -0.082703200611005084 0.82233503781458284 0.1506645831723025 1 CAMERA 9 9
10 10 -0.405769278494514 0.68301071772160327 -0.58832846647355019 0.15072248553000514 0.33499216728977133 0.40382673541947212 0.094948816177136353 1 CAMERA 10 10
11 11 -0.1566510648344866 0.74722824990611547 -0.64577938939938051 0.0089087965196530047 -0.27069901409927244 0.20975761086094652 -0.0015574939961726653 1 CAMERA 11 11
12 12 -0.31675694665379162 0.73489619612095336 -0.54737444832631621 -0.24489555119066855 -0.6242122279279827 0.68722733093831345 0.11902638792797438 1 CAMERA 12 12
13 13 -0.10078497846484218 -0.5180756694984725 0.69623355832094735 -0.48651703059328028 -0.081803737344536831 -0.73598603202882817 0.041016671184760656 1 CAMERA 13 13
14 14 -0.18172783868245526 -0.47576159469788326 0.71372827709567754 -0.48085116630030789 -0.17037185444215747 -0.78942824197113526 0.18242265919106626 1 CAMERA 14 14
15 15 -0.045995687926574498 -0.45864976306469596 0.75091585970611174 -0.47291665563256552 0.098077218706448879 -0.55575782763882942 0.098789163193835849 1 CAMERA 15 15
16 16 0.27420209347435315 -0.72758746191804957 0.61424022180930871 -0.13467979471911931 0.12777246580155976 0.26463172520827721 0.0021918148148404315 1 CAMERA 16 16
17 17 -0.46022201725199569 0.73714504017653815 -0.48618950819487239 -0.091829443539977657 -0.093449843076309602 0.70859820842218091 0.11280650388100377 1 CAMERA 17 17
18 18 0.25210128305162771 -0.65328698281308406 0.67527135402829463 -0.23166713102961731 0.18464535475555485 0.042064014552691889 -0.01863258661050804 1 CAMERA 18 18
19 19 -0.13839262445925657 0.70031849198132823 -0.68719541328239298 0.13477371868401711 -0.091979852325337758 0.14277124368715793 0.0022773699572146977 1 CAMERA 19 19
20 20 -0.21818216835555584 0.75430328997388829 -0.61390054423502516 -0.08092718909103401 -0.4222882162486421 0.32489462409982234 -0.0057312293087946331 1 CAMERA 20 20
