12 1610 1 0.00015459854300357517 0.64649242134850915 -0.74476559715412216 0.165444040490723 -0.0080051131264024175 -0.56856024941709749 -0.14143491462549229
11 1482 1 0.020176140077894204 -0.66448258811622207 0.72046745158519387 -0.19743977478780886 -0.057530718716556795 -0.60324321675281156 -0.13208778663283494
10 1354 1 0.030112054534126086 0.66966933072645696 -0.74013932862728304 0.053197987511444458 0.14523088025396577 -0.45207945075882439 -0.12013661224760686
9 1226 1 0.034425079776804285 0.64227261285432358 -0.74193250473408234 0.18930653205489759 -0.020906155259963276 -0.41183103613648303 -0.075504260115244706
8 1098 1 0.013887968932761915 0.61212261822052694 -0.75599994043933938 0.23146730792378661 -0.057799050628575981 -0.33852132040134364 -0.10023487771374986
7 970 1 0.082011189665728138 -0.6591496753226409 0.7474759822739655 0.0086905819850803135 0.17043574767610459 -0.18700328572019204 -0.11462992776263758
6 842 1 0.30016848859852563 -0.74791625822305741 0.56193331115131173 0.18641647715966772 0.25106017447946688 -0.20056641575611889 -0.2881975259530033
5 714 1 0.083883776358747608 -0.65154003384946579 0.73825756094729766 -0.15308451933288339 -0.094657640503478066 -0.30418918309175397 -0.04521607883351024
4 586 1 0.035077845972424464 0.68257394791284942 -0.72089034963626764 0.11480180379201993 0.012949901472373519 -0.04519990646691472 0.0089308579440658137
3 458 1 0.24015013691601025 -0.79952246815209627 0.5500630288175451 0.022856049248947821 0.18194684582969498 0.21724490320988163 0.14037281372038976
2 330 1 0.27538443606222751 -0.78554479849235292 0.55079495928729894 0.060890842989733449 0.18468808709571843 0.3542411769699908 0.17351733392114901
1 202 1 0.25860158450589887 -0.7503343466740221 0.60818166015581221 0.015448525574536331 0.081102868404844042 0.13472085967301428 0.057506536828202351
0 74 1 0.17561314843336717 -0.71180193594232677 0.67437022598319751 -0.087879601691444917 -0.013338796442595037 0.032068155970228399 -0.030805345149304785
