18 852 1 -0.30646354253235508 0.72179090316292216 -0.5598001536730034 0.26780921783511225 -0.53137659380763025 0.86301469470801528 0.24945585399282541
17 809 1 -0.16252486976168923 0.63404962837837686 -0.62351421204890056 0.42754738080735227 -0.2970754882531495 0.74778051014055247 -0.012976724905438141
16 765 1 0.109165754789699 0.5686170562429772 -0.67267270329214268 0.46072650843684637 -0.13119056094179463 0.61994454271139077 -0.30562597729805979
15 722 1 0.25619788952644368 0.53248686613743479 -0.7121071899921253 0.37910912512738226 -0.44263052711946516 0.52211884334314473 -0.56555701522588475
14 678 1 0.24017810387918034 0.4805538490465236 -0.74626285943518544 0.39303208674508178 -0.23213127308160214 0.46727680026085344 -0.53103598604027424
13 635 1 0.26363115305269597 0.37701685022177822 -0.69867505879202585 0.54791429257769386 -0.18028495217944832 -0.082472799446692419 -0.61960269846402372
12 591 1 0.38331339613300619 0.32556799026421168 -0.62931992192590303 0.59248017682238019 -0.42545484421326218 -0.077193583893018169 -0.45774800023963091
9 461 1 0.13004935059674755 0.54414734051261249 -0.6930975255182602 0.45454005141778181 -0.54730666127618643 0.89002392744951198 -0.33959178975267701
8 417 1 -0.007506159420608372 0.61297706482786807 -0.66451153554536224 0.42734903146363734 -0.22117718175454412 0.90750714537423793 -0.028348128502968997
7 374 1 0.00080317920774381174 0.50568340213986473 -0.70740426193246431 0.49382472791790999 0.37945237397875292 0.59297446530724229 0.31174089183448872
6 330 1 0.17096003926020523 0.39886245716360896 -0.70036016523591882 0.566724839928756 0.5468319845603028 0.11955618242080641 0.25192851874640648
5 287 1 0.18924174823127377 0.37206957577855493 -0.74711486375802327 0.51727282149574394 0.51474112480961087 0.10882473837978121 0.0048255613006696644
4 243 1 0.014952027460854443 0.48707595422461131 -0.68467325880233321 0.54199260176868436 0.22797552977348484 0.58663503884701984 0.022060948389947297
3 200 1 -0.10919848602901365 0.62814242230462425 -0.64802809679336637 0.41662017919997346 -0.34577693688695865 0.74705880241374178 0.03489430180780622
2 156 1 -0.040269946735938957 0.54850377421535146 -0.71944707348103243 0.42416724239499853 -0.22460972592324951 0.65562938142931548 -0.018804697190294518
1 113 1 0.096804485144269481 0.50721997377109473 -0.70605815301785546 0.48460156254454817 -0.10912397546899461 0.47471744835565161 0.030803113835196069
0 69 1 0.21643829020768834 0.4742758958055619 -0.66257526563222147 0.53778328215201665 0.0023635236554631531 0.26378129781933579 0.087037168312413413
