19 896 1 0.477339749972018 0.17148227381240044 -0.67982337431122952 0.52969875646906539 -0.53279717781652047 -0.39636554407651825 -0.67150910435125755
18 852 1 0.52035268235555454 0.4033097937129273 -0.60873791677813716 0.44273292732439634 -0.58979394700213217 -0.30443628402043854 -0.264412832704708
17 809 1 0.38788559595261773 0.48380503907436295 -0.61063904356373289 0.4925417820797604 -0.68296284117625516 0.088838349871496095 -0.24998984677049063
16 765 1 0.14413588594105597 0.66376505627691673 -0.70026730760129785 0.21969636855104813 -0.17982455492312596 0.76280422747117727 0.13102465070951036
15 722 1 0.023637124056274231 0.78619194822127858 -0.59705576906051461 0.15769564213996645 -0.042855821889976393 1.29380370352034 0.5417592259143148
14 678 1 0.19968492499418455 0.68925309791745171 -0.67793106882238507 0.1595793334570656 -0.34325845885422779 1.4085888891994545 0.28464639423787041
13 635 1 0.040206836647281551 0.67523914284614728 -0.71505943500356761 0.17642424625770123 -0.90549602397395712 1.0002976558494432 0.54550953519058543
12 591 1 0.2404155629641796 0.57719761601171904 -0.65441850953958514 0.42518194167555234 -0.80618563606440841 0.40364747313978172 -0.12161361092212125
11 548 1 0.34195693289897244 0.36158815341225709 -0.73794259173982368 0.45580719021374988 -0.5530698688235558 0.083246213618547032 -0.32378382337190531
10 504 1 0.39258224920472928 0.31699381513850777 -0.63142188383086073 0.58881279146497523 -0.40827475878130942 -0.22658616928337533 -0.34948364908657908
9 461 1 0.4212823359312437 0.36386636064387723 -0.55731361167460025 0.61605519498362116 0.46835960360962103 -0.40329424535649622 -0.22022945209724271
8 417 1 0.38028875959237812 0.19771135235267454 -0.58100978388695035 0.69189472573954947 0.45724796368560194 -0.7463384276434224 0.14007950566351418
7 374 1 0.47815008516631069 0.24015051737437962 -0.53409610406747154 0.65455448717445708 0.020263857091597823 -0.72681143450593722 -0.13223533566944726
6 330 1 0.42432432849123353 0.35702489891949135 -0.5698712623444212 0.60640648920997442 0.018910052588333393 -0.12514426998985023 -0.043504981972103535
5 287 1 0.31130207833475221 0.29327967959501677 -0.66006393859282797 0.61757075912840265 0.27447543906573019 -0.012964876389598935 0.097575721713774655
4 243 1 0.13968481310616324 0.40986813133535949 -0.70723515242701618 0.55885123876993592 0.56784833197172901 0.70144833658076899 0.0035804556170269349
3 200 1 -0.013949109625659621 0.58825480385537898 -0.6834543248590641 0.4320322834154432 0.19620591619166519 1.3536204651342298 0.36193680819717799
2 156 1 -0.077818368486437195 0.62849789287968838 -0.70188000970456221 0.3260355074973037 -0.15184245116325082 1.2569635374174499 0.53145242858246911
1 113 1 0.051204507288735143 0.58051062748502325 -0.70424604416196757 0.40549108386311356 -0.076184419795595121 0.97342517205894441 0.31946906945138825
0 69 1 0.17301349332917407 0.49821722049823336 -0.68140530670611976 0.50747683722293124 0.045439735839312656 0.54478333524774281 0.10320659204894998
