18 852 1 0.15814688274768537 0.30547688493379432 -0.7138909829400133 0.60994516206399829 0.31799323793284906 -0.13489686474010673 -0.76871400057940054
17 809 1 -0.0062273049801373145 0.52872737010681925 -0.66779471845219052 0.52388815865599658 0.3543502706777697 0.36935167905531713 -0.6634351360143923
16 765 1 0.26193746629507375 0.17630803695969202 -0.62382262897890339 0.71494724800378562 0.83225929708755575 -0.50375937554513894 -0.33889263768676298
15 722 1 -0.63727577246628042 0.23659604065196063 0.42716555668752465 -0.59618075325790132 -0.49617290392364882 -0.98129150603445403 0.39509383075238763
14 678 1 -0.51509450817174174 0.13357392338766158 0.48389322723089939 -0.69475391275055343 -0.42975307420677683 -0.93630107622335068 0.14498769879646206
13 635 1 0.49948405439345317 0.063287965280248978 -0.41559810821628845 0.75748830044061144 -0.56427696683092765 -0.77530790024006158 -0.18262572913203662
12 593 1 0.37072668509743117 0.19847225772982574 -0.53070978304157057 0.73587880391560723 -0.49326832982783969 -0.61233454468126103 -0.45110501189944791
11 548 1 0.1481007795154593 0.36731710406463675 -0.68132614073266473 0.61558020933328872 -0.44718702166800567 -0.10468949184274776 -0.85463186505827704
10 504 1 -0.068632861823707592 0.55188202365043659 -0.74523416708977719 0.36788829615984381 -0.75384534862898989 0.62371467583728468 -0.58310339058053551
9 461 1 -0.018087110908624793 0.6313278513741416 -0.74574511245787489 0.21204298560310958 -1.0622724780349817 0.80601227769505002 -0.31876278107653699
8 417 1 0.073543934077348272 0.65819117083549894 -0.73429509242368785 0.14895096386767639 -1.012460488531554 0.98407711458580749 -0.059120319223318833
7 374 1 -0.0043949399860794252 0.64736391770357449 -0.71670192774331087 0.25930481932856642 -0.53196621660892718 0.9000789775200867 -0.087622531386202684
6 330 1 -0.065184520602779725 0.66419523100086686 -0.72623405296486787 0.1648628936532186 -0.053793287206922322 0.93161090052482043 0.39329514721540182
5 287 1 -0.41525643740998985 0.65373738295477335 -0.62151814745181555 0.11791826705422048 -0.39250156187858126 0.9411055421987895 0.78125561976513336
4 243 1 -0.52453560244875985 0.66524345533133744 -0.48988995115809969 0.20572161446200579 -0.5685213228242737 0.8401769259352726 0.39503516620873114
3 200 1 -0.14037320809624262 0.59252447845127776 -0.71746330029984196 0.33831422909429776 0.090861272561369846 0.58516891470424393 -0.058264981632984152
2 156 1 0.17403525519068991 0.36623001708229819 -0.73649207856939691 0.54144872586713189 0.25934408595294917 -0.22482406973376715 -0.19463279773917785
1 113 1 0.30716567384774329 0.35264423680662144 -0.65409076035456382 0.594522134386539 -0.1522001080245596 -0.47076876021869157 -0.3217011817949561
0 69 1 0.34385760680718402 0.36929220132731211 -0.61087594591554295 0.61009490653623288 -0.28192068207830229 -0.10588295810801165 -0.18344879260395963
