19 883 1 0.28206314009148337 0.35633147794027498 -0.63192837401785518 0.62780155538337234 -0.38039918364122172 -0.36729488214862993 -0.61706430981329297
18 838 1 0.016406124605923989 0.43358747041906487 -0.68100941134476167 0.58988043384305655 0.37099231387605425 0.29226728027526211 -0.76088360896473994
17 796 1 0.061856595429383397 0.40575999718534334 -0.70364645665720582 0.5800122846283472 0.50124739473352342 0.092211829403944082 -0.5742634273268441
16 751 1 0.36120749027981974 0.033643308970077231 -0.59871479096365743 0.71409934589568269 0.60840413343809252 -0.8753545075515119 -0.1458158518012124
15 709 1 -0.64481373897515959 0.19682910538899909 0.3717117381016723 -0.63820367364821307 -0.52342697085598966 -0.9463529812022935 0.46430755037648636
14 664 1 -0.51667858996110905 0.0600780013351161 0.50286807313112902 -0.69033149244168435 -0.49015509486554898 -0.94765162149581805 -0.0097740245362752474
13 622 1 0.36172433509363916 0.089296811880063082 -0.47363080624469472 0.79803223253520383 -0.4124067659052697 -0.69405108589420406 -0.37800117557791946
12 577 1 0.33532565734404729 0.20785248941245485 -0.56592578669036375 0.72393511458605264 -0.5007996122573477 -0.55588124475046796 -0.5302363434140126
11 535 1 0.080652050862316152 0.47724913499093163 -0.6992396253118871 0.52611068819764695 -0.55796296484255814 0.11319631223231263 -0.82325727650547542
10 490 1 -0.13423539904571266 0.59607402576344681 -0.72412976343913604 0.31986356334346239 -0.85280507357252111 0.71430110322885854 -0.47528589024160128
9 448 1 0.018903556684373195 0.64023985153668883 -0.73409560361260295 0.22547557030775503 -1.0964933672085113 0.8422331695521621 -0.35608866667085093
8 403 1 0.047595619034825981 0.66692960518293687 -0.71915371030617048 0.18909653548410821 -0.93301952216932105 0.93644037156652216 -0.13489955320501357
7 361 1 0.0021423515991600421 0.67501811237796872 -0.70207677906308552 0.22679099318913212 -0.44035347728420682 0.89311190734489709 0.059210251051421747
6 316 1 -0.13659617630317239 0.66501489501082789 -0.70295133003010835 0.21202853968744848 -0.0044419659390281582 1.0515748408181889 0.37815155265858852
5 274 1 -0.48478160705034834 0.61793835778475792 -0.56319162869515615 0.25681543725340095 -0.49626604329755042 1.0573043475759529 0.4940110031999132
4 229 1 -0.37384743152858163 0.67274717699191566 -0.59927348319109197 0.22027397970006965 -0.23223539315953637 0.87878735086206938 0.3025776311287755
3 187 1 -0.077651526067085572 0.5118074792688968 -0.73645651692666614 0.4354941369755897 0.16473373622750218 0.30885664855305134 -0.096172678443797899
2 142 1 0.2232958955194404 0.34919209880015367 -0.70004647059276193 0.5814969992960688 0.22038571921164699 -0.37023482388787093 -0.20813477536162925
1 100 1 0.35691554445762802 0.33612980588924435 -0.61511194833169447 0.61746687258261934 -0.26373208487085564 -0.44203338677856741 -0.25802651915531921
0 55 1 0.34436401739478978 0.41288060912849411 -0.59959150986925835 0.59281788723191176 -0.19995695949193118 -0.10097397189214811 -0.087385305658618739
