19 881 1 0.28211298780472077 0.33797035673949899 -0.62195176429951693 0.64758343320531875 -0.31105730611736859 -0.39250933148763173 -0.63320400257006948
18 839 1 0.024411925007404942 0.43191306623273001 -0.68109387608679739 0.590733690500158 0.36667434817102151 0.27121743891331318 -0.75683107950000472
17 794 1 0.093892565605985662 0.38103850605561984 -0.70940256754249942 0.58544157709453515 0.51766059379041529 0.051063275127975982 -0.57998213478835936
16 752 1 0.35047681943348424 0.031528624322963987 -0.61652513782149032 0.70432144601899116 0.62327957782774734 -0.84494070849432612 -0.18245838462406125
15 707 1 -0.64179612160463073 0.19047722029570971 0.38534117452654387 -0.63508136963398443 -0.51238929343178863 -0.95509499556003474 0.4046700904275099
14 665 1 -0.51733514166934325 0.074270069571893318 0.5036108144214646 -0.68791311628540397 -0.46808012447727099 -0.93785191465831808 -0.01956532943850638
13 620 1 0.34709438533884918 0.091019685853086729 -0.49861501626488119 0.78906525079274903 -0.37316437926547624 -0.68086351879625362 -0.4299338110578349
12 578 1 0.34278124470251148 0.2019910675217037 -0.57179388855617264 0.71746245611282733 -0.47302654648353887 -0.53647958459271727 -0.54340827184754337
11 533 1 0.061381765324071483 0.48029873602931017 -0.70700819235473855 0.51544623288722646 -0.51136281253160065 0.1753229306160119 -0.83524882920357568
10 491 1 -0.13502932121511013 0.59459141441451957 -0.72600051916300523 0.31804304502971709 -0.8205074896108967 0.73088097642556837 -0.44852393602814139
9 446 1 0.029422516554446474 0.64156906233474487 -0.73179969055600735 0.22801900507775982 -1.0570383354276551 0.86647173884744033 -0.3367777737890294
8 404 1 0.059890868259586137 0.66668400846210651 -0.72138957586762908 0.17760235524770793 -0.91771912003686729 0.93693790756443374 -0.10018339623475167
7 359 1 0.0079936590249144873 0.67387505384685986 -0.70620069850578537 0.21704627766498596 -0.40446531156359594 0.90555143940259286 0.08853409245013609
6 317 1 -0.12619750818797645 0.66756730727663571 -0.70384159582733474 0.20744899895106381 -0.019540265437736883 1.045140838096186 0.36565015071279205
5 272 1 -0.48563346743643815 0.61977492779264398 -0.55416253403254101 0.27007972907998451 -0.49238590445442193 1.0425312651552938 0.44756110838301838
4 230 1 -0.38434447630189639 0.67909851532585341 -0.58911889870083867 0.20986532160400764 -0.26725670380415406 0.87540533658434638 0.31513025172673026
3 185 1 -0.068096983672188804 0.49968190632838189 -0.74126618806293409 0.44295059740046727 0.17931296099929361 0.28626998433881151 -0.10323371152536982
2 143 1 0.22704409216240509 0.35076571514094856 -0.70351637119127897 0.57487312405578939 0.22963069384265039 -0.3571567868151454 -0.22553529526992849
1 98 1 0.36450428089433828 0.33502252984807446 -0.6159618605242364 0.61277036488673187 -0.25930238834799074 -0.41489485125372783 -0.26585730169406957
0 56 1 0.34198539250390958 0.41356953501544658 -0.60345175352144276 0.58978997295049884 -0.19927326162605427 -0.09064986953875713 -0.11335991881720622
