12 1594 1 0.50424691716240966 0.34722053966680128 -0.54591815150568346 0.57196705781217771 0.00281648691722995 -0.64996215480255282 -0.15624187281252533
11 1466 1 0.49536290726554116 0.32593820200432666 -0.53655557000655529 0.60040652800794736 -0.019797098801168662 -0.6704657994112202 -0.109492320203966
10 1338 1 0.58309425365512824 0.45016530225609314 -0.47052364837827065 0.48575692307557566 0.28246121330154927 -0.46151408805577876 -0.071848463225755763
9 1210 1 0.51767285195760537 0.32706926383123874 -0.53525894889231707 0.58184050446291813 -0.058950217102078331 -0.47351360814830884 -0.070630204664659441
8 1082 1 0.51151889661274286 0.29298717923957274 -0.57837933207815173 0.56390094824725345 0.039547948818987932 -0.36093987586206805 -0.13983838642546498
7 954 1 0.45441888176561634 0.52278241055900332 -0.57404960235442226 0.43665671315317517 0.29093114832153838 -0.14059537600462396 -0.099987213472219574
6 826 1 0.21513618835369763 0.61438678255709556 -0.63405037081627158 0.41740319733745607 0.29730694909094868 -0.30317313701594178 -0.25665466515006591
5 698 1 0.46663258137266989 0.37156050631097942 -0.5705253403664986 0.56453313467953181 -0.054847429707965627 -0.29352944377546919 0.01276265439463177
4 570 1 0.5364985435020696 0.41686965330075032 -0.47881503007621512 0.5559902624598595 0.11258287656379487 0.013253852727643279 0.051278517892683534
3 442 1 0.14264906935628657 0.65680903985479844 -0.50526310581030154 0.54125993947800288 0.19617840903776784 0.39430305282422196 0.27837459374204698
2 314 1 0.20947341971594835 0.59532140490619112 -0.60465150323027783 0.48591138177078158 0.2634590641578875 0.40107628265165668 0.26916414351362072
1 186 1 0.23614762904310815 0.55395606763911143 -0.61791891904220297 0.50551279104771041 0.10598631234838511 0.17258517706994325 0.12676279569640525
0 58 1 0.38206127967306724 0.40956408961861401 -0.58955142433455909 0.58199274319749628 0.00099063423131976933 0.0738398058581657 0.023006374878732288
