19 867 1 -0.59086451896030945 0.69906150179974791 -0.25429624592456107 -0.31229081998028463 -0.55547544999184761 0.90434482914968783 0.18372155653932801
18 824 1 -0.59858710914893798 0.70690387599269178 -0.30776075142333797 -0.21740216822876643 -0.41372954867440087 0.86628539665173887 0.024779349734994485
17 780 1 -0.42049948272563942 0.74479933197384796 -0.51238893610418046 -0.076887699125449127 -0.11021333990924456 0.5662813961997234 -0.28297204789197744
15 693 1 -0.23825754122338857 0.6826473760090026 -0.68804105668797777 -0.061849885932795758 -0.49838681728451917 0.348881154058511 -0.64809233587887494
14 650 1 -0.34032070186589253 0.61557437455884978 -0.70577020872128893 0.084489181257102516 -0.20196375348428547 0.11442978619022091 -0.68675979807539089
13 606 1 -0.19875622266999218 0.61431719254441952 -0.7282019243827913 0.22985279684941545 -0.44374888945687246 -0.26443401135264261 -0.5941144060868544
12 563 1 -0.15087109471634361 0.65450506105921447 -0.71502114708827558 0.19392214170520308 -0.51753939060776655 0.030429453783543555 -0.46174412131294923
10 476 1 -0.53360856993958317 0.62911775492988886 -0.5463382903550198 -0.14486965524554674 -0.63434780883340602 0.89668222402030462 -0.19531420011560185
9 432 1 -0.45243385443828504 0.65396616848748812 -0.59174569461967397 -0.13216993126649731 -0.29337132930920679 0.96263705112934161 -0.1051642654443424
8 389 1 -0.46842327651102383 0.75157564344555128 -0.45803859765917171 -0.076904676428042093 0.15852471423984998 0.70832302921201562 0.11783704323116224
7 345 1 -0.37355601940055666 0.68539658690726335 -0.61897980959270105 0.086898874227856165 0.53908735743569636 0.14928919507775368 0.24967687835809896
6 302 1 -0.34287457118153675 0.62285039734238845 -0.68340478237093572 0.16568739964173559 0.48146934437648242 -0.087007649284054259 -0.0094009657620668912
5 258 1 -0.44463694224587907 0.67664595279410766 -0.58168423143240811 0.078049337348102807 0.39541955372782156 0.39151485020125987 -0.038892807073891991
4 215 1 -0.52344727961898985 0.73719560819690899 -0.41888918855548102 -0.084127453461990312 -0.18574272191286964 0.66996465797088756 -0.047317036815605583
3 171 1 -0.52161406118019593 0.70591841754332552 -0.46309212220541263 -0.1230595193535113 -0.34500561760094101 0.65887327668591844 -0.09157086306446674
2 128 1 -0.44434966753972577 0.71084108838294568 -0.54362970472311034 -0.041533891781873437 -0.19707892522453507 0.46468090859165434 -0.061514204000532528
1 84 1 -0.34052530032443079 0.6974002476502944 -0.62731708656474838 0.064410304456511039 -0.070277605102579271 0.25658538116808755 -0.0102965863824536
0 41 1 -0.25667217510213608 0.71230527686837997 -0.64788907713998833 0.083548373990719862 -0.017608370268684854 0.051308034298909719 0.00054687625423988128
