18 852 1 -0.31281469404292156 0.72189996191187245 -0.55962091953196591 0.26044546186230122 -0.52032499473649729 0.87032576812737972 0.25733257858959629
17 809 1 -0.16991614048002981 0.63729720154878355 -0.62473527525723493 0.41795528223929285 -0.29461658039835653 0.75122109916223823 -0.00086790004033149412
16 765 1 0.10030617762188292 0.57059233695008982 -0.67690400574543719 0.45405288541149452 -0.12329637755982006 0.61922822605030814 -0.30018725913744904
15 722 1 0.24828876115537238 0.53295668833170451 -0.71602538701687424 0.37632101269231344 -0.44612260160176659 0.5083024803703976 -0.57413659584753851
14 678 1 0.23300525481403975 0.48217756896643255 -0.75089322976853901 0.38648764624815324 -0.23829917055057076 0.45901886613801302 -0.53161787561368579
13 635 1 0.2533301278784163 0.38055249012015402 -0.70519732312750782 0.5419413104998112 -0.18275278294993608 -0.093239541596623343 -0.61721971417237675
12 591 1 0.37401417745516863 0.32846388459202458 -0.63724485384162366 0.58833992541184765 -0.4328564284617869 -0.083996639363262002 -0.44875030598141752
9 461 1 0.12035280622537743 0.54739288121281993 -0.69826208919549348 0.44531594449733014 -0.56383234898213475 0.90375017197888874 -0.33553714030379789
8 417 1 -0.013735897580195239 0.61627634763605244 -0.66649780698953687 0.41927969392777886 -0.21965336348664924 0.91140692404054391 -0.018040022740536225
7 374 1 -0.0070054275120087208 0.50904916499957165 -0.71053218880661639 0.48576113499156348 0.39050791645330346 0.59063359602621468 0.33235280999225458
6 330 1 0.16291641959446709 0.40357193580404827 -0.70530579112648917 0.5595816954309083 0.55643763257916912 0.11171764832762215 0.27729812221059463
5 287 1 0.18054466896844429 0.37632122833157888 -0.75200103478010749 0.51017683140626258 0.52249379336887414 0.099891774066207237 0.023148365828743054
4 243 1 0.0065643105144040136 0.49122670934260765 -0.68754555278635421 0.53472828866594513 0.23567014451467042 0.58558891436614002 0.038885358273181937
3 200 1 -0.11647107622598526 0.63110641122484723 -0.64987848329391229 0.40718195326568546 -0.34539588724125869 0.74973003340422684 0.048082806192641797
2 156 1 -0.048426870094122908 0.55125423280799679 -0.72182793734980466 0.41561765834175102 -0.22572263150935809 0.65404620318913576 -0.0070241033563809277
1 113 1 0.088615681574171129 0.51040853971963818 -0.70985991483638433 0.47720989602992619 -0.10889377160402824 0.47046243579805785 0.047616105236592078
0 69 1 0.20861138161200665 0.4779824693204065 -0.6680616135619154 0.53076146334238172 0.0048232457945133088 0.25891510773179721 0.10862523084917469
