19 867 1 0.27175828376917438 0.28632992912879601 -0.67979150167632252 0.61809879561165793 -0.018546971154322564 -0.36287538955158899 -0.77378590138820036
18 824 1 -0.032124383928949195 0.54454523861056547 -0.64474353547853014 0.53548508898231095 0.25923634466422291 0.50831499163063498 -0.74498799346633393
17 780 1 0.20434172788903138 0.26655073357383202 -0.66637768922387108 0.66568456492488315 0.69875937388976661 -0.25338117176270719 -0.52641349719869512
15 693 1 -0.57055034376004909 0.13554605536241612 0.45267593938791262 -0.67170236415413143 -0.43508923798472443 -0.97053212863894478 0.25628916589147688
14 650 1 0.49272830167349335 0.048943941189967026 -0.47674319246996072 0.72631896559589981 -0.50210445040687912 -0.92603459659842513 -0.15690715073056546
13 606 1 0.40526648890272793 0.18217042176574147 -0.53488577244693569 0.71865862608055586 -0.49794385995752743 -0.57828792349324887 -0.43566255545753158
12 563 1 0.32040089258573123 0.26148515817120349 -0.6051636899354329 0.6802541352099073 -0.57543629376145444 -0.38093147991224391 -0.59949201290733867
11 519 1 -0.050967220485602441 0.48795220411929269 -0.76638405040405033 0.41468117417767847 -0.5158511956297207 0.52168746162469815 -0.71137714872724911
10 476 1 -0.063106974894888354 0.60329227588897594 -0.75057565373960355 0.26209183044437417 -0.9534907764418602 0.76170951784153818 -0.41848567088993166
9 432 1 0.038642609549950427 0.62354979221309259 -0.76145054597936035 0.17287414898102349 -1.0109172224957594 1.1365549488217661 -0.17583457896041133
7 345 1 -0.021875564141528376 0.65263411379948311 -0.72234364270612317 0.22761773885332806 -0.18664879882652186 0.92587574033365072 0.23466950893580241
6 302 1 -0.28846329964044909 0.67339972430654438 -0.66521747810049892 0.14424785230299608 -0.21506747088760211 1.050917907426727 0.6472900708301943
5 258 1 -0.49615762057791174 0.61669604954402035 -0.50391263070744197 0.34581159412716272 -0.48867627252099516 1.0438975309805871 0.23419536305285504
4 215 1 -0.21913212206632893 0.61251593959266548 -0.68991704310103252 0.31752135434069628 0.04301297015544156 0.78506578586736886 0.034969584724107196
3 171 1 0.055450918783435166 0.42771471955644552 -0.74723752983897918 0.5055901386310504 0.25978828259218517 0.07828088221781386 -0.14457317824607149
2 128 1 0.24674438059878648 0.32019477005772529 -0.70525525208762652 0.58241527218422084 0.085598420156370786 -0.40969390389154975 -0.3018491175221461
1 84 1 0.38340153324887799 0.32166293899457749 -0.58721811287420611 0.6361690859293907 -0.25547367315379421 -0.35499881682136841 -0.19611269831948219
0 41 1 0.31502473557539884 0.36928073427118069 -0.61736827734331434 0.61906991963907931 -0.13053961818415247 -0.12418591388578432 -0.089170201709610389
