18 853 1 -0.31341377400251047 0.7207641761268121 -0.56187697145917193 0.25800208840552086 -0.52061378725623675 0.86509288964799758 0.26477163396427578
17 811 1 -0.15146258298587392 0.63488877335487781 -0.64561858593464205 0.39642398126114831 -0.28179595262883095 0.78424255820919386 0.035227381026620638
16 766 1 0.096628055150813255 0.56627855308223474 -0.67980499948632667 0.45591312982876181 -0.10598676019217657 0.61392649171867075 -0.28507980825659651
15 724 1 0.24415582794863688 0.54213132879304504 -0.71503297797716125 0.36770830072887334 -0.42526459170658609 0.51975559109270519 -0.55075893825376154
14 679 1 0.24637569901319833 0.47899317509946737 -0.74782088932379265 0.38810883864563139 -0.24252195368484059 0.45445147386166584 -0.52794038684290467
13 637 1 0.25721135245711968 0.38078965911036555 -0.7080770015922333 0.53616090448478593 -0.17844953969932151 -0.061656535463681203 -0.60536547497114013
12 592 1 0.37015775628365755 0.32223075966926396 -0.64124826175576854 0.5898739185463473 -0.41143165023213818 -0.086487992801782557 -0.4499472328154755
11 550 1 0.36476160029285398 0.37030789484567384 -0.65143419422033921 0.55267940848855501 -0.5002470611856068 0.25494515043182836 -0.42001158807116085
10 505 1 0.15296489013413914 0.53130376449222427 -0.73332443919269619 0.39566819319394325 -0.63134961580512816 0.77946954335301122 -0.3184334719863382
9 463 1 0.093569102329001938 0.54966967179606463 -0.70753107655121383 0.43417490797054581 -0.58055910332890459 0.91648530479095502 -0.32894883627984006
8 418 1 -0.011346182782079431 0.60551847200621611 -0.67308778027393079 0.42446611671774898 -0.20627636811561956 0.89760809029985877 -0.027100921587712351
7 376 1 -0.015197256664106224 0.51013776721152482 -0.70033563138273647 0.4990576171846986 0.36144645307721096 0.62367367627305348 0.31106973955264883
6 331 1 0.15935356651090218 0.40055157365560251 -0.70514300910917738 0.56297265864936175 0.55989039967193621 0.12092058759928723 0.27564458477430731
5 289 1 0.18271851912299644 0.36919670866591642 -0.75012335793350515 0.51732260820721554 0.52684393726614687 0.08147653860084926 0.025319704439260897
4 244 1 0.011134423399526975 0.48347140042636577 -0.69362652165049432 0.53386672311389205 0.25072104299436399 0.57441116543557336 0.04577240271499608
3 202 1 -0.111154903135087 0.62959827648610078 -0.65211257159485769 0.40743072015092668 -0.3300131594379937 0.7392517086143281 0.054412219400176813
2 157 1 -0.046097467753647613 0.55522897523086201 -0.72362403598469016 0.40738687150669961 -0.23022038185003688 0.65086577182302652 0.0026189472753494199
1 115 1 0.085423278073899864 0.51225136424267226 -0.71372802173522887 0.46999331312748183 -0.10717558431271396 0.47638711477592399 0.049382128528003132
0 70 1 0.20958395352959439 0.47284712757250419 -0.6702671993822511 0.53219549209065131 0.011498885131459175 0.26095971879897856 0.10410269909868007
