12 1594 1 0.50468749454142592 0.34688184832307623 -0.54487425265423706 0.57277880979654894 0.0030967774690014711 -0.65078272515421764 -0.15463700341362929
11 1466 1 0.49490999367118943 0.32488414396598675 -0.53627864712186324 0.60159754305101276 -0.018143364911866248 -0.67099512895787072 -0.10812424144916892
10 1338 1 0.58212196546158501 0.45081005889228881 -0.47066698160568304 0.48618607606025499 0.28389186824076956 -0.46049446214039341 -0.071387421418746377
9 1210 1 0.5189612857398167 0.32802165212499707 -0.5331616067793441 0.58208219410744033 -0.060265603271928793 -0.47464931038128916 -0.069161383533323725
8 1082 1 0.51241069929522032 0.29428253774323682 -0.57679940589371848 0.56403502425632879 0.038343567482953284 -0.36162479635774741 -0.13946933943107037
7 954 1 0.45325375922898437 0.52360431291515419 -0.57385719023487736 0.43713553785659565 0.29213031717045196 -0.14034245276176457 -0.10014251328392386
6 826 1 0.21391782761067032 0.61416504046348508 -0.63495281174594542 0.41698368428361238 0.29805178676806432 -0.30088942269033048 -0.25733444458511506
5 698 1 0.46736931312723856 0.37293884930211929 -0.56899040266499712 0.56456395696440698 -0.055876363343981689 -0.29416478195902473 0.013047485117074232
4 570 1 0.53521148865988932 0.41842389784755707 -0.47965077389509198 0.55534245220256828 0.11392491537907821 0.015599118808635355 0.050894226072450206
3 442 1 0.14251694179057131 0.65775309190037967 -0.50464064219015836 0.54072878011814585 0.19495382093744262 0.39346625070792979 0.27758109241982998
2 314 1 0.20925653354154763 0.59631148932867339 -0.60410113689351674 0.48547515618078246 0.26225759918495922 0.40015853788516142 0.26849364312823587
1 186 1 0.23540614862194573 0.55501217240111067 -0.61722769519318454 0.5055446626798582 0.10615516849783667 0.17273075533002533 0.12678869662669212
0 58 1 0.38045105558820996 0.41056101854596977 -0.5899115839878637 0.5819802122316895 0.0028133228235972096 0.075412643561513948 0.024470474213337406
