19 883 1 0.54704360175222877 0.36082402084077875 -0.60553235373553649 0.45153061064089944 -0.7073416613857666 -0.36396671642813266 -0.35733940445926893
18 838 1 0.50379722698215579 0.40728468470927787 -0.5343613535494578 0.54292309171663145 -0.64847418096119402 -0.30647798637678075 -0.22035869551936008
17 796 1 0.28003121144422 0.52490278421847847 -0.66298663029643257 0.45443186044219364 -0.68092124653000752 0.36497810316852775 -0.29668768207818108
16 751 1 0.084258796824260379 0.70477232498828812 -0.66327127163886224 0.23720802116896761 0.17334478454238211 0.86369846078921864 0.22474562130231651
15 709 1 0.1103723376667122 0.77284035552830743 -0.6215414327649863 0.064976759701548661 0.062899519228112044 1.373506154734353 0.51676452939784356
14 664 1 0.089368707013166862 0.69926912818978637 -0.69128442740545026 0.15862459139178173 -0.76732267957129574 1.2468909707073101 0.54903784739478634
13 622 1 0.104379017310486 0.6244817159020104 -0.7033796729515287 0.32308612308172352 -0.84972458178560084 0.88003111916428522 0.046646622288084624
12 577 1 0.2899118750127706 0.53931946150737486 -0.69205775201960729 0.38228482972195299 -0.77009185430181581 0.29068494644314502 -0.10119087875508188
11 535 1 0.46538409125803282 0.25460763274320281 -0.68246148373455462 0.50283091011956271 -0.55502023900568398 0.0745760463456248 -0.24442200970645489
10 490 1 0.42916453508405783 0.28263024262183578 -0.64343635595841653 0.56738664384400228 -0.22927331378538229 -0.27053151291968863 -0.30182881593251626
9 448 1 0.38316667078588168 0.34260726895443011 -0.58713239378710547 0.62536318553643211 0.63915917467783134 -0.46951937430359059 -0.097609673773495095
8 403 1 0.39168118717193656 0.24105829560601458 -0.56062635161807517 0.68860354312660355 0.36186610321678958 -0.81746242043135664 0.036763199486221726
7 361 1 0.52430614746032211 0.19418578301657491 -0.48419094604545881 0.67301862765985787 -0.056385670487283095 -0.56257870606690574 -0.080917329473666449
6 316 1 0.35505224525610524 0.35817324194752498 -0.62527942915955959 0.59554636037952058 0.11158714229015965 -0.083619034381355831 0.070377083090251605
5 274 1 0.31876440127191341 0.28716564374621395 -0.67859700502946596 0.5961805551161663 0.45748500751412652 0.081111135041526783 -0.044706820158852065
4 229 1 0.072403568038913624 0.48075717086477276 -0.6786852268273833 0.55046946226252857 0.4988375720378137 0.95992998988746459 -0.009925671781958214
3 187 1 -0.033012948031663103 0.58283501603565235 -0.69543218785980176 0.41903169502259491 0.16770128067342555 1.35947646933959 0.39862366006612998
2 142 1 -0.076654283119489602 0.62101300710667851 -0.69575540431440996 0.35269162628427897 -0.23201676217430672 1.1884535230213193 0.42734543178261614
1 100 1 0.065278099523034427 0.57559809715923804 -0.7008028094374199 0.41629439409382452 -0.054045438371202369 0.82702619065502603 0.27527168226963078
0 55 1 0.2074286379876385 0.47205026692633217 -0.65638015887472223 0.55073314107012517 0.018446618159982591 0.39450131734667815 0.11396963560763128
