19 868 1 -0.26273066760237551 0.7226740110640083 -0.59313075278567529 0.23855980410321817 -0.55853913370026498 0.90134671945205413 0.31215237909882931
18 823 1 -0.22450786564225977 0.66189759215945254 -0.63686271903770286 0.32541308034278554 -0.40753245251676584 0.87261858290809979 0.1366897807033961
17 781 1 0.033346943605431063 0.60105925302477048 -0.66212653772864261 0.44632298141700194 -0.098357219446311553 0.63427788666476326 -0.17657262068429663
15 694 1 0.30568810890142156 0.53162198900400248 -0.66726293278119586 0.42272097111444379 -0.43387403934828772 0.41210196138820082 -0.58387143561596666
14 649 1 0.22492165601109829 0.39744588071259268 -0.75109449029834841 0.47676418406302401 -0.14192594089829993 0.17925517075383637 -0.59307472146055407
13 607 1 0.34914950369483605 0.29412998981088267 -0.67321331512137805 0.58169236328731699 -0.36230831096258503 -0.16995401004691835 -0.53479365012000502
12 562 1 0.37380784340413803 0.34971477335790807 -0.6262969112049469 0.58797912592193047 -0.43879342604510763 0.12610640248534039 -0.42143760903369842
10 475 1 -0.01862108563258507 0.55355828691114506 -0.76389235970695946 0.33120226590890917 -0.58161291762679246 0.9233080685303795 -0.1009169172750992
9 433 1 0.072014510770765122 0.56350042171306958 -0.74601674775448201 0.34747690144449267 -0.24298662017609141 1.0028247389351457 -0.0092901072111283064
8 388 1 -0.026131499828050415 0.59534311116020022 -0.65691776679945046 0.46189043329999047 0.18270018999141174 0.75372210431156927 0.2057240054882184
7 346 1 0.13817958366307967 0.45038645062362631 -0.70827678308540287 0.52573990365535594 0.56225876635410732 0.24834642363210654 0.3204182665445785
6 301 1 0.20462758414771742 0.34797407240200701 -0.7397653851576631 0.5383203244020851 0.52252090741535973 0.0071921400949728712 0.058222997026789042
5 259 1 0.07207253695428574 0.43567025693084893 -0.72912217767844145 0.5228554548440979 0.41868858273628362 0.45034908467634938 0.047971223799112651
4 214 1 -0.10228447804343058 0.60382825672438323 -0.6614976350909606 0.43283969399957034 -0.21380166057442165 0.71859604795716059 0.062750073952473867
3 172 1 -0.075248169953462729 0.60245610577720321 -0.69395805880845796 0.38704853202824469 -0.34056493246319947 0.7049639710608494 0.022678976469961531
2 127 1 0.044564495180985951 0.55303640095996853 -0.70057993589062295 0.44872318684240031 -0.17827432609206167 0.52193474470153589 0.041563017290542653
1 85 1 0.17163461089298848 0.46780739830823775 -0.69452547763825045 0.51897221442294039 -0.037019916988100164 0.34595996217277836 0.06138540272037496
0 40 1 0.25053253887304833 0.4683413516480025 -0.6501612930864602 0.54330481156942534 0.029599339284261564 0.14014998595482739 0.056482079348387317
