19 867 1 0.26963664607156235 0.29102140600817977 -0.6778715979194645 0.61894484170595776 -0.03664449389073391 -0.38438908481738171 -0.76669300283225239
18 824 1 -0.03687437051604061 0.55001013019978351 -0.6459193555962679 0.52812623826388827 0.25184425041615649 0.52265564528168729 -0.74335865357855313
17 780 1 0.19788579461224004 0.27283987881064503 -0.66940278796145947 0.66204193242626275 0.71011878838653153 -0.24755012131845125 -0.5219622225112488
15 693 1 -0.56574874925233387 0.13150949143884066 0.45846330468862312 -0.67264032337862711 -0.44098173355975129 -0.98037084671273178 0.27030916636485641
14 650 1 0.48843997070097234 0.054027278750319575 -0.48186336481625025 0.72547580650248411 -0.51871029398318225 -0.93336446423513575 -0.15273944982649357
13 606 1 0.40037260522653456 0.18702971472281829 -0.5391541964719293 0.7169619342904664 -0.51725705694853175 -0.57922745498389749 -0.43485700369048885
12 563 1 0.31526321356315545 0.26668858825993291 -0.60898347297049937 0.67721889571581295 -0.60157248075135095 -0.3786905621187206 -0.60022255668406699
11 519 1 -0.055191066211529527 0.49300922425375204 -0.76551514221432659 0.40973457024240417 -0.54949892947718959 0.52173619360230794 -0.71496733419608505
10 476 1 -0.067409168893615298 0.60706332573333399 -0.74918272672180719 0.25623302769224354 -0.97867585771510857 0.74480705758197607 -0.41632789451701696
9 432 1 0.034045042063368718 0.62637812544128413 -0.76064164466526862 0.16707982367862872 -1.0340224854100739 1.1112491456120317 -0.16678678417743492
7 345 1 -0.024796099962921116 0.6557820914596949 -0.7207975405783098 0.22312755868255543 -0.19352562167865334 0.92539089514506856 0.26140553489828033
6 302 1 -0.29062204870866082 0.67674662853821643 -0.66171140915969184 0.14032404125606215 -0.22032035749992987 1.0459108770041099 0.66457172341915394
5 258 1 -0.50297160696726328 0.61904305337513155 -0.50219066502476395 0.33408052414761974 -0.51821543819381188 1.0742735348916006 0.25778766121538088
4 215 1 -0.22390619136128156 0.6157308811186829 -0.68858122849991987 0.31080120859552129 0.036257228543688645 0.79091333759883975 0.051607414229594917
3 171 1 0.050284157840519345 0.43218664635662635 -0.74828269412619408 0.5007586403173957 0.25345865152858771 0.076324392083136197 -0.12726769016438688
2 128 1 0.24123872953442421 0.32496617331846878 -0.7085406853081635 0.57807521901081871 0.077801967757832921 -0.41385461580265526 -0.28923999745289691
1 84 1 0.37856427974311424 0.32650754264184628 -0.59218480597048317 0.63198027364646547 -0.267996751583717 -0.34955321031639458 -0.18306132183389576
0 41 1 0.31021578997978716 0.37400411714306603 -0.62121308268292941 0.61480191111513671 -0.14141856467276631 -0.11638514354066898 -0.07045642969754487
