19 896 1 0.26573820380092278 0.38154504670468453 -0.69876028048048766 0.54363650981019429 -0.56667095270351442 -0.26062994369932768 -0.57918747064901177
18 852 1 0.15710814761227188 0.30214918891387915 -0.71437421827761693 0.6113038310470249 0.33235295040513896 -0.11500380799494093 -0.76715253639026915
17 809 1 -0.0060317780207365928 0.52686623263619459 -0.66497602237663633 0.52932266173459741 0.35241011014877083 0.37429455942991574 -0.66061939129913561
16 765 1 0.26611103121238661 0.17846398750521519 -0.61988988554994073 0.71629048159507192 0.8260058840366542 -0.47697345525517293 -0.34998941012304841
15 722 1 -0.64043853681808727 0.23550228423703257 0.42659970869862068 -0.59362432835565238 -0.47907810868163347 -0.97077384927201216 0.37585427773517499
14 678 1 -0.51623393706238652 0.13474870340993927 0.48112858492391031 -0.69560088694848854 -0.40738538425495013 -0.93158738065991964 0.12235110176424406
13 635 1 0.49884290867570225 0.06267597110538653 -0.41193714249849844 0.75995741047780674 -0.53917681226739322 -0.77651411868324116 -0.19963666208357644
12 591 1 0.38066648541423265 0.18680345864345621 -0.5290954076184835 0.73502077818130385 -0.47813856276290889 -0.59178931871501905 -0.46437467546485334
11 548 1 0.15267698392468895 0.37072084223110724 -0.67868976323337482 0.6153340564257308 -0.44102566230665025 -0.089352908701249179 -0.84811425742038804
10 504 1 -0.068590753413007813 0.54946770389049737 -0.74482107387820495 0.37231991463586578 -0.72397626320467967 0.63280117540831948 -0.58056812011089665
9 461 1 -0.018091989346379681 0.62938585724413942 -0.74582733166089699 0.21745738426215053 -1.02975717509644 0.81262257848687058 -0.32266218809215302
8 417 1 0.07387996289677555 0.65695411549621696 -0.73416744394353628 0.15476177004793171 -0.9847049209377442 0.98542057312408693 -0.071011010945481026
7 374 1 -0.0039547734955255407 0.64480209149514656 -0.71792774992077357 0.26228680573711483 -0.53731282821995774 0.91166878512809535 -0.10268569371539053
6 330 1 -0.063997911317376088 0.66365453843021782 -0.72520307190888345 0.17189364578688365 -0.052911706637442282 0.9173649684903411 0.36394869374433053
5 287 1 -0.41693843451699886 0.65176544161573291 -0.62165296098256462 0.12211366442611199 -0.38331526796240672 0.93789650522103152 0.75027508726997683
4 243 1 -0.5264302383205246 0.66249484997467389 -0.49051656472593169 0.20824331362207257 -0.56776037370404897 0.84286093005875273 0.38496390177602957
3 200 1 -0.14052558647882823 0.59056839551428664 -0.7166489932641259 0.34335950579236546 0.092864337377546985 0.5938803584222877 -0.067788555234617062
2 156 1 0.17422149571686829 0.36463390998963946 -0.73565700104829324 0.54359705566207406 0.26615350359896051 -0.20194160167169406 -0.21515049846471473
1 113 1 0.30727379986352965 0.35047982684961893 -0.65186082856844185 0.59818405450743428 -0.13467504452418605 -0.45447640589943605 -0.34082388752320292
0 69 1 0.34327588209049509 0.36834414796707016 -0.60916811521929226 0.61269769449017908 -0.26416607549558263 -0.099052419353542323 -0.2083486988003023
