18 853 1 -0.31488579701970804 0.72064017220697574 -0.56064227547752565 0.2592391096731857 -0.51954726968660658 0.86736673566605638 0.26447075453790569
17 811 1 -0.15244035127741176 0.63617686412708541 -0.64385535921704284 0.39685162625260845 -0.28400646477880881 0.78442376148530124 0.035382250207917465
16 766 1 0.096879608550848123 0.56813869672131756 -0.67861498857800184 0.45531797681632946 -0.11065761657037655 0.61367368430168001 -0.28512461045731025
15 724 1 0.24095803564095117 0.54591619763075794 -0.7158885838742467 0.36251657300453888 -0.43283514334679268 0.52971779099071126 -0.54659875903038257
14 679 1 0.24279401364518471 0.48287405603568417 -0.74729005031845697 0.38657637491283264 -0.24798558104421187 0.45785000383881103 -0.52929665536927528
13 637 1 0.25438404790157454 0.38143235069150944 -0.70756037671853544 0.5377326764453535 -0.17727990827084741 -0.068276311791292621 -0.61313751420093221
12 592 1 0.36879980693658132 0.32445379391821072 -0.64074424929108098 0.59005359503694976 -0.41853987990008351 -0.090967349588386204 -0.45309091198947721
11 550 1 0.36167312821644149 0.37321340331110087 -0.65303363260613467 0.55086421067293456 -0.49146349836754355 0.25938338085889784 -0.41553841127208629
10 505 1 0.14627555264807338 0.5345116716235877 -0.73252892904142008 0.39535060859076587 -0.62553832076652871 0.77573997560599517 -0.31216202574114771
9 463 1 0.093059704165042029 0.5507843467516339 -0.70730345417139595 0.43324163990930359 -0.56732280678219293 0.90872981113003282 -0.3318024776251991
8 418 1 -0.01085723558410737 0.6087895434170193 -0.67405233166575129 0.41822346471417926 -0.21929225018718473 0.90764877828185941 -0.019521455035790943
7 376 1 -0.015390804166176534 0.5123481650225904 -0.69917823762188347 0.4984097440671279 0.35991257559290041 0.62475195751242119 0.31595918499397413
6 331 1 0.15879266641484607 0.40258512743281089 -0.7046560038988785 0.56228997895395094 0.56056961169717623 0.12016518230990078 0.28160705309804401
5 289 1 0.18198081225894275 0.37107185344978422 -0.74976628781060328 0.5167583354041082 0.52713570720546898 0.080557822483302011 0.02812483860043391
4 244 1 0.010475730387341441 0.48518639753615472 -0.69242538959099831 0.53388341289882213 0.2501485811726582 0.57447791532942505 0.04780777130980373
3 202 1 -0.11240118890323382 0.63068491864201381 -0.65060145603661557 0.40782379961656456 -0.33195390489795185 0.73988926967988222 0.055534029409792171
2 157 1 -0.047370336410077353 0.5563573267492723 -0.72237958611445729 0.40790968334412575 -0.23232405143453635 0.65082471299379818 0.0034389326801335116
1 115 1 0.08481197448802244 0.51385578049993441 -0.71258893134383505 0.47008103637191895 -0.11043996727509874 0.47524492796079387 0.051627062133448379
0 70 1 0.20941950260719172 0.47477220231958966 -0.66922865927027231 0.53185320290816784 0.0079443776672794911 0.25931192577464468 0.10834001648716683
