19 883 1 0.5483177356561435 0.36136053674341256 -0.60735403250363973 0.44708757805490457 -0.70578628647926234 -0.36190946403990532 -0.3661169511972458
18 838 1 0.50543452234498765 0.40807950243323038 -0.53633216765381853 0.53884586780961563 -0.64672556991801988 -0.30603328139748509 -0.22981398906820516
17 796 1 0.28180311676172287 0.52649564710681096 -0.66378767588105614 0.45030573870358925 -0.67750180278577699 0.3669294306806416 -0.30513500241065206
16 751 1 0.086247002725948693 0.70674681474875689 -0.66232471784257885 0.23323027783292835 0.16894249496218228 0.86745290176365064 0.21776637671933144
15 709 1 0.11224180570018455 0.77432779348780645 -0.61979628949724741 0.060587167048074694 0.056753383354482385 1.3750849318195548 0.51217738439376204
14 664 1 0.10784128282907031 0.69961779155910986 -0.68603094772879192 0.16812716083390553 -0.7665748739075342 1.2388650831835735 0.49341466675713963
13 622 1 0.10659279181228018 0.6263782559599691 -0.70303823045840264 0.31941431356175837 -0.84608272202620594 0.88268091309798014 0.038376066376743928
12 577 1 0.29154007864397719 0.54089107818672866 -0.69248380797615539 0.37803095081369326 -0.76689338833302068 0.29412137435625574 -0.11024827464920527
11 535 1 0.46625522846020589 0.25582407045060479 -0.68448608319520177 0.4986370511942495 -0.55085725614471359 0.073657319301244639 -0.25380420628344796
10 490 1 0.43040323963402649 0.28376936206186748 -0.64567465348771791 0.56332250293331176 -0.22630727272317286 -0.27039603502556198 -0.31054755505394682
9 448 1 0.38502106269110742 0.34414641364081294 -0.58936296374230457 0.6212675142249624 0.63715499103397366 -0.46815795006032157 -0.10766321284368292
8 403 1 0.39340836074307817 0.24249647032541163 -0.56329784508483349 0.68492398213228289 0.36263678792750126 -0.81701835044794957 0.027141314026803687
7 361 1 0.52595070163142765 0.19482092936112747 -0.48710967012153483 0.66943620622906652 -0.056015056616748889 -0.56554138917098218 -0.088987479600931396
6 316 1 0.3567798415419603 0.35972904561827795 -0.62718065201013384 0.59156368055518782 0.11269118162068609 -0.083491280272397689 0.059664794843746025
5 274 1 0.32019369615407112 0.28901431783491283 -0.68055964862238494 0.59227129400013179 0.45845404168526349 0.080454215710664065 -0.054531175132724263
4 229 1 0.074432876928385891 0.48341568045416522 -0.67947541608517759 0.54688406967023184 0.49913614602235162 0.95982809067927399 -0.018965866044330069
3 187 1 -0.031024592668153758 0.5856608645325877 -0.69541169257681801 0.41526064613946062 0.1676283829298319 1.3605800254615059 0.39007305064046111
2 142 1 -0.074804787935706232 0.62381529010596204 -0.69531099146909092 0.3490005052635004 -0.23112850442364971 1.191280827006834 0.41978740978519324
1 100 1 0.067211460873836629 0.57804735994894341 -0.7008713646541842 0.4124599367102737 -0.053317682864584201 0.82975646812924209 0.26588405156249173
0 55 1 0.2094552120493772 0.47413996575431921 -0.65744753267625178 0.54688440167713004 0.020027683602646104 0.39536888236997209 0.10336879870312148
