19 867 1 -0.26420294756477142 0.72461136040820118 -0.58811575127612103 0.24342358547681126 -0.55808211185301659 0.89368104612788724 0.30138495579732011
18 824 1 -0.23364410421115911 0.66615919455147166 -0.63252282936831994 0.31868045187898608 -0.42603992889893993 0.8697107683290477 0.14326430125790501
17 780 1 0.036516648950909024 0.59946822672503919 -0.66231192157355101 0.44793671209009378 -0.09647759024886822 0.63103969032577922 -0.1817153985480498
15 693 1 0.30037759659365892 0.53547112054403923 -0.66581380095066522 0.42395278155893273 -0.42914475080515441 0.40574203255646751 -0.59193565219585409
14 650 1 0.22542526754975936 0.39499724822733512 -0.74918027977883983 0.48154909514342542 -0.13502710696884665 0.18577964423681412 -0.59096682208026308
13 606 1 0.34615201855015726 0.29623940518239317 -0.66881377758895122 0.58745989291017198 -0.36007762985256891 -0.17234061912515655 -0.53301028082211666
12 563 1 0.37486690994170419 0.35248827889340317 -0.62489726032869897 0.58713731537623393 -0.44236452786463121 0.1185291301914312 -0.41664592392285343
10 476 1 -0.024175986382100709 0.56195798108998118 -0.76238812746272588 0.31997358059002839 -0.59568309151476762 0.91308176164913213 -0.076712772631738757
9 432 1 0.065971990140375011 0.56946521002148287 -0.74284778772406201 0.34573723456633043 -0.24881941455766957 0.99822405915144774 0.00042664973843506817
8 389 1 -0.036847870246833364 0.60379411450462228 -0.6546286197009118 0.45336108348239446 0.15367146013480684 0.7628899291705713 0.21413037125266321
7 345 1 0.14242042179986086 0.4442120181699093 -0.70885453690457811 0.52907216131408952 0.56089642037947096 0.23425231050735434 0.32238390777091958
6 302 1 0.20866373549735448 0.34492787706726125 -0.73522700535426722 0.54490866730853049 0.52218313805325123 -0.00018294283458155261 0.063773240714145696
5 258 1 0.064791413117285021 0.44384131648075037 -0.72929207233210624 0.51666239635224254 0.40679800528577892 0.4624793715992182 0.053126076260720544
4 215 1 -0.10321060729824566 0.59837251396967017 -0.66310712539057437 0.43770634599351349 -0.19450578989341108 0.7138977274491477 0.060432574708092289
3 171 1 -0.071657609058216207 0.60177811647946478 -0.69454707867933452 0.38772753460192871 -0.33573732122517769 0.69751992071932423 0.021220028186619957
2 128 1 0.039866062955734194 0.55045913773230715 -0.70125966481066904 0.45126524043077187 -0.17631498511788218 0.527874344407815 0.036439977975674734
1 84 1 0.17269986912297272 0.46880775084260706 -0.69284612500457177 0.5199598975122538 -0.030594861453425354 0.34252027112724648 0.063616397804956648
0 41 1 0.24896283697921812 0.46742467936024179 -0.65015690085483924 0.54481894166692224 0.029076693630908691 0.14741448678212427 0.05718402445214988
