19 867 1 0.5233154991365776 0.39681000850188025 -0.59075078041538098 0.46871763456775412 -0.65745017168385378 -0.3980632305594875 -0.28551545322386845
18 824 1 0.44010427867836166 0.44255824240265768 -0.5944452746176494 0.50703573982039662 -0.66527542656020822 -0.12558216827174398 -0.22751284820715081
17 780 1 0.173426695750697 0.65648275016143198 -0.65520340778512676 0.33115264511737619 -0.70907840611680961 0.49347683396287556 -0.088590349302387392
16 737 1 0.039882074108622878 0.74630005757511386 -0.62061490826044963 0.23723992048778392 0.054681888896520654 1.1923523017920767 0.35724068429752626
15 693 1 0.20559322119009901 0.70906299075619483 -0.67217916158917734 0.056002475533050752 0.032989553646363357 1.4686461638003445 0.34954188921713164
14 650 1 0.013253969651370594 0.7088354923185276 -0.68103758060685959 0.1832058703185748 -1.0305037357325899 1.092832373286343 0.54117220203570993
13 606 1 0.16976637014094567 0.61560409589744258 -0.66721680130518324 0.3834484538233785 -0.8454227909930575 0.62533264298744684 -0.1347947175809682
12 563 1 0.38767079271186178 0.40578529181273304 -0.71086143652455169 0.42394064618630595 -0.62684044806149553 0.1831787067479288 -0.25400507129729955
11 519 1 0.43640157995951173 0.30570807752101631 -0.66950402010842458 0.51755250883934922 -0.54836741448263604 -0.088166302680272812 -0.33161760849887095
10 476 1 0.46106471911535829 0.33904088453920944 -0.58557578773658059 0.57408326940839283 0.036438069551688546 -0.38659048951974884 -0.27827112868551818
9 432 1 0.35166259181773363 0.23721124510383579 -0.60726803991089096 0.67178104648397652 0.57144547571179893 -0.68411772610924737 0.083829123898856578
8 389 1 0.45347959712050101 0.28429456841683948 -0.52655497376037286 0.66050943443097321 0.1773592348120735 -0.85862072116309385 -0.087789344114154108
7 345 1 0.49221480677533364 0.22684305879241584 -0.53857281579416527 0.6451403977091853 -0.045857029901350356 -0.30490170214327977 -0.15282779846246669
6 302 1 0.3055253686852899 0.32531718999098636 -0.64812658359702668 0.61705340661966412 0.16802820267658408 -0.044272623276840201 0.1177339682079268
5 258 1 0.22774613812710304 0.36257156774634591 -0.68620518114337259 0.58804421959759012 0.56039114942457424 0.43106585411875059 -0.071787960876019699
4 215 1 0.045886528502252347 0.55424870257784531 -0.67577451989756732 0.48376812674048664 0.34206692114021348 1.1991371004227116 0.10857523293489868
3 171 1 -0.047596246397960021 0.59002603700189105 -0.71589328637124094 0.3702710838254214 0.061221960993809374 1.3237536764858304 0.43522814186176789
2 128 1 -0.017694076689045695 0.61976840796333577 -0.68638234846787327 0.38007014070095207 -0.1880610944607424 1.1062735387005656 0.32015505143462808
1 84 1 0.13474310819794308 0.53348173900783102 -0.6907514583311759 0.46915237583507108 0.018586021702984824 0.64510854671238627 0.1202155430107288
0 41 1 0.26905616975444302 0.44853180256065184 -0.65054699149117423 0.55065107960535498 0.045353212460858119 0.25268558656766682 0.14917119480877691
