18 852 1 -0.31173226193661496 0.72394765293818542 -0.55924159292632303 0.25684943724758857 -0.52966914735844317 0.86577091346751323 0.26175841187918214
17 809 1 -0.1709162779426843 0.63637540438340023 -0.62495594612119598 0.41862159050608455 -0.29261615463754065 0.74939927645850302 -0.001403275366396951
16 765 1 0.10131633228856889 0.57006728092542336 -0.67656804083953559 0.45498789230532216 -0.12427719967768593 0.61589190830290452 -0.29953112844593288
15 722 1 0.24872706032305852 0.53561714971695851 -0.714550487857606 0.37505562080121962 -0.45036486589696129 0.50726708437842905 -0.56723774247073566
14 678 1 0.23403128747977048 0.48578331753107035 -0.74978293256356732 0.3834963871087253 -0.24742337008236415 0.46214935598371193 -0.52316564461175274
13 635 1 0.2548026237574133 0.38064103343906025 -0.70391642293361822 0.54285329151910078 -0.18472391951232103 -0.092814634547588287 -0.61276761429119653
12 591 1 0.37480354375290409 0.32854369711006493 -0.63650205686827743 0.58859703896805915 -0.43184947843059102 -0.08180863663367971 -0.44762969653475365
9 461 1 0.12167677097842604 0.5489384557351471 -0.69692195186553296 0.44515292678731383 -0.57813766315558501 0.89982320853133324 -0.33646902641153348
8 417 1 -0.014876295797272107 0.61562983520260817 -0.66688329445528238 0.41957749392481813 -0.21849017717005445 0.90956224351403014 -0.017153333166482716
7 374 1 -0.0075372847503056848 0.5086563496687736 -0.71068795781847804 0.4859367591487932 0.38768401353931597 0.59064084656221527 0.33092899196015779
6 330 1 0.16221199767273076 0.40279537403508509 -0.70510312069648129 0.5606003421788478 0.5548066016655836 0.11328188997145787 0.27413275951627741
5 287 1 0.17998677475985461 0.37548358755186134 -0.7518141190169767 0.51126545633110831 0.52127186349435728 0.10130456948986903 0.021908218393649006
4 243 1 0.006598153450019368 0.49092536752801347 -0.68754688925851037 0.53500282518831677 0.23294386722740121 0.58479256917136735 0.03849740175987703
3 200 1 -0.11696025837831357 0.63049463651829885 -0.64999463169222493 0.40780361701807538 -0.34409568775688271 0.74746478613172018 0.047570165259915372
2 156 1 -0.049052492730986691 0.55053666319076788 -0.72194480719018694 0.41629188174978304 -0.22401251733569394 0.65308561214427319 -0.0067760542109943887
1 113 1 0.088264596751775226 0.50993479993392998 -0.70975938386697512 0.47793041103215156 -0.10810692119113349 0.47014430316806971 0.046638564856372682
0 69 1 0.20798225550770558 0.47742872035916489 -0.66790550271711913 0.53170239590425972 0.0059015211143788032 0.25968029347180099 0.10649078400148428
