19 883 1 0.28287882613614862 0.34976124250759594 -0.63940545700287899 0.62354414801064129 -0.37739090804002057 -0.36748115500347717 -0.6281742212263145
18 838 1 0.018380801063015387 0.43804302485623575 -0.68320434756426562 0.58396256215306064 0.36607300710760482 0.29550051648487102 -0.7621466640832778
17 796 1 0.065146550470513015 0.40652310643843503 -0.7094763401090427 0.57195997562671808 0.49779121484308531 0.099050835938483087 -0.57889029308007167
16 751 1 0.36188195664023726 0.025307719150127264 -0.6073680446646742 0.70675669585074474 0.61381316833973276 -0.88026507126420217 -0.14815701145307125
15 709 1 -0.6438085647104268 0.20440655928604606 0.37559901812315671 -0.63455013049503106 -0.5303194261816534 -0.95243018061274365 0.46358519435172535
14 664 1 -0.51772044626651037 0.063576398704801473 0.50894121876470033 -0.68476449739135492 -0.50021222202888338 -0.94839178095889254 -0.01512746887800521
13 622 1 0.36507570597284666 0.084061366367151669 -0.48802719005842909 0.78834185310472327 -0.42508644489645825 -0.67333282988877008 -0.40207337489042405
12 577 1 0.33985738528315423 0.20262815798259792 -0.57833575741806131 0.71341890846315137 -0.51330854906784307 -0.53346123675449486 -0.54641976652607205
11 535 1 0.087971181953813413 0.47054785675477462 -0.70536129999164365 0.52279175789527887 -0.55713448059235393 0.10972097388305475 -0.83259484593002953
10 490 1 -0.12705959017543764 0.59656179353663252 -0.72894110108395116 0.31082914629635827 -0.82468347398731268 0.74897117534973989 -0.42727992787217323
9 448 1 0.027154582135063388 0.63967212970286802 -0.73749328299584838 0.21490894045263212 -1.0378498256131252 0.861850680454327 -0.2942568483988745
8 403 1 0.054156549450767803 0.66497714299670163 -0.72320589476967723 0.1784536388363139 -0.89729600588594838 0.94415692342454138 -0.095458154502004525
7 361 1 0.0078066190240860551 0.67346032217828145 -0.70679316640677692 0.21641088482703513 -0.45064630169741376 0.90378052559588917 0.078218345368538875
6 316 1 -0.13172676578167161 0.66712667674533244 -0.70552872609577177 0.19954767100897733 -0.017733075300564678 1.0651941747198987 0.39227486732652095
5 274 1 -0.48001582055830266 0.62440162271163524 -0.56454697484719862 0.24696991468535717 -0.51614334975441545 1.0638463376780385 0.50211507951425149
4 229 1 -0.36845940708757086 0.67818052881907109 -0.60023173898751847 0.20983492362183323 -0.24899003200175715 0.88336182501688454 0.31175795724200123
3 187 1 -0.075265688598819727 0.51383786707387591 -0.7412800394632012 0.42521715108183311 0.1575569315254855 0.31831212615796656 -0.088222606929895558
2 142 1 0.2239093380427617 0.34842619616548032 -0.70754631422745928 0.57257489238181247 0.22008134592653808 -0.36085201134537759 -0.20579881359824745
1 100 1 0.35758569524003975 0.33364546861721656 -0.62344389672858391 0.61002531050996101 -0.26586182819304177 -0.43361946070720614 -0.26029154477213845
0 55 1 0.3469140781963671 0.4101353554141221 -0.60741332463886799 0.58522531185830806 -0.20437211124801258 -0.090619102330408485 -0.085363423522533136
