run                       k      ATEcm  k_q1   k_dip  k_hi   k_late  jump  jmp3  n>2cm | in3 dip/hi  map dip/hi  rej dip/hi
poses_camera.tum         0.9631  5.44  0.988  0.887  1.215  1.028   6.3   4.6    5 | nan/nan   nan/nan   nan/ nan
base_r1                  0.9598  5.21  0.978  0.887  1.198  1.027   5.8   3.8    6
base_r2                  0.9598  5.21  0.978  0.887  1.198  1.027   5.8   3.8    6
base_r3                  0.9632  4.93  0.984  0.888  1.130  1.026   3.3   3.1    6
log_r1                   0.9618  5.31  0.984  0.887  1.199  1.027   7.0   4.4    7 | 0.49/0.16    78/ 21  14.4/41.7
log_r2                   0.9598  5.21  0.978  0.887  1.198  1.027   5.8   3.8    6 | 0.49/0.18    78/ 23  14.4/38.0
log_r3                   0.9632  4.93  0.984  0.888  1.130  1.026   3.3   3.1    6 | 0.49/0.16    78/ 21  14.6/41.0
log_r4                   0.9604  5.31  0.978  0.887  1.199  1.025   7.1   4.5    7 | 0.49/0.16    78/ 21  14.4/41.8
td10_r1                  1.0093  1.67  0.960  0.996  1.030  1.003   0.6   1.0    0 | 0.78/0.36    83/ 31   5.0/18.8
td10_r2                  1.0096  1.67  0.960  0.997  1.029  1.003   0.6   1.0    0 | 0.78/0.37    83/ 31   5.0/18.6
td12_r1                  1.0120  1.91  0.947  1.005  1.004  0.999   0.3   1.4    0 | 0.74/0.38    82/ 33   5.4/15.9
td12_r2                  1.0123  1.87  0.949  1.005  1.004  0.998   0.3   1.4    0 | 0.74/0.39    82/ 34   5.4/15.8
td15_r1                  1.0120  2.41  0.919  1.007  0.989  0.999   0.4   2.2    2 | 0.62/0.37    81/ 33   8.0/17.2
td15_r2                  1.0120  2.41  0.919  1.007  0.989  0.999   0.4   2.2    2 | 0.62/0.37    81/ 33   8.0/17.2
td2_r1                   0.9786  3.56  0.981  0.926  1.086  1.017   1.9   2.1    1 | 0.59/0.20    80/ 23  10.9/35.8
td2_r2                   0.9780  3.54  0.981  0.926  1.086  1.013   1.9   2.0    1 | 0.59/0.20    80/ 23  10.9/35.9
td4_r1                   0.9881  2.57  0.979  0.949  1.064  1.011   1.7   1.6    0 | 0.68/0.30    81/ 27   7.8/28.7
td4_r2                   0.9881  2.58  0.979  0.948  1.064  1.011   1.7   1.6    0 | 0.68/0.30    81/ 26   7.8/29.0
td6_r1                   0.9957  2.10  0.978  0.966  1.060  1.009   0.7   1.1    0 | 0.74/0.34    82/ 29   6.2/25.1
td6_r2                   0.9957  2.10  0.978  0.966  1.060  1.009   0.7   1.1    0 | 0.74/0.34    82/ 29   6.2/25.1
td8_r1                   1.0025  1.77  0.968  0.981  1.045  1.006   0.6   1.2    0 | 0.77/0.35    83/ 29   4.9/23.8
td8_r2                   1.0026  1.78  0.967  0.982  1.045  1.006   0.6   1.2    0 | 0.78/0.35    83/ 29   4.9/23.8
tdm8_r1                  0.9255  6.74  1.001  0.792  0.809  1.047   2.8   2.9    4 | 0.22/0.13    60/ 19  42.6/50.5
tdm8_r2                  0.9230  6.46  0.998  0.795  0.818  1.044   2.4   2.9    4 | 0.22/0.13    60/ 21  42.6/48.7
expmid_r1                1.0017  1.85  0.969  0.979  1.061  1.008   0.7   1.2    0 | 0.77/0.36    83/ 30   5.0/22.3
expmid_r2                1.0017  1.85  0.969  0.979  1.061  1.008   0.7   1.2    0 | 0.77/0.36    83/ 30   5.0/22.3
kconst_r1                0.9594  5.13  0.977  0.882  1.113  1.020   4.3   3.1    6 | 0.49/0.16    78/ 20  14.6/41.6
kconst_r2                0.9594  5.11  0.985  0.882  1.107  1.024   4.2   3.1    7 | 0.49/0.16    78/ 20  14.8/42.3
kholdhi_r1               0.9606  5.03  0.978  0.887  1.125  1.011   4.1   3.3    6 | 0.50/0.16    78/ 21  14.4/41.1
kholdhi_r2               0.9601  5.02  0.978  0.887  1.127  1.011   3.9   3.3    6 | 0.49/0.17    78/ 21  14.4/40.8
kholdmid_r1              0.9603  4.83  0.984  0.888  1.121  1.025   3.6   3.2    6 | 0.49/0.17    78/ 20  14.6/41.7
kholdmid_r2              0.9604  4.88  0.984  0.887  1.121  1.025   3.6   3.2    6 | 0.49/0.17    78/ 21  14.4/41.7
rpe6_r1                  0.9716  3.26  0.981  0.914  1.010  1.025   1.2   3.0    3 | 0.50/0.20    85/ 34   2.0/14.6
rpe6_r2                  0.9717  3.25  0.981  0.914  1.010  1.025   1.2   3.0    3 | 0.50/0.20    85/ 34   2.0/14.6
cova100_r1               0.6282 25.54  0.461  0.275  0.828  1.016   4.6   7.2   14 | 0.61/0.36    77/ 31  13.6/18.9
cova100_r2               0.6282 25.54  0.461  0.275  0.828  1.016   4.6   7.2   14 | 0.61/0.36    77/ 31  13.6/18.9
win10_r1                 0.9844  4.07  0.970  0.930  1.095  1.032   2.9   2.8    3 | 0.46/0.13    75/ 16  24.2/69.4
win10_r2                 0.9876  5.24  0.972  0.930  1.151  1.054   7.6   5.9    6 | 0.46/0.13    75/ 15  25.3/74.0
run                    td_ms   n    k      ATEcm  quarters                       worst-q  jumps>2cm
fb5d_expmid_r1         +7.20  481 1.0098  0.62  0.978 1.000 1.005 0.997   0.978   0
fb5d_expmid_r2         +7.20  481 1.0098  0.62  0.978 1.000 1.005 0.997   0.978   0
fb5d_td0_r1            +0.00  482 1.0124  0.74  0.995 1.013 1.009 0.974   0.974   0
fb5d_td0_r2            +0.00  481 1.0123  0.73  0.998 1.015 1.008 0.973   0.973   0
fb5d_td8_r1            +8.00  481 1.0084  0.61  0.978 0.999 1.004 0.998   0.978   0
fb5d_td8_r2            +8.00  481 1.0086  0.61  0.978 0.999 1.004 0.998   0.978   0
run                    td_ms   n    k      ATEcm  quarters                       worst-q  jumps>2cm
6e2d_td0_r1            +0.00  812 1.0733  2.04  1.075 1.101 1.141 1.160   1.160   1
6e2d_td0_r2            +0.00  812 1.0733  2.04  1.075 1.101 1.141 1.160   1.160   1
6e2d_td8_r1            +8.00  811 1.0855  1.23  1.125 1.103 1.100 1.119   1.125   0
6e2d_td8_r2            +8.00  812 1.0835  1.26  1.126 1.100 1.099 1.119   1.126   0
run                    td_ms   n    k      ATEcm  quarters                       worst-q  jumps>2cm
5966_td0_r1            +0.00  758 1.0298  2.75  1.034 1.029 1.009 1.015   1.034   2
5966_td0_r2            +0.00  758 1.0298  2.75  1.034 1.029 1.009 1.015   1.034   2
5966_td8_r1            +8.00  756 1.0120  1.89  1.013 1.050 0.980 1.003   1.050   2
5966_td8_r2            +8.00  756 1.0120  1.89  1.013 1.050 0.980 1.003   1.050   2
run                    td_ms   n    k      ATEcm  quarters                       worst-q  jumps>2cm
4ad6_expmid_r1         +7.20  791 0.9796  1.21  0.983 0.984 0.976 0.993   0.976   2
4ad6_expmid_r2         +7.20  791 0.9796  1.21  0.983 0.984 0.976 0.993   0.976   2
4ad6_td0_r1            +0.00  791 0.9757  1.27  0.980 0.965 0.971 1.012   0.965   1
4ad6_td0_r2            +0.00  791 0.9762  1.25  0.980 0.966 0.973 1.014   0.966   1
4ad6_td8_r1            +8.00  791 0.9760  1.21  0.978 0.979 0.976 0.992   0.976   3
4ad6_td8_r2            +8.00  791 0.9752  1.23  0.978 0.979 0.975 0.993   0.975   3
