19 881 1 -0.60199423323609125 0.66403542984959496 -0.33139854705610677 -0.29467761038812534 -0.59971726464938668 1.0144364415242482 0.16909876237629076
18 839 1 -0.63485107085682113 0.68356833509320203 -0.24201394282351416 -0.26669777008605172 -0.48003273100438443 0.88549975460013841 0.11968544965376372
17 794 1 -0.49330788826887456 0.73890328039252906 -0.44666735682815001 -0.10562926649852974 -0.15611798224222101 0.64098852929494399 -0.19026798105230547
16 752 1 -0.35328067335783397 0.7107453095316576 -0.6053256078598267 -0.060123034518520704 -0.28170990856471922 0.5668980639705048 -0.49917303500957028
15 707 1 -0.20247421346335692 0.63388444974092029 -0.74631742102055143 -0.014317972631575405 -0.59685711010706743 0.40236956720588557 -0.63244745713795758
14 665 1 -0.38942778938785078 0.60136948180605287 -0.69732113117227779 0.021070909458925174 -0.18032566839724806 0.3612025596846633 -0.60996119354388456
13 620 1 -0.23726250512155164 0.61942211529636626 -0.71905859497930547 0.20731011488011863 -0.3468212061126606 -0.29440541423032657 -0.63613835764629856
12 578 1 -0.15363680020069262 0.63288995278859361 -0.72965453714810302 0.20844734995324776 -0.50394938182629734 -0.039851299706136475 -0.48883395035272093
11 533 1 -0.26081308275546422 0.63269749530772501 -0.72633236310627791 0.064122644981104843 -0.5656967074759538 0.42764510538351513 -0.48342257977361636
10 491 1 -0.44845265137351387 0.66995836672070852 -0.58180553682140501 -0.10746312698290084 -0.70830232615893873 0.82134050357014199 -0.36564887157144643
9 446 1 -0.39300785918779496 0.66661580906402262 -0.61471590911166607 -0.15261892676717012 -0.44885585271805767 0.9511305940954955 -0.15080793059090319
8 404 1 -0.46627986262683296 0.74835157799564256 -0.4529063891808302 -0.13201821108966741 -0.10296959655899657 0.80378525563313818 0.018706347272096385
7 359 1 -0.42168546839834703 0.70361519445429754 -0.57120596272824575 0.028823116042607004 0.49597061110365626 0.33349549610181606 0.26941141407968983
6 317 1 -0.32977922523333514 0.6398908503023919 -0.66579404009684928 0.19622349114032753 0.49436956791632941 -0.080469512279362235 0.11395530055619997
5 272 1 -0.3829723693266992 0.62972181479148626 -0.66186596731574077 0.1368065846997521 0.47189805780263583 0.17507123350769208 -0.079802929246641396
4 230 1 -0.49719188028707262 0.73003955705973578 -0.46867639998469746 0.013598213191958895 0.061678645914054461 0.60062113401873696 -0.076918193495678924
3 185 1 -0.55042992155463322 0.71317313832677087 -0.41768148836446678 -0.11812345450480544 -0.3622522167629797 0.71377673320891599 -0.086659580834975256
2 143 1 -0.4916571682786553 0.69172466608746475 -0.52663545603035167 -0.04945009259953826 -0.20546046558534431 0.55457029169117122 -0.099215251251476969
1 98 1 -0.3695040689677227 0.68774059224041562 -0.62270422218674959 0.052144726213625404 -0.092595357677979301 0.32596129509610494 -0.031910613707044393
0 59 1 -0.28453280266143677 0.71503566526702067 -0.63151506075909758 0.094624572074119798 -0.02456186304905162 0.12553460785564041 0.014417324376551018
