19 867 1 -0.26858420452117782 0.72601525561647562 -0.58926917135423151 0.231357337003535 -0.55566058131333529 0.8988566853404496 0.31200123138377034
18 824 1 -0.23925221476083414 0.66797562098794583 -0.63417348337924251 0.30723108644217872 -0.42378657802682479 0.87228673734347939 0.1526777256114257
17 780 1 0.029177310006069827 0.60118376319054556 -0.66726171169337412 0.4387351998243274 -0.090055693552185026 0.62920113074543449 -0.1731828006517486
15 693 1 0.29059957070304826 0.53803572757583873 -0.67263456351237805 0.41669195975883011 -0.42440237404487763 0.40341701720719186 -0.57866981165554066
14 650 1 0.21663599485248855 0.39533279068534877 -0.75712844306150962 0.47279736785483611 -0.1419337378683368 0.17922308438075191 -0.59322646573914306
13 606 1 0.3371661192896776 0.29776374434968056 -0.67815691788123078 0.58117033241884153 -0.37232058756632674 -0.18127638829519344 -0.5302882175632222
12 563 1 0.36723082309292787 0.35438605088907316 -0.63442039673898598 0.5805711065040059 -0.45170760237219321 0.11847095549181566 -0.40408012576810115
10 476 1 -0.03247553419926593 0.55629960574733595 -0.77093640684094 0.30843661412194817 -0.59245783159609366 0.92590181727392029 -0.067704903672142769
9 432 1 0.05839224188999903 0.56982227822540277 -0.74720814654067691 0.3370057908527952 -0.2485978024676897 1.0011735452598334 0.0093175629888266973
8 389 1 -0.042705171978225077 0.60638450766514085 -0.65907712382530814 0.44282213359335865 0.16295813669637507 0.76415358885918772 0.23313380463016542
7 345 1 0.13399154009666739 0.446340241901587 -0.71504675035014553 0.52109001185539217 0.57449872490161169 0.22594755499718178 0.34739767003929262
6 302 1 0.19943827192523883 0.34682036336742605 -0.74179524297521526 0.53821912707047337 0.53110057852094472 -0.012306108948321244 0.08360649005306546
5 258 1 0.056709521806686834 0.44639843103889942 -0.73430337896407638 0.50824307033584437 0.41448055994684957 0.45717364445448838 0.069690251401994099
4 215 1 -0.11008048206480656 0.60063390040351761 -0.66642590780473909 0.42778232146860207 -0.19112096084261937 0.71237439980969375 0.072941140657915168
3 171 1 -0.078709203061817695 0.6031279230469323 -0.69797650335083894 0.37798197121635796 -0.33506652219841621 0.69444700141704074 0.030767991949705146
2 128 1 0.032204412089421063 0.55199190558863986 -0.70608675610967775 0.44239044389894933 -0.17480680465907178 0.52236233291189038 0.050298981085455413
1 84 1 0.16384989110163045 0.4700486987446334 -0.69978100754534955 0.51236117678184423 -0.027322061976495036 0.33763407540851875 0.081650663436860782
0 41 1 0.23966811150113781 0.46819795573850326 -0.65865379090905096 0.53807532399553615 0.037299918269349398 0.14128227490352721 0.075224017258008036
