19 867 1 0.27143628528731101 0.28614207811279424 -0.67553365640831109 0.62297618993211534 -0.014654386855127441 -0.37168696951533609 -0.76276706142477313
18 824 1 -0.034203982030402799 0.54721931287317283 -0.64315917451627236 0.53453473925220574 0.25216568105041998 0.51520414650478297 -0.7406010436482402
17 780 1 0.2017429218853794 0.27141841927525712 -0.6652100854802413 0.66567813342683901 0.69684020700767602 -0.24158476959889097 -0.52889378166752299
15 693 1 -0.56929541926350458 0.13213577487787023 0.45390867570331406 -0.67261413657778513 -0.42423317689946449 -0.9682525249064593 0.24517028488913917
14 650 1 0.49139955853845224 0.052749375496232626 -0.47765361081181124 0.7263546002686363 -0.49347520986729126 -0.91835371504017382 -0.16758720640443242
13 606 1 0.40394270565630858 0.186280764378951 -0.53480474151504798 0.71841050648113269 -0.49266612918844632 -0.56968552383961968 -0.44269959120719443
12 563 1 0.31835187646093116 0.26514513489019126 -0.60495392205315313 0.67998595014189367 -0.56951320464866195 -0.37077597754765007 -0.60475338532049372
11 519 1 -0.053768811950309782 0.4906722890712642 -0.76460293994228168 0.4144055547777295 -0.51726461387047051 0.52814747753803903 -0.7061150403566554
10 476 1 -0.066369617396708824 0.60534311078840908 -0.748907414135215 0.26132829383924744 -0.94694955038381945 0.75679797025667905 -0.41268665993084819
9 432 1 0.033565974464957175 0.62624938749527692 -0.76049232880303119 0.16833433355008295 -1.0071174765211048 1.1387421510042259 -0.1667633108225362
7 345 1 -0.025312910838411615 0.65438417869126198 -0.72105970112687445 0.2263040225764264 -0.1911274689424424 0.92898033399024382 0.23791654243010785
6 302 1 -0.29174038950209291 0.67422114660157773 -0.66326761077475493 0.14279169130439354 -0.22339380841295448 1.0498264037586926 0.64992403754143857
5 258 1 -0.50043331663703583 0.61777098517130691 -0.50155918297536173 0.34112152006758084 -0.50542426677291852 1.0537605244711272 0.23688480003423826
4 215 1 -0.22246876391656514 0.61417666995582676 -0.68770541058282431 0.31679004943103234 0.035573724892623719 0.78804400843163713 0.037786206324276726
3 171 1 0.052765278260516524 0.43069005689904666 -0.74581782098201599 0.50544799752697012 0.25645606056054443 0.088108973090484252 -0.14528831842492404
2 128 1 0.24406336491897279 0.32366693246964062 -0.70492942017679705 0.58202001967228423 0.087238934191746276 -0.39635454398466174 -0.30541794428628011
1 84 1 0.38071031139093664 0.32524001788210705 -0.58760427156897077 0.6356097935074333 -0.25095317037523845 -0.34395486877397652 -0.20393678952445349
0 41 1 0.31222889413263627 0.37264414217718067 -0.61711088155629612 0.61872742046442031 -0.12769551880242663 -0.11444681505568655 -0.096146436426112272
