19 868 1 -0.26372453246825661 0.72500465066044173 -0.5936532604343504 0.22889612026156259 -0.55898694138341576 0.90832332702010488 0.32071852878955753
18 823 1 -0.22698003958386534 0.66419140913358288 -0.63873083995307101 0.31520270899295416 -0.40754926025970667 0.87828524321928991 0.14618463144616661
17 781 1 0.029324522917580031 0.60272677641552574 -0.66668692150798003 0.43748034703014699 -0.093555635556531791 0.63489648715358216 -0.16946922415251178
15 694 1 0.29092645526635669 0.53539933859950128 -0.67751966675782804 0.41191801005750023 -0.42683349545471067 0.42660527279119037 -0.57552318078494502
14 649 1 0.21819456265496834 0.3978413888029631 -0.75701110176333308 0.47015694612565423 -0.14664853647929563 0.16772192810286535 -0.59704044314025584
13 607 1 0.34340510634503812 0.29553822487063613 -0.67962132453355062 0.5769271581540677 -0.37836548443868784 -0.18702099385054463 -0.5305985630139991
12 562 1 0.37025842086574046 0.35039391593553559 -0.63410505737143041 0.58141515431689939 -0.45422582996844463 0.12352602379210303 -0.41330598990202128
10 475 1 -0.025824556151205724 0.55290551788670872 -0.76875355344126239 0.32038501004487696 -0.58852560767301054 0.93265326468989307 -0.090838101353322293
9 433 1 0.067253685984148451 0.56417952153222917 -0.74982342655155809 0.33903279811795634 -0.24476055283581788 1.0094817028749141 -0.00077516796275314576
8 388 1 -0.03044541441602653 0.59771658079810086 -0.66118208149144564 0.45237840454060491 0.19564855089285979 0.75916017131029223 0.22618396181584852
7 346 1 0.1337484815904002 0.45310211666393935 -0.71283636141689288 0.51833786026957873 0.57698000174447173 0.23727198970749938 0.34838193764384751
6 301 1 0.19946701461715402 0.35028112588312982 -0.74481490464933731 0.53175821643108223 0.53118018753453022 -0.0090272517374133804 0.079276785482021023
5 259 1 0.066416453944002432 0.43737530974366656 -0.73338671889905949 0.51617401485798153 0.43142945573460628 0.44392020226906359 0.064049799108685496
4 214 1 -0.10605448091187966 0.60616312691653351 -0.66452945576336875 0.42393314693253609 -0.21188733379383912 0.71967362659062062 0.074375859060851687
3 172 1 -0.079344460297919681 0.60410283580787161 -0.69695580418629433 0.37817565680508231 -0.34205843014534715 0.70472591009967289 0.031129639954550353
2 127 1 0.039191304988882548 0.55413368491453407 -0.70504043692776874 0.44081502146933382 -0.17598140976108667 0.51862845331432983 0.05495674255649239
1 85 1 0.16501118292480524 0.46857834989322994 -0.70100825951599721 0.51165716999905952 -0.033051040571013213 0.34278110920812571 0.079544890622913325
0 40 1 0.24415785313946367 0.46896548584909242 -0.65723919905603423 0.53711726006230287 0.037736994441635481 0.13170004701679347 0.075738523753868012
