# Frame list with one line of data per frame:
#   FRAME_ID, RIG_ID, RIG_FROM_WORLD[QW, QX, QY, QZ, TX, TY, TZ], NUM_DATA_IDS, DATA_IDS[] as (SENSOR_TYPE, SENSOR_ID, DATA_ID)
# Number of frames: 154
1 1 0.15983683182385605 -0.62240829843346712 0.69502622471250297 -0.32248820783953297 -0.11174568288653075 -0.11880717473047406 0.1903182972755123 1 CAMERA 1 1
2 2 0.048649064158759033 -0.59306451831714113 0.69386593165639121 -0.4055339869312346 -0.2024984663041462 0.033609891142201476 0.28703088000271837 1 CAMERA 2 2
3 3 -0.21640233840125794 0.67200730258040164 -0.66879380115617038 0.23300443074791719 -0.19137984359320925 -0.19994878037159219 0.16384519457256042 1 CAMERA 3 3
4 4 -0.23936215218415194 0.70210329588192322 -0.65000754209793399 0.16506640248492246 -0.29205191787822271 -0.12715878799565711 0.086902076121639249 1 CAMERA 4 4
5 5 -0.27924092145431512 0.71540146531116089 -0.63231075181262353 0.10202139166931441 -0.44308113462038984 -0.10087543524105394 0.041386268563992634 1 CAMERA 5 5
6 6 -0.24625487283521483 0.72024973364804046 -0.64701360214211456 0.04441010502041564 -0.59424200763442503 -0.10057504900546302 0.011795182897772039 1 CAMERA 6 6
7 7 -0.14334733056423929 0.71033880240057634 -0.68793745835749276 0.040154476871887126 -0.72208934017237103 -0.013709839255202205 0.13653567240924824 1 CAMERA 7 7
8 8 -0.14878597216049935 0.72663320061423742 -0.66885926173291388 0.049942108960938009 -0.72837483636006373 0.075186540491711681 0.098923923792094803 1 CAMERA 8 8
9 9 -0.13826709733798576 0.73905619917033738 -0.65743619861032043 0.049555918096972844 -0.73152187572782701 0.13971538342961995 0.090552354928883139 1 CAMERA 9 9
10 10 -0.11084063644084929 0.74017437194903268 -0.65977693097434498 0.067458533761985698 -0.74069168929140194 0.25038578300925035 0.061273393644690866 1 CAMERA 10 10
11 11 -0.10576703742716796 0.73890522804044034 -0.65862743218262154 0.095091026626654779 -0.73241233038237175 0.34870119712849051 -0.0093900889235998264 1 CAMERA 11 11
12 12 -0.14873474428763861 0.7384696834503669 -0.65430739324904175 0.066500658688839143 -0.74129837592837411 0.46935601766995877 -0.014167814557282332 1 CAMERA 12 12
13 13 -0.16082759514211536 0.73244949862621578 -0.65838222121375456 0.064692096833013149 -0.73170666770884785 0.5923379202514728 -0.016390813661953052 1 CAMERA 13 13
14 14 -0.15079414125405791 0.73915437014565089 -0.65117283319829489 0.082981235002518347 -0.72821692754960443 0.68409292881318207 -0.04414885676854452 1 CAMERA 14 14
15 15 -0.16993853070836756 0.70777394418319439 -0.68162976641690454 0.074550662307464585 -0.67040265824580059 0.85693276189784173 -0.037692256614165309 1 CAMERA 15 15
16 16 -0.18994032962212126 0.73036058541963578 -0.65468092192005856 0.043462362135866232 -0.75862097983881815 0.97874913253123386 -0.033188042895225811 1 CAMERA 16 16
17 17 -0.1890907888437714 0.72432597171816537 -0.66266378507004664 0.02175472881041636 -0.86937192143889275 0.9976761763897225 -0.0095518917252246371 1 CAMERA 17 17
18 18 -0.11531095745917273 0.72904901739993544 -0.67310769541707682 0.046010256338660134 -0.90993811007909375 1.1407710950768164 -0.13966370002793138 1 CAMERA 18 18
19 19 -0.024166157222791456 0.71948447535247517 -0.66909979480370807 0.18456313598737073 -0.81808615545461727 0.58618854826108791 -0.37959284623528572 1 CAMERA 19 19
20 20 -0.11188676362505105 0.710665226496625 -0.67291506792950406 0.17210926566412299 -0.71729633141003923 0.751069070209746 -0.43000413003585647 1 CAMERA 20 20
21 21 -0.091605004833351877 -0.62705653211988766 0.69658572846869526 -0.33641782281710181 -0.35925473092887317 1.0439673996581684 -1.1170745199578649 1 CAMERA 21 21
22 22 -0.23742082976495624 -0.62712724302273803 0.66172647440838217 -0.33535182080834491 -0.65914287025221707 0.71840184144263797 -0.99974567190108232 1 CAMERA 22 22
23 23 -0.24516353922099335 -0.56057388755415805 0.66835275150547502 -0.42303233349723468 -0.23135112589999735 0.58047070113323995 -1.1725617323937021 1 CAMERA 23 23
24 24 -0.20408218779654849 -0.51796337781689328 0.67027150498619581 -0.49071428496450831 0.11581622875014655 0.51077786469524999 -1.18109966142915 1 CAMERA 24 24
25 25 -0.057174931637672392 -0.61290709275779598 0.68099963241957973 -0.39663008393692384 0.23975144981252511 0.79270064754362846 -0.78903232134681134 1 CAMERA 25 25
26 26 -0.10196086801105714 0.68229263926585093 -0.64976431763511522 0.31919753652909716 0.053786634001089517 0.95055232985084903 -0.46323069345856577 1 CAMERA 26 26
27 27 -0.16234510323649903 0.69067052511382621 -0.64932246779863168 0.27385877018276572 0.12124755238609114 1.0700877155556048 -0.20827124693892923 1 CAMERA 27 27
28 28 -0.034216952105475401 -0.63868724192634241 0.69312464330061807 -0.33239439832603118 0.33140089209203427 0.89227658038874136 -0.49133478031889416 1 CAMERA 28 28
29 29 -0.20659168201818601 -0.5464828584782927 0.68991314383707281 -0.42742977934526016 0.48413800844577948 0.54885090969513017 -0.66446093668694961 1 CAMERA 29 29
30 30 -0.073789918780789027 -0.59727606252832222 0.71396823122846209 -0.35786270805085246 0.39856912659124999 0.57424542664608158 -0.41739883020547514 1 CAMERA 30 30
31 31 -0.071781399760201939 -0.61341180024778441 0.69637959131864269 -0.36555281254576422 0.24748879711052885 0.42312226557972754 -0.30468379141556579 1 CAMERA 31 31
32 32 -0.072910036775386683 -0.592565704871858 0.70380393849253875 -0.38498055549536608 0.18647703308029365 0.31563584674722311 -0.2236563681020261 1 CAMERA 32 32
33 33 -0.26464907062864851 0.69110273286867674 -0.66449370915628625 0.10385563310942689 -0.0024953082113456926 0.21589114830133371 0.29844763294717047 1 CAMERA 33 33
34 34 -0.28324437316450474 0.69660839905656191 -0.64962219181823022 0.1118050595088579 0.011831212175383354 0.26371808881616587 0.37655850708298177 1 CAMERA 34 34
35 35 -0.28285773266558906 0.69111014493950729 -0.64959944818015869 0.14275443095402926 0.052510371688115953 0.41373641222523833 0.32350171100071778 1 CAMERA 35 35
36 36 -0.29213641887714759 0.69108687381603329 -0.64796849935325207 0.13111853206435928 0.061003381263580292 0.53668536986068727 0.32995218101131785 1 CAMERA 36 36
37 37 -0.30038411883122668 0.68805982070158012 -0.64658605955808113 0.13516483224289719 0.061533357922689713 0.6897917038379564 0.32551784023572405 1 CAMERA 37 37
38 38 -0.29825718545696367 0.68556910050312725 -0.65161860352400947 0.12818289784539619 0.073003828881538613 0.80614243807697594 0.32524468653306571 1 CAMERA 38 38
39 39 -0.28933427836116826 0.69566876229388608 -0.64240918776216205 0.14014665180614921 0.081973636539475703 0.91910209055510184 0.30778519808092919 1 CAMERA 39 39
40 40 -0.27871808148228011 0.70190448703994279 -0.63919300718007999 0.14518478467152843 0.087485397673223331 1.0168855184124668 0.28763549786344356 1 CAMERA 40 40
41 41 -0.26013632409453902 0.71764579814681428 -0.62724893790283853 0.15450686453541077 0.063137709800310193 1.1421174299813601 0.23600888077695859 1 CAMERA 41 41
42 42 -0.24159690066403117 0.73297458160717199 -0.61175728865800483 0.17358634762311217 0.023352625306524433 1.2783560504048102 0.15206856998295026 1 CAMERA 42 42
43 43 -0.23313436661493764 0.72816230997174602 -0.62176374205857632 0.1698171560855358 0.040775755586187845 1.4172648917286061 0.12510761122770175 1 CAMERA 43 43
44 44 -0.21982273945162362 0.72894604540642605 -0.62669788957638006 0.16602825454369988 0.046077779396211993 1.5703505619730587 0.076704957556105846 1 CAMERA 44 44
45 45 -0.19388327783596929 0.71583770535065749 -0.64341762106443312 0.18973512873917522 0.16187675650452085 1.7594027530094059 -0.095968422167855727 1 CAMERA 45 45
46 46 -0.18506256735430168 0.7136604399126647 -0.64713261956608203 0.19406183386085271 0.19093177984936133 1.8416884593709455 -0.16568304513933457 1 CAMERA 46 46
47 47 -0.18412599138942568 0.71281081271504076 -0.6506948893506368 0.18599603636730222 0.18847632112790177 1.9663400671421107 -0.13766930250394682 1 CAMERA 47 47
48 48 -0.1704641667701923 0.71385879293203125 -0.65188068619596495 0.19078564559642641 0.19203667708997293 2.0701906596214643 -0.20426775578680773 1 CAMERA 48 48
49 49 -0.24263219764473681 0.66868238963981319 -0.6135225516548356 0.34290458886199532 0.36422509628171007 1.9567456677951462 -0.24067398688490388 1 CAMERA 49 49
50 50 -0.17717345911655494 0.68602807279726785 -0.60556497678461896 0.36230664858733269 0.29717740235862822 1.873154761570994 -0.39666767537358094 1 CAMERA 50 50
51 51 -0.29227900105036836 0.71827451556526689 -0.59292577516473555 0.21701090060127706 -0.13883669718181324 2.056258272859282 0.18858074545894221 1 CAMERA 51 51
52 52 -0.30670360794451579 0.77877476918647248 -0.5061585951565607 0.20795728480029352 -0.4151473861859587 2.0142482321727937 0.12507635713061172 1 CAMERA 52 52
53 53 -0.30079885481394047 0.80186622913967731 -0.49802796249097031 0.13601010287853349 -0.42710129670692532 1.9612101430610338 0.23627078824296865 1 CAMERA 53 53
54 54 -0.37465320113034589 0.79476844580470973 -0.47533362776958821 0.045122486050231808 -0.52930164137147051 1.8102186421780575 0.56181547061598436 1 CAMERA 54 54
55 55 -0.44532704426326875 0.76679199147579147 -0.46100696527241969 -0.034444788091156676 -0.52136879947781412 1.6078279898145225 0.81492280128894801 1 CAMERA 55 55
56 56 -0.49942303798365223 0.73604584800904971 -0.44771376702542232 -0.091463225264170875 -0.44641845292528648 1.3361180373762269 0.94208011434207228 1 CAMERA 56 56
57 57 0.5736566075402717 -0.71217544480733641 0.37970039811460293 0.13982789460787562 -0.58192923235945548 0.97773198705037057 0.99415152344448909 1 CAMERA 57 57
58 58 0.63494035470917753 -0.69576935510093585 0.29827890250049482 0.15422531175949059 -0.75377452654828037 0.71327001741955109 0.91937568496514199 1 CAMERA 58 58
59 59 0.017999074519571587 -0.62341465241484906 0.70760997813352366 -0.33214202281070393 0.48524713501124811 0.92570987792785231 -0.17746502853869245 1 CAMERA 59 59
60 60 -0.094747794458764467 -0.64501475203628478 0.69788124562981924 -0.29654779058179082 -0.026883793693939284 0.75077435888582089 -0.40831699184831327 1 CAMERA 60 60
61 61 -0.24992231311066657 -0.51764103159050134 0.67622497276957971 -0.46076717116795213 0.14720677628654835 0.12762549010415591 -0.51257134998822007 1 CAMERA 61 61
62 62 -0.29171065789311601 -0.49753867329384999 0.66090831308788212 -0.48016701504777598 0.1722776713436886 -0.20371050991201062 -0.42682205652615213 1 CAMERA 62 62
63 63 -0.31986773788277767 -0.52393179838082327 0.63207193316167487 -0.47293252395712271 -0.052587756492349522 -0.33254585638231299 -0.4985763065307332 1 CAMERA 63 63
64 64 -0.2351954289729434 -0.57976106581523623 0.67176219832760742 -0.3966053020990451 0.0058364586994260892 -0.39835355128516825 -0.61179778485909231 1 CAMERA 64 64
65 65 -0.12617200443545998 -0.62952379201225395 0.70173280857789722 -0.30879035922876052 0.047148129026162319 -0.3662724753206813 -0.68079777306403821 1 CAMERA 65 65
66 66 -0.0020909924746636195 -0.65870181347485768 0.71454970271394369 -0.23564013034035447 0.041256406215421149 -0.27525582569110252 -0.71122334064393278 1 CAMERA 66 66
67 67 0.13147207245688672 -0.69422567546805958 0.6996333329902561 -0.10620266029508542 0.049543356146408951 -0.016996958766353806 -0.55101402648759801 1 CAMERA 67 67
68 68 -0.20006013279178397 0.7113991206382787 -0.66945853546469936 0.075581106871212902 -0.036405067411506231 0.14613158059335968 -0.34696000318381265 1 CAMERA 68 68
69 69 -0.16142495410106339 0.71536897588501747 -0.67771237054265931 0.053806647806200009 -0.15606994851594508 0.032435076285817391 -0.069652465704686861 1 CAMERA 69 69
70 70 0.084649705741713724 -0.58697113374935872 0.69018660212508065 -0.41465861827516559 -0.24165481292511348 -0.11454716857656755 0.098672790550479172 1 CAMERA 70 70
71 71 -0.19527206071209519 -0.46155505307752415 0.69371064588065867 -0.5173019380165661 0.13984094756428656 -0.028697012529633414 0.32418268740006995 1 CAMERA 71 71
72 72 -0.22997939217937202 -0.45967227390857102 0.67267042969871604 -0.53228316973343714 0.16392573256049026 -0.24698534147121476 0.30856384107083851 1 CAMERA 72 72
73 73 -0.31525193368850996 -0.48000822767521445 0.63656500044968334 -0.51477501869481757 -0.083936690037675385 -0.24371591065310433 0.24868231321126089 1 CAMERA 73 73
74 74 -0.27833263631858052 -0.46889889902982523 0.64493632301775772 -0.53546419609615459 -0.22513589945780235 -0.40226361364360769 0.27673067244098354 1 CAMERA 74 74
75 75 -0.17644100342834518 -0.42124764021209943 0.74364598456181719 -0.48827210402604587 -0.50632596979731015 -0.47975883436204064 0.2439278044750004 1 CAMERA 75 75
76 76 -0.13442523538057011 -0.42066159597054409 0.71259596957782723 -0.54514279038599545 -0.42025341862690568 -0.35704099326127225 0.19357393267056716 1 CAMERA 76 76
77 77 -0.21627978125566008 -0.39395240124701203 0.69390634775392201 -0.56259980653971986 -0.57395615231461772 -0.55030695057152068 0.31447593964873993 1 CAMERA 77 77
78 78 -0.27142114945871254 -0.40819781128088062 0.6820918481238476 -0.54263783245826469 -0.61285939496861441 -0.62129628280662885 0.37351605181783909 1 CAMERA 78 78
79 79 -0.242213235581617 -0.46126176280783121 0.67392070256164449 -0.52383319992084876 -0.52440433584080159 -0.80430430953534526 0.33125815519274476 1 CAMERA 79 79
80 80 -0.24247346565989439 -0.48237525529814768 0.70298454220274564 -0.46296162362654114 -0.60905890213840697 -0.96870043156688257 0.38397517203534759 1 CAMERA 80 80
81 81 -0.27378690306569814 -0.46445405328290357 0.68222521498947852 -0.49385414864242622 -0.73589140886611293 -1.0634353383882451 0.38203760649350038 1 CAMERA 81 81
82 82 -0.35310338437045202 -0.4843438454238797 0.62993459028540999 -0.49387392248234191 -0.76285880062750788 -1.0293392041787555 0.53277569512987566 1 CAMERA 82 82
83 83 -0.30608859589970283 -0.50154957782070941 0.64643089962834221 -0.48670821284801519 -0.6631420139329981 -1.1490829684164303 0.38380385520053961 1 CAMERA 83 83
84 84 -0.29585995920232744 -0.51696664741051424 0.63784016367435692 -0.48823385340408343 -0.61845365732634638 -1.2977505762325734 0.37772599788004257 1 CAMERA 84 84
85 85 -0.30123917825973207 -0.50849907367395386 0.63850531155051848 -0.49294484141322309 -0.63440956998611098 -1.3990822799432101 0.3857587327753359 1 CAMERA 85 85
86 86 -0.31792004300075416 -0.50315406916771466 0.62193870423319575 -0.50887628861551704 -0.61314194630151131 -1.5272830342105692 0.4684484691628894 1 CAMERA 86 86
87 87 -0.33717793628335679 -0.48408371620377061 0.60711008608710426 -0.53234513087033364 -0.63379509000512413 -1.6610076846930097 0.57315540951041299 1 CAMERA 87 87
88 88 -0.32564075835670753 -0.47462197085901814 0.60683697144538384 -0.54812495962304475 -0.60757806266298486 -1.8805987519699325 0.53928194208450431 1 CAMERA 88 88
89 89 -0.33770416459415709 -0.46118795753928116 0.60483093737997706 -0.55447371644160659 -0.65309950853949039 -1.9383044682937076 0.59661365255772592 1 CAMERA 89 89
90 90 -0.37014593806375368 -0.4339966901809037 0.59280004961773658 -0.56853052567134321 -0.72454866065119095 -2.0150571564669124 0.7953061391043208 1 CAMERA 90 90
91 91 -0.41819883582761602 -0.37222522733442964 0.59553213086837697 -0.57610727729445421 -0.96628501326214944 -1.9357616851481376 0.96014165964415021 1 CAMERA 91 91
92 92 -0.468330682813829 -0.24027795585598996 0.61482111161475317 -0.58730560713958713 -1.2998928510667813 -1.6026634710168952 1.1233376409795985 1 CAMERA 92 92
93 93 -0.20488086088049851 -0.28117424312894068 0.73402435891608497 -0.58324361836505656 -0.80658452837482131 -2.0059645881798467 0.60443688136981033 1 CAMERA 93 93
94 94 -0.33375831934241718 -0.33526710687131989 0.6483784602866064 -0.59649536758991673 -0.48382183580540317 -1.8574665240626875 1.2519486292923243 1 CAMERA 94 94
95 95 0.35034134552226598 0.30592722258452226 -0.61886200617962761 0.63299233281825396 -0.48508488721309262 -1.8388219790353642 1.3632654121262759 1 CAMERA 95 95
96 96 -0.26387583880695498 -0.39197148190543907 0.66299029929423148 -0.58066493101316652 -0.19196383549385523 -1.8857632912196043 0.94655265720276949 1 CAMERA 96 96
97 97 0.23932938092288822 0.39894560252488148 -0.66450550346531612 0.58480448828427534 -0.12560802507301561 -1.6952580719207648 0.92161177087327528 1 CAMERA 97 97
98 98 0.22136306104662626 0.40659244528739902 -0.67402504007192354 0.57564852470524308 -0.04496712669910076 -1.5065160413836218 0.75116899110755286 1 CAMERA 98 98
99 99 -0.21802175889351003 -0.39229775216692064 0.67760176512770143 -0.58260178011192609 -0.082002148550440773 -1.4816805870650622 0.74830919474658009 1 CAMERA 99 99
100 100 -0.2198638375548975 -0.39090476199919139 0.67398940464619717 -0.5870192862305752 -0.012105840042850105 -1.1963211442700232 0.69966443414790791 1 CAMERA 100 100
101 101 -0.19157004277215728 -0.37472279171798056 0.67706896894846158 -0.60370635193479949 -0.042384953946971907 -0.9001286769005663 0.68679946764003219 1 CAMERA 101 101
102 102 -0.21896945705991958 -0.39070596710428168 0.6680185254588904 -0.59426633236935256 0.011053274717918664 -0.72046154974579202 0.70196767913912883 1 CAMERA 102 102
103 103 -0.248162355334338 -0.37817932071554677 0.650344467143949 -0.61028511437957789 -0.012147474110059647 -0.54000753104962829 0.73708159875268864 1 CAMERA 103 103
104 104 0.23696406151641025 0.37746376669991338 -0.63621142038102263 0.62976516810246186 -0.03221296701776917 -0.38259789556419421 0.74148616142442969 1 CAMERA 104 104
105 105 0.2681492453353661 0.37744451999865825 -0.6174521192580813 0.63591233434551364 0.042003385796011414 -0.2317538756855575 0.66541012719605019 1 CAMERA 105 105
106 106 0.37804304592091631 0.26397630869271188 -0.59789608507711245 0.65568302961817482 -0.26007959198656094 -0.77570062550693153 0.94456732939171972 1 CAMERA 106 106
107 107 0.44906928094653276 0.16471918250480913 -0.57334884144635134 0.66518830254089556 -0.53143170118042726 -0.73270562072148859 1.1468063700087405 1 CAMERA 107 107
108 108 0.53893542418446916 0.1697590802538399 -0.48116318055157892 0.67023313623840286 -0.6348596223120192 -0.65271842591175611 1.4588690877878299 1 CAMERA 108 108
109 109 0.58995256054329981 0.02306350858792356 -0.44525642918199931 0.67317959204963607 -0.90437789959092818 -0.42105989539624972 1.5035655026954542 1 CAMERA 109 109
110 110 -0.29300581238237577 -0.43126222345470033 0.65183030021744226 -0.55070658998189881 -0.33631406678371278 -1.9260361017849297 0.74141113500919742 1 CAMERA 110 110
111 111 -0.28267203279348185 -0.43775124432486978 0.64945014968744785 -0.55379136237339444 -0.29017429768865466 -1.7595970053550578 0.69721389481793061 1 CAMERA 111 111
112 112 -0.28423788851916887 -0.41926625716378796 0.64585484139768767 -0.57122338202948297 -0.31796825639880122 -1.5438256581629799 0.71413700680501246 1 CAMERA 112 112
113 113 -0.28527834695748511 -0.42398497347604275 0.63683214118807752 -0.57731952242543516 -0.30504138239735246 -1.3766519159375308 0.72694886911518253 1 CAMERA 113 113
114 114 -0.29259382434511033 -0.40739986260017802 0.6465138718551523 -0.57483390593050332 -0.36257389650593719 -1.2420153883566372 0.66875840108256868 1 CAMERA 114 114
115 115 -0.28758343453353469 -0.39451695412821064 0.66994765459425998 -0.55930517715371242 -0.41139465994556473 -1.1159306216876721 0.54475136942530866 1 CAMERA 115 115
116 116 -0.28270685869581158 -0.4202066109922622 0.6689426833532377 -0.54407621020672658 -0.33911287193710321 -0.94487507492442413 0.5268199425286777 1 CAMERA 116 116
117 117 -0.28630693468392288 -0.4176890378652553 0.66653757983365591 -0.54707573650143382 -0.34467036614797186 -0.80595795258473268 0.53925013160800483 1 CAMERA 117 117
118 118 -0.28324507158496942 -0.40539397652705028 0.65742089792736302 -0.56852943299955094 -0.3133396214277423 -0.67253815300181308 0.50381301425268632 1 CAMERA 118 118
119 119 -0.28309348934594758 -0.39547542494224519 0.65742109423880279 -0.57554736504178516 -0.30302799971517613 -0.55824712575888547 0.47073748859250231 1 CAMERA 119 119
120 120 0.52881351889502526 -0.054507539423056611 -0.50188911618109699 0.68227011178774499 -1.2261282542934417 -0.60570989138455567 1.2685749445404009 1 CAMERA 120 120
121 121 0.56786495692126371 -0.12060955690209949 -0.471733950067663 0.66366392537055252 -1.4169818899246271 -0.41848949485756987 1.3521598308537972 1 CAMERA 121 121
122 122 0.5862063264516959 -0.0270765677129567 -0.41608499163825036 0.69462384212053252 -1.2511549775307209 -0.52504443689442504 1.4895983320599671 1 CAMERA 122 122
123 123 0.53125722609715209 0.0094529657285530606 -0.46547907049778781 0.70781751609225507 -1.3006106588715058 -0.8635311813622244 1.4292305668370486 1 CAMERA 123 123
124 124 0.63525593551556592 -0.17538946580770073 -0.42795186716055778 0.61850273327587246 -1.5263592448027423 -0.12626013730278632 1.280022769255569 1 CAMERA 124 124
125 125 0.6513467962364563 -0.2596931071354473 -0.43512765888941801 0.56477496545815109 -1.524337192045877 5.0637578889846727e-05 1.0463500575147691 1 CAMERA 125 125
126 126 0.69653033368171746 -0.31025446564385001 -0.3552444012533551 0.54073013249441704 -1.4295399392047803 0.27178930096222559 1.0850388441853376 1 CAMERA 126 126
127 127 0.71027720169201092 -0.24792789514173538 -0.32371794360039968 0.57379852610326865 -1.2629400246602189 0.062914436567530374 1.263468441084354 1 CAMERA 127 127
128 128 0.6943104839813421 -0.14625413200001827 -0.30798032810637854 0.63379081581070817 -1.0482433676265557 -0.32179365149038985 1.4381568608115565 1 CAMERA 128 128
129 129 0.66781532375152997 -0.070352843235311907 -0.29563979431887388 0.67946323140140641 -0.89534202813519648 -0.61701223279674233 1.4897860841538471 1 CAMERA 129 129
130 130 0.60360540181768318 0.050882301626517662 -0.39168292966601043 0.69257201277986447 -0.7442222401328773 -1.2171521103074459 1.2494536622511498 1 CAMERA 130 130
131 131 0.54077003444335758 0.25745385998964337 -0.47802431748878815 0.64247803986902252 -0.3454224992027457 -1.8225468808618279 0.69643574395534624 1 CAMERA 131 131
132 132 0.51634356518433544 0.30213399371411542 -0.4825132190443911 0.63975414495140892 -0.34895638110674654 -1.7664416329506016 0.73413967688072523 1 CAMERA 132 132
133 133 -0.43592065442624728 -0.39260466958882956 0.57057612540780267 -0.5746978698205325 -0.24644517331905352 -1.9798818081212808 0.16237972394894867 1 CAMERA 133 133
134 134 -0.3541506611475862 -0.47384630234864283 0.60122970629767525 -0.53718696114523967 0.00028918434464273932 -2.1063583448272158 -0.24465536982579292 1 CAMERA 134 134
135 135 -0.29504273548038146 -0.51820158872503197 0.65253877072372923 -0.46755753697857444 0.014254229791238322 -2.0649374761676205 -0.73350808726613059 1 CAMERA 135 135
136 136 -0.35972721776139049 -0.52159464510619402 0.63207666286869502 -0.44611035322548487 -0.28770612685464098 -2.0897660636844426 -0.57706194523301035 1 CAMERA 136 136
137 137 0.48545709154418082 0.2846349152903514 -0.50987448346821085 0.65064766838523647 -0.60179097240417123 -1.9055206207798814 0.76088571079203016 1 CAMERA 137 137
138 138 0.58232884411728125 0.031003508697964349 -0.42079630798852502 0.69488298794881487 -1.2100694510971319 -1.0143278161199576 1.2876702065921386 1 CAMERA 138 138
139 139 0.61606317236060204 -0.15190959278669039 -0.33071824276093298 0.69858076640106093 -1.4310411435447925 -0.18768214793116228 1.311007003293577 1 CAMERA 139 139
140 140 0.59509513671818426 -0.10421981155277604 -0.41016168125025165 0.68320377953304434 -1.4440243907536074 -0.28994159830221433 1.3336008243328608 1 CAMERA 140 140
141 141 0.58854864085416803 -0.035991192027618794 -0.42042671547523092 0.6896060530185707 -1.4868562720094729 -0.5195910682964211 1.5086609048652044 1 CAMERA 141 141
142 142 0.3471281206465498 0.22395762199859998 -0.61022783515877332 0.67599337319426722 -0.9045951807092123 -1.8473752867534836 0.82694045489094214 1 CAMERA 142 142
143 143 0.48807157541710994 0.28481230425328996 -0.48471473293702771 0.66762243543006983 -0.73670832503034678 -1.6527439791344203 1.423246432132879 1 CAMERA 143 143
144 144 -0.34897331692228634 -0.47176104359217941 0.62433896735889272 -0.51561613208113155 -0.41571779463533298 -2.1252703503996084 0.29825978985208307 1 CAMERA 144 144
145 145 -0.14780954991533843 -0.60076035315369192 0.70333517420361591 -0.35008422952261936 0.3117043889722913 -1.8023353157729818 -0.41868915821831637 1 CAMERA 145 145
146 146 -0.13316014671703191 -0.60044863448962427 0.70225804664418834 -0.35855745507426462 0.3135079673680739 -1.73278451446282 -0.43877429835571319 1 CAMERA 146 146
147 147 -0.10884546485284094 -0.60407540094672008 0.70695349003805863 -0.35137207867876608 0.288405551289871 -1.6400237390065193 -0.40980019183193217 1 CAMERA 147 147
148 148 -0.17197170249126364 -0.60167511053139211 0.70118115692783745 -0.34169837587941942 -0.0012657218656858121 -1.7387277371473311 -0.34424562337788012 1 CAMERA 148 148
149 149 -0.27655666798182998 -0.44038498206547749 0.65759254018050572 -0.54511423395920133 -0.37659546884325257 -1.8289117082086812 0.68125856553746111 1 CAMERA 149 149
150 150 -0.28998995682919282 -0.43525789413796373 0.64224646560198084 -0.56033549588666243 0.001573803854718208 -2.0245995504698726 0.91453036064832194 1 CAMERA 150 150
151 151 -0.24192753617099491 -0.40854160231680464 0.6512892354769555 -0.5919350962483072 -0.076844825134960715 -1.3839501652860808 0.94332534743648788 1 CAMERA 151 151
152 152 -0.23278109043456333 -0.36337496623784915 0.66350757274373096 -0.6111704334794511 -0.10108140882452876 -0.80353652598735581 0.74055034119743501 1 CAMERA 152 152
153 153 -0.26145725740421155 -0.37923257621676598 0.65762447546846237 -0.59611475820641491 -0.075517852747586822 -0.65971370584918509 0.76654597008632086 1 CAMERA 153 153
154 154 -0.046100716307886584 -0.53963107465266025 0.70060721301025486 -0.46456706760501038 0.19950627459997161 -0.2087021630326088 0.45158816932243451 1 CAMERA 154 154
