12 1610 1 0.011321524572458944 0.6362664373271405 -0.74952577504807094 0.18234022142953549 -0.026752097577236421 -0.65568579757857914 -0.12234493670669876
11 1482 1 -0.0098777609164416545 0.6537040484879918 -0.72567250074470868 0.21441284591322399 -0.083649905631684215 -0.69477546834520609 -0.11255180986751996
10 1354 1 0.042061266303118801 0.66196454885437028 -0.74499234048638596 0.070853359508389599 0.15326306224540664 -0.52995570280698312 -0.098178684442252556
9 1226 1 0.045331657018795837 0.63173015899585505 -0.74582960995899494 0.20639825579547769 -0.040756661020570614 -0.47637385713293301 -0.046711366391073449
8 1098 1 0.024859395480155123 0.60048735721774216 -0.75986345222640095 0.24779927007275257 -0.086489180679711078 -0.39178042493812143 -0.075960425753694771
7 970 1 -0.069282535256860595 0.65216520644572284 -0.7548639559781315 0.0078026774273378926 0.17829805097491075 -0.2400763584322404 -0.099338584327970936
6 842 1 -0.29009834620694658 0.74527158473905686 -0.57553599914228504 -0.17079674528462516 0.28217777361356416 -0.26871100789103874 -0.31634573798239457
5 714 1 -0.072744219937533827 0.64124448251958954 -0.74487971365624606 0.16931628476685995 -0.12692350686534062 -0.36386188442734896 -0.018792466469065676
4 586 1 0.046018678856340839 0.67376930771884969 -0.72547692870024016 0.13266660128323829 0.0029430349211697778 -0.069720785076219302 0.048059009151446536
3 458 1 -0.23202795330395892 0.79382006245144443 -0.5621209663623824 -0.0057233304100220515 0.20173468669355904 0.20474509578807334 0.17742109352541988
2 330 1 -0.26683696301872795 0.78047457650606022 -0.56364052927917296 -0.044348893430634577 0.2052259053987264 0.35677461361650459 0.21048522865845268
1 202 1 -0.24909845481028617 0.74389142864684954 -0.62014105794365071 0.00075528101179808292 0.082458303788016704 0.11210244627672074 0.082661782202885795
0 74 1 -0.16548492259728712 0.70300062459028523 -0.68376109594041745 0.10428626897630504 -0.031101513958529465 0.0044617977190562598 -0.0084503041394575033
