18 853 1 0.52012004240103515 0.40659256172685238 -0.6065912502901728 0.44294998059887775 -0.59679459137439439 -0.3122581649013354 -0.26114001984975083
17 811 1 0.37995265082788932 0.48250096296887302 -0.61166139426045707 0.49869744598736815 -0.67802899120986071 0.045640690088863095 -0.24227513924595234
16 766 1 0.15046770642365814 0.67365159590111168 -0.68628365217127196 0.22927656972737079 -0.249525797486914 0.74414879986254689 0.10866972807085712
15 724 1 0.0071915263217897651 0.78003925361548965 -0.59831889283357931 0.18303427888390922 -0.06752449210247255 1.2879531072264001 0.52233142714966496
14 679 1 0.20656365610530594 0.67699836161472249 -0.68759734334835165 0.16190913429352607 -0.28003039554699888 1.4266467472764464 0.25165740052036928
13 637 1 0.033766489432618098 0.67619415899838253 -0.71699607777447005 0.16594549702807004 -0.90396127789770198 1.0289421030625165 0.58597866506292751
12 592 1 0.22995971700138726 0.57937652976739784 -0.6582290072132051 0.42210891885205148 -0.80658859210272227 0.41875118727315824 -0.11818602971197036
11 550 1 0.33222972821165031 0.36116603006069631 -0.7355628980626181 0.46704360547633217 -0.54750715093336155 0.076429447940189632 -0.33475483511345588
10 505 1 0.38801593294282727 0.3136269410483995 -0.6423843456637125 0.58174232274894266 -0.41544715866308185 -0.20902776672458906 -0.35219255561430696
9 463 1 0.43614520238958338 0.35998279554528817 -0.54733827395431556 0.6169364336855615 0.40951769471777344 -0.41328012830254468 -0.22768015870556876
8 418 1 0.37468861131204739 0.20140225082714913 -0.58685645176113554 0.68894490559197663 0.46722162972106424 -0.73528011250599912 0.13817373573628786
7 376 1 0.46683455955606873 0.25650141839509705 -0.53259853661646517 0.65773194780198618 0.052303607837844927 -0.74545885695302838 -0.12917516496767398
6 331 1 0.42236422817000008 0.3523847794519494 -0.57627067153924538 0.60443820122214997 0.01519314795791798 -0.12572032991945861 -0.055020364306618677
5 289 1 0.32634990076553816 0.28443795393730248 -0.64760773677261685 0.62705263886099194 0.26005975730555486 -0.012844905998290674 0.11637032357226874
4 244 1 0.13893651399371734 0.40081059877367664 -0.71184812867060354 0.55974972148105651 0.57281449656409511 0.68599985543809772 0.0088923695755530816
3 202 1 -0.010853291597064562 0.58076726065071649 -0.68623295475249335 0.43780809360887113 0.21353254326808396 1.3458127535129403 0.34091992183361564
2 157 1 -0.077760430239820238 0.62544555906755273 -0.70400173662351928 0.32734190529576823 -0.13961686813434249 1.2651015527036678 0.52935396163279369
1 115 1 0.035149302645829668 0.57933013735457417 -0.71134045584009975 0.39640367601908183 -0.081516694787519897 0.98420367871665149 0.34215009511509081
0 70 1 0.16365025474891731 0.49591136679184622 -0.68696169205760904 0.50534556894525584 0.047558746884165892 0.55255262170443664 0.10910066193001072
