19 867 1 0.26675000188136222 0.29600131356116988 -0.68535547124933871 0.60952074361333441 -0.028878909117102711 -0.35548675255889467 -0.77993466312755511
18 824 1 -0.03750161543504308 0.54757399327135403 -0.64864529217409139 0.52727188022216132 0.26986907418431555 0.52609161441499541 -0.75175119198960905
17 780 1 0.20066069503703163 0.27415756097361554 -0.67233638317087352 0.65767522767165409 0.70448186548477365 -0.24764275432693555 -0.53608832784442328
15 693 1 -0.5642901491484551 0.1320412155094518 0.46340614443937433 -0.67037041273957987 -0.43165225498794951 -0.98631884462261221 0.26111207994360575
14 650 1 0.48873465384163911 0.054588984059313631 -0.48647884821366416 0.72214736113508848 -0.51073428633813955 -0.933688772725909 -0.15950224028093565
13 614 1 0.37063466253231753 0.18498479746142582 -0.53992212391388938 0.73273096819093508 -0.45654055494497109 -0.60287077408391421 -0.45462815160641412
12 563 1 0.31515826205309466 0.26897078198800023 -0.61247021124276546 0.67320890415730461 -0.5959414250142604 -0.37276402535905218 -0.60957918141259193
11 519 1 -0.055646733905114917 0.49425947119927482 -0.76664280415818975 0.40604165669051023 -0.54379001585370512 0.53383055398864199 -0.71679504001426753
10 476 1 -0.06756274447518959 0.60774680751032217 -0.74998083182464403 0.25220595832693327 -0.98720409912304319 0.77429807102213688 -0.41415428380541436
9 432 1 0.05017159915205445 0.622808331027774 -0.76046328717275669 0.17688465819095109 -1.0442767925633536 1.0937674578256222 -0.18891555859169301
7 345 1 -0.027169894107269412 0.65415569655315398 -0.7227313680359444 0.22136280441426939 -0.17103041888548826 0.93267801724428145 0.26095009482658038
6 302 1 -0.29008413075143569 0.67497270520353958 -0.66366910813370694 0.14073506750419251 -0.20449116725011465 1.0378347430278845 0.67034214099885192
5 258 1 -0.50059304599859167 0.62344744769726645 -0.49979548204047669 0.33305308644350357 -0.51090792901999305 1.0518263032693516 0.2500919257954386
4 215 1 -0.22393941214082835 0.61862368718344773 -0.68732855420548988 0.30779105237054399 0.036917413374776886 0.79909882657003839 0.053198449444907446
3 171 1 0.049196866363094581 0.43485569508466854 -0.74933488973843831 0.49696822414834929 0.26010055301803636 0.085470453352526371 -0.12955868551085384
2 128 1 0.23988072856719614 0.3273173405690426 -0.71104206955680604 0.57422971879314544 0.086914683822979025 -0.40631107376006165 -0.29536092534302033
1 84 1 0.37820766052916605 0.32766712912311741 -0.59539509666121315 0.6285681322506369 -0.25875207090429658 -0.34696557081222523 -0.19483281526989002
0 53 1 0.34593154098344364 0.41704159878990277 -0.60648407630105228 0.58188034768742736 -0.18360989497024563 -0.094553366965276442 -0.083271842388105533
