19 19 1 -0.2225695020672302 0.7532538513291831 -0.61398348193151198 -0.078075195309106435 -0.40945807054438654 0.31868089258665178 -0.0079193721078896582
18 18 1 -0.14269570297171322 0.69974376685107664 -0.6864911077918765 0.13684500732272725 -0.087312128344169002 0.14072490137998442 0.0014990914224553386
17 17 1 -0.25513598227498424 0.65228695904941314 -0.67410815484979447 0.23453261855796118 0.18293422475329044 0.039317344566739597 -0.019014459960922332
16 16 1 -0.46477952219661639 0.73426245369977672 -0.48632605236091503 -0.091244811515604068 -0.089583546063070632 0.69748810233486114 0.11126964274440419
15 15 1 -0.278200865246437 0.72637398668402864 -0.61348006419330037 0.13648194342941025 0.12738597423621809 0.25970008743011519 0.0013842203655158888
14 14 1 0.041954103857337055 0.45935687946014941 -0.74870534649022014 0.47610021486985282 0.099476820571470517 -0.54595144825340913 0.093098871061231228
13 13 1 0.17551559507209608 0.47547002324177168 -0.7143182082385886 0.48256816126198182 -0.16186836227706253 -0.7680019029023416 0.16967119320303278
12 12 1 0.095059638324457393 0.5181352967020223 -0.69594352148339444 0.48801853897001024 -0.0751316635232335 -0.71657949801255372 0.034618772035106618
11 11 1 -0.32172536613829705 0.73191152304819296 -0.54841384320636266 -0.24503176894451956 -0.61077921054925899 0.67778765860957424 0.11791493640161778
10 10 1 -0.15927588603542223 0.74657710789165921 -0.64590189418601396 0.0080347487002721905 -0.26888967006057463 0.20720830970054946 0.00021677373598635952
9 9 1 -0.41035897814125716 0.68083742672439929 -0.58700453806639541 0.15326963078059336 0.33281126149136353 0.3964192260417605 0.093828523613780593
8 8 1 -0.53249073879655706 0.73002325454393546 -0.4194986750651038 -0.08683618220304426 -0.079491232422210636 0.8101001101383164 0.15077607595451287
7 7 1 -0.33433180146243097 0.74267945963113891 -0.57543842707490889 0.07429726386913818 0.030964069640906214 0.44585514028575673 0.0080579711772635829
6 6 1 -0.22235215847105685 0.66630560145623319 -0.65632142815588779 0.27538799181286916 0.23636049401143067 0.0097873029740503052 0.053123991343532087
5 5 1 -0.033400149179896102 0.56620045941479979 -0.72494038360378421 0.39084896061474872 0.14462433298031119 -0.40452049717935862 0.029058970442727466
4 4 1 -0.11647275475099871 0.64864753347531345 -0.69732037115196199 0.28184175470216727 0.24912809696433252 -0.15249867921134788 0.096721296909415194
3 3 1 -0.10565641202207367 0.66444024940250379 -0.71856941220737514 0.17610757341041938 0.34258693167229559 -0.054593693471246013 0.038677774688881415
2 2 1 -0.15128536619232408 0.65828449775234676 -0.71471531356384688 0.18153864203614403 0.32610541823091388 -0.017645584325748621 -0.072736774156563044
1 1 1 -0.24619819951955896 0.67485680519330715 -0.66050813904154893 0.21836606260470059 0.21985661344832427 0.11699239133136034 -0.20422081471017128
0 0 1 -0.13233908852648335 0.69247480787789295 -0.68253701957567614 0.19263494753343186 0.031544682658833853 -0.045942947292466091 -0.18123233841212483
