19 867 1 -0.26854232482234075 0.72562063327881099 -0.5895969603289688 0.23180841380310227 -0.55473524803462271 0.89938188249988282 0.31137082606470129
18 824 1 -0.23897780343787453 0.66770096233535337 -0.63439721579558306 0.30757959449752892 -0.42326800293191053 0.87233430921982646 0.15198892744816492
17 780 1 0.029057274129850021 0.60088317286495241 -0.66737421738489944 0.43898375978819948 -0.089448739977384131 0.62930674498679084 -0.17361536292309537
15 693 1 0.29204369224810717 0.53785116318586412 -0.6724730809191789 0.41618092642115811 -0.42705319051303803 0.40333174058220567 -0.57763936719570108
14 650 1 0.21648529513555076 0.39512213943146796 -0.75729177675462511 0.47278089722512728 -0.14155098281001136 0.17959538945413525 -0.59356629781577397
13 606 1 0.33658496248253933 0.29754095017791721 -0.67856127621105111 0.5811493271308843 -0.37109799952562028 -0.18060578505550842 -0.53118697937752812
12 563 1 0.36700199042688658 0.35429582142518407 -0.63440236962395014 0.58079053311746975 -0.45114981086591233 0.11827862544950325 -0.40439072301186246
10 476 1 -0.032781811078277399 0.5560058588710165 -0.77084203066703172 0.30916888834528311 -0.59127957687329646 0.92541569779520227 -0.068868283140565395
9 432 1 0.058475458787803851 0.5694721537717935 -0.74737591480715526 0.33721110415322725 -0.24803023873308463 1.0011428666216649 0.0085634913308684554
8 389 1 -0.042761255168897949 0.6062880582733795 -0.6593064688191026 0.44260732667315983 0.16283723243935266 0.76482771309911812 0.23366256765978971
7 345 1 0.13426792147811614 0.44636237118234984 -0.714878686624 0.5212304886181941 0.57427382874343602 0.22534555193635597 0.34815061681465687
6 302 1 0.1996687988084036 0.34681702096498029 -0.74163667525135857 0.53835431332301642 0.53082319780921727 -0.012872131899400424 0.084175679679449625
5 258 1 0.056829551028754373 0.44614092639380665 -0.73439649542892438 0.50832122071389096 0.41466459864299487 0.45710965775028939 0.069880251743975497
4 215 1 -0.11011195687396222 0.60037152342994438 -0.66663800468954404 0.42781206330740373 -0.19080829836784061 0.71280754340623442 0.072747193490963008
3 171 1 -0.078781767129512903 0.60287914634871576 -0.69818015350139695 0.37798762059432717 -0.33477976290396927 0.69496474077028114 0.030536614539992894
2 128 1 0.032101634824935256 0.55176210756630717 -0.70624758718564784 0.44242785546346886 -0.17447639101775181 0.5227118687986525 0.04999859003077789
1 84 1 0.16368100519625559 0.46979014507466593 -0.69988994842038699 0.5125034714309511 -0.026722653124832619 0.33772464417300524 0.081363549338510685
0 41 1 0.23949986016878208 0.46795221614041038 -0.65870975362366169 0.53829545871154005 0.037942125573865219 0.14117144209213783 0.075024238828083178
