19 867 1 0.27911537487253957 0.28220616365203988 -0.67547900279988393 0.6214357613486966 -0.023889427525362363 -0.37482594686065518 -0.75920200529910409
18 824 1 -0.029339280315375006 0.54422523374871212 -0.64499540494259988 0.53566690133390493 0.25612175848966634 0.48642061627484112 -0.81166127344217798
17 780 1 0.20765385666743036 0.27668633338471887 -0.66847394490340373 0.65838220944565617 0.7082110519736472 -0.316849125256911 -0.52783562489017655
15 693 1 -0.57327303562088494 0.13744462843109378 0.45353497547383642 -0.66841082185090395 -0.43043480232188136 -0.96078393826245601 0.24700457821081051
14 650 1 0.49585499191085375 0.047430388187174058 -0.47639806981667943 0.72451574472087454 -0.50060060990195066 -0.91819063867884942 -0.16131501956933067
13 606 1 0.40834887900182376 0.18006624616823416 -0.53499877335319568 0.71735880319363965 -0.49581669383415128 -0.5702488467494502 -0.43941900506273229
12 563 1 0.32411943704833762 0.26034863208095282 -0.60527635294788118 0.6788267207934271 -0.57569097963502891 -0.37179774285140604 -0.6004720064853899
11 519 1 -0.046667821995808961 0.48870580588360502 -0.7663025144836958 0.41445048676746532 -0.52061291908124696 0.52489295020211668 -0.70575138075647348
10 476 1 -0.058905325598653926 0.60457816687015897 -0.7498083804189547 0.26230286962505595 -0.94805406024015992 0.749676218057023 -0.41305689292961234
9 432 1 0.042978656050681824 0.62507944938622162 -0.76015879490878957 0.17200907999844692 -1.0067923044850955 1.1202010467073118 -0.17075750065073228
7 345 1 -0.016606590110027828 0.65387671110634094 -0.72173598845326625 0.2264213567865431 -0.1968210772149708 0.92561346025222835 0.24156147712163006
6 302 1 -0.28533789160065826 0.67549000946072124 -0.66455676454733181 0.14373531726763586 -0.22411180818146811 1.0477153906072327 0.64978414797589534
5 258 1 -0.49253078965422137 0.61840835771449476 -0.50466637851104545 0.34683767204846266 -0.49740424635228042 1.0384478051781139 0.23242476442301208
4 215 1 -0.21501023252705256 0.61389326201399097 -0.68985838244137176 0.31780666282798142 0.033949979843923485 0.78388318916655264 0.03863834421821466
3 171 1 0.060022431695793271 0.42812945475208813 -0.74707614025653968 0.50495516466949308 0.25259142997703904 0.084162986707005796 -0.14221639196929509
2 128 1 0.25085900582301301 0.31977369084771268 -0.70532204103156226 0.58080578877469224 0.082039511944283897 -0.3990873263039173 -0.30112738911305414
1 84 1 0.38741991160172562 0.32048775613596342 -0.58700228382380915 0.63452480569878333 -0.25801021279331465 -0.34481454336755368 -0.19740321358259921
0 41 1 0.31937636055518487 0.36833376625337949 -0.61700274583111103 0.61776742273528396 -0.13455000886790011 -0.11552089888270965 -0.089258122217279287
