19 896 1 0.481529290576789 0.17097639552866298 -0.67693233418332488 0.5297728092548315 -0.54862828080960135 -0.41578352667625401 -0.68440020636879317
18 852 1 0.52234501679659862 0.40026484596381123 -0.60985532963612266 0.44161092992332507 -0.59046215189952722 -0.31259237460907369 -0.27074797595021227
17 809 1 0.38783570292478209 0.48373716880595707 -0.6144633490882554 0.48786946172073742 -0.6789888176869896 0.092612044534863505 -0.26244499588957182
16 765 1 0.13948557347274326 0.66661252689411854 -0.70184962655342842 0.20875491727772855 -0.1904647836209705 0.7691666513834432 0.13026498801753289
15 722 1 0.025328370137443618 0.78696254637735541 -0.59726037521335029 0.15273659831702871 -0.053225162209043539 1.2905003605346617 0.53098945791686247
14 678 1 0.20276186710968233 0.68881475380455082 -0.67817440255983197 0.15652903851997121 -0.34931907777484283 1.4038879972154314 0.26545589956369225
13 635 1 0.035644414415685013 0.67520994088932851 -0.7166038073294545 0.17117241239791714 -0.89957006904240988 1.0063920278271576 0.53418810800304317
12 591 1 0.23528304827514374 0.5790395576128079 -0.65889447338613405 0.41858469973845125 -0.79942650911159485 0.41437488427093272 -0.13036825634591048
11 548 1 0.34101766602491718 0.36020812670738062 -0.74153306609502856 0.45175852930584942 -0.54506089997521479 0.085808309263656429 -0.33176986094930777
10 504 1 0.39135988077785389 0.31580853016798421 -0.6364496007677658 0.58483700436380814 -0.4004641584326401 -0.22374209756269256 -0.35963566566262012
9 461 1 0.42114624443599663 0.36431209602315301 -0.56175212562392229 0.61183910208949355 0.46216444986009941 -0.39926988550532677 -0.23320299549375134
8 417 1 0.37944594280011568 0.19742067281019229 -0.58489019078670457 0.68916566887882247 0.45694315587205803 -0.74547253549550252 0.12638578238373788
7 374 1 0.4777151610052332 0.23920398540420645 -0.53795661724211419 0.6520524183514006 0.020653608875022784 -0.72725588080494752 -0.14321823623373425
6 330 1 0.42406363797986601 0.35707310084315824 -0.57409224533508652 0.60256694685624101 0.018051534463427971 -0.12477675653789819 -0.05781426182644548
5 287 1 0.31035173865285293 0.29370850641810359 -0.66414912209330035 0.61345175457854584 0.27595656036462834 -0.011651955078168852 0.082684720620211677
4 243 1 0.13949698036683983 0.41135702691469522 -0.71007994553589338 0.55417728194520843 0.56491265720460104 0.70024931483734998 -0.010697199866009281
3 200 1 -0.013321519753684594 0.58997402503597707 -0.68495172929136128 0.42731056087472763 0.19233024348934508 1.3499647357380089 0.34669705761481845
2 156 1 -0.07726608459131086 0.63014741920852968 -0.70270007209118601 0.32118030904742556 -0.15368044636812925 1.2564334749459232 0.51761426119851384
1 113 1 0.051311241615097973 0.58170428568004617 -0.70601124742660692 0.40066868983302284 -0.076767371567393952 0.97389146576027608 0.30553923576309472
0 69 1 0.17297151576205419 0.49929121845762542 -0.68389668274921578 0.5030650665974491 0.045102275059273625 0.54565356589257308 0.088705133314355381
