19 883 1 0.2823444679708772 0.35208310929184405 -0.63506553674437816 0.62690577409783421 -0.37890727803509 -0.37340812935518064 -0.61673185585464674
18 838 1 0.015458175712272745 0.43256762884686223 -0.68452923956935863 0.58657140354099024 0.37453134104496466 0.29534528142817801 -0.75977684809175972
17 796 1 0.061868097918515344 0.40395299398763612 -0.70808736016140428 0.57585293911555535 0.50326679765774973 0.095803859128730434 -0.57394929768044811
16 751 1 0.35739438796237644 0.029849977907676878 -0.60717114060878352 0.70902851584667481 0.62032334060049743 -0.86895275694737339 -0.14555254500485604
15 709 1 -0.64174567896009349 0.1987791095827873 0.37686037485157742 -0.6376720214940057 -0.5200697274383399 -0.94796725034428753 0.46152131028112098
14 664 1 -0.51412714647556923 0.061920175778891251 0.50734296158977477 -0.68879771225935149 -0.48884055655715919 -0.94724575590151383 -0.013649679943321441
13 622 1 0.3591371289079357 0.087909131881271751 -0.48220174319843179 0.79421280903045111 -0.41484695797616022 -0.68653033368174421 -0.39762772736355767
12 577 1 0.33734264967964611 0.20427249639838516 -0.57919134553770657 0.71344941599002554 -0.50876643497686225 -0.52099120666068621 -0.54751599195681233
11 535 1 0.083532611023640194 0.47416925762023321 -0.70458178224621915 0.52129677742164471 -0.56475003965242787 0.11781410797550888 -0.82950430837040523
10 490 1 -0.13237222936593818 0.59411690816464091 -0.72947941287821216 0.31202961159549863 -0.84657249071122109 0.74148009007650018 -0.44161431498482762
9 448 1 0.021678985845517897 0.63686600367071 -0.73914962243203963 0.21815029360462079 -1.0707035806953664 0.86323522110352768 -0.31790919846159243
8 403 1 0.05060793414630918 0.66318916401377137 -0.72423465774124107 0.18194265652283295 -0.91737451908222001 0.9505870492364501 -0.10479020437675013
7 361 1 0.0064589799255898809 0.67342703888059308 -0.70486739061684311 0.2227470909525866 -0.44424956755627903 0.89232869461394715 0.067478932975657699
6 316 1 -0.13217601222319872 0.66424399635250042 -0.70618315775960061 0.20643343430537411 -0.0099419691744495244 1.0507579188635072 0.38021393938329706
5 274 1 -0.48233535300839941 0.61932798593186555 -0.56644583998661457 0.25084768972765176 -0.50018429013504973 1.0604345916199283 0.49601535682771525
4 229 1 -0.37009749053066743 0.6743962912338497 -0.60167259864473266 0.2149594703962257 -0.23724744412512791 0.87886057900822778 0.30247158727425999
3 187 1 -0.076247351218111561 0.51025406389546846 -0.74007993354168322 0.43140331904068518 0.16632393521769764 0.30957617715702723 -0.093248654738070771
2 142 1 0.22309242435044602 0.34617727838499718 -0.70437401574325265 0.57814211753955524 0.22345634023538133 -0.3692349591068777 -0.20643425473826776
1 100 1 0.35641767582432643 0.33266597822701827 -0.61982853811259542 0.61490842458975115 -0.26128484418155895 -0.44039371754947865 -0.25708723127850747
0 55 1 0.3442699661672714 0.40954366580462004 -0.60450085420260546 0.59019563998967328 -0.19721368482640925 -0.097596388194446396 -0.086034795017101914
