19 883 1 0.54821878967750315 0.36128346078600104 -0.60740991565440006 0.44719527498816236 -0.70551507330269159 -0.36205469759704151 -0.36606910135790038
18 838 1 0.50539463583208721 0.40799811888466198 -0.53639172656789735 0.53888562119269723 -0.64661091406188165 -0.30605658476872344 -0.22980726323922182
17 796 1 0.28176324480095194 0.52649366858698643 -0.66377486935387808 0.45035187757052536 -0.677478439925014 0.366912187961842 -0.30524182025254887
16 751 1 0.086302740730312952 0.70671709790185866 -0.66232986325092735 0.23328508893973268 0.16895474400534949 0.86747480262141519 0.21759955105179954
15 709 1 0.11227107695935845 0.77430684205044242 -0.61981317734532937 0.06062792113658716 0.056796015038775037 1.3751772435909273 0.51212744158491719
14 664 1 0.10789892228806242 0.69960134852339473 -0.68603266912243377 0.16815157629374713 -0.76657121470614986 1.2389184778513156 0.49337864552819188
13 622 1 0.10647211076073673 0.62637181105012829 -0.70305603643449566 0.3194280100193988 -0.84599592406238067 0.88275605868784512 0.0382799980731231
12 577 1 0.29149014025573727 0.5408847690540779 -0.69248591241232593 0.37807462999978703 -0.76685787621193224 0.29414245104404535 -0.11035486940962526
11 535 1 0.46627999816805166 0.2558535673798697 -0.68446059495597023 0.49863374266079868 -0.55096350902255553 0.073680651378851311 -0.25385125212893683
10 490 1 0.43037782466262337 0.28376530971154124 -0.64567442501200389 0.56334422330259104 -0.22626960124332562 -0.27039932647329334 -0.31062468466072496
9 448 1 0.38507077883052016 0.34415736155025584 -0.58934191757506482 0.62125060158567946 0.63706500397585897 -0.46822854768113975 -0.10772869838442513
8 403 1 0.39342449295395832 0.2425475025592688 -0.56333102266750845 0.68486935706495244 0.36253875629173132 -0.816933526102815 0.027005334437683801
7 361 1 0.52595258191225625 0.19477604600841186 -0.48709127016092968 0.66946117737638289 -0.056018132701580646 -0.56566710751635108 -0.088941500768955212
6 316 1 0.35678955623845748 0.35971553978747478 -0.62716041395015865 0.59158748986809717 0.11267864036978524 -0.083534662633487994 0.059639717796528713
5 274 1 0.32022178499594328 0.28900800253813758 -0.68054096890497706 0.59228065351216963 0.45844260669869569 0.080434726843257448 -0.054621887882159867
4 229 1 0.074466897600478227 0.48336132100954088 -0.67946942226283169 0.54693493097761214 0.49925717607712128 0.95979082234627233 -0.01904505937486493
3 187 1 -0.031000566637171142 0.58561575163797508 -0.69543047265797509 0.41529461108996973 0.16773399839857109 1.3606374780861106 0.39005260413505988
2 142 1 -0.074771249271628995 0.62378226382146029 -0.69533016196026176 0.34902852819282582 -0.23106774525874274 1.1913411091368711 0.41977486088736171
1 100 1 0.067248398070532761 0.57799983200489369 -0.70087778520844124 0.41250960880999099 -0.053239292958282468 0.82974669389398736 0.26580368156578382
0 55 1 0.20950162455895524 0.47409789039163425 -0.65741194912503897 0.5469458737215025 0.020051145296643355 0.39523693637112561 0.1032496538035847
