18 852 1 -0.31268290031344342 0.72413053339436928 -0.55859626239728533 0.25658252102070933 -0.52671902204179055 0.86326299475299129 0.26277736721728384
17 809 1 -0.17116682901694083 0.63686095770139339 -0.62487652312199338 0.41789875334932303 -0.29188894060420878 0.74744773359166272 0.001776003045823241
16 765 1 0.10138195535945499 0.57082928973247027 -0.67656750592318859 0.4540176549869987 -0.12421493663203674 0.6147218220295162 -0.29627865527355135
15 722 1 0.24827585629467297 0.53333310869134609 -0.7160608441671712 0.37572830849613936 -0.4414036768669401 0.50836685596768927 -0.56510653308234238
14 678 1 0.23170775864339838 0.48197849487558403 -0.75026488056327012 0.38872979568757182 -0.23085652286745556 0.45425152845569844 -0.52581105688758956
13 635 1 0.25395388874717278 0.38110409718711508 -0.70469359499614703 0.54191699241561797 -0.18270603767885357 -0.09047297697768325 -0.60993839406865213
12 591 1 0.37446897452134426 0.32923844710871553 -0.63674584576902882 0.58815793794036186 -0.430044208426966 -0.080726500437038495 -0.44407650403731158
11 548 1 0.36112256213715566 0.37994403288267875 -0.66763117190339127 0.52867915156098844 -0.50192066666715229 0.30318955275372522 -0.41239860904633141
10 504 1 0.14300417920971104 0.5393040661454257 -0.73046635773873692 0.3938525475091802 -0.64091886182950053 0.78189942194053286 -0.31136088675024653
9 461 1 0.11973238677923173 0.54749196368404229 -0.69850515868490426 0.44498005410143548 -0.55449595040471411 0.89942872279561659 -0.32794798563801336
8 417 1 -0.015317765467592013 0.61589810586454485 -0.66682154423763207 0.41926592682220853 -0.21635463620528053 0.90691632164585367 -0.014947688943570264
7 374 1 -0.0088942173100066309 0.50814955571996634 -0.7106917901154185 0.48643817837684689 0.39000056728817861 0.58844556988771524 0.3295025586134811
6 330 1 0.16166536987688873 0.40294335726594582 -0.70521196339349679 0.56051498258700161 0.55543669360867087 0.11257889964760578 0.27614970402986055
5 287 1 0.17939246737734174 0.37540860806725557 -0.75199485910306474 0.51126358321303988 0.5219449299406026 0.10028383696787052 0.023207617494106998
4 243 1 0.0060227149351655823 0.49117170718669789 -0.68724697079519126 0.53516883513237978 0.23395971495981108 0.58248718140908651 0.040121172765611279
3 200 1 -0.11717166661015647 0.63122029868503748 -0.64957339662842173 0.40729121947862545 -0.34341416733275698 0.7451549643062928 0.050239753571028244
2 156 1 -0.048819123166871793 0.55142534460200709 -0.72169328645505559 0.41557861209339986 -0.2247355444159177 0.65069506486581108 -0.0041341733159121503
1 113 1 0.088466085474516412 0.51080294447805052 -0.70969191019694888 0.47706550518180946 -0.10897052483334414 0.469048334658282 0.049329593507751353
0 69 1 0.20847848350337073 0.47842388868807817 -0.66783357024295897 0.53070295562136738 0.0043972796373039046 0.25946517353260873 0.10933969442199594
