19 883 1 0.29594610501010998 0.34618417607304891 -0.63579266144905988 0.62316940779654018 -0.61555203870378039 -0.66033649077520129 -1.0933099163157558
18 838 1 0.021144323618569286 0.43689972152552009 -0.68269634976990667 0.58531807158200888 0.36667061353299951 0.29236719193313521 -0.76782163386775149
17 796 1 0.068884123384551021 0.40610613383290239 -0.70760802004043211 0.57412862285666799 0.49590668969700785 0.09253340961879826 -0.58379515349689293
16 751 1 0.36263718459793781 0.029839455454773366 -0.60607395000352038 0.70730350371829354 0.61507703926620638 -0.87641567959554001 -0.15524188192685237
15 709 1 -0.64367677244679444 0.20369971917529509 0.37825720887623038 -0.63333097267822569 -0.52554222388964356 -0.95355827953310635 0.45805107323927685
14 664 1 -0.51726517330508992 0.06483490884345286 0.51001112978018437 -0.68419428715917863 -0.49508456408502616 -0.94953756411575152 -0.021144013585592619
13 622 1 0.36413761975337239 0.08740056886896963 -0.4838844332228972 0.79096193949284588 -0.42889024218487254 -0.6907703233081135 -0.40635873080968127
12 577 1 0.34329079955271424 0.20593875960096206 -0.58065043822821305 0.70893280557600069 -0.52718492616370638 -0.51973329926212553 -0.55418253702998266
11 535 1 0.08839330874995821 0.47637551168353354 -0.70435102208137401 0.51878958406025266 -0.57880972265027475 0.1171038505399052 -0.83860566593423846
10 490 1 -0.12517531161813458 0.59634291089181535 -0.72786365111633022 0.31451673941776853 -0.82177780099073405 0.74508216686633422 -0.43743850752649449
9 448 1 0.028935413813580182 0.63989449797005549 -0.73610186504073805 0.21875058303610265 -1.0393367513215364 0.85817066633749406 -0.30751180058758792
8 403 1 0.05627258441961263 0.66562984042393947 -0.72144419915243574 0.18245158067070566 -0.89929600363143514 0.93994631306261101 -0.10688707129785337
7 361 1 0.011223474260504082 0.67421448577577425 -0.7049464435977747 0.2199076452842916 -0.45276543281726567 0.89790901748610941 0.067477795241846841
6 316 1 -0.12924140813426924 0.66705683461343723 -0.70500040743913672 0.20323942365993877 -0.017254949164097221 1.062458677387194 0.38049461215516306
5 274 1 -0.47832309894886882 0.62329979668432167 -0.5655427951893246 0.25073037964052042 -0.50888796482840726 1.0658717542614591 0.49469404731910299
4 229 1 -0.36663363023824824 0.67760992312617763 -0.60058193062023468 0.21383619401712775 -0.24463995657652229 0.88496497612442437 0.30310329611175468
3 187 1 -0.071464520266044107 0.51251705158503746 -0.74011801519459786 0.42946992649326837 0.16080092999536325 0.31104582158531036 -0.095280061970999141
2 142 1 0.22780463502707068 0.34688595701828739 -0.7050642958348321 0.57503001645359564 0.21817751274453434 -0.37027099148813936 -0.20851367036151272
1 100 1 0.36102126851939276 0.33222161040070258 -0.62034976631086702 0.61193023515549971 -0.26959098705461648 -0.44240586261283149 -0.25932562847695484
0 55 1 0.34945059107368065 0.40894824871387903 -0.60439324614906842 0.58766862965577649 -0.20567705387466942 -0.099054926454012038 -0.085664496273397256
