19 881 1 0.53484355397736616 0.36790697856367949 -0.60809812018895804 0.45695022061014501 -0.68894913942630998 -0.36828408984957256 -0.35246077775491452
18 839 1 0.50776694598809413 0.40693223505320286 -0.53544055347685116 0.53840718636449503 -0.64569351708036371 -0.31126586378265048 -0.21481900887030139
17 794 1 0.25875458414946817 0.53848380233210735 -0.66737792932000817 0.44462114126987945 -0.69152413875615004 0.38918740278483349 -0.28591577840017451
16 752 1 0.089441776101699885 0.70749662238061661 -0.65901149431425421 0.2390659916623156 0.15019099294146757 0.8485153665376759 0.20363229834531218
15 707 1 0.13057304727578969 0.77475860324108825 -0.61611584101859052 0.055687130245571884 0.054623748106177136 1.3926505106560989 0.48956120693032901
14 665 1 0.10061434567506837 0.69483148094459235 -0.69574332213739698 0.15174714571925577 -0.72194105626895166 1.2687693801429045 0.55414696379784778
13 620 1 0.11309984884989276 0.61665968676265015 -0.70339032509621469 0.33493477793887411 -0.82573730233542475 0.85383999494894547 0.010963021555512736
12 578 1 0.27825256318814018 0.54615855857488327 -0.69177224227721168 0.3817558182783789 -0.7756099995821033 0.29635349738241856 -0.097448909552291851
11 533 1 0.47214114178327615 0.26019574792990063 -0.68009126891154936 0.49684683851772932 -0.56205505432150704 0.072580206784526757 -0.22774026211652032
10 491 1 0.4269364835221941 0.28445944996176986 -0.64290931816489516 0.56874921448904026 -0.24447355003812826 -0.26200418045710266 -0.30142916807865411
9 446 1 0.36932789788158216 0.3183362600742865 -0.59098981305709231 0.64264295703837826 0.66487043911852628 -0.49871848369148841 -0.024855418146023302
8 404 1 0.38367678000999028 0.22526928348643191 -0.56255218778780469 0.69683636128852355 0.3759720296492135 -0.8170981477732725 0.065948821592908755
7 359 1 0.52303487311665053 0.19673104644897421 -0.48937063420233184 0.66951310610573433 -0.057896632245682131 -0.52738480336868876 -0.094153642463049539
6 317 1 0.36078536035964598 0.35829248523378776 -0.61968487874841782 0.597872118287611 0.10173039358539511 -0.086318039100094071 0.066841690995403089
5 272 1 0.32179833400998209 0.29553566144392307 -0.68098955661906557 0.58767144631934565 0.47648668223900309 0.10947384013478843 -0.064711396687748737
4 230 1 0.077870199448527883 0.48067203665274583 -0.67673874727639483 0.55219135555776655 0.49809248720853677 0.93931785273111612 -0.017670138980323991
3 185 1 -0.033390126768083117 0.5853805782719762 -0.69364606427919373 0.41841345046062139 0.15117020951670326 1.3583343472012659 0.39007293704912677
2 143 1 -0.080073451346421728 0.62206071884070846 -0.6956195405107819 0.35034577109538773 -0.23566852597520191 1.1930894893854096 0.4367880364910573
1 98 1 0.072076124694883462 0.57343437514201812 -0.70003830372317544 0.41943345476348243 -0.044830103931182995 0.80023844473821892 0.25943581483785322
0 56 1 0.20167049434328713 0.47628162060335949 -0.65913714560822434 0.54591487694164764 0.017220708063780798 0.40832798035369927 0.11795251078888849
