19 881 1 -0.60215965269996485 0.66393121437910962 -0.33144123338359061 -0.29452640636537608 -0.59981527959984648 1.015215961109452 0.16885101566337959
18 839 1 -0.63479429078171123 0.68356952054148701 -0.24199943924573769 -0.26684300699545105 -0.48096213784053471 0.88589789941030117 0.11950717546866602
17 794 1 -0.4932283710110783 0.73902048259020037 -0.44662913233576784 -0.10534191231843472 -0.15611149046631048 0.64087220234409037 -0.19068255391482178
16 752 1 -0.35336224407657074 0.71025357058498162 -0.60595494886100221 -0.059106597629324714 -0.27893948570965332 0.56738409364252718 -0.49942215034131698
15 707 1 -0.20540226619693319 0.63519369736477704 -0.74438637195368862 -0.015093214331380774 -0.5956519748592769 0.40321590271483521 -0.63268513714856844
14 665 1 -0.38903392909096529 0.60192197744841591 -0.69705484487607983 0.02137938996835622 -0.18091063174574246 0.35961393116167767 -0.61009865971036115
13 620 1 -0.2372946461375037 0.61951234532997446 -0.71884960853556334 0.20772805589640203 -0.34655646701174436 -0.29520930486976293 -0.63641371963110649
12 578 1 -0.15406473404051638 0.63251045044729193 -0.72978737107149805 0.20881805674926776 -0.50346745016049577 -0.039119620136792287 -0.4900379652763322
11 533 1 -0.26111160762159147 0.63221037514553269 -0.72660537826408866 0.064617290265946592 -0.56511380266128985 0.42836451147678223 -0.48441684453138628
10 491 1 -0.44820998759474456 0.66979750707927044 -0.58241093936719968 -0.10619135669219767 -0.70716833112439048 0.82164256720553208 -0.36790250916939632
9 446 1 -0.39294602148419128 0.66694369658309105 -0.61451919520783738 -0.1521370714485433 -0.44879938552069742 0.95062267096873188 -0.15181974153332917
8 404 1 -0.46626921699120549 0.74850804392619819 -0.45279011272101 -0.13156686241709914 -0.10254569083741782 0.80367457222013139 0.018020013613819469
7 359 1 -0.42161757218207802 0.70360816639943569 -0.57126981718778425 0.028722238310236705 0.49555602143809863 0.3337897099786496 0.26946059588535826
6 317 1 -0.32960027289502875 0.63991257417960845 -0.66591293739472335 0.19604978277131846 0.49363595221610346 -0.080396644569583439 0.11399454142186165
5 272 1 -0.38285714390650771 0.62971112917054672 -0.66198599168306538 0.13659739373024382 0.47120356166095773 0.17560315940223206 -0.079848066483059546
4 230 1 -0.49711914922888772 0.73007211618440571 -0.46869759581705162 0.013777529360745399 0.061596966908599518 0.60061176735624289 -0.077111186130521384
3 185 1 -0.55067911915308321 0.71329071401922428 -0.41737636050818067 -0.1173279110513562 -0.36074710163854801 0.71384420419537198 -0.087320048989345964
2 143 1 -0.4918675119402624 0.69178874739887553 -0.52640545384368409 -0.04890785042931145 -0.20449242396494877 0.55456608443817201 -0.099755446022488231
1 98 1 -0.36962073580261889 0.687787047208265 -0.62254656170547196 0.052585814303494086 -0.091978872117188581 0.32572219809430608 -0.032132167209758922
0 59 1 -0.28465139444059412 0.71513325296882424 -0.63127782701706459 0.095112140433627659 -0.023730201484197008 0.12498137476234591 0.014347288769718788
