12 1594 1 -0.00894799406214483 0.64536120857998103 -0.74284402372871838 0.17779651366935562 -0.060870399917612339 -0.66961511312003463 -0.15723458998438389
11 1466 1 -0.0090555920018231123 0.64936448598569829 -0.72997487250518245 0.21302686709678015 -0.080177263749369482 -0.69065922413267311 -0.11281087466906042
10 1338 1 0.097397626065454213 0.66180502037729749 -0.74199242339790927 0.044441659063500887 0.20247508878137727 -0.49063432419252717 -0.061772298542870856
9 1210 1 0.0073044834877306055 0.63770580604247329 -0.74423797660234992 0.19846355746972127 -0.11910227899556695 -0.50316939435596708 -0.074843043432014394
8 1082 1 -0.026791882149433351 0.60039401924258595 -0.77161128413658708 0.20838724265585809 -0.031069256622982981 -0.39205581714372773 -0.14808618112829186
7 954 1 -0.065564094607794665 0.67921795462207046 -0.7297958452609683 -0.041980279383302094 0.20974149890778779 -0.19095642945911009 -0.11732623759452473
6 826 1 -0.27816950989063449 0.73379306751326778 -0.6086273222341948 -0.11722730256517265 0.24003510636741915 -0.34231984686998623 -0.29861640478022666
5 698 1 -0.054035523413444426 0.65794625338405843 -0.73503617078942873 0.15462444017208143 -0.11149543049644596 -0.33647422890205536 -0.0081526006909705667
4 570 1 0.056856711275602392 0.68446338203985635 -0.71740850495047381 0.11662859878353377 0.046811352534899209 -0.049627949237724824 0.047967087312215301
3 442 1 -0.24412287483191772 0.84860814756425718 -0.46569462258782812 -0.058281664047451706 0.17465027284957643 0.2961913201083729 0.20668299841631302
2 314 1 -0.26385007626731821 0.76581432563040941 -0.5837643869295136 -0.055952626978373915 0.21602313007999643 0.31101092796138485 0.19488714979563845
1 186 1 -0.25339727843264737 0.74964081465762578 -0.61128919214680022 -0.012409345143514303 0.066592412789955827 0.096097508171420459 0.065487289714479216
0 58 1 -0.13463245502985022 0.69566191677447242 -0.69076165992077532 0.14414204378250489 -0.040028032658053062 0.004341614757540622 -0.0066985597407573502
