# Frame list with one line of data per frame:
#   FRAME_ID, RIG_ID, RIG_FROM_WORLD[QW, QX, QY, QZ, TX, TY, TZ], NUM_DATA_IDS, DATA_IDS[] as (SENSOR_TYPE, SENSOR_ID, DATA_ID)
# Number of frames: 182
1 1 -0.32171979981257481 -0.39613421563684625 0.62437387626541074 -0.59138085549639074 0.19909934591836143 0.46417146723044977 0.049298610298225132 1 CAMERA 1 1
2 2 -0.34031486409436235 -0.41050705794196707 0.63144427113373269 -0.56298124401142824 0.22897348430924558 0.42850525558149144 0.15896525117875282 1 CAMERA 2 2
3 3 -0.36015014461725503 -0.40193695785059075 0.63185220230704442 -0.55632845485892657 0.29506816825064475 0.36474796892185479 0.21593931623332341 1 CAMERA 3 3
4 4 -0.35126523711385227 -0.40149933270507476 0.61744908269833365 -0.57807235646389055 0.32097659829554015 0.29218341125179054 0.23932124451099102 1 CAMERA 4 4
5 5 0.42940101655619034 0.30268091850074352 -0.58761033795346385 0.61539671699341447 0.38512972817509283 0.17652956048218416 0.14867819477319821 1 CAMERA 5 5
6 6 0.57632754980753098 0.20149002996753282 -0.54035421219670354 0.57902128503001549 0.35096577554281849 0.041582705668433917 0.065208375001274854 1 CAMERA 6 6
7 7 0.55000678510184053 0.20942410080429052 -0.47246909954119992 0.6560541382561198 0.31740981991708894 -0.00026833855110225402 0.0091906675468672594 1 CAMERA 7 7
8 8 0.54289796123513123 0.17588654504121184 -0.44739167526007673 0.68859742656227374 0.26836278816386128 -0.062264277390353617 -0.018741095107848382 1 CAMERA 8 8
9 9 0.60213283609579371 0.10154706274589748 -0.39175226725673534 0.68822554649048329 0.29405334215509815 -0.18581827189190903 -0.0059114890077054394 1 CAMERA 9 9
10 10 0.53681640355763072 0.1749679059332272 -0.46964347043894533 0.67871156719099457 0.45062240526643049 0.099910761320061492 0.018057606669993342 1 CAMERA 10 10
11 11 0.44717756427645133 0.42028450521668403 -0.54270017876449927 0.57347160056233637 0.23790997930217028 0.50635790653653523 -0.0035335180335346328 1 CAMERA 11 11
12 12 0.45069254297394923 0.47076565514988511 -0.52986696958665858 0.54267570811675869 0.08487916866079398 0.50090611717684963 0.0028121290811843336 1 CAMERA 12 12
13 13 -0.47655286390894885 -0.49388527482913336 0.51490269118990029 -0.513663237746803 0.16247221427175546 0.52283449444940722 -0.11123117231490476 1 CAMERA 13 13
14 14 0.58244175124722031 0.25117067801335036 -0.40589253427317806 0.65797123609750752 0.2751802437111554 0.3765159523965117 -0.35647817274558335 1 CAMERA 14 14
15 15 0.58246610726908177 0.21795151742268787 -0.38827713455160406 0.68005237792419038 0.16712775117667 0.27950918342961006 -0.50903132287938968 1 CAMERA 15 15
16 16 0.61923278380963032 0.20844653660222051 -0.34406905981376934 0.67432728175032608 -0.033563526127335042 0.19787535503847786 -0.59830146327241907 1 CAMERA 16 16
17 17 -0.29825315847919065 -0.41338463069311832 0.63711436166471469 -0.57813795129230539 0.028193139840755665 0.63982260767686439 -0.17434057600869679 1 CAMERA 17 17
18 18 -0.22665236662604676 -0.55339961651566705 0.6494103739626037 -0.46972729890104964 -0.24631980151133159 0.77916310887333362 0.14185087276032143 1 CAMERA 18 18
19 19 -0.2939958924033364 -0.58233682619537708 0.62691230558273514 -0.42594741132632835 -0.33252802831757655 0.76474870385889082 0.15749810558653454 1 CAMERA 19 19
20 20 -0.29556216310637118 -0.58160504253388901 0.63018098394016686 -0.42101129405188076 -0.32532688997217751 0.76581322043832634 0.16316642338729381 1 CAMERA 20 20
21 21 -0.31286291139603156 -0.59399689160985469 0.63272886692921781 -0.38592573428717836 -0.38694398205465896 0.76046343144148243 0.20147751885898146 1 CAMERA 21 21
22 22 -0.30746809824436577 -0.58672142289041684 0.60302468066764936 -0.44450261527815244 -0.43025638981879066 0.85964401433271764 0.11642092723105302 1 CAMERA 22 22
23 23 -0.27609142178830726 -0.58734873003239352 0.59000389850534174 -0.48030240046531525 -0.46085477981675016 0.95739593791092403 0.085848682437905888 1 CAMERA 23 23
24 24 -0.22633161564182847 -0.53462590054850323 0.59650855359049426 -0.55419012235607223 -0.40214405788129848 1.0555777867510565 0.022695868444431611 1 CAMERA 24 24
25 25 -0.26329794583508587 -0.50149522717011819 0.63502982024190013 -0.52527502914964064 -0.23986187571643625 1.2322358947241026 0.053840835625652672 1 CAMERA 25 25
26 26 -0.19246101991218109 -0.52054968301986482 0.65665345303920275 -0.51067898520888133 -0.28344436008229601 1.3023989343651146 0.17385396849937829 1 CAMERA 26 26
27 27 -0.27803048369522199 -0.54468862381551852 0.61591850644783575 -0.49664650067953264 -0.41509199520465201 1.2069107404279142 0.02638949404763169 1 CAMERA 27 27
28 28 -0.26178522643722452 -0.53517709037460193 0.61496630946660258 -0.51659502066745988 -0.51892794741640036 1.0410202349276498 0.030030921319584958 1 CAMERA 28 28
29 29 -0.19200496676356094 -0.48161838430660714 0.65238220368634714 -0.55278864401266681 -0.05197639046374658 1.0452195985544934 0.027885707830478057 1 CAMERA 29 29
30 30 -0.20048443288888418 -0.47271242836659805 0.6654458619636302 -0.54178478848382017 0.16409782005282803 0.98985361473191358 0.15995498198652186 1 CAMERA 30 30
31 31 -0.13290875328944021 -0.5066678757485209 0.64479717876578679 -0.55665027192952143 0.15715110587908532 0.98214282158425126 0.28888807083830348 1 CAMERA 31 31
32 32 0.4102247717544566 0.37122827437265832 -0.53875212042561427 0.63533562601368954 0.48391251951633757 0.94135602225079473 -0.2573610330096876 1 CAMERA 32 32
33 33 0.53057289762292392 0.29909555106422459 -0.45276113925911954 0.65118476826349858 0.57251754316749326 0.79547762666383826 -0.52315464000791856 1 CAMERA 33 33
34 34 0.47149148373290972 0.45613828145054636 -0.5245147649929639 0.54269504352542008 0.52602160661758024 0.80332040597530008 -0.21737420342290525 1 CAMERA 34 34
35 35 -0.43219060723129898 -0.51410637248141 0.59667362325671824 -0.43918846080554841 0.45523642486179922 0.68209084851524904 -0.09727062340659709 1 CAMERA 35 35
36 36 -0.46655315101048217 -0.5496618823850834 0.57181522764721049 -0.39144261107580725 0.29823858845421714 0.66279934469720325 -0.12277721755108262 1 CAMERA 36 36
37 37 0.55506537811464574 0.39075827228528354 -0.41490122621461201 0.60586085130554279 0.34137872707124417 0.28567677107024692 -0.37442819978616093 1 CAMERA 37 37
38 38 0.57037944710148636 0.24372027233091248 -0.40859857289736168 0.66956323182010835 0.35633304426366164 0.17652102230546207 -0.52620750482257572 1 CAMERA 38 38
39 39 0.41813972599524724 0.30895594447858693 -0.56808597589729803 0.63795275522939676 0.66681672130094616 0.33968338626700795 -0.2354259877704149 1 CAMERA 39 39
40 40 0.35845838718362327 0.26471669800999448 -0.61574980070576224 0.64983446921751942 0.86109005051185894 0.38147585858365701 -0.036254846900280024 1 CAMERA 40 40
41 41 0.36069235781158177 0.24172270713453264 -0.61349545269477546 0.65961692321733789 1.1227104073004111 0.32175047147039926 0.053187891835705603 1 CAMERA 41 41
42 42 0.32953215799336949 0.23490998083255984 -0.65266210241554534 0.64051388573863066 1.3767669110969343 0.33896952471999442 0.17209507377725985 1 CAMERA 42 42
43 43 -0.33613924832909087 -0.22073468803911428 0.64616243409053964 -0.64866070637831752 1.6118073877620689 0.27298878626196332 0.025180641113976165 1 CAMERA 43 43
44 44 -0.21232193556953705 -0.36382412661933955 0.66307054524716258 -0.61878013267340015 1.3972693148035076 0.57763868184163158 0.046961952065224299 1 CAMERA 44 44
45 45 -0.11471461241066074 -0.46357846368354927 0.67805643467180532 -0.5587262631275105 1.2390773636821388 0.66735520678313565 0.1244663299259362 1 CAMERA 45 45
46 46 0.3927792275661981 0.19001672186840782 -0.5749419691069646 0.69214149995668606 1.519915323234069 0.22502527092493929 -0.18969737284349103 1 CAMERA 46 46
47 47 0.49977502364210385 0.080527571346606278 -0.50512000162300164 0.69899500710443618 1.5387166815682352 -0.047093084823565917 -0.24563304373188438 1 CAMERA 47 47
48 48 0.55229680436131035 0.025125930124460242 -0.46220160211580336 0.69333008482918879 1.5196621178287359 -0.16402306266765049 -0.24943470273641133 1 CAMERA 48 48
49 49 0.5042792351445915 -0.032284765999431177 -0.5193003506172279 0.68919321872401806 1.7693409690180071 -0.10554598567342899 -0.05526662306247504 1 CAMERA 49 49
50 50 0.42058753668546456 0.073434666873678001 -0.59287942621671552 0.68279386322296676 1.779606661978864 0.17867331089760441 -0.07120564741652774 1 CAMERA 50 50
51 51 0.56089669928617314 0.11600958788942559 -0.45979928112850182 0.67861718908477042 1.0028033116890482 0.099404434709521816 -0.45609353370529832 1 CAMERA 51 51
52 52 0.60510956050858633 0.11968316673093643 -0.38573988398282211 0.68609263316791236 0.56923024800670752 0.072000673561194217 -0.72892355675006681 1 CAMERA 52 52
53 53 -0.26480176861728733 -0.5132555741265491 0.64907489625439985 -0.49512676964341495 -0.31509382904166638 1.367775819096726 0.020569011358337774 1 CAMERA 53 53
54 54 -0.24060203605779307 -0.52272046746652567 0.67182888036502375 -0.46639031791397623 -0.37436400532026681 1.4861372223566931 0.041304999100793605 1 CAMERA 54 54
55 55 -0.22318124804469974 -0.5235020608894706 0.68111315851719489 -0.46067405837578695 -0.33226060612411212 1.6347282701317933 0.080801714144944914 1 CAMERA 55 55
56 56 -0.20957496635953643 -0.53083766699868629 0.6844638592749217 -0.45365066969780993 -0.36454537267415743 1.7441400151833337 0.12293247938282509 1 CAMERA 56 56
57 57 -0.23475818664108364 -0.55902897692611242 0.66514210447893019 -0.43584535974502936 -0.51776200361528635 1.7719646083706615 0.099109718632642507 1 CAMERA 57 57
58 58 -0.24487219388256476 -0.52447451139137113 0.67101071921656996 -0.46336671250790529 -0.3668625752057364 2.1048963439315571 -0.026176597291681147 1 CAMERA 58 58
59 59 -0.2382751982468814 -0.52738489422816637 0.65916256609339363 -0.4802028891016043 -0.43621610009054668 2.2007199371337061 -0.085289631673851063 1 CAMERA 59 59
60 60 -0.22618021533849672 -0.53561754773826098 0.64258298271769476 -0.49904254634841883 -0.53471882507965063 2.2756692711732565 -0.13741526377216168 1 CAMERA 60 60
61 61 0.4065772399059554 0.4104128956028536 -0.54494505190106612 0.60769325611025238 -0.12806539864937505 1.8971357939454798 -1.1675623243421556 1 CAMERA 61 61
62 62 0.45981042328324417 0.4031953473690123 -0.48811192814167448 0.62269947174048756 -0.17617132474294162 1.6028644158008991 -1.3605379724948647 1 CAMERA 62 62
63 63 -0.27150758786454871 -0.5433633550453989 0.63641254646374956 -0.47541451895089215 -0.46537302649217571 1.9096041122934333 -0.11747955149014461 1 CAMERA 63 63
64 64 0.51269617841210036 0.35859435784130556 -0.39910419336904907 0.67027498685334375 -0.15378472100881435 1.1709145880086147 -1.5337895776422314 1 CAMERA 64 64
65 65 0.61325490878007827 0.20105634926547794 -0.38688444466126737 0.65864648162448958 0.35153781101465803 0.59899914928548881 -1.6418366641303503 1 CAMERA 65 65
66 66 0.63536191946406184 0.18312157275501004 -0.31790639190660364 0.67949779018890089 0.24821923711599281 0.20843954592729808 -1.5309425758157951 1 CAMERA 66 66
67 67 0.65935181332406267 0.15489478155590969 -0.27191699976060801 0.68361095526198734 0.085003611857493555 -0.1742708170127128 -1.5516742288697536 1 CAMERA 67 67
68 68 0.66609691440489793 0.10811447528393155 -0.24752019767422948 0.69524090256375493 0.20274276556317894 -0.42328349850635627 -1.6003932711459412 1 CAMERA 68 68
69 69 0.66443957160485267 0.15385442515190037 -0.2429552579287225 0.68979824165586723 -0.12048014096047266 -0.29178805442796912 -1.5697171685499822 1 CAMERA 69 69
70 70 0.60175934962147981 0.15522053351015078 -0.35225762730663956 0.69979056518665239 0.82789016992244235 0.024229453702166115 -1.4319408175068933 1 CAMERA 70 70
71 71 0.42137314534252163 0.26774093874315974 -0.52308856628593048 0.69075162969479242 1.0614302732043017 1.0718491609152287 -0.72087917154126591 1 CAMERA 71 71
72 72 -0.11273517233985596 -0.49050083563515562 0.67372754210156771 -0.54110157103125989 0.47655604406136942 1.6307002371479655 0.52974369181174963 1 CAMERA 72 72
73 73 -0.12291213645056197 -0.48501516048767362 0.64407666342675529 -0.57863473144923905 0.45565540339994076 1.9606025253725223 0.36260084898396983 1 CAMERA 73 73
74 74 -0.12893693842370824 -0.47889820914187919 0.63398746963691976 -0.59337311999617703 0.4771556781428507 2.4563593761805222 0.16261632712157897 1 CAMERA 74 74
75 75 -0.13541154831831795 -0.50387832600577442 0.63308835835959809 -0.57181244798727793 0.38524763454902144 2.6781112523850776 0.23457508937691313 1 CAMERA 75 75
76 76 -0.1563260490275962 -0.50804115031565478 0.62888070718538902 -0.56741996097368019 0.41978834948634214 2.9084128748830245 0.15219191518065089 1 CAMERA 76 76
77 77 -0.12753761276125 -0.57185174074968947 0.62729378580807049 -0.51305189817336216 0.24510278728062282 2.8497693908210571 0.39042166736078854 1 CAMERA 77 77
78 78 -0.25251370055990685 -0.5341791219572829 0.64320989952235463 -0.48700156247278176 0.6637525829030595 2.5715492350035971 0.10814395687871947 1 CAMERA 78 78
79 79 0.32628803397847389 0.63688140980524099 -0.59664113419767395 0.36323208243527189 0.61657909620873408 2.5288918881729363 0.13866504212438668 1 CAMERA 79 79
80 80 -0.32639261761037425 -0.59871216869794586 0.64501860541568679 -0.34490954885310604 0.663195933126703 2.4208345403104818 0.18242348819108234 1 CAMERA 80 80
81 81 0.14896930347100748 -0.63113442462176639 0.71388192519164417 -0.26429166003751731 -0.35171248733275906 1.4208213894848889 1.6675280747526109 1 CAMERA 81 81
82 82 -0.021076642138389959 -0.60412271171514409 0.71030093509462622 -0.36064401554692538 0.081654081737850048 2.0648796334096926 1.1125463285425046 1 CAMERA 82 82
83 83 -0.038577992186441083 -0.47526228232509632 0.7110681340973064 -0.51673940259029827 0.41945271591623051 2.2142816772744607 0.62497199419372362 1 CAMERA 83 83
84 84 0.0059537090109701447 -0.3890618925338824 0.69018560831373976 -0.61011410670755639 1.1346511434180109 2.1858453400463178 0.52552255851804497 1 CAMERA 84 84
85 85 -0.014662786637096969 -0.42488459274838741 0.71186174897147558 -0.55902677564168968 0.85977138394538422 2.2877910567911628 0.68885630236315032 1 CAMERA 85 85
86 86 -0.11725473619741811 -0.46059760969542146 0.68590112371842771 -0.55103613063385992 0.4177537804907982 2.7485418276568709 0.5003029288109222 1 CAMERA 86 86
87 87 -0.20840431104756654 -0.5569891009703164 0.63834769881968001 -0.48871566370302366 0.31674709664757583 2.8534800112413978 0.33991623457008724 1 CAMERA 87 87
88 88 -0.021689649464354969 -0.5338762924740974 0.7097979993314204 -0.45901248739586425 -0.071312275178948115 2.6361581128876277 1.1824534790053129 1 CAMERA 88 88
89 89 -0.13242779455731457 -0.43074225226660934 0.67950641514744692 -0.57896029493777901 0.60121447451443866 2.7181054662020228 0.28144224654981159 1 CAMERA 89 89
90 90 0.019779404533989367 -0.60010721102185216 0.71719288225748434 -0.35371525281652344 -0.21744648337696726 2.2844884825000271 1.6686530815577254 1 CAMERA 90 90
91 91 0.041251644576175264 -0.54045627732198054 0.78777420704850565 -0.29260402053308415 -0.069323732367685409 2.0232986311838195 1.84445582439116 1 CAMERA 91 91
92 92 0.10754127262516971 -0.5614175585477349 0.79111489185458905 -0.21767505029828671 -0.30457608442832729 1.6936088624281473 1.9357615886320896 1 CAMERA 92 92
93 93 0.17032458931274169 -0.5688090923887853 0.77584352054841677 -0.21333678143801296 -0.46763889614882748 1.4884578376213204 2.1693346237511157 1 CAMERA 93 93
94 94 -0.097551519307977091 -0.4850635108291444 0.70689394398723249 -0.50546814291010012 0.53539684799028509 1.6432263187485079 0.45796863525036091 1 CAMERA 94 94
95 95 -0.063891432057237296 -0.49808237570276492 0.72832437044742049 -0.46623539476999581 0.47914894170484656 1.4363386383916559 0.65378030540962229 1 CAMERA 95 95
96 96 -0.090258938089096435 -0.47662072167030761 0.70494342858333037 -0.51743673455475026 0.4700471823160402 1.0365267332508628 0.52508664859437115 1 CAMERA 96 96
97 97 -0.11680170326820162 -0.49176862936961907 0.69992306647032898 -0.50460744971150062 0.51748677574802637 1.2615408779633801 0.49806326661915123 1 CAMERA 97 97
98 98 -0.075930772842231625 -0.49404423274929082 0.70400861796636982 -0.50450637226087436 0.40284979745140959 0.81029726421092263 0.5838840805559421 1 CAMERA 98 98
99 99 -0.10040132074634789 -0.48136678853873338 0.702743532102863 -0.51415670546234038 0.7934080487611278 0.95432941931282611 0.6585634638987341 1 CAMERA 99 99
100 100 -0.13574233658058937 -0.49177909104887146 0.69778209457239426 -0.50281954234193216 0.6957374400607087 0.91347314040672012 0.64617171039782906 1 CAMERA 100 100
101 101 -0.085988364965060335 -0.47714790657362183 0.71042095717393039 -0.510135217320979 0.44826007293411685 0.91324920564018708 0.56876880666634744 1 CAMERA 101 101
102 102 0.44516692419270887 -0.025650032605987812 -0.60181943447650244 0.66255705695320877 0.82664102567604303 -0.38869021648487412 0.25657024751186963 1 CAMERA 102 102
103 103 0.49288213128008779 -0.062507298698568248 -0.57800700072824074 0.64735457778820871 0.67382174724178012 -0.29248661484182681 0.21487404370663588 1 CAMERA 103 103
104 104 0.54375543102910162 0.060392041550868913 -0.54461248591373534 0.63567292905277617 0.38033549296906555 -0.33724591186601854 0.0082355451408959723 1 CAMERA 104 104
105 105 0.567785356244218 0.04446337285705583 -0.46950923624595886 0.67468798328452351 0.32225022609337728 -0.42648707203938235 -0.044634954379979774 1 CAMERA 105 105
106 106 0.59646759884991807 0.028380646607691889 -0.40510249889390504 0.69232427937365892 0.19155096330420562 -0.69389075949483359 -0.094651606961355328 1 CAMERA 106 106
107 107 0.56964573483155556 0.025687626330352074 -0.40607346720387222 0.71410658999532761 0.23466022648131668 -0.6055888552975266 -0.082709224268434522 1 CAMERA 107 107
108 108 0.61668910858945636 0.13506855149608793 -0.4153960090485575 0.65490242434306278 0.018023026242527163 -0.88310136621342328 -0.33312421658950686 1 CAMERA 108 108
115 115 0.7312712409217802 -0.04581234297863751 -0.22020972757987692 0.64393421815487006 -0.60273144243154109 -2.0784379662998624 0.54800097589794583 1 CAMERA 115 115
116 116 0.73218379710426151 -0.064820194210242391 -0.2773808757982818 0.61868011073729379 -0.47560777131082799 -2.0661651238733612 0.4503369204609462 1 CAMERA 116 116
117 117 0.64753186428578413 -0.094215869322070586 -0.28474173588916535 0.70053408093060554 0.22503725677744957 -1.8288095471298695 0.82544732336066806 1 CAMERA 117 117
118 118 0.59143883189141999 0.04403164865042624 -0.43387269473812318 0.67824465114641164 0.61985563715902559 -1.6722430240901414 0.35222949836236173 1 CAMERA 118 118
119 119 0.65220068006311627 0.24234407151865958 -0.36275591966357013 0.61992884000827475 0.75604526750535794 -1.7389918077751969 -0.15348709803049709 1 CAMERA 119 119
120 120 0.6892701511946473 -0.051941335682843183 -0.17883338006736144 0.70016239437238625 0.61080859038102087 -1.3359187382343594 0.83724794982320527 1 CAMERA 120 120
121 121 0.5715380273584898 0.0089415358408849645 -0.41596110922885704 0.70727695270599011 0.65339238286858525 -1.3801607408621568 0.31891258816674761 1 CAMERA 121 121
122 122 0.59172933065014655 -0.0018417528138411725 -0.40611013005249436 0.69636740982303891 0.61951236713133095 -1.0926772072513322 0.34609103461351631 1 CAMERA 122 122
123 123 0.57220718237408663 -0.045585000731908083 -0.37031519442767447 0.7303202071172441 0.64966579034336824 -0.76174069189250726 0.42967413573158675 1 CAMERA 123 123
124 124 0.5803740868299363 -0.02743189133483475 -0.41937745354203859 0.69752129869610924 0.75435210153769572 -0.45897655040871044 0.33316887651675531 1 CAMERA 124 124
125 125 0.62426642242847341 -0.079740281510329095 -0.31246231859516344 0.71154776423733013 0.62758633084546767 -1.0050546496665218 0.39033688145477252 1 CAMERA 125 125
126 126 0.63843451154778397 0.16147831738910709 -0.35086184553765115 0.6657492717411253 0.32268160817058855 -1.3756539810316615 -0.44310512943524361 1 CAMERA 126 126
127 127 0.61445647994261898 0.11132396864548962 -0.39377646249439885 0.67452969233899662 0.45196033386253909 -1.9103894692494423 -0.40894023678612296 1 CAMERA 127 127
128 128 0.6062835132165747 0.055192162872676913 -0.35758135676754371 0.70817349572790866 0.55375145168452011 -2.1262381864841151 -0.036515188496652029 1 CAMERA 128 128
129 129 0.66856426170916461 -0.11938863727582073 -0.27335372632539556 0.68120916138783916 0.18044226359561155 -1.9694753457053191 0.8450641491177131 1 CAMERA 129 129
130 130 0.68332096159006328 -0.20041154846011391 -0.22474533517271833 0.66512946785836624 0.058420528187247966 -1.6711746416703646 1.4870902968731627 1 CAMERA 130 130
131 131 0.71325787095076842 -0.25160825191288705 -0.17379573701170112 0.63067546241524075 -0.27336797651232425 -1.6332913537421971 1.3919350147281548 1 CAMERA 131 131
132 132 0.76906145081129884 -0.42743638569614562 -0.10555177740999168 0.46335887101104234 -1.0897882407462569 -1.3853397334680397 1.3140952824140155 1 CAMERA 132 132
133 133 0.71483379335065622 -0.43153690836563685 0.0052094587410793343 0.5502375906295065 -0.9203593144865273 -1.2158719178112385 1.5437378306480545 1 CAMERA 133 133
134 134 0.71211025616339763 0.00049337977740267832 -0.22438755366284938 0.66524353841619355 -0.014180366815297551 -2.2811631932532244 -0.07350264327820788 1 CAMERA 134 134
135 135 0.64772668745745321 0.13067642100079677 -0.32680409088706602 0.67570178150519611 0.33296916798207737 -2.1695395123396159 -0.79219484067344692 1 CAMERA 135 135
136 136 0.72105341822574642 0.23994002470773082 -0.17364298559229013 0.62638555711543675 0.24209899782479388 -2.1523223216127838 -0.71237612659112948 1 CAMERA 136 136
137 137 0.75921930819276928 -0.46247752246324969 -0.13402049308322317 0.43788022416783923 -1.1196753460597031 -1.4083883071256784 0.99068462441749905 1 CAMERA 137 137
138 138 0.77973813620313914 -0.41942589989604129 0.093906125787486194 0.45527133995721225 -1.2116629241523871 -1.2055108692098462 1.477513406003619 1 CAMERA 138 138
139 139 0.69037577646403592 0.04580962581195569 -0.23745916020617172 0.68183276005837956 0.1412737948108837 -2.2897044250988885 -0.66036119194462595 1 CAMERA 139 139
140 140 0.80545821016801689 -0.25280842306049667 -0.066036607739042297 0.5319437370069503 -0.78574231106102888 -2.4554991714135763 0.57324252971227185 1 CAMERA 140 140
141 141 0.74864869128421685 -0.10725908873111138 -0.067525581535535673 0.65073875000747328 -0.21645808274507761 -2.7609926996635306 0.009986468571477114 1 CAMERA 141 141
142 142 -0.12375296411027104 -0.49279626695282336 0.64448241800567174 -0.57138380798973132 0.45315511903872474 2.2164701334983077 0.34967245256564344 1 CAMERA 142 142
143 143 -0.14321689692542472 -0.50310711155666454 0.62613666049288941 -0.57820847202628778 0.38681855129130871 2.8089632049303779 0.16923339467250831 1 CAMERA 143 143
144 144 -0.33531477028324447 -0.60662362282495341 0.6212162111165711 -0.36559841917956276 0.32457662524943237 2.42325635527413 0.07515404831539807 1 CAMERA 144 144
145 145 -0.1529502589422338 -0.57881711708650507 0.67778671521342182 -0.42682798869962923 0.51713716465290505 2.6004931921131664 0.64232558021710406 1 CAMERA 145 145
146 146 0.004823108090594436 -0.65109941512450142 0.69061479538978288 -0.31479754389386033 0.090371741739244643 2.1082382722049573 1.4386606664988457 1 CAMERA 146 146
147 147 0.042692908807632365 -0.48435528173663267 0.72472369590902097 -0.48821392972685596 -0.10524903750519821 2.1106885947440883 0.76235921717756883 1 CAMERA 147 147
148 148 -0.032767242504295489 -0.45920606011357928 0.71086474997851035 -0.53172117638064653 0.65246565680386737 2.2548472154452099 0.64469255609091669 1 CAMERA 148 148
149 149 -0.048914300467415441 -0.50043556660308142 0.71537438265064024 -0.48519184611414462 0.40168200563991546 1.9116717416536062 0.64628420316006918 1 CAMERA 149 149
150 150 0.46162575956074747 0.16026642632675706 -0.55125406251197961 0.67626569428476224 0.94267371856232574 0.071408201019575457 0.23163534330450641 1 CAMERA 150 150
151 151 0.51987487171489088 -0.0082547456154238134 -0.56568115901342086 0.64005218792804963 0.50733743870476566 -0.33922696449383888 0.16453100486411354 1 CAMERA 151 151
152 152 0.5489602011434237 0.037775045962310523 -0.45137321503461203 0.70247986747837476 0.27078495359164345 -0.47900757363978913 -0.10197166072915725 1 CAMERA 152 152
153 153 0.55545799454535949 0.053487953971718925 -0.42718868682269756 0.71141779632383817 0.21869071216442515 -0.82100726694338577 -0.1451259888359967 1 CAMERA 153 153
156 156 0.74837710162753091 -0.069851077631960579 -0.32179714312308427 0.57575961945160015 -0.38934504726170083 -2.0265343181593156 0.50497473498112089 1 CAMERA 156 156
157 157 0.57947968678528738 0.11186324081545365 -0.47099092814672355 0.65563515278009377 0.72304855015793601 -1.7948917963504163 0.093216583188283408 1 CAMERA 157 157
158 158 0.67766421971864566 0.075817440597115551 -0.22872545480737119 0.69477160803934934 0.77334415795410139 -1.522571711776763 0.52269942887861109 1 CAMERA 158 158
159 159 0.68167834054903442 -0.17685062391547673 -0.21368080414317783 0.67703693458167125 0.26906084638120248 -1.1724617258305772 0.96089991820422127 1 CAMERA 159 159
160 160 0.58970549377410975 0.0084335667774034315 -0.4142310014751619 0.69324525456791186 0.63552355227435875 -1.2302691155021623 0.34382316179883654 1 CAMERA 160 160
161 161 0.57630091727019483 -0.020717831282526206 -0.39313538376138385 0.71616520039392462 0.63505097807002442 -0.91430992337780959 0.3991031831526064 1 CAMERA 161 161
162 162 0.56685688324473249 0.0040721819436473168 -0.43769216958046298 0.69791278533942402 0.79776865015534681 -0.56478513944808217 0.29101320371906647 1 CAMERA 162 162
163 163 0.57860063943466766 -0.045289190449517042 -0.36740666701482438 0.72676167366426203 0.78694447741878482 -0.30349031118166658 0.32944062625482629 1 CAMERA 163 163
164 164 0.64988835514169563 -0.0078316669252647218 -0.29889297121546549 0.69874657967133125 0.44022237575093404 -1.1152149985295829 0.098297872500150874 1 CAMERA 164 164
165 165 0.63563240331606485 0.093313944186692255 -0.3416398765237913 0.68596366554196941 0.40149346579291584 -1.2555410301166026 -0.23739490505070171 1 CAMERA 165 165
166 166 0.60046216156063115 0.13673589085303367 -0.42324344614598114 0.66454004693549951 0.46408561564506556 -1.6231943733235017 -0.55499400590148928 1 CAMERA 166 166
167 167 0.65424546251352456 -0.1067213088224707 -0.3255754349009668 0.67422108630087318 0.2675660287098901 -1.9878092072561784 1.0556988739223483 1 CAMERA 167 167
168 168 0.70392092859072719 -0.26421986591949442 -0.17085629942213132 0.63678199856248141 -0.11096425308840119 -1.4248119426833503 1.6376166028281924 1 CAMERA 168 168
169 169 0.7521294377756943 -0.32368948665500896 -0.12795713750765511 0.55960110437800414 -0.57638476782925918 -1.5475007502346085 1.3824781433975781 1 CAMERA 169 169
170 170 0.74901115690343134 -0.40981459523711505 -0.11923729740942235 0.50677090610187947 -0.89721277484393536 -1.4114569712054621 1.3891064841918626 1 CAMERA 170 170
171 171 0.75306951028850544 -0.42923636264077841 -0.074660371553128296 0.49301956003823383 -1.0557691585758036 -1.32153941927506 1.3794515802390015 1 CAMERA 171 171
172 172 0.71973114807582306 -0.4506796656353233 -0.00585538193132363 0.52805362225320396 -0.95390433981078815 -1.166276365792057 1.5799417794820956 1 CAMERA 172 172
173 173 0.71857782906733547 -0.41432143005410837 0.013401771969201696 0.5583941696318826 -0.95346149482225007 -1.2481298667514138 1.5022711487501748 1 CAMERA 173 173
174 174 0.72550903497049624 -0.36005929669018927 -0.11066972256486994 0.57597409277723621 -0.95628559597829399 -1.6794055022169219 1.158535190946486 1 CAMERA 174 174
175 175 0.74319774447712439 -0.13355619499561894 -0.11294048776939644 0.64580515761707724 -0.30181727494719135 -2.109225101468188 0.67882181448561307 1 CAMERA 175 175
176 176 0.74531256001353396 -0.46002132167603549 -0.061342780420229184 0.47867174010988089 -1.1483514989215999 -1.4059645642142646 1.1169319439429894 1 CAMERA 176 176
177 177 0.75349323833203319 -0.44587732388680829 0.13375998316313908 0.46427321561300605 -1.1222653190198952 -0.92543153674142542 1.5976143594882424 1 CAMERA 177 177
178 178 0.71580170151410571 -0.079870452668855035 -0.1399478314103989 0.6794580482881265 -0.05697464866656643 -2.2932274382459941 0.092546641587407108 1 CAMERA 178 178
179 179 0.77558975217528892 -0.32013287852551298 -0.025595341617325785 0.54343385512418652 -0.8895132176899746 -2.0374270216518857 0.94732496944360112 1 CAMERA 179 179
180 180 0.78404681412730259 -0.30538204216196752 -0.028133391258922346 0.53964888017866364 -0.97720946086448812 -2.1106314304905802 0.84580863657367278 1 CAMERA 180 180
181 181 0.7867734745661018 -0.2829645214083723 -0.055180196012731511 0.54577809163735302 -0.88243906577869669 -2.3162248138567723 0.67227344687714696 1 CAMERA 181 181
182 182 0.76116615802112542 -0.14519147341231387 -0.10443343224083523 0.6234093151069523 -0.066767456350360521 -2.7457900113945501 0.18839730896315182 1 CAMERA 182 182
183 183 0.73939118314716379 -0.12978518002733894 -0.10330022851572981 0.65252245027899747 0.00076659153095137711 -2.7853802443658719 0.010375921678582423 1 CAMERA 183 183
184 184 0.7292482593068732 -0.025982616804266365 -0.12072950997896334 0.67301282702645238 -0.10090694149164492 -2.7022001480708866 -0.50728318068618661 1 CAMERA 184 184
185 185 0.73820127984283479 0.078821027529913795 -0.16865702044887668 0.64838331680483308 -0.17090177778047511 -2.5334784013726193 -1.0696607414352493 1 CAMERA 185 185
186 186 0.70662375476692252 -0.129504379362783 -0.13370221913220418 0.68266770944880684 0.25025725831451717 -2.4723107659010877 0.12498267488105375 1 CAMERA 186 186
187 187 0.66734453692642115 -0.092712213262819101 -0.21114760401947738 0.70814716257512766 0.67589702712619937 -2.1979175402029374 0.055969804854018868 1 CAMERA 187 187
188 188 0.65782826464705035 -0.046054829487851709 -0.29761921572514999 0.69033595396983494 0.6614359677573014 -2.029621929482829 -0.043866413427706696 1 CAMERA 188 188
189 189 0.63162972479323742 0.0014955440457682723 -0.33075095313455899 0.70117434430119241 0.74080538712889832 -1.8485349834063167 -0.022796806573170403 1 CAMERA 189 189
190 190 0.57861867793812516 -0.026536819924507508 -0.41136970098087972 0.70375506523529352 0.82659677860754543 -1.462550069858525 0.50328005845457846 1 CAMERA 190 190
