18 853 1 0.52329508927826629 0.40337391275016704 -0.60791145016937753 0.44033555932133889 -0.59251202262631453 -0.31882203371045525 -0.26640253297308075
17 811 1 0.38396242002852526 0.48273835902189238 -0.61145898450406844 0.49563539724674877 -0.67551544450320855 0.042046262235722012 -0.25435266627331904
16 766 1 0.15235558948096412 0.6783029085166864 -0.68370035689982389 0.22191611168810002 -0.25800158035465648 0.74777753876835873 0.10448221239487858
15 724 1 0.01152487402570017 0.78267792529322089 -0.59496999312684029 0.18246410555514439 -0.075213348938483221 1.2854025653380379 0.50521201852397413
14 679 1 0.21259648749839802 0.67968421908706156 -0.68432392354598759 0.15662970181284322 -0.29333284908327839 1.4251896586074588 0.24116623803344236
13 637 1 0.037650101928898665 0.67930865103812255 -0.71404532039937596 0.16511058980350785 -0.90327410426793975 1.0307722385532174 0.57005688291152656
12 592 1 0.23253905471304104 0.58018857239627286 -0.6578566710697421 0.42015640995107678 -0.79995430575480608 0.4187777732881664 -0.13563508685935627
11 550 1 0.33655215438238251 0.36375887189807454 -0.73382124757061018 0.46467032088345211 -0.54725225753915641 0.070726372347924935 -0.34786784420452727
10 505 1 0.39285082948942479 0.31539932254075209 -0.64064893419720614 0.57944838961057565 -0.41599150276778618 -0.21894601034308558 -0.36156774878326525
9 463 1 0.44076032111739011 0.36005258447908361 -0.54706695762313418 0.61384869439903145 0.40420759996029371 -0.41993894211219868 -0.23888079217452018
8 418 1 0.37917003486852702 0.20204075258420987 -0.58777007148557281 0.68551875395123285 0.4648024543402044 -0.74030615178975534 0.12501360657355387
7 376 1 0.47106760158704397 0.25626601240541136 -0.53332143739380766 0.6542104325345649 0.050495029919679572 -0.75061707664096866 -0.14042073088696902
6 331 1 0.42686851231585077 0.35260201489985399 -0.5760076177021124 0.60139031970173318 0.013399992967350822 -0.13388891949404147 -0.067754294561974113
5 289 1 0.33084692705556235 0.28529964754318737 -0.64787194383945768 0.62402433154109249 0.26008688570057137 -0.020679482695076742 0.10176171117139921
4 244 1 0.14386488588777213 0.402817992261365 -0.71150649377520314 0.55749355963521041 0.57295409189083102 0.67909230039936341 -0.0072621827169218342
3 202 1 -0.0057052538591424017 0.5834837959346979 -0.68469341648849835 0.43670245634453031 0.21367231426290398 1.3401900923047705 0.32205512716947027
2 157 1 -0.073341528131020683 0.62830715738259379 -0.70207749221147009 0.32701426752248053 -0.13791799188080991 1.264092190191016 0.51009320900008748
1 115 1 0.039718145752418825 0.58175452835289898 -0.70972738088902432 0.39531150053507369 -0.079636614309655393 0.98174733960749938 0.32329648251309212
0 70 1 0.16834373698027555 0.49774023952244734 -0.68596240254418372 0.5033593373281795 0.048961394120998404 0.54796614195000093 0.091872905221752024
