18 852 1 -0.30552994747705864 0.71852834816296207 -0.56463979423491728 0.26748900322671426 -0.5254818767087166 0.86373931323963882 0.252244872124888
17 809 1 -0.16263193444451662 0.6296411121279496 -0.62776757788786886 0.42779760631624836 -0.2906936607275778 0.74751395004551935 -0.010022302335044754
16 765 1 0.10785740271216834 0.56357996044124525 -0.6764537635765997 0.46168681442324444 -0.12378288680755295 0.61979202482158213 -0.30354238741975748
15 722 1 0.25866054037848729 0.52991194327037028 -0.71093958674817637 0.38321398881677171 -0.44587295416775719 0.50633247753226818 -0.56894773929900166
14 678 1 0.24051527491879376 0.47505660687894963 -0.74877574516216061 0.39472586214770289 -0.22752664441895787 0.46258031869830962 -0.53178397587050008
13 635 1 0.26062248365212165 0.37089187752560071 -0.70174986996559385 0.54960190702344425 -0.17038571157269353 -0.084802203049933453 -0.61796065336416761
12 591 1 0.38151951597027395 0.31956262534516788 -0.63134989849550072 0.59474355237029075 -0.41985272279276098 -0.080458950580134359 -0.45439882745481763
9 461 1 0.11628854166109008 0.54626076316653327 -0.70032191610784023 0.44455074797158634 -0.54152741049739461 0.92084997630799681 -0.33968236078318392
8 417 1 -0.0066430762034565835 0.60847415384256742 -0.66756993285526633 0.42902850533704867 -0.21507133297945719 0.90377893244799246 -0.028114724515728672
7 374 1 0.0010748304546989251 0.50057922460652815 -0.71073854699607364 0.49423678783122849 0.38446605345761953 0.58939712172100378 0.31376479269158786
6 330 1 0.17089902442845858 0.39391564452038846 -0.70283490252761815 0.5671393904856914 0.55014270494591277 0.11595674530753186 0.25761618393293756
5 287 1 0.18943151101730651 0.3670522399705401 -0.74935424099798886 0.51754862309220495 0.51741410429975276 0.1049463754095438 0.0086832870386441118
4 243 1 0.01492536236879196 0.48229933417929921 -0.68766424037229001 0.54247809017652149 0.23233679450478206 0.58333988834338757 0.025698912335772553
3 200 1 -0.10886295891252172 0.62379574849216324 -0.65203125812923712 0.41699275624681603 -0.34000384984365134 0.74590767217837162 0.037405606713237879
2 156 1 -0.040021634160165222 0.54359827187839282 -0.72297198842382937 0.4245122984843539 -0.21914856484004955 0.65322926678248772 -0.016123826216316493
1 113 1 0.096812807179198615 0.50219900713674037 -0.70899621638540011 0.48553867276267759 -0.10430714946621927 0.47145547612192501 0.033917171737670213
0 69 1 0.21604030440960828 0.46926772076171963 -0.66541387317466316 0.53883092942814448 0.0068121453686427478 0.2614481071644294 0.090975142307657353
