19 883 1 -0.22524958226955222 0.68237349666154201 -0.66231054951135748 0.21207020711843591 -0.58419059902923642 1.0238857458305659 0.31740495928720491
18 838 1 -0.30440900887880912 0.68471554637780752 -0.61119052586780642 0.25484488802288369 -0.48776743839376285 0.87849304658968097 0.24818863387929191
17 796 1 -0.078020524475998054 0.62363336843765116 -0.66928031738723803 0.39630553401338858 -0.16885087291297723 0.70433934392111319 -0.039076521405077773
16 751 1 0.15172748090334837 0.57316156422033526 -0.68962454343381829 0.41579151257922559 -0.2582739075984487 0.63959627850320244 -0.40183747200807401
15 709 1 0.34723226901076293 0.47211096064086183 -0.69505481790512214 0.41646103335999801 -0.5117717520534476 0.46855788670070919 -0.56571856525579878
14 664 1 0.18249852286624663 0.43175673525124114 -0.77964640295802812 0.41524919876073896 -0.13320480160456338 0.39818179114535124 -0.50757780322846036
13 622 1 0.30159651077773481 0.3321854253551107 -0.69399599822497127 0.56308253597147329 -0.28460136627556082 -0.21112104995870162 -0.57104678199603431
12 577 1 0.37845064221616709 0.33523715373123314 -0.6434596971728278 0.57476149860494774 -0.44659664029844814 0.040839443500451093 -0.42685694967211923
11 535 1 0.31775503388656179 0.40993133765539275 -0.71519720515172991 0.46848798766987043 -0.48437013049866945 0.47955781437486938 -0.39499565311633572
9 448 1 0.13368763415430671 0.59453309904550822 -0.71548923735658332 0.34166235063357925 -0.42183956358811386 0.98506688335229642 -0.085911136516978556
8 403 1 -0.044131382716638398 0.645664667234358 -0.65091872016309782 0.39683041502120059 -0.082385276710612396 0.85056097384928053 0.14912519214234934
7 361 1 0.061629594974418438 0.50382429281456909 -0.7164849052457043 0.47855224954882664 0.50800076167134045 0.41474954086008103 0.37584542708869922
6 316 1 0.20231634042543703 0.34122547591979768 -0.72293513998018621 0.56568370699711246 0.53643571940379964 -0.0074484146003296146 0.19219302126606885
5 274 1 0.16436029041666442 0.37534185281427163 -0.75397364253615495 0.51344711005210841 0.51157429743862948 0.22382632335929831 0.01734293917984276
4 229 1 -0.059253234177069847 0.54090440538086271 -0.68213459647961572 0.4884709518126174 0.030637621609856839 0.66526463205434661 0.03889818687200141
3 187 1 -0.13119029543542943 0.61169280315302443 -0.67761612572695018 0.38659721559933402 -0.37152955895174944 0.75036696312864293 0.035190682742948801
2 142 1 -0.0089357791635258574 0.54495586205864865 -0.72280779727484279 0.42484367531757572 -0.19350622364879824 0.60038781237282668 0.016353212624185681
1 100 1 0.14144947414589082 0.48353040389250823 -0.71102036832371518 0.49055114983476206 -0.065971984514257759 0.40960617278978007 0.065070369833822084
0 55 1 0.21873629456283988 0.47059836964254304 -0.66308409180039607 0.53945444212828841 0.021250294891159982 0.20124364629316552 0.093467730988625083
