34 0.6711522998783197 -0.51864413944971444 0.049843586644134345 0.52733145539874171 0.54579719209258781 0.097787069599925128 0.59393294678319519 -0.67180732947061206 0.51454073509667309 -0.048841965916984691 -0.53060079755038447 0.54540477988322833 0.12141794838572029 0.59706000363664757
33 0.67271261181790876 -0.55741726398520064 0.11237058473453464 0.47340953454572504 0.626848837812924 -0.095676593499973109 0.63301324592114172 -0.67283859963531534 0.5561829359819831 -0.11160354150751374 -0.47486146409898294 0.63175312792802529 -0.078823568250177445 0.63448117061381915
32 0.49107586986674817 -0.60298492347367305 0.62308415351107838 0.08378430486342614 0.094220124640595329 -0.78971364120202114 0.90944423922885576 -0.49153890331214894 0.60447351695020601 -0.62159691263880001 -0.081354483800530952 0.094237095284180283 -0.8017913104259492 0.91724339282332501
31 0.63337168844652147 -0.59488154399320359 0.38191362663482425 0.31479872090162653 0.56867203649828568 -0.84332316035718191 0.70871187158881133 -0.63037420976292347 0.59898643785325556 -0.38179496286891246 -0.31317121397338449 0.57736377695333685 -0.84467645207313968 0.72170790949735586
30 0.53397215709977652 -0.61351183040213642 0.57427266248721343 0.093208789921760696 0.26291710544300778 -0.77876644942608642 0.8903947099527314 -0.53499882197795734 0.61506346980442395 -0.57194665694943425 -0.091379484561397842 0.26731032396198035 -0.78981960607815438 0.89770492787425937
29 0.51086871654521704 -0.59907840802625978 0.61175358859013995 0.076653521375414008 0.11691122270916933 -0.79960683180820269 0.89633352566406344 -0.51136400842804086 0.60075110200694748 -0.60998423711968663 -0.074324927092859733 0.11870988455967396 -0.81173094188989192 0.90465217697614086
28 0.46116237268115412 -0.59889153110635629 0.61858824972759341 0.21449190495476697 0.0064162613228375947 -0.77915617260161341 0.83331389063998607 -0.45592138600975968 0.6018593892987707 -0.62076675409941062 -0.21106776707193436 0.0046655806734788308 -0.78824468882650134 0.84430608320861555
27 0.67154137406766068 -0.63368129538447115 0.21931267647448438 0.31524934374677915 0.53971273131847919 -0.47230549057770121 0.70918745124816185 -0.66954929731064816 0.6353096165019263 -0.22063293317428442 -0.31528802459006344 0.5486959592681151 -0.46629620078590539 0.71681387085417914
26 0.4866464884476811 -0.66305979223025535 0.5349761724595955 0.193203007506594 0.12303353144035516 -0.64033306784288713 0.84814381550692097 -0.48376543408414424 0.66530551401009963 -0.53627353136036082 -0.18907743751020345 0.12469605332203551 -0.6486928332614692 0.86058969724112933
25 0.44312479649268277 -0.69745283133676772 0.52492835225089962 0.20408377641743253 0.03670302880863191 -0.50779339084457698 0.82580233837941786 -0.44049847183193946 0.69869738796197622 -0.52657177771045449 -0.20125908498174558 0.038458412154146249 -0.51773884995898733 0.83469295672531085
24 0.57035203523712574 -0.61589600952445567 0.52962626440794514 0.12192900148039162 0.033885242359514442 -0.81690243373218474 0.91245918913961588 -0.56869484706081541 0.61777554834323889 -0.5297938559808657 -0.11940692174498069 0.035846480642743372 -0.8257320523686269 0.92457855497504571
23 0.62718491284132871 -0.62223189219417374 0.46037868236530138 0.086706552602795833 0.061902414773422128 -0.74566573846593465 0.86681983682310526 -0.62466362491005845 0.62432388046195564 -0.46130016410892016 -0.08495414405569017 0.067157002117571807 -0.75079336676545516 0.8812311333318501
22 0.62244768437779652 -0.66475199891472658 0.363694601709114 0.1959333989886437 0.38479223108119065 -0.59379827397463925 0.84038947195490954 -0.62127925864053213 0.66604594372971104 -0.36390529691095197 -0.19485332561806867 0.39246065111390749 -0.594353922273688 0.8489123032145045
21 0.67120661891438327 -0.60422241368540719 0.16093357847852091 0.39811723504992969 0.61718538745239926 -0.26886697820449224 0.67081549624577141 -0.67050272218144125 0.60477330248577577 -0.16098853839568147 -0.39844452895346361 0.62406256058671694 -0.2587396169986933 0.67504399069724563
20 0.68557257527425686 -0.37094966905087012 -0.0015298941101132535 0.62640581613430557 0.49507485446272403 0.29233252510465974 0.49008607579206503 -0.68756726855051664 0.36418547166674808 0.0027245975046529445 -0.62818211532428037 0.48951200702622044 0.31909493142406919 0.49631410908137319
19 -0.68041927957954884 0.25584256483073164 0.034717201197653064 -0.68583445665720444 0.51337957391380584 0.46567676184242895 0.45876282596276008 0.68217196613390896 -0.25112661989345525 -0.037180906324624577 0.68570723315914095 0.51005447559913653 0.49164801500794253 0.47387463190120105
18 -0.66666180443279077 0.29068614578596569 0.14204060603663476 -0.67148199484071214 0.53650608092773777 0.43400716065145145 0.64693871759407262 0.66772382523852436 -0.2864629968348934 -0.14296352300252513 0.67204559052486246 0.53274803122734593 0.45968996066457768 0.65564829892359278
17 -0.60058221177516691 0.36212672325451739 0.12571004360054819 -0.70168527713081152 0.61726333785549603 0.49570042426701438 0.72852670114742313 0.60039313987698217 -0.36161494937981886 -0.12583780982484274 0.70208799419458545 0.61215286641666489 0.52186256839859002 0.73786643826665976
16 0.64416207794032276 -0.57458836300437854 0.22177973993167396 0.45356055538306439 0.66121664768011434 -0.013672129068484144 0.86531125046631185 -0.64721567656606305 0.57254219946613316 -0.21935894399031142 -0.45297787090438663 0.66824297932801147 0.0013068496788857242 0.87879916903607636
15 0.60265385645492553 -0.57354750081893224 0.051781042341851068 0.55242222733915625 0.71416999113019486 0.43798647523699175 0.7223725889792374 -0.6029766993147373 0.57232267566641737 -0.052175791844347834 -0.55330239629605171 0.71651174872202972 0.45656104340904724 0.73067867698072142
14 0.60103360049444299 -0.57514278929192419 0.13879007743632407 0.53731433761571168 0.87104669154772474 0.23108204730857956 0.77765417351544486 -0.60009971915186522 0.57528403553687268 -0.13925840761409825 -0.53808521763661965 0.87579327723099976 0.25045301030360845 0.78629717751510153
13 0.66003446030332236 -0.55417623422666173 0.30343982819757265 0.40640802562681477 0.63916139348424206 -0.40202761141303833 0.95070649234813553 -0.65958066140602667 0.55602323563357681 -0.30225083124998908 -0.40550702527015114 0.64585332401372497 -0.39546545311255255 0.96864108688311212
12 0.66090891153192777 -0.56756907929706857 0.30978018751530589 0.38092123373020731 0.48821540899248861 -0.57332112110565048 0.94538837827261157 -0.65902498136482668 0.57001923952828848 -0.3095630033800269 -0.38070314871697503 0.49436429834715057 -0.56641354563133617 0.96049248609142523
11 0.6224335370254197 -0.56940820672063719 0.40224770034824731 0.35573525783897231 0.37315382096123745 -0.6459961835892909 0.91176336336386277 -0.62128895057499234 0.57150779800351104 -0.40114752754223909 -0.35561149849428564 0.37637982417482707 -0.64083256074911565 0.92103437199980553
10 0.58669771305745055 -0.56444614898225409 0.45317588068320375 0.36306743114642331 0.26896432548840388 -0.65678722435551584 0.83404573265421367 -0.58577470825485689 0.56532929335992277 -0.45264002666365155 -0.36385132609355236 0.26982662746909192 -0.65429423321836833 0.84100409569287993
9 0.59644960167002514 -0.56629244185520944 0.42391814435435932 0.37928109609165755 0.097304035916687237 -0.6387353866436517 0.72855400706718532 -0.5931676667650897 0.56751919439333898 -0.42636063915494515 -0.37985614182079758 0.097299585332157434 -0.63422667898473084 0.7349830296257831
8 0.5903042651465511 -0.57475111851827221 0.4578040008908752 0.33409208772446614 0.046231507862645765 -0.49770839559135371 0.64818470480965296 -0.5886143033445812 0.57501626531435179 -0.45897907204685195 -0.33500404168475206 0.047395902456857542 -0.49442146642453766 0.65178774088115699
7 0.60559552210443435 -0.54764233407621132 0.39429811646695456 0.42174747525649703 0.18226834548963256 -0.40926879919496562 0.48191425180900377 -0.60383783570097338 0.54728669394584639 -0.39604021123954641 -0.4230948993867984 0.18241047329490978 -0.40309460967770216 0.48177982808565467
6 0.6233843148896987 -0.51338302766115085 0.35709133153949935 0.46937793279863221 0.22116782510225602 -0.29893236224397784 0.43916202769907287 -0.6227527632221036 0.5115527452643176 -0.35791675937121442 -0.47158072275378576 0.22028103317731768 -0.28991452246336991 0.43793970106699187
5 0.6262237058145852 -0.51083325674820235 0.32882412999213018 0.4886388703437245 0.23260556639220922 -0.16186822648102267 0.42699358659905701 -0.62674342051742105 0.50735477236840942 -0.32903015384086454 -0.4914498729846003 0.23081236316546883 -0.14884591552684001 0.42607147002762558
4 0.64205061182439227 -0.46591964450160539 0.23250310150325715 0.56270081261251759 0.28459297181441512 -0.051110052845932868 0.39377274318912175 -0.641939760318741 0.46246635030168198 -0.23219857436029581 -0.56579328471236356 0.28279400664426468 -0.032615444630579304 0.39346192043991923
3 0.67401168152896507 -0.46361036024933278 0.18194697894220432 0.54559049101481327 0.38652447810585056 0.05224551248858747 0.45821444797172317 -0.67464921527037647 0.45967152860629712 -0.18244245608884591 -0.54796466340457128 0.3873001665591258 0.07272559439209636 0.45997859846421552
2 0.65729862840227182 -0.49716666029975909 0.25773069260581255 0.50433988051293743 0.42008224434823493 -0.073045722440826563 0.45938938489981557 -0.65882568225711891 0.4931728236703582 -0.25648398244724885 -0.50689767521606077 0.42336652645123235 -0.058676016260321678 0.45773424355126513
1 0.64669953965251736 -0.54152545711322519 0.29073290182427242 0.45166831249089545 0.3923498586114571 -0.24320330675767307 0.48990964382236829 -0.64581540708039042 0.54134261943184325 -0.2927196995998686 -0.45186923532192691 0.39697468817123294 -0.23692895296742672 0.49155985879604813
0 0.62748862000342853 -0.56334878322963988 0.34258856323677339 0.41416090658008792 0.39251834642851097 -0.36393638995271471 0.45638682455748641 -0.62568204443310516 0.56372478928201597 -0.34476158773957299 -0.41457905017287744 0.39859087273956095 -0.35952466853237264 0.45680633448723595
