19 0.070178177449523871 -0.61868326445334365 0.75720809276925916 -0.19733713776164138 -0.072825287770910574 -0.54192988245633045 -0.088885588827345374 -0.057583289719837907 0.62289395674315928 -0.75340620372248857 0.20264840386827773 -0.072712716560407287 -0.54587857780809035 -0.076034113381084401
18 0.032598074208157829 -0.6602778764187025 0.72893598855625596 -0.17782805194187631 -0.15122078065104128 -0.41778037328846884 -0.057303203773036313 -0.034335380736890658 0.66079049074011231 -0.72759629561585371 0.18105424486374669 -0.14371244511869355 -0.4147426718571342 -0.059613052853398005
17 0.010955140871740092 -0.60777930647259737 0.77363105347196937 -0.17882754993573463 -0.0096098614090529902 -0.12519905995508154 0.11030672945044208 -0.01326693259697014 0.60716895748764288 -0.77398697725276822 0.17920380745385756 -0.0082588248730042224 -0.12459049618292362 0.11401581498252855
16 0.2289070485685287 -0.6183631317248669 0.74590238281965227 -0.094118200912601854 0.24305028771034587 -0.040681069358514885 -0.025218422542972411 -0.23203192572846407 0.61693137154358924 -0.74603888374734828 0.094777909794935972 0.24196404763660634 -0.039609683813404795 -0.021479563213848862
15 0.55956850200932495 -0.63513069227439856 0.36907023428999736 0.38376979747136131 0.021936661596252221 0.53407752104629447 0.47769706818790397 -0.55497521375315528 0.63709647721849783 -0.36967852293567371 -0.3865855410067976 0.017038638182875321 0.52600615594587241 0.46643080211092247
14 0.39796436989333756 -0.80337344910871622 0.42245602568291435 0.13321549431938937 0.10200859223106006 0.66765204713512594 0.24081350187789904 -0.40092657555814015 0.80275662449206109 -0.42060593046146827 -0.13390419749200344 0.10177447860872668 0.65890705201446131 0.24842675682223003
13 0.36922967248366112 -0.75430499919291016 0.53544593075724167 0.089392798287685801 0.31497435721981726 0.3664384795356036 0.23772668223192669 -0.36876246935108042 0.75585375352601591 -0.53361989439389412 -0.089158021432598378 0.30906442381734767 0.35982917741263654 0.24241766585132751
12 0.34099555591000447 -0.76002950100823052 0.54740463726051913 0.080158290603572172 0.081180010560217092 0.31128036471607257 0.25456682469991759 -0.33925880584102114 0.76045625581772636 -0.54764763331810595 -0.081803516844243834 0.077746544001136675 0.30507021031430726 0.25171377330910699
11 0.46710014927907056 -0.74162918109872489 0.47900881875354379 0.0485196851045087 0.0031564523319275433 0.34818958594209531 0.063557200497218344 -0.46777272932051767 0.73954334148427225 -0.48151968000520035 -0.049021602768578899 0.0075138929318008252 0.34529342890980397 0.062885514082788418
10 0.47733935537622818 -0.7342763379525632 0.40503682294405086 0.26254632237258785 -0.1124772575164341 0.55577270355624209 0.069458709945654437 -0.47615550757746283 0.73356934003021823 -0.40479211764575035 -0.26701179274172104 -0.11415560347828915 0.54971828396390721 0.06615522863192469
9 0.47664516233670678 -0.70166105840527393 0.46371274215395936 0.25583518347299566 -0.077512209922376271 0.42727179078059552 0.077128119586846969 -0.47631324067783443 0.70074726831807899 -0.46456000116979113 -0.25741594358713132 -0.076257188074426496 0.42308419768334471 0.076402562206113744
8 0.43976817455938122 -0.68942237147943608 0.53073995504034011 0.22274614805234691 -0.040504609452804097 0.33685125808010574 0.067700289044994602 -0.44035858837913283 0.68853798574701586 -0.53125671753944603 -0.22308306949070061 -0.03874732702655323 0.33402238834077802 0.068310621485386497
7 0.2377119794097616 -0.74971044930993946 0.6170185694590764 0.026745877874133905 0.047183893843091115 0.13702629125548055 0.098165197515348815 -0.23930899291304494 0.7489968715367239 -0.61722042974254809 -0.027817862023686211 0.046452112804157064 0.13609287854740032 0.098639648892131948
6 0.3101041578181975 -0.77091857584072421 0.55546225989225806 -0.031331111741558053 0.20925864975440667 0.066096619345786714 0.090055741938655828 -0.31236274813308423 0.77060412938034517 -0.55456062619374769 0.032577618640811143 0.20919509627850397 0.067353677911388798 0.094493709582721408
5 0.15249397482704172 -0.64141745134777006 0.70436372314130224 -0.26306080337158222 0.23252503842596497 -0.23013487992666673 0.10492903131580539 -0.15296101822656241 0.64095979123719138 -0.70323946451374264 0.26688523464345865 0.23168983520604258 -0.23097986634925194 0.10931951885622593
4 -0.018993902071155991 -0.56463292468167225 0.75883200870803658 -0.32404147050903709 -0.069654332582177361 -0.32253772176987894 0.051585173762350854 0.019594508078249584 0.56458217436413227 -0.75834000022838444 0.32524370508443978 -0.069087102248298171 -0.32289872724986751 0.055094210806502231
3 -0.0015579907823206212 -0.59355116335370883 0.76049575086627375 -0.26332641732367751 -0.12976975441496358 -0.15289715177134061 0.023885537778891325 -2.0764767989992618e-05 0.59490481683197882 -0.75973872622886196 0.26246014239705151 -0.12743146363979596 -0.15317044675528191 0.026713611203509569
2 0.0095980481903782874 -0.60901210800118222 0.76307398406477223 -0.21617174797463204 0.03498811434400495 -0.077563642555490572 0.028757619546509374 -0.011335679867335224 0.60856512295367804 -0.76428704806172221 0.21303826335055062 0.032528869467407351 -0.075054695250266645 0.030526164570598535
1 0.43723243054142719 -0.7580700795287687 0.46537254671504963 0.13261202422869348 -0.098059682226577724 0.24549164067324278 0.085114120555457876 -0.43571002481669813 0.75862579315538203 -0.46580628259396412 -0.1329217338496308 -0.094729110630201063 0.241213894468324 0.083594411262123525
0 0.14556334882590949 -0.71802106756780604 0.65914796682804178 -0.16964968562845467 -0.00259431352966251 -0.0030876174632289274 0.010604297494587796 -0.14320262590519836 0.71894297562856524 -0.65907117666910076 0.16804520169349429 -0.0019486847938591512 -0.00093103384803231316 0.012288726392575791
