19 0.20156283841940512 -0.69433894347800718 0.68634028575113704 -0.078758275077632764 0.18542681372754272 0.2015190816505909 0.027421142788264137 -0.20212844128969215 0.69423099416195599 -0.68651431935896634 0.076717072948574716 0.18229125097674953 0.19665802581290465 0.023940409911610949
18 0.25110397539079865 -0.72065795519073428 0.64291376564575564 -0.065274766230454556 0.2849519342489657 0.23354612611317122 0.044275951166241535 -0.25137306998361608 0.72048702802373277 -0.64299574906282153 0.065318365133261266 0.28348264914501353 0.22868258224153548 0.040503428397490993
17 0.25062246467776694 -0.69193260123425138 0.67054758192719977 -0.093720840369840228 0.3818787575445976 0.13518813093512008 -0.018949648367451208 -0.25109937951779843 0.69200436491669726 -0.67025668390441628 0.093994884028177336 0.37869587927578507 0.13134902670418652 -0.020992843214412638
16 0.25529436703380454 -0.69986254948710247 0.6608684293891659 -0.090940183763386154 0.43544056955645583 0.044498698316494792 -0.067421502284322851 -0.25434526009775288 0.69958913503432962 -0.66165735658131486 0.089961510044860887 0.42928535177811195 0.042157909969405966 -0.069749920425922429
15 0.19721442308693793 -0.71500466653249373 0.64548180720280801 -0.18228558564362518 0.47165877648951965 -0.064367134148113181 -0.064367843156867124 -0.19643508459594039 0.71428460445300701 -0.64661183448743975 0.18194476327167247 0.46632918892244568 -0.067615193619242397 -0.066712055086860289
14 0.18361142095252486 -0.65805652060113262 0.6949394314461379 -0.224293665562459 0.46440319446258832 -0.21440032868120729 -0.091936265643964482 -0.18302019800482563 0.65850245642699345 -0.69393902119455342 0.22655409258151846 0.45961419531959669 -0.21711585995752392 -0.090710884710728745
13 0.058954134523370394 -0.52495785374009407 0.80345663740666207 -0.27459259572386957 0.24767413336972902 -0.46466064925225725 -0.10972514900052351 -0.058200995630112773 0.52482374378156416 -0.80253915457046998 0.27767532740969653 0.24186665080148373 -0.46670697434815889 -0.10623179429930607
12 -0.011353572623461199 -0.55726829637823316 0.77926565815978788 -0.28647543743430998 0.11371607806437563 -0.53910819771171958 -0.12606427664781494 0.012679067254564042 0.55669910382127685 -0.77916015140259565 0.28781036729837561 0.10852274907254156 -0.53967654405455079 -0.12220736902025919
11 -0.032614780539096534 -0.56132160037427259 0.77621514929515023 -0.28520936002936542 0.088619767554534309 -0.42131348607040703 -0.09699691323083541 0.032461628827401133 0.56165942040096262 -0.77556384108917109 0.28633139283658315 0.085453183616806871 -0.42239794728249258 -0.094734204513592379
10 -0.0077348474071610726 -0.58651843981068874 0.76610520428820261 -0.26271487940380212 0.16417144247003765 -0.34054323125610753 -0.091026617506870411 0.0070187659536948763 0.58552324543124534 -0.76642237276599623 0.26402653750691302 0.15919432024026481 -0.34409119288096823 -0.087776176808787021
9 0.065503133024289881 -0.59638399831131417 0.77001467279952618 -0.21705499256098712 0.23998059780041681 -0.24847241611751048 -0.18348023648432182 -0.065651252309781763 0.59599409552199967 -0.76980897504156698 0.21880377766054043 0.23533094818926159 -0.25273421944190133 -0.18081251180042068
8 0.10742108919518156 -0.60454239894025841 0.77011356675885523 -0.17295748545128822 0.1810320524816669 -0.26044731020722534 -0.075401713475369336 -0.10711129325153206 0.60461600105466606 -0.76988010196574674 0.1739289818398875 0.1765873959551274 -0.26161309501785102 -0.075505330641430168
7 0.076569978061271873 -0.64113852478075439 0.74403546685189337 -0.17172552101577701 0.104738374737308 -0.26923876746824915 -0.0056944340294917484 -0.076160069425814075 0.64086902506074794 -0.74402136143734343 0.17297037395942558 0.10229500715539985 -0.27108704703286124 -0.0052162065460696905
6 0.057064699439927244 -0.63296905158576955 0.75322596001406805 -0.16954189149979157 0.060374890349816704 -0.22397722861331998 0.010525876700461761 -0.057096692808440708 0.63237246191199892 -0.75353970039441587 0.17036125444240571 0.057528817800333698 -0.22596204039977696 0.010508440921950024
5 0.074521699474376771 -0.6385169416988784 0.74729947185039503 -0.16818481157073667 0.0043375102148418658 -0.11322453786675207 0.0070127311173522342 -0.074680537523890783 0.63815060448291883 -0.74785672154321658 0.16702379278372245 0.00186829224815388 -0.11635623574517434 0.0042781768122985842
4 0.10105205655138103 -0.64571706768359072 0.74084424814028804 -0.15487979327947307 0.042377151805116177 -0.034201916732239754 0.022904987014472165 -0.10255214866238227 0.64546747578083719 -0.74114951551886099 0.15346722829321158 0.040463072686162893 -0.037506119342942457 0.020711016439746502
3 0.20843856121914772 -0.65602477302650075 0.70631580856282616 -0.16523571631660458 0.1943782755991868 0.022367533259809787 0.08672635387469331 -0.20854613098093328 0.65675474132268563 -0.7057952531433821 0.16442257035858873 0.19175083116973399 0.01839329052053984 0.084410519254062844
2 0.33903078479769877 -0.74135295446825888 0.57113631786082264 -0.096214501407121983 0.21911983242274977 0.18471629432092121 0.15986174595500541 -0.33744127386305178 0.74385278374656694 -0.56920602574164059 0.093919769301094982 0.21721983549113766 0.18271320655710799 0.15453293406612101
1 0.36541187349561649 -0.7690174921553059 0.52345124444838631 -0.03294016018516259 0.13392684720284317 0.26562451115374092 0.16231140621236426 -0.3634006278319698 0.77070362006450277 -0.5225269328966613 0.030356516737085365 0.13392104343930655 0.26500982242697724 0.15810258503217733
0 0.11605506625269568 -0.66691680154839728 0.71250322397117682 -0.18464115803421793 0.11061756179621579 0.21542778405132168 0.02948307404465407 -0.11829727228232038 0.66673724012703817 -0.71261685809351272 0.18342415751278004 0.11258108588945648 0.20038478490570169 0.026811686903755794
