50 0.084269056620064897 -0.7287388575209115 0.66537223752395169 -0.13826854005106279 -0.14792453337686168 0.59969263818724017 0.26335801235144596 -0.077927459569790303 0.72991596696524186 -0.66473526365441093 0.1388417137192399 -0.15950331747043298 0.61454391718234336 0.27877865162954441
49 -0.27451886405181447 -0.5529519476129221 0.5922483989735231 -0.5178082375011771 0.23753725310242235 0.82891598930298049 -0.39115570926850146 0.27331485195379934 0.55299504672739475 -0.5912158047938616 0.51957611777138679 0.2463419876160047 0.85044898396049007 -0.39253505947535278
48 -0.4253242756056122 -0.44653487541832326 0.56351529604927875 -0.54968752644952523 0.22298996708477553 0.36973963206556337 -0.38142094237365959 0.42524226620771871 0.44593627341704811 -0.56393743613755132 0.54980398616601955 0.23398096307494387 0.38538921262330272 -0.38231264147639787
47 0.6074544243314417 0.27905352413650963 -0.46422256958385988 0.58105564184173542 0.18797301477885245 -0.094261120565061515 -0.30889629022210674 -0.60397382196531746 -0.27956685911578805 0.46813390513985842 -0.58129909730124829 0.20263255194156338 -0.090754175340397328 -0.30715628981179921
46 0.6519126515335687 0.2285894867676137 -0.4469664759133341 0.56831127977491769 0.12198781944234854 -0.27822712783117826 -0.18808141373497908 -0.64941855044235397 -0.22726947512024809 0.45080651262421167 -0.56866301110193129 0.13369906280513577 -0.28582633559046966 -0.17767382701442588
45 0.68854989876365158 0.075160480750303515 -0.45768951127173346 0.55746771235452819 -0.0446009027338546 -0.46533743266718236 0.068909783267130376 -0.68694391683960099 -0.074761549972977098 0.45985676607004145 -0.55771903362025277 -0.039915988595279395 -0.47533206060700162 0.079405297267002115
44 -0.53438375637446078 -0.31699820487566399 0.53514075843750986 -0.57233775665043718 0.0079681516664776159 -0.50738971011283795 -0.11439652029762248 0.53579263756843665 0.31399646853431173 -0.53388778954093652 0.57384344158884626 0.013004724359773692 -0.52192437154675309 -0.10869531578187669
43 -0.52809404136703775 -0.38360437266743658 0.53206347080208027 -0.53932627581186576 -0.02369088023474664 -0.40516041821307608 -0.15940985611631653 0.52956539836362382 0.38130120174844317 -0.53066442274313197 0.54089292178384818 -0.016112812436599948 -0.42094370174625206 -0.1556038269921004
42 -0.52579648049158156 -0.39846081131639871 0.55363073050109868 -0.50819293304075286 -0.15259595718546098 -0.26147828180804888 -0.18182672762059093 0.5271764175818584 0.39674207876789386 -0.55248600135970594 0.50935249678592076 -0.14954320670611124 -0.27373399905584545 -0.17741683261013785
41 -0.52855254345880942 -0.40081645434053481 0.54470294727407909 -0.51310532833331224 -0.15165677410141132 -0.20972083846890974 -0.19542905908365521 0.52971528100796317 0.39902132987287309 -0.54449437911176002 0.5135266015396257 -0.1481373468074664 -0.21885159730799494 -0.19349754992031423
40 -0.49273791187887978 -0.44191443246455936 0.54744784301050697 -0.51207601365413602 -0.15660319793530691 0.050215559417387798 -0.22749723514533982 0.49322811474536116 0.44001728129390871 -0.54880620831681903 0.51178370890481684 -0.15044450629477352 0.052480238906305619 -0.23053939783856905
39 -0.33799524299753547 -0.55430671290665501 0.64188255114054538 -0.40803195252205665 -0.20561655977790308 -0.034889879191771569 -0.11286790200676493 0.338940347705389 0.5530064721021819 -0.64408762769605266 0.40552978973106241 -0.20249201500961056 -0.03088919270810149 -0.1085486502243027
38 -0.23008161741195363 -0.65184760748368364 0.67783649464038842 -0.25038936175590093 -0.059020572002780519 -0.090506782475113678 -0.15138364711830601 0.23317889320185803 0.65157948478951633 -0.67585515516234929 0.25355785928868735 -0.053841574788219181 -0.09495636485146472 -0.15139050426871281
37 -0.21192095236558389 -0.63995976150487921 0.68510906556647089 -0.27598293766412435 0.0089818798088456796 -0.094344732604783779 -0.14893678144948241 0.2156716479943204 0.63949588768291832 -0.68323137685539825 0.27879317704765877 0.014493593118239976 -0.099449921309583009 -0.1466433767946822
36 -0.17379761793395282 -0.54180908104648673 0.71085577016422918 -0.41342639214286542 0.25936563918194833 -0.083001915268005877 -0.010530981003152565 0.17849023265228439 0.53984793096628292 -0.71012580716774676 0.41524304482256302 0.26452339377947703 -0.088405944000778641 0.00026863859144141133
35 0.036587896455254044 -0.67872798094489262 0.70019857742984815 -0.21842986490099395 0.42270628566915636 0.14704838804514281 0.14940917390244995 -0.029294498474478289 0.67830566866344644 -0.69922828458711994 0.22388179526597779 0.43229934160260231 0.14274184357179509 0.16388010245294013
34 -0.035950408418772686 -0.71590216785697247 0.68064341524120131 -0.15138096142184942 0.30259170478199143 0.38358932592269002 0.29797455286925001 0.042766618691404926 0.71742643139636852 -0.67750557373288378 0.15638583510168605 0.3077759996259275 0.38469019794703185 0.31733407927997859
33 -0.088929494564102818 -0.64252833938707588 0.71469658156669014 -0.26164417512711113 -0.063617024579427653 0.37188679289188142 0.13701074665990917 0.092870804044888289 0.64203436667001224 -0.71509995571818885 0.2603822941417806 -0.06341055764426444 0.37964955966613156 0.15191838423794032
32 -0.17285288541217883 -0.61655498160650679 0.65691630738973572 -0.39804874041543925 -0.090609707938240705 0.20848012120582085 -0.044026533360694627 0.17825375568576041 0.6148982266198052 -0.65587063147329971 0.39994935211168298 -0.092193345801080656 0.20881208078310295 -0.033078673137872966
31 -0.31984505857251355 -0.53233915166081203 0.61008675528411838 -0.49204503568544289 -0.067827072438178052 0.0055062202148591305 -0.18945184207108587 0.32261973967772661 0.53093723618828326 -0.609097318510193 0.49297323596998194 -0.068629697164630826 0.0040397865867824942 -0.18092924958744594
30 -0.5214748349695193 -0.34759475415696295 0.55814332816534196 -0.54379951140157223 0.020054040568168955 -0.1528409001739624 -0.19384648304850596 0.52207167768429741 0.34632181926035233 -0.55808685185857954 0.54409689086290758 0.024445595776831266 -0.15466084815343425 -0.18328420849847535
29 -0.484002001973378 -0.27372362360787106 0.62837275169900275 -0.54402676853897625 0.21089017208377117 -0.1151351379790205 -0.15928518477820439 0.48454836799660217 0.27265065356817025 -0.62794791642083625 0.54456947623182983 0.21807281867290337 -0.11776520860901335 -0.14650901881032646
28 -0.41776569341996744 -0.25192083893139416 0.67265326148458937 -0.55636795929275096 0.47388429066951931 0.055183571471733077 -0.16995505686727272 0.41740049257728978 0.25177486578319053 -0.67132565599939953 0.558308256568957 0.48826363820170116 0.057922611586588069 -0.15972479972948578
27 -0.37159193679138397 -0.21572784125961367 0.71291037624112907 -0.55420188240823109 0.64660522912562512 0.21411679702153941 -0.21329567754087941 0.37049213004668757 0.21655009875702291 -0.71265001857449306 0.55495187838907856 0.66491813202064132 0.22354695280749604 -0.20576983688799319
26 -0.2822762915721389 -0.41517948885590589 0.65696804467611647 -0.56244028618518171 0.69209689318796763 0.75785476212403213 -0.020343815199085267 0.27780003445933876 0.41549387020074985 -0.65792858340757521 0.56331337975881068 0.71304637643628732 0.78426502097044892 0.00095715308997282311
25 -0.33770076709768099 -0.51409652524091143 0.60968767522117739 -0.49994389017194296 0.36425470471111515 0.80764040399509729 -0.11730307390416152 0.33389287091989822 0.51477235186751724 -0.61163680607333804 0.49942506340597204 0.37657288286148055 0.83647101717196959 -0.10857250757200756
24 -0.41149421566866323 -0.41680848820151811 0.56168142587748282 -0.58434336691592081 0.2148753806623081 0.43747516198856118 -0.41160407321070974 0.41249728388510581 0.41679214218078819 -0.56134392711118819 0.58397199975610925 0.22234039405378292 0.45215080546694342 -0.41522588132090299
23 -0.47257813332789783 -0.29956301138374419 0.58924038999539741 -0.58286162415198794 0.23196482022540235 0.072876741357882691 -0.43937696515268043 0.47378130528302076 0.29904987284818463 -0.58777240993931945 0.58363005613824093 0.23970607185686582 0.072723213237817955 -0.44387758849783854
22 -0.011351995639212372 -0.6702548276220085 0.68467759162232356 -0.28608773789635705 0.2632096113294598 0.46891318336875631 0.0023933095486096704 0.013352040811618598 0.67092213516099652 -0.68479433439482251 0.28415124694065069 0.27371042685269054 0.48505312767081599 0.003826683990073812
21 0.26267605604065769 -0.82671746856855177 0.496394950272393 -0.033638818210505628 0.0051156887262971164 0.83606764928689292 0.44190096172534632 -0.26371498325922804 0.82698793089543099 -0.49550352536472458 0.031962886431122266 0.0037831427419410812 0.87539467544923066 0.46282468997427123
20 0.18074399716191661 -0.79018427158095306 0.57903372698475819 -0.087523525124122536 -0.17377511127967066 1.0308185688252736 0.35222058877560997 -0.17884497043682807 0.79121906531051189 -0.5785821188693292 0.085027048421588633 -0.18167760748947356 1.0708674937371525 0.36915528169776579
19 0.014486981989328448 -0.71770767391993406 0.67919652978374412 -0.15289831941194662 -0.010621389729940756 0.7066139356528951 0.14220078864190241 -0.018309173113065361 0.71831184365996248 -0.67957055940620537 0.14790782341065892 -0.014736380458881815 0.73523024317388908 0.1501371147018592
18 0.039599677592731489 -0.74266634615327665 0.64770559590453458 -0.16539656846454182 0.18819705982328888 0.72577947412215138 0.17194681677536031 -0.043776863513086503 0.74281332941372691 -0.6477990130366037 0.16330456997602039 0.19658271114030157 0.75325053696208144 0.18175233081258391
17 -0.21700775631681637 -0.46559178528672412 0.66794693006735895 -0.5384968168758778 0.44295478916810022 0.57835015621061614 0.095859122533589164 0.20867228800199272 0.47209444655457117 -0.66898264908571414 0.53483167910531138 0.45350417972410284 0.60272646353347903 0.10970629390644504
16 -0.34691017694319187 -0.50711789501771853 0.58948257613881427 -0.52439971597512192 0.086428314107381957 0.49696584912114949 -0.1904252908437104 0.33888533565296186 0.51154462496721065 -0.59245446457778383 0.52199284798585777 0.096975291350169801 0.51571109365622658 -0.19007682117172031
15 -0.37243967213578077 -0.51351088010920842 0.59047667809600513 -0.4989314173847591 -0.23516782414877185 0.36765310717792693 -0.15759066879722877 0.36708558627736193 0.51750036685000578 -0.5931745391444796 0.49556584705591772 -0.23724357773338545 0.37989775587420227 -0.14910798153655103
14 -0.30321174056108569 -0.55521900116987377 0.63298283996140758 -0.44623673699084521 -0.28501195676197655 0.26920717733258825 -0.072486871807584785 0.29895282866455941 0.55808630809246018 -0.63460763503374018 0.44321555535661133 -0.289129227567267 0.27722609735793258 -0.063013039037747021
13 -0.05109107537299646 -0.66825269761531347 0.69874569101852502 -0.2501649324548339 -0.30860851043026505 0.10813663504654057 -0.13110067658363594 0.049372335270357649 0.66816879195140333 -0.69869096370876371 0.25088598048490612 -0.30914981450824752 0.11041989186568202 -0.13073007162836492
12 -0.2550908144558765 -0.66482425756780517 0.65709066312235187 -0.24732416656501757 -0.08094388598320798 0.22592829797131575 -0.10428103752092852 0.25168881766501189 0.66459999053673757 -0.65924476337420645 0.24567444638106584 -0.077839848465643555 0.23135382893507303 -0.10056322089472092
11 -0.25932906795159599 -0.60374892945613379 0.67844660594760764 -0.32855116431706671 0.18484700652029804 0.16539202056668817 -0.12855667656392256 0.25505173388559704 0.60575465508705428 -0.67804947395174342 0.32902708362090588 0.18960338443725921 0.16675709681932593 -0.12517914711944567
10 -0.37543177935202415 -0.35991529253971549 0.68097491087324202 -0.51554353066429226 0.28123321929373896 -0.20852525051946239 -0.068473167543773583 0.37038827832786547 0.36324673476056868 -0.68213178146409748 0.51532568893828823 0.28748467524140864 -0.21025853784726123 -0.064857389037490165
9 -0.38978393316069682 -0.28544454132387481 0.70843192422113765 -0.51450374927935805 0.15004183513956154 -0.4412325425368816 0.036685233066007322 0.3876564389405347 0.28703260830044597 -0.70626049134376689 0.51819965793798739 0.15318111438333704 -0.45248126747488548 0.048435934246696455
8 -0.22217161258872958 -0.42805258010726299 0.74723557865871804 -0.45721958970478271 0.15587757878864106 -0.56216447779639034 -0.042868451433126821 0.22234257771617633 0.42879638529370367 -0.74594664874216887 0.45854229393143991 0.15768608271843765 -0.57178201436834697 -0.036571273670650495
7 -0.11569907917304958 -0.52814456400870635 0.74761392311592245 -0.38568181775886423 0.14272940368883441 -0.4856689774508347 -0.26228966526587622 0.11719844069204223 0.528827440975847 -0.74600501636294647 0.38740492863618947 0.14590315460260728 -0.49439647688256194 -0.26209630854139743
6 -0.17283743470977581 -0.49747301473868488 0.74222556595688971 -0.4144261454224662 0.14458394229661098 -0.4107464973315309 -0.20246277449664274 0.17328457655454543 0.49780346983314716 -0.74242378256083208 0.41348650284919491 0.14406709513009908 -0.41490413404234117 -0.20393116593450067
5 -0.23916563412535818 -0.58099887848179765 0.6868432791857233 -0.36535792381404547 0.076023033951769126 -0.20069160073220849 -0.12523052560515943 0.23704263410026088 0.58248670598351959 -0.68620676060707453 0.36556847329662312 0.079100224445915801 -0.20422082578565964 -0.12459862041701841
4 -0.19439268912015431 -0.5969567026958732 0.70456154628083911 -0.33082805961021455 -0.072712260400232195 -0.063603564019991288 -0.093541260515603644 0.1936799150396743 0.59768093398582178 -0.70477408797367003 0.32948304445136761 -0.072725990665640561 -0.063885802528433538 -0.09089733699889517
3 -0.019348044166552794 -0.6693643734838729 0.72206636000146196 -0.17377330189563014 -0.089518996072921311 0.19524679089342872 -0.063075408325474799 0.020245192542729711 0.67082412584239703 -0.7206361210299288 0.17397903733964457 -0.090434874582395047 0.19522617075274301 -0.059941219602479112
2 0.033699724001150046 -0.69371101589624784 0.68928199185928907 -0.2062030327733699 0.13507931392432063 0.19770234816642068 -0.0077725029384948831 -0.034570920378317369 0.69445172312100734 -0.6880466061883912 0.20768611756951111 0.1397521410670759 0.19974595613132703 -0.0043819767938552134
1 -0.063267674328109993 -0.66412752417918219 0.72375761475307476 -0.17637105232912353 0.17081918522142014 -0.068014688350965871 -0.088472840938534261 0.066248227380043517 0.66393412229894189 -0.72289992281215099 0.17949472196786681 0.17256771213066621 -0.073140888044492036 -0.088111383594652704
0 0.16012219878555931 -0.69800904264433594 0.68836152577608944 -0.11533719120053985 0.00055011428187800269 -0.004177949368189585 0.014437020882853821 -0.15115681311610749 0.69919345088378071 -0.68822211698749769 0.12095641272400301 0.00010498172892051127 -0.0060270718711257915 0.013930144496313315
