22 0.15892214728896834 -0.68889843891093949 0.68703778961541817 -0.16775508221062593 0.29235143861554236 -0.058126713228871946 0.0010183961232573262 -0.15952173267263581 0.68826861959644936 -0.68751384941570415 0.16782082989163977 0.26839551334242906 -0.065296690183979655 -0.013791960743323228
21 0.19497315429622447 -0.65480253710346115 0.71095014689900349 -0.16664031664317389 0.4013433031889459 -0.029338411893723222 -0.025019944692999861 -0.19578001652511845 0.65417292764534007 -0.71118693359698426 0.16715594918000312 0.37066462213921247 -0.037538656948383403 -0.038352339004611186
20 0.29289159912616458 -0.70620229305324411 0.62509274945204862 -0.15732732448668141 0.58330868606529485 0.11899105336102658 0.038600201386221528 -0.29249408254222437 0.70659347097148639 -0.62545318216027612 0.15485863031757166 0.54197251345702591 0.10540617370315991 0.017818670321722185
19 0.40954774123964099 -0.76707592692340987 0.49295238646602285 -0.029378813072558158 0.46757074993022718 0.46985042894479778 0.16889848144147068 -0.40922480510160347 0.76764330695769933 -0.49248102603668809 0.026856119720708758 0.43567559070023787 0.44260348573963215 0.13962243294467669
18 0.4367864208387085 -0.78978278577259731 0.42924678934756272 -0.034755829769920865 0.30317981401371857 0.59577898891913006 0.23365303422684125 -0.43874203266127415 0.78946185207290842 -0.42789842783640591 0.034034517081908737 0.28819888848862707 0.56013245009736945 0.20628173711714126
17 0.40470351923034376 -0.72604974069869621 0.551332804418043 -0.071407102773228509 0.40327621817879761 0.32457409431518636 0.24857094277441397 -0.40517886340309811 0.72585960368126967 -0.55150119923587626 0.069313430418888891 0.3772153759878849 0.30473449921855522 0.21481566516792583
16 0.39031503251954325 -0.73566667964760069 0.55014230281231624 -0.06158050423554369 0.40187252049678113 0.21720479609521806 0.19595562351811643 -0.3886089911773643 0.73707687592012916 -0.54956190850935427 0.060683108650512609 0.37393087184536244 0.20110886446340226 0.16519147987057492
15 0.42565322563567093 -0.7187137418636409 0.54972198696796748 -0.008696309924468227 0.23921700675650495 0.23260435935773655 0.17307131823568714 -0.42202672053712925 0.72027911945852097 -0.5505161997540009 0.0048322906728280159 0.2182072495074312 0.22006606773705895 0.14011758067222591
14 0.4000404513641328 -0.76152160707987393 0.50496698124104999 0.071139490293137833 0.057774307124462784 0.31166166818152935 0.1248719008499382 -0.39569716945231048 0.76349275266281658 -0.50508951460826423 -0.073397199889183584 0.046126559565379921 0.29276593522579342 0.092120958247459583
13 0.36860060002110578 -0.75706432849240679 0.53322268509244264 0.081613530074542737 -0.035889722578024121 0.33730001427794998 0.070901002676600322 -0.36646706230275827 0.75833462416429631 -0.53271712126545556 -0.082722178110998343 -0.040491189456438592 0.31603721147727676 0.042143078249269772
12 0.30352391829458086 -0.74014278001465417 0.598778682930593 0.039063859041187504 -0.077946104908218447 0.24699003588272583 0.038154296493105005 -0.304485804309092 0.73998203765197523 -0.59838874819753096 -0.040569507727701487 -0.07966664343581864 0.2316316359514238 0.015487230555435882
11 0.25365185618085212 -0.72928444602050579 0.63540818029489154 -0.0078343514669483496 -0.088641384918126176 0.18935106911246793 0.029937001877820675 -0.25361518360818353 0.72992953019719475 -0.63469588834625379 0.0065839885973218255 -0.091082321429093061 0.17332801448902518 0.0063414134453330107
10 0.19180436464907816 -0.68259144136124916 0.70332358774876425 -0.05114626866294477 -0.10530693569089697 0.075837046853338488 0.023556538088652039 -0.19236336363209122 0.68291640463520609 -0.70283237951069799 0.051460343213017977 -0.10750038605497249 0.063398133035795612 0.0033828422695645344
9 0.17553169347221326 -0.69339554941163595 0.69554098468936143 -0.067926248683896392 -0.063688687010229755 -0.041800864843779553 0.037469274747833639 -0.17634811727800206 0.69266705443288545 -0.69604905805412698 0.068039709124427486 -0.068395580856202898 -0.04721238210356081 0.018548600198860732
8 0.17353510218601317 -0.67192954842393082 0.71767774476474699 -0.057748635771668 -0.038353388795905413 -0.19952044677467717 0.02087819968575455 -0.17327215585676931 0.67227521653729072 -0.71711271509796837 0.061417807509763334 -0.043351313042266526 -0.19835997773390029 0.0044555355681132891
7 0.14595177845984655 -0.67868636854593889 0.71145831697693751 -0.1091327389864134 -0.031959367070921472 -0.30326445989960693 -0.065611172072797985 -0.14496066537279464 0.67876039125988574 -0.7110390545102947 0.11266853914252062 -0.036894544282986885 -0.29951305700183267 -0.07750908502028242
6 0.078236087513122859 -0.66896031698828051 0.71818001287596323 -0.17489619209994423 -0.013771107581699565 -0.41008514335166374 -0.097180632734150549 -0.076831889706267739 0.66896309615974625 -0.71749416214064798 0.17829011188122437 -0.02038658698490714 -0.40233030082420207 -0.10622899502497285
5 -0.026022011032475867 -0.60796559785253435 0.73709686367092664 -0.29391988761586108 -0.027718370273242851 -0.654319506584358 0.0085591392158488808 0.028492431315735662 0.60708945977272855 -0.73598181558452713 0.29826387028850421 -0.037058802370668609 -0.63546903784576736 0.0034677421635165295
4 0.051412899372384628 -0.59735326619460793 0.74820972480747105 -0.28409152899776308 0.12297941218203094 -0.51504381608349536 -0.035035969927740114 -0.051437698165556302 0.59784022701091344 -0.74655329666624937 0.28740111588461814 0.10828790953380629 -0.5008605625029755 -0.043008047965622964
3 0.032874576385281573 -0.59590191909838264 0.75270314802515781 -0.27795347811346161 0.087762564872834861 -0.37487697687971655 -0.03536653529551706 -0.033953670442587847 0.59551460907325116 -0.75242553288962299 0.27940171098183308 0.073317301421012893 -0.36793186769388408 -0.044958693187642673
2 0.014899922214635125 -0.61167631365579134 0.74079336191702128 -0.27722783873582768 0.0097719601397292331 -0.2481308089551201 0.081401922325710918 -0.015809346450497246 0.61192246758491564 -0.74063883304528411 0.27704706678634194 -0.00088265036109413941 -0.24786015853203391 0.066348553883903261
1 0.054304543861167225 -0.67086579376273325 0.69727209169404636 -0.24658007506637031 0.039287746563319105 -0.10818366648188994 0.048710054680243149 -0.056977989729894644 0.67079648379203582 -0.69759987112600164 0.24523459344792048 0.0309959862000177 -0.11424826478033492 0.034184436110795802
0 0.03173210106211901 -0.69258911364641718 0.68668261977105538 -0.21858722086392463 0.010368344525955578 0.010421244151528512 0.017474551040453788 -0.034937816505608704 0.69222183356548428 -0.68651819534209391 0.21977499761641245 0.0039274845162536667 -0.0012320715352974604 0.0039275304768531805
