23 0.017797970421396518 -0.66173553694161735 0.70257745347542699 -0.26110195952051524 -0.2514110109238859 -0.41817501515091365 0.19815462039885429 -0.015836997031029552 0.66136770785613763 -0.7013338128976585 0.26546718708079498 -0.25372744343155434 -0.43208480005359706 0.20502957830659885
22 0.0016581830887853726 -0.61502566499880629 0.73547733215935007 -0.28427763841249482 -0.2069578011666435 -0.44476146775751979 0.21973776223449534 -0.00025854201886822882 0.61452559735979784 -0.73476418906268126 0.28719298357840928 -0.21316934959191156 -0.45804206668624531 0.22588974170745954
21 0.089638882463084255 -0.54748426372681069 0.76759608453605033 -0.32097056364596083 -0.015257485462916387 -0.33977602602583873 0.22635777324442377 -0.090237683619553866 0.54659324282037602 -0.7668929978029182 0.32398783507862755 -0.025166161111243923 -0.35072783495839732 0.23310814227372356
20 0.13439988526296642 -0.54551594488245625 0.765710401632964 -0.31310797746366564 0.14520542753963531 -0.3461188513715811 0.24826119275249683 -0.13566028129198787 0.54433633015934146 -0.76496035241457738 0.31643310032644306 0.13493497935223253 -0.35617549401360193 0.25452791668681485
19 0.23916896991887776 -0.57288568092122072 0.72005292992519043 -0.31003867263540119 0.28971766504900048 -0.31198825375608913 0.26624952500130777 -0.24052923264258486 0.5719324668193182 -0.71971654784767647 0.31152372685970808 0.28013638300803212 -0.32030655714455492 0.27025121736706925
18 0.3740268080199301 -0.66044191317668499 0.62231799225263473 -0.19141771788575843 0.42868014586841457 -0.10728670724153097 0.30306062718136911 -0.37441422137782249 0.66015095862785678 -0.62175947360349759 0.19346798090914791 0.42451486935971738 -0.11598274294297917 0.30705842182975007
17 0.29174718797265664 -0.71965195187899944 0.62402125399328412 -0.087075375574513919 0.10149847190319893 0.071609467517138953 0.33163166017626811 -0.2930040962677819 0.71931314163546289 -0.62352198842873618 0.089205009874422328 0.10116530441024718 0.061440462011898234 0.33177927214113478
16 0.33104503051637696 -0.73291475397861428 0.593428903505406 -0.032974045175712299 -0.05020465678557879 0.11016970345447566 0.30868003096020719 -0.32974532800920786 0.73297088966277379 -0.59413880510205253 0.031949551404784865 -0.05673847073932814 0.102248953501482 0.31280378150767607
15 0.38646820735798088 -0.7438814203412929 0.53641012419316092 0.09770842254180151 -0.15438714192623998 0.24184205318970098 0.26804926537862389 -0.38681471034966386 0.74389094112897103 -0.53596941231132567 -0.098678450687126038 -0.15701459112940253 0.24025208174708057 0.26648927542154954
14 0.38952056073039304 -0.70443559465711258 0.5203727022117226 0.28505521665324862 -0.41657685380748127 0.45628399965753785 0.21225988074596061 -0.39137509102663515 0.70431835772476659 -0.518268694420148 -0.28663347585342536 -0.41703428162378664 0.46015327886200019 0.20531070777685301
13 0.31208984622396152 -0.72356163366215764 0.57784628116967662 0.21249038922838059 -0.46336125965677405 0.43568985129311705 0.18703527907621517 -0.31341005112667653 0.72234792677296755 -0.57739511620066597 -0.21587610411342179 -0.4672751286642588 0.43630504533306702 0.18378804551370287
12 0.36911032724512333 -0.72267284496387896 0.57101589682806264 0.12426733698947318 -0.46831234471118766 0.33804094030324056 0.20331447850390896 -0.36309460080402245 0.72539657487782427 -0.57062670251886305 -0.1278565070496524 -0.477512630140557 0.32716825634301649 0.20255690970427764
11 0.23465391719971082 -0.71628717752728621 0.65714609720882611 0.0054060499473548053 -0.31575585570759457 0.1122029619052423 0.19750732976329205 -0.23368074089694424 0.71617449534446775 -0.65761189021455091 -0.0058314149567325266 -0.31809354600124218 0.10328685880562788 0.19883786329925579
10 0.17852798465177425 -0.70807100742996665 0.67906284660044613 -0.075079008385746437 -0.25564446102855648 0.017080099944253271 0.2437602355048557 -0.17761649061992824 0.70768935006930733 -0.67963544932077269 0.075655945469566027 -0.25749018224545517 0.0066707576402339763 0.24892478498053539
9 0.23425288112353426 -0.68572648986167761 0.66352501135174158 -0.18611643693660221 -0.080790025272470894 -0.12419264733574682 0.17924273123828929 -0.23300011884241983 0.68569070183780567 -0.66377424584178057 0.18693035224321186 -0.083839223284917247 -0.13553140962354673 0.18619464675489533
8 0.15458248801158445 -0.68162844785852106 0.67020991967191412 -0.24961085121344168 0.039808999433315853 -0.2264231304939448 0.20445164505913413 -0.15463710461343244 0.68104679291586045 -0.66947905539720409 0.25310161224350763 0.039144714504840306 -0.24010694946032085 0.20976496992706117
7 0.16047884128384254 -0.66122714679779926 0.69372703637916766 -0.23615249487230486 0.13836425694394794 -0.29083786461693018 0.19727666677480979 -0.16047858569228698 0.66042282583732315 -0.69357539157994152 0.23883360492606345 0.13345537753333936 -0.30267936869250273 0.20209290639132504
6 0.35395494628374141 -0.71436873624044139 0.59321007392659397 -0.1117810935512487 0.24191746973580067 0.16649801487064242 0.24208675767684473 -0.35436435560900353 0.71413121244608113 -0.59349784538203154 0.11046638588725589 0.23665548995571761 0.1608970830986961 0.24256564835669292
5 0.43164275467775481 -0.73497905337389091 0.52260203776402236 0.019427649387156048 0.19917457758532975 0.50831378360520341 0.29670434335926921 -0.43191124436559625 0.7346336181001063 -0.52272644382186639 -0.022873326759666482 0.19281181484636711 0.50367451630485505 0.29362943160942656
4 0.56188972385341951 -0.70641783769698896 0.37884414996612992 0.20428139134017947 -0.039577417523491774 0.67671044808845759 0.3472869207164001 -0.56064508706982996 0.70710540632014185 -0.37783841942982238 -0.20716457105418268 -0.039530651198808719 0.6740835890755017 0.34242041352016717
3 0.57320713824811231 -0.6801697950021085 0.39924383385918538 0.2222768268480064 -0.12365032632228336 0.73045778275423534 0.38590349882310593 -0.57279507540430818 0.68092405518665566 -0.39721439091749228 -0.22465297752039423 -0.12526529534737207 0.72794241520673986 0.38204928195950139
2 0.54179673541287776 -0.70593657507458063 0.44199541040135548 0.11291548455396257 -0.090681110652531607 0.56549781394714338 0.19812813455602735 -0.54195447383219686 0.70650432309228239 -0.44021907166548785 -0.11551691948437136 -0.092243290558088997 0.5655744819093359 0.19539144089672922
1 0.44677446390152992 -0.72325649632663114 0.52549397275735665 0.033892529007390503 -0.02970888350242179 0.31051940975038445 0.073793415723224176 -0.44648514479112678 0.72460516411441478 -0.52378383201663969 -0.035339339800471756 -0.028280078843941681 0.30766200677819222 0.067667472312718857
0 0.28330055224445005 -0.69846663049335322 0.64485726525265674 -0.12666598057930148 -0.016069943083285847 -0.005675751422045427 0.021025971422422584 -0.28339021343184928 0.69900361156414825 -0.64415001092695123 0.12710114623455221 -0.011503376635239863 -0.015630281344319569 0.015147074621827628
