29 0.17759658522370478 -0.6756287935715819 0.68802164058956927 -0.19649785824361038 0.14243057604085585 -0.14131303729080874 0.1296734292475 -0.18029818159761582 0.67472855100742068 -0.68744802316574716 0.19912097733168682 0.14390353870565989 -0.15135906199575155 0.12988298989222155
28 0.14268314507035004 -0.63422620212286962 0.73332723627470897 -0.19907237174286996 0.18840897700834933 -0.30022655958743205 0.11583620528167803 -0.14537566004775815 0.63293512847457822 -0.73258052393906803 0.20392355566169471 0.18848382015918963 -0.31045245587517628 0.11698912152419517
27 0.076427685316259306 -0.56722395634079958 0.73982967068507322 -0.35364933287694217 0.23318661083777686 -0.38608042739121728 0.16772264062574249 -0.081706504911299466 0.56618015265739907 -0.7383579039829854 0.35719978641913641 0.23298684212335352 -0.39550748923333845 0.17400770871983828
26 0.054795152256203031 -0.51413128681324538 0.69665536521802396 -0.49733068809587677 0.12144619052876329 -0.64619025403942221 0.09835040204943879 -0.05803431947638564 0.51426376795995321 -0.69519072397915138 0.49887338275346743 0.12059915443908564 -0.65458525771620502 0.10638096289199597
25 -0.10030191334829944 -0.54622692399706285 0.67120028531406062 -0.49098457274511292 0.021979093690206723 -0.73958740743034523 0.19690106754000183 0.09812022021406247 0.54602721043584301 -0.66956386689569569 0.49387340077845726 0.017906924777577632 -0.75254176325244382 0.20642349780445948
24 -0.15184500919449026 -0.54573359238193542 0.69910116025765856 -0.43632041787547399 -0.27320485572813241 -0.84346961550289834 0.11539436406441544 0.15087099933809636 0.5451917038138393 -0.69698060852129629 0.44070622754457495 -0.27559136240750765 -0.85619903305261502 0.1263335256741967
23 -0.067437391627253193 -0.53812069302558063 0.7385493777793386 -0.40052856893102212 -0.17933967982035695 -0.74363695565053123 0.063680874990558953 0.065437177389445267 0.5372284677217688 -0.73728595634267324 0.40436736745747998 -0.18225293818431107 -0.75507800963839589 0.072292757138560093
22 -0.0069331443419675086 -0.59402997832839899 0.72216858823371288 -0.35433437107514792 0.037775572373600901 -0.66212367972025687 0.10046393742020771 0.0035987151312390593 0.5935100970650018 -0.72079828526751422 0.35802604079411282 0.037018088346237654 -0.67274255128399973 0.10595736172980483
21 -0.014131584170296018 -0.59287014555298112 0.73769340743342127 -0.32266658561135997 0.086067483607324011 -0.54188389239540236 0.21898844477480975 0.011125381564733252 0.59189790690654265 -0.73641055553447665 0.32746387187306059 0.084413076771428522 -0.55417943000408021 0.22537195643204044
20 0.0050847459586923242 -0.57315902382852957 0.76199940505167718 -0.30136321186129023 0.0083658143431293939 -0.40005576819344357 0.23378270633337248 -0.0096243477518618715 0.57280321926119371 -0.76132100561151372 0.30363492939554454 0.0038627493572554418 -0.40882162156509372 0.23660019454041131
19 0.022196655129592995 -0.6771191522106127 0.71385205674930607 -0.17729129500746924 0.057322573613059605 -0.201098000955485 0.15389242187953206 -0.026493451034389697 0.67637141413286495 -0.71405636448417587 0.17872693008004953 0.052760066796921051 -0.20908822621799683 0.15604117076762386
18 0.22234508293622973 -0.61053603229894626 0.71664533201493352 -0.25343221077824213 0.37678675012307006 -0.008616050860214948 0.012009217394742602 -0.22090544035669321 0.61119179149570602 -0.71587146105069677 0.25529087661376709 0.3748586354705703 -0.02128402014477293 0.013641399238497859
17 0.36077570707918105 -0.68425101538916322 0.60303428248452795 -0.19491303514333505 0.54281214482053186 0.3220112873501243 0.073906440474038729 -0.36071922424932928 0.68545749998097161 -0.60135419527385481 0.19596629506967006 0.5431886811051625 0.31527283957837571 0.075352430974170659
16 0.38487469454163348 -0.70599098271197214 0.58282179097921682 -0.11733269702281128 0.22103201591754412 0.53044200226028526 0.11637811215533403 -0.38131715699672403 0.70727021723638206 -0.58454950715939891 0.11255194032108291 0.21243996849439828 0.52515206283177385 0.11912396401692593
15 0.42520926568686052 -0.75485279716843301 0.49665686908014905 0.052213881071386178 -0.043950867447782906 0.71690645800531572 0.1046889641227646 -0.42216339057427049 0.75634631811866959 -0.49676038008638329 -0.054290362898034232 -0.046089988565402251 0.71185505143932071 0.099109039910594277
14 0.40475768687283858 -0.74398471942791555 0.50385922507413827 0.16965798974054716 -0.30271678587408551 0.79709001804230373 0.18263005231700882 -0.40034280947283213 0.7456263166730186 -0.50398699252946022 -0.1725228742779833 -0.30498515871888365 0.79212690791581153 0.17348017159283202
13 0.32506775800867804 -0.75421682179365701 0.55309365634576246 0.13991192135326128 -0.3443977274099142 0.62734531585056641 0.058328937745572108 -0.3205536786781934 0.75566586266312474 -0.5527357701237523 -0.14386664490831627 -0.34919987248146445 0.62115601008739962 0.053799610608897819
12 0.15655122804741314 -0.76052248364078978 0.62085637463994192 0.10786392790288932 -0.61795166117743516 0.30078721759401883 -0.01879146301213791 -0.15412282716782807 0.76059069530856449 -0.62061505847112708 -0.11218242979499934 -0.61701244726014004 0.29723854729908838 -0.020205590459814182
11 0.099407342589371547 -0.74141174908063134 0.66177357269668502 0.049825064423278928 -0.61136217624830158 0.11119961371521549 -0.096810253608442087 -0.095829392010473982 0.74236288709561238 -0.66102538749232898 -0.052531024933714691 -0.60985255904403768 0.10302210193467687 -0.099411008078142515
10 -0.046448381093979189 -0.71184666161763444 0.69796399909150653 -0.062953428896041344 -0.63754458825079441 -0.11618979812743456 -0.096735583305473313 0.051650688732781926 0.7124572988942468 -0.69706382837080649 0.061958234180601458 -0.63651408645726426 -0.13036321328132305 -0.094735848606302686
9 -0.094690310624075194 -0.68581118095516747 0.71276160042110315 -0.11255074462633782 -0.59539518941038505 -0.32207191764650572 0.041186545493107768 0.099758356670847315 0.68608873260580461 -0.71186891768814364 0.11213012661726487 -0.59548305975006843 -0.33506670019220164 0.045939423538402746
8 0.028188340351558018 -0.68378752437760171 0.71925512703947247 -0.11963319439523551 -0.46421775658405101 -0.1102223580499341 -0.10793431571883993 -0.023971429029697379 0.68393367500350866 -0.71930980621620522 0.11938802899652298 -0.4617900790923819 -0.12391662590378505 -0.10307592222934892
7 0.12653732809790125 -0.68536264138758884 0.71481078369200179 -0.057549091267346565 -0.27514675480961742 0.092938872750276291 -0.052567182308593342 -0.12479681486787697 0.68651103409223868 -0.7141775007586697 0.055487408288171065 -0.2760336637129554 0.085979417019806326 -0.053432232435080995
6 0.097339708083770043 -0.68135852633533434 0.68759611536965515 -0.23127283011384347 -0.051830295874003972 -0.20483343610210117 -0.099796501618949748 -0.094704324341066973 0.68237652479142652 -0.68681753449348459 0.23167875102600285 -0.050340175258096087 -0.21593924091566818 -0.096227776506607743
5 0.052854503960967004 -0.66031799302127547 0.69339778188839418 -0.28352436504760853 -0.017138235578087087 -0.40909141024004708 -0.095388523737321679 -0.050352001179676247 0.66113247608671144 -0.69242312820498453 0.28446218829130804 -0.016101979914900699 -0.419493857037125 -0.090475230020981456
4 0.11518037246634212 -0.64536490329646656 0.7003162784747633 -0.28247961606975219 0.21150227736553878 -0.27178321749283479 -0.043188170402084461 -0.11314858793909816 0.64631525355252062 -0.69915674299925756 0.28399619502979134 0.21018979152879536 -0.28429904337610068 -0.037844215338929121
3 0.27296175548730972 -0.69800999297297706 0.63576370589310693 -0.18460346697777383 0.23049538842915929 0.18972177278694247 -0.014807402474356116 -0.27341119275162834 0.69880362170367816 -0.63516781032743741 0.18297997348290118 0.23035299089458805 0.18740926607069597 -0.012776125954920614
2 0.33026118105390256 -0.71923428125198596 0.61011609736660255 0.037255183464405317 -0.091968656777595761 0.57875070776860393 0.001084071732518028 -0.33230940374700813 0.71899096688148112 -0.60895352212906195 -0.042403509415505282 -0.09502934007182251 0.58200075973372223 0.0031987744578052535
1 0.25050288178680818 -0.70761216031044971 0.65632614702698922 -0.075956076294062452 -0.0046980301534019272 0.23054805571568612 -0.069152162835407871 -0.250751430066259 0.7084596038105665 -0.65571082105662715 0.072470885447502131 -0.0069749496799100807 0.22850451186762599 -0.069030955731838262
0 0.15323323021295424 -0.69265670506835553 0.68866622074115968 -0.14995033341890676 -0.0069400416020182652 0.002672404509623522 -0.045695979117857617 -0.15476852793985538 0.69279592713361948 -0.6887672312501828 0.14724200237145624 -0.012639680889194631 -0.0026470280328288985 -0.044068987744160043
