27 0.57321246270969239 -0.2999688912597675 -0.44563356078611099 0.61875428594213999 -0.059126151499027363 -0.51965013702261131 0.090825769095591258 0.56867638630879203 -0.30226435201706164 -0.44558122343440038 0.62185271767290873 -0.052347176127634398 -0.52561415076339679 0.095083399455350381
26 0.61620587417488981 -0.11858766542782437 -0.42816120176249023 0.65031167262016598 -0.098803437810466396 -0.46281181344927824 0.064737206500643449 0.61116479687575076 -0.12264278609682358 -0.43002453231903393 0.6530813423165811 -0.09151261053486337 -0.46688257249400955 0.067161543752362718
25 0.66181746662366758 -0.168296601568385 -0.32247586730446282 0.65550225764569114 -0.16868941137887253 -0.49673183062747844 0.15702866303367302 -0.65826403339515616 0.17339113993322491 0.32423432816670217 -0.65688360869280715 -0.16530201801908917 -0.50274093828192512 0.16013462147900848
24 0.74262499159797135 -0.32890618232770719 -0.081593078100053368 0.57764298202859354 -0.33026735276152636 -0.42312791341767225 0.35590946727174366 -0.7397366046571372 0.3290354650431645 0.094864490572007701 -0.57924618850940435 -0.32878661982726443 -0.43561679906770201 0.34324734994152029
23 0.71667333014079537 -0.28104295970411297 -0.16963101510052092 0.61532065736623887 -0.28509479190187509 -0.45738709421381851 0.33766427428852164 -0.71327554686464156 0.2798627811996926 0.17821466264362079 -0.61737699338648833 -0.28074276322827263 -0.46659808287427829 0.33028586171184848
22 0.69133001258135629 -0.66684588250517274 0.27639420464863407 0.031394686282980547 -0.45497956912450044 0.27889378804915105 0.32000530638000918 -0.68381805476889912 0.67281844682512226 -0.27906889714485461 -0.042763959478321782 -0.46248770085308522 0.2740715968144336 0.33200956888563216
21 0.68882474715429864 -0.58583820265870701 -0.014231752021730066 0.42674526974276428 -0.40893472607110393 -0.25252723219088968 0.42357769185661637 -0.68704271729480659 0.57705614657395321 0.010931402446474336 -0.44142837783035871 -0.40072057018807161 -0.26732753471527326 0.43905073393022143
20 0.71157145178902903 -0.45550867988422805 0.059499339247458434 0.53163684990611637 -0.36116504541625843 -0.29635680837586037 0.48687794856269451 -0.70966809806097741 0.454208251932954 -0.043338325657578149 -0.53683129938531238 -0.36236592022150527 -0.31582910185688418 0.47599669507842357
19 0.69732519350107858 -0.56001639853564433 0.16409883482670989 0.41616196400964778 -0.44735752438180615 -0.11653344130062508 0.53223193135588387 -0.69512779713450645 0.55938046697760646 -0.15350575169799385 -0.42464905864781727 -0.45052112740912031 -0.13417123548664295 0.5329830375031599
18 0.6358640219236712 -0.61420313325723297 0.31596973801208872 0.34437563993497311 -0.4124804437806498 0.058326993661627961 0.58915462716551559 -0.63370688134862541 0.61275181586158756 -0.30913682690197508 -0.35691066521288589 -0.41553387175315942 0.041885704123825314 0.60025002445313747
17 0.55616636650928897 -0.65096991505130386 0.45962198657704928 0.23593382953048708 -0.34287812093656378 0.25243149020087263 0.57692263923432863 -0.55856088224538936 0.64843255490656637 -0.45250678350054219 -0.25056450955510196 -0.35000540659387602 0.23648718734155427 0.59377006331031545
16 -0.30244053544850619 0.73280188284379266 -0.60594078381019656 0.066082444973675505 -0.21777834391812426 0.53020950611023077 0.21831599208309529 -0.3055755416046671 0.73176051737157988 -0.60739439557775643 0.047140023438941421 -0.22578175698968139 0.53120348345562129 0.24526848565357917
15 -0.43069843609044484 0.75865939656794634 -0.48782837791535527 -0.030955627095533785 -0.35829072962148978 0.42606057759747951 0.32410995806556009 -0.43423329033188041 0.75711162750795213 -0.48556300828483395 -0.049517653874057044 -0.36807942256385973 0.41769766490269872 0.34994651351338613
14 -0.46379778003365379 0.73609031478216869 -0.42077503581362524 0.25692613132140757 -0.26086608722249333 0.48003212330239764 0.095458682146446233 -0.45583841144730103 0.73757692808878106 -0.43545040692703774 0.24202181907298259 -0.26769812735689591 0.48764957714519586 0.10584220177357739
13 -0.066783724393343444 -0.16628001238156861 0.72386515173675614 -0.66626581312540889 0.49490258564549766 0.00065100966500230358 -0.05740388958114255 0.065405349990033196 0.16155324933958387 -0.72423732288440723 0.66716039148148665 0.49784371076757017 -0.00070552604505783045 -0.057030134463683324
12 -0.23282697073135686 -0.30190672565038923 0.67209821431654382 -0.63476603644148544 0.32169281185958271 -0.036129219797462725 -0.23670936699874637 0.23039297875746104 0.29406164885021407 -0.67220874864722979 0.63920436501707567 0.33032704639718136 -0.040067506674678996 -0.23143081364217338
11 0.42867008714014532 0.087075590584292387 -0.60037466776981374 0.66948491858737413 0.20906719104346963 -0.32858529787933094 -0.16895336448884812 0.42898614208503505 0.079882429982239295 -0.59577468748241957 0.67427161369462674 0.20994775787906894 -0.33736750944154359 -0.1609699864228511
10 0.53379810459735044 0.15106973300888632 -0.52358814066198012 0.64660109670107202 0.048140921131007222 -0.37069591912406902 -0.16822772163393895 0.53711588618727246 0.1450007414740202 -0.51631912392720247 0.65107286231595596 0.045616555066613995 -0.3804792941703235 -0.16015798229731826
9 0.45606916190966168 0.22653586578588408 -0.57220749643984758 0.64285379526428943 0.10384472998486211 -0.24858027027574686 -0.23694454659302711 0.45869467798690139 0.22135710776205988 -0.56740202600967449 0.64703567452639388 0.10364264787639677 -0.25709649669579049 -0.23307641389574663
8 -0.36381347685649834 -0.35138970594375435 0.64318926699126089 -0.574867459021288 0.10860600461045671 -0.083742669010389792 -0.28133396235202962 0.36558381171364207 0.35001776821365232 -0.64150270339851978 0.57646363292062852 0.10827253876249476 -0.087255900809284914 -0.28123005117296923
7 -0.30422692145894753 -0.48029820411075708 0.64511498524781452 -0.51047651385377546 0.069816405828982617 0.055829088288376114 -0.27941879843739797 0.30735824533375422 0.47976116420317189 -0.64342666483189803 0.51123601333540014 0.067766816506357019 0.053159136413657243 -0.28175485029072267
6 -0.19146748473666431 -0.40993300705450914 0.68509522240388543 -0.57091126127904823 0.22652652140007495 0.06622138910422877 -0.23615907604619829 0.19280617463964209 0.40777574255847138 -0.68355322723627832 0.57384641528599289 0.2282401286341611 0.062846037666484444 -0.23755896175100721
5 -0.047596255739034997 -0.42162581948164385 0.71272755676646948 -0.55855679622734433 0.28671186149439093 0.204919406917459 -0.16177903977347716 0.044784335251743176 0.41870968041843371 -0.71305307025279741 0.56056389987494881 0.29078637430673848 0.2059792019772349 -0.16271359735819901
4 0.13548821235279654 -0.55125531702140185 0.66565382512458704 -0.48442285749753966 0.17085296377985704 0.41878086979162193 -0.10261357196997241 -0.14180883942412184 0.55410841367232022 -0.66675867448387183 0.47779387706336163 0.16644324669709798 0.42717669926034757 -0.099623742591325115
3 -0.19747169618341856 0.69756753416199302 -0.66526871022899525 0.1783872407989166 -0.10701217881285224 0.54778431194790511 0.10209477060628362 -0.19852187180299585 0.6990681694871701 -0.66775716041978583 0.16122386775473613 -0.11200494725766985 0.55295614639671986 0.11452204292736412
2 0.065103522674477179 -0.62433593197223081 0.72533724720780968 -0.2825810559764016 0.022787454544958573 0.48463664139869783 -0.046813636959380213 -0.06544085189244353 0.62710484269976108 -0.72754612455475642 0.27043233499612063 0.017922836202774795 0.49157115897897075 -0.042893613776361916
1 -0.07914483242809027 -0.60606607634311938 0.70069370206668202 -0.36803307254929352 0.046933770516260458 0.36361673826860302 -0.16438023181728142 0.079467769672851227 0.60769008366244881 -0.70194119260454557 0.36287215093811864 0.04401023284968919 0.36801386596086094 -0.16763262621235142
0 -0.21505778024549016 -0.54384982514833369 0.67569663910145983 -0.4487890047104553 0.070013521587104457 0.20684699918660338 -0.27189789595081576 0.21380798193477266 0.54193471528198234 -0.67685469056503678 0.44995626353382939 0.07271051629289027 0.20757059762748326 -0.27754854755143821
