153 -0.043141109063422486 -0.5393623580982384 0.70098326122930521 -0.46459612444769005 0.16309814021875316 -0.16904827717136611 0.43066150527034675 0.044971236988854371 0.53808961536489708 -0.70084012619148828 0.46611186554307793 0.2050223574351252 -0.21452267681771689 0.44581631641106134
152 -0.25920883813140899 -0.37949843587168736 0.65717860711635856 -0.597417771541918 -0.077517598075158956 -0.57081648407557473 0.70557879121131395 0.25872491550375964 0.37831233136769998 -0.65835884950568568 0.59708024863518805 -0.069536840335060468 -0.65656453605913545 0.77257417388198313
151 -0.23078931766568189 -0.36352825962520557 0.66254010604783109 -0.61288180196788822 -0.10182035753923768 -0.70383584693890089 0.68161858827138977 0.23119108792839141 0.3624552696407608 -0.66328535230135821 0.61255971120748187 -0.095004837879632653 -0.80194785805236024 0.74657507261757949
150 -0.24010515339399088 -0.40831974146655203 0.65012609249353448 -0.59410484588279899 -0.080494212962686898 -1.2350716527984322 0.87018002237733449 0.24174478674052041 0.4060141268168268 -0.6482756624644076 0.59703488370888624 -0.069264186968977626 -1.3787284218545519 0.95606905244414619
149 -0.28838125302250162 -0.43480880762747365 0.64066472408009845 -0.56331719753094467 -0.0060715626859038033 -1.8212867670648591 0.85092226597021581 0.29208080435076328 0.43008064062771711 -0.63696433289833154 0.56920636407409131 0.0073327492901764657 -2.0204527641402548 0.96006655714543143
148 -0.2751654089407114 -0.44072334213234948 0.6555612382309165 -0.5479839380413728 -0.350604365378405 -1.6435957121241531 0.63760014104934681 0.27917212911114681 0.43960119343151927 -0.64983123188813663 0.55365429929142618 -0.36277135205767652 -1.8294742354058529 0.71418942481616421
147 -0.16971086804521199 -0.60178412753962063 0.69996356581473307 -0.34511605532145623 -0.0054212888849271513 -1.5742018835753133 -0.28549417350266348 0.1748141962432439 0.60057526969690378 -0.69618050944697363 0.35225280763461925 0.008771313739238451 -1.7427823689097677 -0.3171892544261512
146 -0.10628914937707742 -0.60340580095239893 0.7063602692417521 -0.35448445119413957 0.25566625124656672 -1.4850082954415242 -0.34512408041799569 0.11135699937249097 0.60274555456816259 -0.70237305893145885 0.36189708651264191 0.29912135831649067 -1.6435764241673552 -0.3851159406305289
145 -0.13086770247807464 -0.59963661299069582 0.70164834772351126 -0.3619380788837005 0.27904568869099206 -1.5695465067812606 -0.37154961316546076 0.13625702221058544 0.59819781079881862 -0.69764952871718944 0.3699709963422651 0.32218811060299757 -1.7377460564888836 -0.41098652500459343
144 -0.1457084037326617 -0.59988822474364989 0.70285550330652224 -0.35340814983150465 0.27745570462047625 -1.6330189025122765 -0.35307409361456832 0.1510245903404395 0.59823646301638078 -0.69847255226756821 0.36254765363877645 0.32089800723331585 -1.8098926478070123 -0.38912557340936438
143 -0.3464142161283269 -0.47260191245660643 0.62073926510987076 -0.52089095591823598 -0.37373364305293971 -1.9176259460911127 0.2939589474241297 0.35165643446703559 0.46951992542059157 -0.61602051076098396 0.52574473088443796 -0.39990294427537387 -2.1283616306411366 0.33570422925843779
142 -0.48768677416391237 -0.28602610259990191 0.48061996989984485 -0.67033955833635461 -0.67029788006164659 -1.4767458496524708 1.3007455379587836 0.49040996041052282 0.28250729793167345 -0.47638508721630562 0.67286324466670555 -0.72753974292133705 -1.6470018134319075 1.4462464775579509
141 -0.34714247773148205 -0.22430842501584672 0.60650316918685276 -0.67921405785485789 -0.82793145434088256 -1.6552054744734872 0.76190863647302043 0.35272799555658019 0.22086514801456666 -0.60148298495702823 0.68192357808652126 -0.90445015909705262 -1.8437683095603536 0.86725165147529637
140 -0.589225626034665 0.03421829351439163 0.41521751967416559 -0.69226922607368147 -1.3407221606287587 -0.44869365643531389 1.3684868513083492 0.59292360303675395 -0.036666795540154638 -0.41368768149624152 0.68989828905788331 -1.4818442208353249 -0.51413401776106138 1.5274260638153532
139 -0.59567081786267584 0.10259666135315226 0.40506963299772081 -0.6859801704488907 -1.2988098096454168 -0.24209647907289852 1.2068602380567011 0.60059414840336756 -0.104140617089445 -0.40422457760077474 0.6819412670013002 -1.4382803960836545 -0.28396642169727027 1.3497508102410478
138 -0.61692994205335749 0.15067515547526203 0.32571081618393777 -0.70043337180729748 -1.2872219746820814 -0.15045344207826086 1.181564646735618 0.62170774414885843 -0.15320658851938301 -0.32369076103974781 0.6965856109029952 -1.4245402430113341 -0.17820984526389105 1.3233613573137899
137 -0.58240918390012542 -0.032651350814677231 0.41490896677354083 -0.69827213970606061 -1.0885677452279254 -0.89750363526767241 1.1690967751749468 0.58779435053874296 0.028017560416975493 -0.4107010663764401 0.6964463022087729 -1.2053724385716489 -0.99940852772501343 1.3080586673231878
136 -0.48528269346983116 -0.28432331690167889 0.50336638252237254 -0.6559597882729038 -0.54466585106065402 -1.7099438357807497 0.71030282093303021 0.49053630965812989 0.27840344157425012 -0.4975166434514931 0.65904691950979966 -0.59805798286873157 -1.8965870409903451 0.81444057127663427
135 -0.357401256746115 -0.51994869735933702 0.62919912000067035 -0.45390104778575696 -0.25131182112734618 -1.8970368708166594 -0.49043586732876854 0.36510721133252433 0.51328879388130966 -0.62423733330362596 0.46212453951162963 -0.26843892241686729 -2.1201165474901358 -0.50260970077662437
134 -0.29231706005210156 -0.51588486783359733 0.64966619482624799 -0.47575978691225373 0.023325359512059971 -1.8767550324605877 -0.63131120641356109 0.29949223604512926 0.50749893849869154 -0.64687737431462677 0.48404430641337376 0.035028497956266058 -2.096343024953395 -0.65832594714245829
133 -0.35178841448953441 -0.47245419937480054 0.59759877759230307 -0.54397393498608348 0.0068710247474397645 -1.9024780976445557 -0.19342552767330329 0.35824869727703601 0.46482502677654941 -0.59299904262597425 0.55131452078297805 0.016621224036949656 -2.1216337649276369 -0.1738845885114717
132 -0.43504212597968434 -0.39155903640985995 0.56701541907701369 -0.57958035176994871 -0.22434394886602663 -1.7801481544370445 0.16661179966996018 0.4402315531760021 0.38445976620079686 -0.56194195506628131 0.58532735020444671 -0.23956043489867862 -1.9805165437225121 0.21788025188667914
131 -0.51566301861812069 -0.30156016397386959 0.47856213519342122 -0.64353042002131888 -0.31662927124397211 -1.5794465634303068 0.67361183141242786 0.51960426974763196 0.2953534884556121 -0.47388204975154818 0.64669430385646831 -0.3470922569148851 -1.7549164412500005 0.76896706317828545
130 -0.54022453515980751 -0.2556790391798594 0.47424977484688718 -0.64643084053370359 -0.31260750432412349 -1.629574441119813 0.63985801530222552 0.54360467794217326 0.24800597538242755 -0.46980637940296904 0.64982224967006963 -0.34499520324297883 -1.8083019755820797 0.73817319465289266
129 -0.6031812664430739 -0.048693031979955455 0.38608705728676451 -0.69623137866974538 -0.66998222776019878 -1.0805160581034681 1.1317130274192333 0.60565242875775405 0.044070370877014119 -0.38358131002255802 0.69577892793039831 -0.74439351319097458 -1.1999272642784002 1.265729627918504
128 -0.66682209126504721 0.072492660963915823 0.28858223911172654 -0.68323744333616732 -0.80130255006562245 -0.53846814857182945 1.345866264059244 0.66871020031852213 -0.075658421282850302 -0.28826424209463181 0.68118000411679447 -0.89280830805678535 -0.60545847230777083 1.4994362031146709
127 0.69333650077281128 -0.14883046443705533 -0.30021491402007583 0.63796943104782233 -0.93607144060282832 -0.27243659754463273 1.2999954893470786 -0.69465753322984602 0.15147907474584146 0.3011610631831827 -0.63545811464135415 -1.0458475896610164 -0.31490791182002109 1.4471153612767536
126 0.71004923115453233 -0.24810755271992438 -0.31864840858906329 0.57683266492445218 -1.1275399761374605 0.069768605725264346 1.1376255331513787 -0.71143111266451053 0.25162488222488844 0.31681201850045604 -0.57461364020697792 -1.2601690808643262 0.066449229456973846 1.2721012964238994
125 0.69751111349147121 -0.30901105799511008 -0.35046578073160833 0.54329011506635716 -1.2767887256944319 0.25819070802121791 0.97974893446498335 -0.70035361921857631 0.31094982812566613 0.34829876456832881 -0.53991016200497266 -1.4252633995775963 0.27515482100904631 1.1011487823901838
124 0.65232126600085583 -0.25859830102312281 -0.4303951911393209 0.56777096092979451 -1.3646430351181644 0.014967972001828894 0.94772037399082187 -0.65572839803483574 0.25987528208902116 0.42730666501262538 -0.56559183145233605 -1.5198894476383724 0.0017529756466247992 1.0689709348015288
123 0.63605520698631335 -0.1740065696525743 -0.42313052516954225 0.62138236702781502 -1.3697008418193399 -0.096190672346321407 1.1596112910193115 -0.64063102757461354 0.17541451594213475 0.42148044222922909 -0.61739442087188878 -1.5216002957526409 -0.12046583251235132 1.3011380279165161
122 -0.53156811026427964 -0.010452909217445306 0.46076514243594341 -0.71064869264281227 -1.1748048404566813 -0.75974903289317108 1.2977474994057658 0.53572362332881052 0.0081330587243161143 -0.45748374223083921 0.70967786942929589 -1.295320986280375 -0.85639136428952489 1.4525258643787415
121 -0.5862099752322486 0.02580635046978683 0.4113924911509747 -0.69745832523401174 -1.1265436288164601 -0.45420639799387624 1.3488329427911268 0.58926867688904716 -0.028383286772275598 -0.4099551438740574 0.69562460816207161 -1.2466622238770233 -0.52191996938830432 1.5053608853078373
120 -0.5682453808459178 0.12002092875115364 0.46759687099708097 -0.66636726363374799 -1.2748919412334296 -0.35806516958446316 1.2249183912942443 0.5722783850403087 -0.12173065033913294 -0.46619812780319975 0.6635799909705381 -1.4144834962963948 -0.41310355174261293 1.3734209702095406
119 -0.52906064360336513 0.054104503549116431 0.498008485836481 -0.68494896607013811 -1.1049752548155627 -0.52597841012129753 1.1498004557975636 0.53352131874607445 -0.05560046222588691 -0.49744357652776738 0.68177230745680828 -1.2268179948999816 -0.59902297721354347 1.2876984718955127
118 -0.28075081068574959 -0.395984026390715 0.65722372653417849 -0.57656968912978768 -0.28322131860016253 -0.47760427896288327 0.43725705112278429 0.28056183214347241 0.39660074690311642 -0.65909225660123694 0.57409955860327688 -0.29265838885615492 -0.5362500758462736 0.487497830107672
117 -0.28093629092245692 -0.40587233403452178 0.65708842827890668 -0.56971681239898264 -0.29274054899465529 -0.58249361545125944 0.46826057681676192 0.28123692509033543 0.40624119937528153 -0.65775625714802222 0.5685337158678373 -0.30236768466963859 -0.65280893081113012 0.52109694999794232
116 -0.28450867465448126 -0.41815591475833735 0.66592286505047116 -0.54840421479228463 -0.32189639216725441 -0.70592149675018256 0.50158717626178784 0.28542045800013921 0.41822003869511465 -0.66553157960259512 0.54835652448067262 -0.33441324314710386 -0.78873479655984369 0.55462843516877358
115 -0.28087988736331798 -0.42060936894001832 0.66805208964140095 -0.54580276030852659 -0.31631453415548255 -0.83358898964881867 0.49041765611570154 0.28217997477434387 0.42056169869080351 -0.667265401423208 0.54613112298621269 -0.32867467287608476 -0.92758382937649131 0.54334671503431176
114 -0.28563888976283142 -0.39486699369966627 0.66883197901608538 -0.56138602208023769 -0.38109423287355892 -0.98935843421842096 0.50836668803501062 0.28776663934425378 0.39482470028019134 -0.66742203367643049 0.5620068027100642 -0.40016275715540828 -1.098317169332065 0.56456673263533275
113 -0.29042353962388245 -0.40791871344111236 0.64553895437948372 -0.57665930083154471 -0.33717098658286027 -1.1029958496847496 0.61895803510689473 0.29299388203613441 0.40747618375074429 -0.64402554273760504 0.57736370258863567 -0.35274351879749988 -1.222440650905138 0.68647887459897583
112 -0.28353932599482645 -0.42440095383531584 0.63553716153797579 -0.5792942234325541 -0.28638815209685475 -1.2272702970118337 0.67160986500817776 0.28602403013904876 0.42367099097693073 -0.63349042731173721 0.58084681637419233 -0.29540173638724809 -1.3556653250697597 0.74558769381820511
111 -0.28263166088250358 -0.41951556449388716 0.64409041181312954 -0.57382364610093073 -0.29719007135049497 -1.3816064645716681 0.66395029171523934 0.28556872442840542 0.41846626634862844 -0.64084309529227323 0.57676391597671106 -0.30650384983414458 -1.5242533502436708 0.73940595208666027
110 -0.28112644314203611 -0.43802379184950152 0.64744755839451995 -0.55669986515991388 -0.27147988342633828 -1.5799038875310085 0.65127080958191674 0.28441256344797267 0.43654167709129421 -0.64291024669578101 0.56143323076644058 -0.27560516362386345 -1.740496954859349 0.73653639335293519
109 -0.29163725909035604 -0.43143257764346843 0.64974622293550122 -0.55375399397135594 -0.31309128923001206 -1.7317172879313187 0.69265408068524936 0.29533342364810378 0.42898181928910278 -0.64443553166369394 0.55987106830504585 -0.32105360135632655 -1.9084853394756054 0.7930640974974521
108 -0.58975383262700865 -0.024180248222485257 0.4417728794827967 -0.67560525120156589 -0.81300282397310086 -0.35877456645256761 1.3597506526791665 0.59107398385318777 0.023902810309338836 -0.44270535495312058 0.67384877381135666 -0.88511621682777708 -0.41351019449277326 1.5124116424111307
107 -0.53824386752185294 -0.17094763763674778 0.47824096251584675 -0.6725741788334203 -0.5737008798809069 -0.56664181321543039 1.3238844741188107 0.53874278757277749 0.1704075637961952 -0.47855860371236286 0.67208565960912503 -0.61652570577329868 -0.64055412280042923 1.4689169828664745
106 -0.44805528495949254 -0.16567655151890173 0.57071445108207308 -0.66789427099112086 -0.48076948870566144 -0.63979579063497483 1.0418222048339545 0.44777635350605766 0.16465272641496628 -0.57232581745937849 0.6669550026758857 -0.51655025929893128 -0.72205891587301618 1.1554010803196597
105 -0.37671802693222328 -0.26473027776052005 0.5959941138540108 -0.65786961054034299 -0.23970236333683231 -0.67778770246245523 0.85950919546666549 0.3760848056437216 0.26264963821932985 -0.59887957472645803 0.65644393628293651 -0.24901223747490997 -0.75986791300025791 0.95175232195873782
104 -0.26571575409703435 -0.37827785246590534 0.61732028658209603 -0.63656631086841675 0.027683421282731754 -0.17880384804619448 0.60965495308688011 0.26363992303821421 0.37717920032784841 -0.62210258843331268 0.63341788045888126 0.046529813184276847 -0.21969027691211518 0.67560230880476357
103 -0.2340972472959697 -0.37806221851491362 0.6362627559365629 -0.63042615994899898 -0.039431242772901783 -0.31580634014661579 0.68007942312662606 0.23242516950747341 0.37765547707878083 -0.64025608414892343 0.62723761679455059 -0.035411021381404062 -0.38194497351385737 0.75330908586219358
102 -0.24555528342692781 -0.37849687560837975 0.65006433148750764 -0.61144017112348614 -0.020028087979841899 -0.46080767183575738 0.67769440382574697 0.24320295910553 0.37779865953315434 -0.653238642739014 0.60942577002433718 -0.013244825480837719 -0.53911532246698624 0.75074500427778368
101 -0.21648316409075774 -0.39070378808616668 0.66744920577816658 -0.59581637049217573 0.00038078594686667515 -0.62763030799305919 0.64769409766699604 0.2153458613422515 0.39029983887322683 -0.66857779114082894 0.59522763122317113 0.0093330217983647046 -0.7211202662680829 0.71513720564313754
100 -0.18948855945761928 -0.37442959628908323 0.6761918525787598 -0.6055255087637309 -0.049700490136360582 -0.79331139398341055 0.63454516220376611 0.18992432926320948 0.37433956496541165 -0.67662523970277932 0.60496026667259972 -0.046495466376587302 -0.89757418523174559 0.69944156105933075
99 -0.21724472598720046 -0.39045173561179275 0.67310771399812042 -0.5893031278932005 -0.019336664184644619 -1.0628026238326296 0.64927271731587777 0.21830217539142144 0.38874818756855739 -0.67205595040730082 0.59123582976987676 -0.013812207389925391 -1.1946919651489578 0.72341103495337933
98 -0.21614667973467686 -0.39188841431403365 0.67636631043423368 -0.5850065791729947 -0.08471808652613444 -1.3249608598094613 0.69412380980738309 0.21798681467884357 0.38983623408062545 -0.67403103315413293 0.58838051086790721 -0.083771584361286955 -1.4789585286155433 0.77940725466206473
97 -0.21940154355353561 -0.40614624860083726 0.67281516138473219 -0.57812450738973997 -0.050884105873849707 -1.3479606974397162 0.69738921587072933 0.22120387686055207 0.40338023166819159 -0.67104398033545232 0.58142343435462829 -0.046330744173257443 -1.5039031684346376 0.78438654228170179
96 -0.23768404252650316 -0.39862650067483485 0.66274440780887556 -0.58768448916579219 -0.12375396344410879 -1.5205545944467123 0.85386211808719414 0.23974438253748293 0.396148673195093 -0.65973258250158018 0.59189676410104175 -0.12566534518032313 -1.6934637775540216 0.95978456465356743
95 -0.26238535727764994 -0.39155613446171855 0.66119874210451535 -0.58365567014386421 -0.18325218402944646 -1.6941530368668247 0.8775127886656916 0.26488309876074106 0.38852666206477071 -0.65709251317842543 0.58916331011068201 -0.19116362750559546 -1.8838558592572974 0.99615764671932538
94 -0.34923511350468062 -0.30536439331612553 0.6162476331757536 -0.63641674820461025 -0.44643707281440947 -1.6484546242334119 1.2542589844268284 0.35145341536760039 0.30213394032325702 -0.6126531580671325 0.64019660014839241 -0.48580337829202414 -1.8302225985868523 1.4087651708758635
93 -0.33261237418309225 -0.3349255542178215 0.64609443100579111 -0.59979652207684142 -0.44547357548162614 -1.6665277447610389 1.1550952572013675 0.33504923194093938 0.3320165909636974 -0.64181578644552717 0.6046316992764611 -0.48260595552114438 -1.852150600707009 1.3022991259604169
92 -0.20416156897421966 -0.28096079794697704 0.73124352873443377 -0.58707919862229518 -0.74312601640757103 -1.8056014026814509 0.56861183045505825 0.21043845638097194 0.27970594103165436 -0.72600335123056736 0.59194541693434544 -0.81861832734263373 -2.0115835144991649 0.6739254917740638
91 -0.46842281176852202 -0.24133581330771955 0.6111756429062748 -0.5905941314880091 -1.1806391121537192 -1.4328457853583485 1.0339992306224657 0.47231474920692812 0.24013441873370966 -0.60702345667143309 0.59226409790876622 -1.3001513951044181 -1.5924474848023227 1.1631620642618543
90 -0.41757831091342074 -0.37425937068413578 0.59187612231772246 -0.57899994260789478 -0.88658778903709767 -1.7365683200628415 0.88878111533963455 0.4216005583386036 0.37076504615441624 -0.58790088545328734 0.58237341855714209 -0.96634709018771936 -1.9305852962209658 0.99744472878111168
89 -0.36964343315905474 -0.43501428583749235 0.58905334378021112 -0.57196368907565798 -0.66958671118746305 -1.8143685318763516 0.74389733065636843 0.37361539706902591 0.43225983499122966 -0.58600739267703683 0.57459403569317558 -0.7259491748021567 -2.0118165972730235 0.83418869736599
88 -0.33723881162149927 -0.46175402511140218 0.60128983820190951 -0.55812519626393853 -0.60626749259449142 -1.7467104308281949 0.56555537908375086 0.34057965357760672 0.4594989366000104 -0.59886080715438583 0.56056396645415463 -0.65535297766837175 -1.9353961665120361 0.63040911799253507
87 -0.32491830285380624 -0.47561493495433249 0.60289589100234997 -0.55202814668409106 -0.56326075856635338 -1.69480402898522 0.514345350442728 0.32835793195319346 0.47333999029672447 -0.60066219094609596 0.554378259383568 -0.60965447017104246 -1.8740550046870483 0.57472345717380069
86 -0.3352908090653921 -0.4852958855353951 0.6041089464278232 -0.53583612950654769 -0.58469837491818499 -1.4896902130661434 0.54485029961501608 0.33847597141608243 0.48358264525498934 -0.60290063212133882 0.53674264761598423 -0.63298429864267725 -1.6568083876859805 0.60355983403637481
85 -0.31689100345870902 -0.50539418966764005 0.61854544780528575 -0.51142774071854924 -0.57046728191359064 -1.3673794651056645 0.44472112577059886 0.31973177786480717 0.50400972153782586 -0.61611761900216211 0.51395026060298832 -0.6147987096616685 -1.5281231828591777 0.49399733133515955
84 -0.3001748045169147 -0.51088380926262855 0.6350902933021314 -0.49553318710249056 -0.58984136983697533 -1.2516533701177321 0.36906881625007165 0.30255660517425609 0.50961854271339657 -0.63348844857625652 0.49743424400472358 -0.63608765507352061 -1.4002431898833489 0.40535815596211222
83 -0.29410453073870657 -0.51979975937314449 0.63472081183559415 -0.49034704666934653 -0.57441815463001622 -1.155892630925401 0.36018085829834712 0.29703862690769173 0.51868702827575286 -0.63287816280394116 0.49213519673883266 -0.61960300915514654 -1.2979929144568809 0.39749498440492204
82 -0.30262967778496103 -0.50506078212658956 0.64371632524882949 -0.48883348605592919 -0.60746909985821596 -1.0128329560171039 0.36198470712364256 0.30584021684608464 0.50344104106809162 -0.64163643641921875 0.49123473349007202 -0.6589375355490823 -1.1517556974211769 0.40485631114651799
81 -0.34977567122726916 -0.4873838935741846 0.62741936937915721 -0.49644622571819608 -0.69467440042619866 -0.90497184496415772 0.498601499897949 0.35260716673078157 0.48719161550166679 -0.6243953467762785 0.49844053474722322 -0.75477082590993994 -1.030907529002747 0.54874817790789265
80 -0.27102167819190265 -0.46733465464154006 0.68070436264510759 -0.49475968024591027 -0.67732476983304579 -0.93407078314380698 0.35772177189923265 0.27446836367483252 0.46676935822412036 -0.67820013225951636 0.49682800260037396 -0.73686717924937151 -1.0596535445673503 0.3964845406390527
79 -0.24036404067347811 -0.48482949994389229 0.70244527553028457 -0.46231603781445496 -0.56688005101586669 -0.84773926150770007 0.36311121790611561 0.24207728925884606 0.48409603041299604 -0.70098793863574671 0.46439802890481252 -0.61291967766392741 -0.96215153168368062 0.39573579753115951
78 -0.24066329961293687 -0.46376840660391566 0.67274509408951388 -0.52384547304903761 -0.49361281874333324 -0.70212674856283197 0.31442265018061888 0.2415512384737675 0.46346347335927579 -0.67238323432533298 0.52417114977052048 -0.52808903968032261 -0.7978403642414561 0.33699646633685454
77 -0.27037229841945593 -0.41059911423136525 0.68119773269142025 -0.54247289021283573 -0.57236689857853695 -0.53385878321199098 0.35052546549613661 0.27051163996615563 0.41104175227759282 -0.68165388131724747 0.54149433663937718 -0.6167586270361145 -0.61277820836361285 0.37820161662661
76 -0.21584004939291071 -0.39626710604415821 0.6928411531470644 -0.56245585626900507 -0.54109695187640916 -0.47167364110077908 0.29601628562129895 0.21575188144803889 0.39712167645436408 -0.69402527390561164 0.5604234282414926 -0.57883850910616275 -0.53909953690936963 0.31963394555840452
75 -0.13269920469630828 -0.42227460367340058 0.7121404030140529 -0.54491387077264075 -0.40152310372670996 -0.29655086053565333 0.18925310123882363 0.13234919223970473 0.42318883663604351 -0.7132434875151169 0.54284309646287587 -0.41908020920605527 -0.3414654001456448 0.19937203966660011
74 -0.17557469224037522 -0.42333670277797025 0.74273029077364405 -0.48817136201652894 -0.47883946690872059 -0.40970278660931619 0.23819547206385391 0.17625779954758247 0.42390959463358274 -0.74314642540962184 0.48679280405233716 -0.51103483481202172 -0.46778743968434133 0.25364392021743321
73 -0.27630649049903055 -0.46982162882445344 0.64490276862475771 -0.53574506942851985 -0.21633988691247827 -0.33623474232822781 0.26444839975855366 0.27463113554447943 0.46961738627232791 -0.64756088723870653 0.53357487498842759 -0.22409159907480092 -0.38746943443772042 0.28028738201299097
72 -0.31305187127276785 -0.48082341379798793 0.63682885962626734 -0.51503045947145232 -0.085420116092868911 -0.19101131584870071 0.23907424974243643 0.3104252578666663 0.48038667586964368 -0.64022752090466983 0.51280944063227629 -0.080681223884653264 -0.22739264721541289 0.2514897865207335
71 -0.22727952853706745 -0.45997100381522421 0.67302484858568024 -0.53273656223635169 0.13860900010105123 -0.19512243691965778 0.29447964199878068 0.2245160967428903 0.45965147354070662 -0.67550741663182723 0.53103933493724287 0.17050797859254629 -0.23096689374665058 0.31590627603315191
70 -0.19272823306161629 -0.46194088884938284 0.69408840643177272 -0.51740480037103576 0.11449979869566615 0.0027526049587752771 0.30961182494249295 0.1892315316559571 0.46192066005350468 -0.69712925857921049 0.51461784663541865 0.14614098668273678 -0.005566098675703568 0.3342862465620895
69 0.086826045144582559 -0.58776984389552012 0.68942361271776287 -0.41434638977403282 -0.24686995950254984 -0.094514749867045583 0.11132702887954565 -0.084878409297154025 0.59053221476484319 -0.6888986962539102 0.41168670765495552 -0.25316191099411167 -0.097790150927507369 0.11214971714165012
68 0.16397931527678558 -0.7154034334694096 0.67711292723496896 -0.053167615263699383 -0.1565722819192169 0.017942439820044828 -0.035148550377038332 -0.16146394401743727 0.71856755104135694 -0.67412344942992208 0.056103870646009329 -0.16441099153374328 0.036690334770766997 -0.055676835182028483
67 0.20316208790512502 -0.71132818811741161 0.6686678362356635 -0.074971325262047972 -0.04848197960709226 0.12196518045901993 -0.28847810765627696 -0.20038208274140695 0.71534016825786828 -0.66487467955093105 0.077955917575688996 -0.044931429517216515 0.14849485255528821 -0.33062854283620968
66 0.13421297314497765 -0.69457428182153069 0.69882121339460501 -0.10584118565748406 0.02986633595705316 -0.022726870309385062 -0.47246035864137592 -0.13315017762559647 0.6972807486551309 -0.69566718250706938 0.11008069283888085 0.048771968282739386 -0.013546136471654684 -0.53083543542480638
65 0.0016595492277461268 -0.66056359080728 0.71263328070849585 -0.23623461986507829 0.025541755671524176 -0.24615179720963318 -0.617223664911417 -0.0011624171400954791 0.66019079376634426 -0.71223913361112989 0.2384579232598992 0.046272307404916724 -0.26207611711493595 -0.6933486421322943
64 -0.12316981886960537 -0.62971640291690478 0.7017280153042359 -0.30961950867831572 0.03454891842029046 -0.31925561899044108 -0.58969127208849292 0.12198806071055325 0.62969550433508359 -0.70204578071113588 0.30940944822347433 0.049390839538764886 -0.34692990216718789 -0.66594420127852549
63 -0.23349840634723473 -0.57996520820511599 0.67220286907468596 -0.39656292604410015 -0.0061230682796084186 -0.33922501807694377 -0.53479504131986555 0.23057999496033318 0.58090348693470606 -0.67353487537421686 0.39463245741554331 0.0036542145350519917 -0.37905098323622743 -0.60784336596765876
62 -0.31792955913297039 -0.52397880677405673 0.63271548199954752 -0.47332665709764399 -0.055500870688563582 -0.27417291717258302 -0.43576244085357096 0.31172843018087737 0.5244631176293949 -0.6367535771433136 0.4714962418287294 -0.038676681372598054 -0.31387855844581136 -0.4909587577293637
61 -0.28918365245281141 -0.49747355945869648 0.66157677415745875 -0.48084201635148005 0.15012870819466156 -0.15688129112817314 -0.37053939258997748 0.28168635591531821 0.49755853532503191 -0.6661078006504394 0.47894540265983571 0.18626128673305686 -0.18496586631804879 -0.41806267770331851
60 -0.24679507389162392 -0.51749930062297544 0.67756492954475667 -0.46064349730411647 0.12655633633045493 0.14564610638342421 -0.44545792649381682 0.2392579671364409 0.51909070252223644 -0.68152093448584894 0.45697886556627976 0.15622491635918756 0.14664831174642101 -0.50260676368198021
59 -0.092389148412404948 -0.64476144462798268 0.69845728677108132 -0.29648666636671334 -0.036651183963609425 0.69431436115426182 -0.34177133400618281 0.085740737046613141 0.64445121150860141 -0.70163861719498244 0.29160660633207935 -0.018908180103492711 0.75930960460040375 -0.39169816472067076
58 0.020624480606221001 -0.62304070953454305 0.70802734905897591 -0.33180141356982756 0.4221650182127617 0.85107975744948006 -0.13474238315058973 -0.028675132432602887 0.62277042807688154 -0.70972960263491991 0.32805277294452073 0.48299244770844652 0.92896505669046769 -0.15709576495499622
57 0.63542165356707503 -0.6952434070087572 0.29777543551668995 0.15558186652623116 -0.68854742195422836 0.61274967896373556 0.82937011188664478 -0.63225780742615478 0.69921022606198313 -0.29275472659840313 -0.16015553307118718 -0.76023287186421484 0.68385872222340627 0.90354540939061678
56 0.57548842065474504 -0.71084702623400287 0.37882580417554179 0.14142345306679349 -0.53648507615979035 0.85510324692629069 0.90597002683831873 -0.57395238335028065 0.71305163612386624 -0.37495860824065552 -0.14677216348422642 -0.59324255905923584 0.94515696819916539 0.98036196877067816
55 0.50077626547197107 -0.73543705737644116 0.44698909101293133 0.092499832934236373 -0.41659245583091536 1.1803353240044647 0.86277511164620291 -0.50362007880517179 0.73491277990402881 -0.44323354119902542 -0.099065887742333686 -0.45915315678723445 1.2993902347174857 0.93810187909001641
54 0.4477996573441998 -0.76536328743944115 0.46087661242103456 0.035878311632804777 -0.484773688915484 1.4318738412204177 0.75637864504770447 -0.45143240027594311 0.76459427858067996 -0.45779032805511916 -0.045082066079281287 -0.53235711726644297 1.567137120076616 0.82668373614646917
53 0.37709038963132974 -0.79369607488047167 0.47533964225571729 -0.043607376293832267 -0.49482507457443531 1.6203727743531713 0.53126324159839267 -0.38359219838988257 0.79225209728323265 -0.4733592949992802 0.033535317540183872 -0.53771180317380285 1.7730605170894176 0.59111934525456711
52 0.30351993402957289 -0.80126372259358836 0.49772947122967659 -0.13460115144966764 -0.40578901073616225 1.7639745238149427 0.24006961970537649 -0.31181263295801354 0.79986867358292668 -0.49773224330534777 0.12347307772428213 -0.43457040258019575 1.9326285685636648 0.28063567978823656
51 0.30911036309065543 -0.77826665118669569 0.50611593374693131 -0.20639395506671265 -0.39959683770797982 1.8140758678453086 0.13548938057677862 -0.31691617622932272 0.77923044922031182 -0.50478161511551223 0.19380290321218285 -0.43493620036282543 1.9843679497891165 0.17147498613760215
50 0.29499239074386452 -0.7175390231456833 0.59290318128302733 -0.21583108508929733 -0.14986099444296208 1.8567557348260115 0.19433681697082786 -0.30431505120529961 0.71797340921084452 -0.59199545532124309 0.20358760805871082 -0.15760033348977132 2.0310409532789531 0.23865736314370878
49 0.17874491783803284 -0.68678746917340183 0.60491857061215626 -0.36117412623555328 0.23845104516317384 1.6987400213086203 -0.34338767826691446 -0.19192331709980362 0.68731883057612431 -0.60774732171454993 0.34842712069766973 0.27155068454291431 1.8703105640708029 -0.33884717950948584
48 0.24532993201515058 -0.66853731632298008 0.61320264133157598 -0.34183856102711496 0.30165282669501903 1.7745392150436345 -0.1991049018204748 -0.25660267228815214 0.66905053053674068 -0.61462527337358841 0.32979119074579111 0.33791846852805874 1.9456776803285185 -0.18657557924412949
47 0.17373585453136578 -0.71287514937517038 0.65225862348798513 -0.19021977378586072 0.15788442768019925 1.8770848773817082 -0.15136332335842867 -0.1861678807622589 0.71124360673681286 -0.65402218552864666 0.17812645195150492 0.18272960849500386 2.05314213359773 -0.13875175047502486
46 0.18707579314635883 -0.71193393596223276 0.65112672719369413 -0.18489646718640304 0.15209397344075387 1.7804005010322583 -0.096124862095738353 -0.19860501767867542 0.70969951088721983 -0.65320127582783982 0.17381238291956197 0.17862001065457278 1.948828956979259 -0.085422456017568038
45 0.18771972832737213 -0.71290448648392712 0.64760313076664167 -0.19271398955195226 0.15260048234072604 1.6670222725785175 -0.12300026085572575 -0.19910148324743002 0.71096546440269004 -0.64913963388111751 0.18304219054641302 0.18331503367250512 1.8261788396573384 -0.11460219761965759
44 0.19686622033273726 -0.71507615745351638 0.64361290781842062 -0.18887086917503654 0.127900284088758 1.5917867440728442 -0.058326170001342444 -0.2066680906683119 0.7137764606404734 -0.64455027203159909 0.1799066740259091 0.15305678222406449 1.7420310943344897 -0.050613107062222218
43 0.22252585426072133 -0.72815460367496487 0.62678053973350467 -0.16558765758313257 0.023770446367203605 1.4163641803957177 0.096678207340999966 -0.23064445129286676 0.72789229385616572 -0.62601214915229664 0.15838161113697641 0.035694004291912051 1.5493214334373264 0.10924651960978249
42 0.23554468257347944 -0.72751267325076474 0.62185739725326883 -0.16893013423387634 0.016617532485341681 1.2770068480914347 0.13886389743513872 -0.24268388418490799 0.72662260273993717 -0.62193075619284244 0.162253690391821 0.03253019173813243 1.4014778050584793 0.15371705127367541
41 0.24396975141570262 -0.73238219709791808 0.61170360065443619 -0.17295601381445819 0.0010848397258872307 1.1496577030201964 0.16312102545658774 -0.24962324130553384 0.73203789465491198 -0.61143265629374111 0.16720904582857615 0.013550485993118144 1.2623273565443891 0.17307490096138078
40 0.26235161679887004 -0.71709292263994273 0.62713461158580952 -0.15379059923753449 0.036403684055568826 1.0246417119527933 0.23837148480334897 -0.26705804999708344 0.71746387460086791 -0.62568688373343395 0.14980490679016473 0.052039281736380616 1.1251258243939208 0.25157657507221742
39 0.2810460162032592 -0.70138611087640812 0.63896249241956182 -0.14421370783294746 0.057310861419951106 0.91107852391518607 0.28315533336650578 -0.28370819491708699 0.70254058946349718 -0.63706644446706884 0.14174881173137685 0.074222357339506773 1.0001002802987096 0.29585528639422909
38 0.29151825667700682 -0.69525411397079195 0.64205225421835743 -0.13931161431773431 0.052031056893121659 0.82131712493453113 0.30093059942745254 -0.29321479141089429 0.69778342842046814 -0.63875852677180101 0.13824224244405753 0.066635252083690588 0.90063994713634232 0.31159679137437024
37 0.30045733858102069 -0.68517565828343752 0.65113426586950451 -0.12760827872536301 0.044272997987720053 0.71802668083804466 0.31717954699751738 -0.3014748695877395 0.68843324401623451 -0.64720581191601334 0.12766052076688847 0.059318784505757449 0.78860053741209146 0.32897591677981808
36 0.30245153693540378 -0.68776782182479479 0.64607620225673779 -0.13447688256834103 0.033167045225233172 0.61211249501539533 0.31666987081136877 -0.30228616985055035 0.69083970414439211 -0.6427635957580452 0.13497605218319716 0.04831858267082012 0.6764309054787021 0.32694747676757174
35 0.29402268523320224 -0.69109308273614578 0.64718603197472768 -0.13073351360425869 0.03296024398847576 0.47212487144029019 0.32056692899939548 -0.29295343289967612 0.69497642923973924 -0.64325763215025433 0.1319305409445628 0.046729806372515448 0.52474523679660101 0.3287404035388688
34 0.28479172800332875 -0.69123264061444123 0.64869505092760893 -0.14242836484384533 0.025050092777120937 0.36109720494079972 0.31563419848325597 -0.28321579850800244 0.69511610204906649 -0.64500289299984548 0.14343529610739555 0.036961596211925851 0.40473507737659298 0.32085838133935685
33 0.28501760261492209 -0.69685026373594472 0.64863208747045509 -0.11153963974527313 -0.010965180669444649 0.22279288944213074 0.36322119480400011 -0.28306637441491012 0.70076183031261641 -0.64497734124398898 0.11318354179978976 -0.0026642334455804217 0.25995321741673405 0.37076863060396859
32 0.26670089704310779 -0.6914340194818609 0.66335234561879552 -0.10369808957547008 -0.022975638874864975 0.18034859684518229 0.29388762960147552 -0.26484050082257671 0.69544614908999325 -0.65961475939071723 0.10546341561826923 -0.015927502835412888 0.21356295207923948 0.29383267446464556
31 -0.070359321211541148 -0.59223813599412511 0.70431877183386338 -0.38501769288604704 0.15377546947434473 0.30288598186836191 -0.17749286588135682 0.064828419131363405 0.59233318252661293 -0.70627643615424318 0.38224635077928976 0.18787426508275828 0.32419920377606426 -0.20728248510551595
30 -0.069574832401139292 -0.61326671374899067 0.69666150792262493 -0.3656856900164972 0.2084428465088336 0.39788901494030277 -0.24985182944788181 0.061994619062592883 0.61255494435092506 -0.69958285551407362 0.36265263769796824 0.25251174488245254 0.43355376446618565 -0.28264757478151625
29 -0.071003969657562963 -0.59678464846455825 0.71467882906090918 -0.35782773920146116 0.34823079925530726 0.53771941875351725 -0.35280640870788765 0.061782463592292787 0.59574328824245038 -0.71794776901398027 0.35471659486749163 0.40714541094329793 0.58900138514980815 -0.3951170294533588
28 -0.20649716494159415 -0.54525481804237164 0.6886779269111305 -0.43102066917730647 0.43112521280283034 0.50743116704774716 -0.58378743392893007 0.19387347076515696 0.54650344450277066 -0.69504114024316355 0.42504691017529123 0.49273640739502866 0.56053690223091435 -0.64544861157770361
27 -0.03144440793785553 -0.63823990131025343 0.69374120452439447 -0.33224120564728016 0.28570199454833928 0.82260124991728545 -0.41829026694012272 0.023008296989413059 0.63813807930875044 -0.69647998291499646 0.32736225103776434 0.33296967230898389 0.90198149979400077 -0.46654965679284599
26 0.16500136971841062 -0.68996109721375987 0.6495720469783669 -0.27346734376697868 0.089175036856468812 0.96987103576140676 -0.16194106469758973 -0.1701152728552589 0.69008211234934669 -0.65048245838247865 0.2678059810637759 0.11710491410533985 1.0726645263479531 -0.18654659852177247
25 0.10455362847687107 -0.68178679665586261 0.65027401743074631 -0.31840069869982363 0.027285400500006482 0.86738167433338331 -0.39408606807466645 -0.1092670070200146 0.68246481591408348 -0.65175823986896797 0.31227182546484883 0.049356745170380467 0.95783101332369402 -0.4466345719618543
24 -0.053113990503584889 -0.61137419353101286 0.68338352092999766 -0.39545854753489623 0.20572010839216209 0.74193851975277658 -0.69051296636046566 0.044689327817523633 0.612605172134146 -0.68500330118032926 0.39177575783317992 0.24903474738565112 0.80642858807050077 -0.77108232045394676
23 -0.20274131498280898 -0.51987084196875566 0.67280835939468731 -0.48575629527404718 -0.15582861796301639 0.3269299895610846 -0.59397422706091296 0.19274530550027497 0.51815669226398309 -0.67622698407318782 0.48690856993991632 0.1340063628240582 0.52177375667003822 -1.1676428250731519
22 -0.24446703464653055 -0.56244738050659893 0.67045962548890969 -0.41757957771144522 -0.38764716471685962 0.3603827193996908 -0.55796355192506641 0.23391163799826975 0.56081483796191556 -0.67579578583208799 0.41721950935006308 -0.21190473103157093 0.5971126875933046 -1.1580545696608482
21 -0.23626760264968039 -0.63009838662645834 0.66289432732587061 -0.3282144937507927 -0.68669676561905713 0.4019887061271526 -0.41152868777444407 0.22531930791275567 0.62442594985925248 -0.67060122210858641 0.33108525115226373 -0.6221737528064093 0.73417903561226994 -0.9940010438359792
20 -0.089866747800588259 -0.62800502187660157 0.69800780939296592 -0.3321426774203346 -0.48945225044461849 0.59280405052661056 -0.60837481232522317 0.077744122602026705 0.62595839070610593 -0.70318183783379196 0.32812687705543708 -0.33715532281459915 1.066720281233517 -1.0953732495207227
19 0.1016438948545121 -0.71676182983042891 0.66820970840736427 -0.17151321677085091 -0.69093528250843261 0.65095513011374451 -0.3589477581180015 -0.11550490392966442 0.71137632419102703 -0.67327583487089282 0.16523314657647847 -0.68522069047456347 1.3233409090416925 -0.57081610658156645
18 0.044860461457769979 -0.7160371141478622 0.67375983711385645 -0.17699172876975977 -0.72117909873707353 1.0760118829540837 -0.51457225227357406 -0.026577136206925214 0.71982232087278764 -0.67049797577812997 0.17771310216689848 -0.79486872231659689 1.131162348147484 -0.60587901008175571
17 0.1258880799348531 -0.72468579070345951 0.67608534820044164 -0.043489056456833805 -0.82427210000343853 1.042879113998193 -0.087189450058034829 -0.11206125269112178 0.72910399701880579 -0.67372405380981992 0.044108236130690266 -0.90185773425416116 1.1280827393572803 -0.14470941562088857
16 0.19184337255497397 -0.72409641289886939 0.6621362445364144 -0.021356472202578244 -0.80287562471286911 0.88976915850583838 0.018753454591676114 -0.19286884748745614 0.72565244844301047 -0.66009328900569997 0.022516250735008039 -0.85651282705539078 0.98584660526553414 -0.014408490665790197
15 0.19220260513055418 -0.7303151944446995 0.65410554483591821 -0.042939626909600064 -0.70379606830540697 0.87275692405502447 -0.0022897798483123462 -0.19124719265158002 0.73125950136648976 -0.65340292682197765 0.041817080058219547 -0.75133615395185238 0.96986576228311705 -0.03092220241451038
14 0.17293895445815452 -0.70771500256391762 0.68108970702844596 -0.073132784418338773 -0.62560039200639495 0.76638364327519271 -0.0033437146135320605 -0.17220761252953856 0.70940676511338685 -0.67967745738162566 0.071590039289586876 -0.6677882626929077 0.85076389502509753 -0.033971423734058703
13 0.15349481692506872 -0.73923634251694625 0.65063475486557354 -0.081506974182099901 -0.67726288177873128 0.60945060672929741 -0.0089426131581131774 -0.15266567819376675 0.74069679074325112 -0.64938588511586137 0.079746016179965018 -0.72603148072709089 0.67945882719748552 -0.041627628774348224
12 0.16348257243051906 -0.73242417357851708 0.65787748221580689 -0.063446803408183192 -0.6797855228799311 0.52514073469358358 0.015772381486820003 -0.16344819776044148 0.73385950383776355 -0.65645874119159331 0.061618474413148307 -0.72792165674393772 0.59147627078164122 -0.013841458448196953
11 0.15114622836359567 -0.73847161846449882 0.65386011335685634 -0.065432702334848297 -0.68799307211861271 0.4138794198802247 0.017827141984779173 -0.15161279944631081 0.74002882505129464 -0.6522141370366149 0.063147577838242333 -0.73793195310717685 0.47071997071163674 -0.012212211166934939
10 0.10813118490780416 -0.73901063726412741 0.65827144722671538 -0.094072454134819308 -0.67956702462062346 0.30790304782163269 0.023560375549892293 -0.10844295901463387 0.74079320126545922 -0.65649712140998195 0.092071098502356216 -0.72954839999489574 0.35101054058327807 -0.0080322037999202567
9 0.1132235317326796 -0.74044604518455648 0.65910301716071218 -0.067106622640209571 -0.68546514076822895 0.21593436217499462 0.086458913536916829 -0.11349911030054409 0.74221298184555606 -0.65722110928430399 0.065561078789341032 -0.7368315055766157 0.25255277910722773 0.058468685004315901
8 0.1404749323422807 -0.73935285378676252 0.6566404324769729 -0.049472147894116157 -0.67718970876726037 0.11271543025930032 0.11199850455695437 -0.13956348197019983 0.7414570152739387 -0.6545378194235133 0.048412518481567829 -0.72888271680665895 0.14231412180426029 0.08837280662273006
7 0.15105166355507355 -0.72685134563872444 0.66811401363676204 -0.04994177672648438 -0.6750165912215732 0.054126262809716802 0.11933934948096367 -0.14926153532354433 0.72928359839267742 -0.66587808903095302 0.049727233351278724 -0.72594957000392002 0.077302506782672253 0.098125785701391521
6 0.14541338484189101 -0.71058976301870536 0.68724273630764288 -0.040181557887003595 -0.66955321585229721 -0.026199960164127515 0.15355075092690679 -0.14276783572267859 0.71384855382841639 -0.68436552217819102 0.041005113509327881 -0.72038593623764413 -0.012227625400518916 0.13556439273011023
5 0.2487553495451961 -0.72018501112975297 0.64612310744710799 -0.044488828255844444 -0.55645872091213522 -0.10938561531285217 0.034867098819835657 -0.24433046402508232 0.72424803844147356 -0.64312369046558726 0.046468504655188828 -0.59423270055252786 -0.099010803586733198 0.01299720226241341
4 0.28134661454859744 -0.71564942126631415 0.63113759565046201 -0.101761110841944 -0.42323803949429967 -0.10958746988183113 0.060432948794533599 -0.27634243340459513 0.7198515684692437 -0.62825528873325343 0.1036526461364746 -0.44670575513475086 -0.10066473051048663 0.043140881275800069
3 0.24119414694940838 -0.70262014832572284 0.64880442860205256 -0.16493369598251106 -0.28831805373264935 -0.12910996251000045 0.10324122276282381 -0.2383691392896346 0.70594393198643657 -0.64591145614318846 0.16619780127557063 -0.29654272172459706 -0.12459534190769944 0.088986372368411004
2 0.21838157193896751 -0.67263376080156545 0.66768121298999172 -0.23254055708117433 -0.19997085571341253 -0.1892763214640642 0.17267481996218387 -0.21625294877155479 0.67598363839452213 -0.66463474963098634 0.23354107209111491 -0.19781344635242298 -0.19422308748948849 0.16450428601043918
1 0.050639807022369948 -0.59401314612317579 0.69313072457348412 -0.40515896982520361 -0.20997656865766118 0.040973367498425263 0.28310828878016248 -0.050767706684709819 0.59614890027319689 -0.69308453125621994 0.40207332813104996 -0.20862448750751572 0.04185397743578459 0.2857116545621865
0 0.16162955774728707 -0.62325761747127895 0.69412008333457176 -0.32190548028582688 -0.13014560146156853 -0.10684651021177026 0.19499685062082636 -0.1603562858524813 0.62583185755801451 -0.69248836911371503 0.32106106318784522 -0.11767831851005117 -0.11005687506809492 0.19313516832501776
