49 0.5989711193444075 -0.45108847314718975 -0.33126969807497703 0.57272434444709863 -0.12477866272050889 -0.68378023162452228 0.27460122676392912 -0.59002484801897959 0.44657235285931535 0.34035027586749961 -0.58017712993429182 -0.09159192861679033 -0.6803181770184622 0.25195818537745907
48 0.66880849975324952 -0.46691230053026811 -0.16408203681625588 0.55476587806530497 -0.27499321252592435 -0.62237744134470419 0.42628501439846606 -0.66382617486730866 0.46387207209390102 0.17497227595138487 -0.55994840203427698 -0.24924868458068206 -0.62668762077104267 0.39006700058756261
47 0.69992387688491908 -0.5986118806515488 0.034730438978421548 0.38802600366156842 -0.54583469798650575 -0.33906291591239246 0.56103819319542581 -0.69821093499312892 0.59582685459697815 -0.023891346921462147 -0.39613262064537236 -0.52424366716935578 -0.36196841965115728 0.5307434853506956
46 0.68643748056347786 -0.60058233800086769 -0.089595067599686565 0.40009644389932353 -0.50296920450260418 -0.42750346611749124 0.45961203743998214 -0.68302985682969719 0.59705487566358739 0.099649485336911384 -0.40873667586556295 -0.47635094322599825 -0.44614196085555213 0.43348689559179654
45 0.69094497331512716 -0.67075492225977906 0.038131247137200244 0.26688740342435963 -0.64375620839581704 -0.21691080490301753 0.46579093937942539 -0.68763924141895139 0.67088783841912691 -0.029491016779229464 -0.27602909602324127 -0.62550162564851886 -0.24207169199938761 0.44957457170214221
44 -0.33600172803745992 0.69961101337895382 -0.59239676390262963 0.21613269727740489 -0.1541568871357463 0.69933769410751345 0.25578128928382227 -0.34419012993534553 0.70099756012426806 -0.58805410417941029 0.2105420283759622 -0.16603166279798209 0.68556126954034302 0.2598566816630683
43 0.27673163914009719 -0.60764792955796576 0.65513784563060451 -0.35352227203564335 0.068783622733818953 0.68238417982278632 0.10539495752321228 -0.28127949157579518 0.60897575512932811 -0.65163614828291583 0.35411962319890217 0.05754257634708182 0.6789503497917323 0.10623743451260692
42 0.12445712303334545 -0.48741179653181416 0.69509748828348938 -0.51359482757313368 0.32375561943217612 0.54668023074877392 -0.077547603291979447 -0.12866314039455035 0.48815135614765442 -0.69278865894244024 0.51497371179095464 0.31558700897693548 0.55246149710847114 -0.076373860157861628
41 -0.1405932811119886 -0.12859878878761369 0.71921784765338681 -0.66814786420773242 0.61967190627288671 -0.014967493670549151 -0.093898835444567508 0.13852877875848266 0.13492646289619517 -0.72596172890389143 0.65998802658296618 0.61692688246866911 0.0078554938036813349 -0.10119240105869054
40 0.53574638155543908 -0.24074458729179052 -0.53939844925577851 0.60337979024858046 0.15352333553304018 -0.63260604853546565 -0.010035176778083136 0.52880018891187397 -0.23519010592602313 -0.548278414231401 0.60369425603460303 0.18195894506259869 -0.61731341258773176 -0.027784652428718193
39 0.4953386428046766 -0.070378158468562851 -0.53375943753568733 0.68175318598198242 0.27916845092369347 -0.52114752761863437 -0.098001214062738665 0.48641772548654238 -0.061832177878625424 -0.54455600194236553 0.68046553098583273 0.30696030911429473 -0.49602652984766155 -0.12242927106641543
38 0.40801667760979221 0.021117000511574269 -0.59541094820524421 0.69178194963369188 0.41410956767933582 -0.37833014866364473 -0.1654605018395309 0.39942778381319738 0.030294610972255605 -0.6042406957219939 0.68879087080006962 0.4325758577175518 -0.34906239902863628 -0.18441417328778531
37 0.61343534546483858 -0.23272425478985648 -0.35788939034957046 0.66441830381330824 0.033876608968983979 -0.65623778129465837 0.12278130888944613 0.60778022340336901 -0.22335242403186295 -0.37081758747142957 0.66574109948290761 0.065469860385848566 -0.64759024934809362 0.088516535037209021
36 0.63764184544325753 -0.19795181942393811 -0.24826841538008756 0.70184809471218956 -0.038410761738567674 -0.69194514136986529 0.16630097141969205 0.632018606653309 -0.18792622486348473 -0.26180865671035802 0.70476410388447475 -0.0023790064824815715 -0.68369950570710813 0.12669826310588572
35 0.61317104637269904 -0.09887515918282104 -0.3333391430247043 0.70931656297758683 0.046664004897630201 -0.64977404570210362 0.0020793769494108988 0.60636048393435316 -0.090329331866867271 -0.34680105654836607 0.7098567478754565 0.079936957551288934 -0.63353704531256916 -0.032968329361206195
34 0.5429984331698593 0.01719621251409616 -0.40657031956211315 0.73454582369067323 0.18378940747397435 -0.54562343964506455 -0.14398279781205306 0.53578876474074233 0.026666433937411096 -0.41836976423192079 0.73292976556773737 0.21072727642310696 -0.52112969834651068 -0.17339753713704531
33 0.49856365390607871 0.11215100249773081 -0.47913633623150331 0.71364193188546921 0.23229496783309414 -0.43755574588321555 -0.24542060430275703 0.49082318065383307 0.12185668955282167 -0.49028816518724183 0.70983171781867427 0.25509968776712877 -0.40658439191762663 -0.27156827736333811
32 0.41214508181563614 0.2026430793254565 -0.56545097188087678 0.68508204788598215 0.31133288224344097 -0.24938123962112321 -0.33068027117019178 0.40432598860552427 0.21116333727804043 -0.57251848550007889 0.68128784202307757 0.32799070947667275 -0.21834631504091473 -0.34670169158879349
31 0.22922677055751361 0.1107733866388058 -0.67988717001036691 0.68770471899474284 0.55502740703199493 -0.12084103422126108 -0.1513969574051082 0.22200240732257287 0.11933925867063623 -0.68231384121916849 0.68623676276025103 0.56102321241055042 -0.093141479934476135 -0.15825935429032059
30 -0.0630731107323909 -0.28802028514686762 0.73872330643681805 -0.60609733094075913 0.51589857716027487 0.23321722264837533 -0.16384995109042172 0.05624165446878919 0.29155516106116619 -0.73982596273916112 0.60373007976933213 0.51566770260323891 0.25189361901758001 -0.15862873350857309
29 -0.48088787185304177 0.69474911776029524 -0.53075040334159707 0.066140210376702438 -0.33907860960770858 0.56805916051245298 0.4688079792096107 -0.48582013495558879 0.69681914121999533 -0.52439635640905147 0.058569123999534616 -0.34725866385267423 0.54735622562698993 0.47259503607496312
28 -0.43478520795596642 0.65746099642611133 -0.55473080547779519 0.26642183576994638 -0.19782637237756789 0.69871764266502134 0.26278505045441031 -0.4408125164335614 0.66108724058563351 -0.55038934122077343 0.25635826251741289 -0.21611533196088217 0.68472666260020287 0.27312278816165936
27 0.54072939457373981 -0.68247864352167575 0.46681435618104461 -0.15465762135765274 -0.39504778068407737 0.59379442292207374 0.40631421340854584 -0.54561711750751607 0.68537376523260285 -0.46022055661805295 0.14408956339667317 -0.40926905487949794 0.56877501038847322 0.40858984846793156
26 0.62077489269748365 -0.69971499284387606 0.34693042029933968 0.068386730122484099 -0.58916234855829064 0.30608717245839712 0.54672498885088583 -0.62302318970139214 0.70028340620925433 -0.33895245436345267 -0.080972154246130496 -0.58548908567364588 0.27138524860699864 0.54770327584190581
25 0.74330578757899823 -0.28855572982410826 -0.024433179508051562 0.60302165523003304 -0.24975685904210981 -0.60204209591511304 0.41536148427262171 -0.74114887879880087 0.27682819936043168 0.047623476930225589 -0.60975117215075347 -0.22449373459667044 -0.6162934479769433 0.3571165107887202
24 0.73776739012309778 -0.346690909242024 0.029896766957859013 0.57845559453199125 -0.2930822662166489 -0.56043685567181356 0.514810141416011 -0.73654245256767592 0.33945110907825826 -0.012091903435235675 -0.58492046124447239 -0.27138867963875057 -0.57595471238619478 0.46499475923954758
23 0.70650023808411677 -0.47352926160350484 0.10017015848917582 0.51632682609039415 -0.38207958559975119 -0.40436097288572659 0.65199497103853465 -0.70690739417000281 0.46333928033128385 -0.085565456743922561 -0.52751985742914753 -0.3560105751784981 -0.43321308799889469 0.60985076096421431
22 0.69890849584358417 -0.50198223654838925 0.096657219923383692 0.50019809122408465 -0.4183916800907958 -0.42465642248105906 0.63910735444130362 -0.69719742873864643 0.49437324789262532 -0.084796894449299262 -0.51217216228536999 -0.38947970508269703 -0.44810924343509295 0.60621000245387968
21 0.67453851300891821 -0.55874896576624866 0.17287375127776547 0.45045760493304765 -0.45992212558463852 -0.27975474339896711 0.70684448226642438 -0.67411885132622462 0.55102834340297913 -0.1625812922636739 -0.46421855031768594 -0.43265535886168371 -0.3099442310215797 0.68064501651803155
20 0.63999588934453988 -0.60826517507167654 0.24025225990982582 0.4033578932230481 -0.48797194432454821 -0.15348391148424548 0.75729615620451529 -0.6390245464305917 0.60236233948196616 -0.23376271571266438 -0.41732748983936996 -0.46168845643680179 -0.18227821570893449 0.73916041273858601
19 0.57932358930949857 -0.63358228868086397 0.38252154335063748 0.34151856642373823 -0.41296626444661422 0.085087414414994178 0.8242682742484676 -0.58063576664403294 0.62768054292170183 -0.37737950957182764 -0.35561769962494943 -0.39402590478661581 0.051777955677217657 0.80990608798188879
18 0.55001035312571156 -0.64217181798565004 0.44575558113973318 0.29394885528321857 -0.38194072245840277 0.187389055936245 0.80515591088777949 -0.55118701767979206 0.63808275142391657 -0.44098036890493841 -0.30753794581645594 -0.36733442710086861 0.15559563040038307 0.79472401872241738
17 0.51001316284907472 -0.66208295414898133 0.48906981491246992 0.24968670707012477 -0.35406602453599795 0.27618335071175121 0.77736799023660841 -0.51032621361624775 0.65995580796164144 -0.48535432789562755 -0.26164224358230942 -0.34291113212050284 0.24901439811710857 0.76945747733314773
16 -0.45127935188665208 0.69335088833636127 -0.54686463439932087 -0.12864899473855076 -0.34333653729256208 0.45310321990280361 0.64630497615100158 -0.45119727326027598 0.69296731710987591 -0.54492628412595989 -0.13882601661326444 -0.33589129815902008 0.4304135931880072 0.64516512464233944
15 -0.38795116848601485 0.70010208173135269 -0.59656474361790413 -0.058834281655050377 -0.27256927750494875 0.55357728653045957 0.54597895779058669 -0.38791273907475848 0.700916779491358 -0.5948648141748597 -0.066145505876748334 -0.26975752586807433 0.5351904126856748 0.54643591814386694
14 -0.3250935557764234 0.69616974153024602 -0.6399211058091141 -0.012761242509723847 -0.19924470016803753 0.61596812110334564 0.48323888081719241 -0.32449109907189178 0.69732782233693746 -0.63884979286544885 -0.017617518943187891 -0.19806866191507932 0.60226627604445737 0.48139593859208779
13 -0.25062418846253004 0.71045625309654248 -0.65494531734716588 0.059042864755528467 -0.15328941446821073 0.66811326213020283 0.33240934033920239 -0.25260079773256888 0.71175540292742445 -0.6529554263008025 0.056976263942335008 -0.15574723083360265 0.65688630685650151 0.3321422814244207
12 0.18251219346640907 -0.67296953677977633 0.69977129684244066 -0.1553107656215168 -0.049018929306673821 0.68272307136593047 0.18435012784415697 -0.18096878252983126 0.6745720181681899 -0.69862505691038923 0.15532521337864411 -0.050842450909975745 0.67654911279953789 0.18259685960322819
11 0.26463733604562284 -0.65090741108746319 0.69530092671784638 -0.1511398156257833 -0.040809096885194247 0.69937099159888727 0.29173331353393694 -0.26827081548384218 0.65278367784526747 -0.69260204469116438 0.14901894909057298 -0.049017111282271153 0.68929343584602776 0.29177356688427381
10 0.22755637625801958 -0.63916447196231418 0.69218736613278098 -0.24609657366899082 0.014903008685119882 0.69183099321331898 0.15640490783890457 -0.23084848513241199 0.64130366949484185 -0.68899718225126738 0.24641725437626136 0.0052817469481833967 0.6855804197399209 0.15618243286443717
9 0.16015005848374664 -0.59983209788551772 0.70714241626153995 -0.33838294318375717 0.11908066603242019 0.66038814655862343 0.01751269162356426 -0.16257375303953034 0.60172957736124255 -0.70428874232787586 0.33980679507849898 0.1102472963857184 0.65760986102288399 0.018136772970085868
8 0.11620696101723588 -0.55761547015378699 0.71946162945800207 -0.39741149127063063 0.19769586159308417 0.60806970038922548 -0.045583200548408927 -0.11593735275577911 0.55849451811432638 -0.71738095762167209 0.40000870629780205 0.19140149920399896 0.60599140214410196 -0.047701189367532759
7 0.00047742268418478806 -0.49856209931316747 0.72877492598697513 -0.46938546254513053 0.3059422110074938 0.49220651960817929 -0.17082033429413571 -0.0010977720817574453 0.49888757857618515 -0.7270031134768109 0.47178008842454394 0.30052949137150442 0.49338388089425939 -0.17128834330142961
6 -0.36369899921810978 -0.39351937373309315 0.60682190681114512 -0.58705426825681595 0.22935060187628858 0.0070896821710153502 -0.42818239990710771 0.36562502075381609 0.39390092105473795 -0.6046379242583908 0.58785490483579805 0.22883304591472306 0.01392571682535244 -0.43023306711080439
5 -0.29012890240323835 -0.44928813855726751 0.66306375691148667 -0.52374788096226588 0.23112920137130932 0.18098155003018832 -0.41673737945180739 0.29249466926570988 0.44897217084720226 -0.6606567815906319 0.52574088217885595 0.23082931107405044 0.18422385653661877 -0.41806747981815451
4 -0.21566069464823817 -0.50688445013897487 0.68352416172926034 -0.47890848742057357 0.20462507239507843 0.32558528026508815 -0.37229075848020171 0.21674621803212085 0.507600685305303 -0.6819642397858342 0.47988269076899231 0.2036373267775205 0.32915416816955112 -0.37308633843249572
3 -0.094997519140573014 0.69110120946930753 -0.6929531307275939 0.18212783489083081 -0.036734011687646444 0.67520601409422565 0.09247777343225215 -0.093735810850291285 0.69208221895957778 -0.69151831902143035 0.18449448344598512 -0.037855149404049437 0.66995033709211416 0.088034939200161977
2 -0.0098090956855918197 -0.64772261689144217 0.71728327405168357 -0.25663962666515677 0.060669587046150858 0.62619853602346276 -0.070088096428362653 0.010202931559457199 0.64810616086604755 -0.71569537982328735 0.26006619875459841 0.059758812438914677 0.62324275535137319 -0.072383966081683238
1 -0.090003228524010576 -0.60287804504808429 0.71812769898602613 -0.33575301875528984 0.12130109421382977 0.54718228727239293 -0.20448728664141866 0.089679274401636699 0.60368982847487296 -0.71646008667678018 0.33793662562361476 0.1200462723900384 0.54712588306442789 -0.20526561289351841
0 -0.14726213366227556 -0.57076348915714392 0.71431627134316555 -0.37722031749203838 0.15293323520810664 0.46469299364877786 -0.267885665876338 0.14662111516979728 0.5735571090934225 -0.71214883879618984 0.37733078670577547 0.14855899492223479 0.46627974337225053 -0.27094849587109426
