20 0.090627655244161123 -0.70738315639594762 0.69196591093501081 -0.11215558950017672 -0.080027958864904686 -0.005893937461002436 0.35587258441210523 -0.094141593035941648 0.70678027725147885 -0.69206008026036803 0.11248042255873168 -0.081535685702391114 -0.0015144767059587158 0.35444364951127488
19 0.2024293394471075 -0.70670036027695049 0.67396613469195044 -0.073257167593538244 -0.13996926708380192 0.13472043496402156 0.30914157083042371 -0.20098870399847321 0.70576444505057945 -0.67557369306117754 0.07141620412163939 -0.14537027440645267 0.13839183054255397 0.30929595871810656
18 0.14562680230708072 -0.69128558255896622 0.70084588963258077 -0.098651491529736166 -0.12679099389882978 -0.018752321179187823 0.29208368914624577 -0.14504350612996347 0.69089849164793937 -0.70144126338810664 0.097988823774073711 -0.12876808279307142 -0.013736977582294224 0.28915678654176791
17 0.17071529303969329 -0.69879423786789407 0.68811309992798086 -0.095096075379091441 -0.1209892835609058 0.090162659809781706 0.30938053119801862 -0.1686200825373797 0.6986328617741594 -0.68891597709903374 0.094202806285264395 -0.12566537494219782 0.092561694541131279 0.30788294132149358
16 0.26813309289567261 -0.71534719538455005 0.64483003546369777 -0.024026233861044063 -0.15920477173447936 0.16162095270679458 0.30634215376375395 -0.2666034265568562 0.71457554489604524 -0.64639453995821128 0.02187469535503337 -0.16393886451639617 0.16644297177126199 0.30417449244299366
15 0.33063938005872312 -0.70259042291322626 0.62705722824342058 0.061996213534996951 -0.16573131640556737 0.18428168712133253 0.33498746747117769 -0.32876336854357013 0.70135412669844222 -0.62911794767526763 -0.06502033820128432 -0.1710195267216621 0.19079701311998715 0.33278246104942966
14 0.32586901334858753 -0.68601725977280581 0.63189997012145127 0.15457080317297414 -0.096332063380611191 0.24674547165764138 0.38899938823493591 -0.32599674037718557 0.68454748009404198 -0.6329335519687791 -0.15657583323275692 -0.10207325032116887 0.25537022081027683 0.38570212298477963
13 0.29855554572834159 -0.71022966639420237 0.59748692136310255 0.22236858116306429 0.037771523472543124 0.25636269541244977 0.44943450154869974 -0.29763733769725986 0.7086208377779365 -0.59876542038003866 -0.22527426580170723 0.028691565154220278 0.2632544013383572 0.44581384161288351
12 0.23900377897330102 -0.71391364854401407 0.64842385024691429 0.11292035463114228 0.040573451674982317 0.2875118519574853 0.41188668404033374 -0.2402677544271685 0.71241087860542096 -0.64930127052285214 -0.11467347698830709 0.033912994841841293 0.29383847489088455 0.41054254382369715
11 0.22418619632479267 -0.69802624801582092 0.67733462633393093 0.06097303032859288 0.03828279454075708 0.24721087759455435 0.38770036260004681 -0.22616059109678358 0.6964452894218619 -0.67814559361043636 -0.062720807899782183 0.032976539244260916 0.25389549129256145 0.38600337262272177
10 0.25837891136846153 -0.70533143630398254 0.65666326124841834 0.067388904487323958 0.06979954189495495 0.17228223525679506 0.39195198687990968 -0.25934410778833916 0.70438833236037113 -0.65711226417738589 -0.069146100813530176 0.062984235088443974 0.17949176117785987 0.38922408737086922
9 0.28056500713988375 -0.71000922678015954 0.64528487302611581 0.027885610972437243 0.20556707860494514 0.16603389480839822 0.31704994954019811 -0.28236401664713512 0.70993666725834004 -0.64460729896211033 -0.027238221487273305 0.2023873082669283 0.17125584334761648 0.31664855327229446
8 0.20544282658230301 -0.70873997892966412 0.67450747608600348 -0.022815608182609907 0.22731746445537374 0.093405378091586222 0.30695626477669458 -0.20658428210247906 0.70934468568685816 -0.67345181707047375 0.024813330298308685 0.223666219391081 0.097889329310554857 0.30575848089653324
7 0.14704262210518612 -0.6924243050002421 0.70319997213354668 -0.066609671375421758 0.24185962297536354 -0.02240307831889431 0.34147631724243721 -0.14756332266756961 0.6937454120984784 -0.70157197434091045 0.068841367033319958 0.23775388887611171 -0.017803209584917878 0.3409822694671964
6 0.11441956536597554 -0.68686743835582509 0.70441829520863486 -0.13753599733644067 0.22598493609142462 -0.042982197627702175 0.3543469907075581 -0.1150751278304482 0.68811536052432964 -0.7024909209874679 0.14057550104999439 0.22430666018248718 -0.040312317003266596 0.35247979825173587
5 0.086448467453219296 -0.67014656336819944 0.71919953432161643 -0.16180938141020168 0.23094179181846231 -0.12173119826157557 0.34132621780089478 -0.086229353033480102 0.67176484216019006 -0.71697655941579874 0.16504880720927981 0.22829069022591586 -0.12073951262261517 0.3402248261329559
4 0.080226891394853936 -0.65805441081220806 0.71964740644538039 -0.20648401561417309 0.1539066086564973 -0.25994141297511902 0.28122172630764852 -0.079566090836566336 0.65984122878921581 -0.71664763117481556 0.21141183200202013 0.15410263114173084 -0.25813461904706014 0.28288880004131478
3 0.084025572429627979 -0.66127536411928656 0.71882335807355358 -0.19735140200829254 0.002470840961788325 -0.23445052071159148 0.20593922010274002 -0.081897781126111083 0.66195232128319481 -0.71825732262143593 0.19803609846463868 0.0011600591484079992 -0.22983729273608866 0.20219139226995231
2 0.11938752324698519 -0.66502255211959083 0.72135405340367298 -0.15211822410016393 0.007663872484954269 -0.11656035578833024 0.17596468954855543 -0.11765938214293521 0.66647894539044561 -0.72010795837978681 0.15299220053021451 0.0069114181842996891 -0.11467356147590724 0.17301026116737822
1 0.12518548789930103 -0.67326674441694967 0.71019057144680087 -0.16330902213191392 -0.0061961185219874555 -0.070500528938216289 0.21527242964006299 -0.12336395540246016 0.67465413045754496 -0.70940351693750137 0.16238777331048604 -0.0076750694569877043 -0.068206362127762293 0.21208999085444769
0 0.16215718361418885 -0.70430662768228602 0.67566929429498357 -0.14535551847810624 0.011954261648343099 0.0091850257848124679 0.15472396621853152 -0.16027280047591805 0.70524159024223965 -0.67534012013042466 0.14443909083910467 0.011222692064067549 0.010740084434171404 0.1514698913484992
