19 0.18188290427523887 -0.69318776315673691 0.69417088051366993 0.067350744532180248 0.027730868249180109 -0.086892181689450579 0.050350143438722184 -0.18400941430703466 0.69341663040654622 -0.69350452572148014 -0.066071059669407378 0.030110868048489503 -0.075033475011077377 0.0430762301797189
18 0.29526690141044482 -0.71086873308864817 0.63619029826945173 -0.0523928013780596 0.21935098265548253 -0.17571144875738076 0.0057049668941751086 -0.29634693448808136 0.71100887834743454 -0.63542506757575079 0.053664260238939894 0.22464908658480121 -0.163578677390296 0.00049188148021661604
17 0.22865535320853447 -0.64718298453991341 0.69679819206342974 -0.20819028197355086 0.19978168929439827 -0.41163202742695187 0.038633488740362834 -0.22869892857105992 0.6469201317346851 -0.6964317589783261 0.21017599366526579 0.20707487324491758 -0.40471291793104824 0.032997327931265752
16 0.13786438593572364 -0.6237895427642598 0.75097461494058282 -0.1670842456468182 -0.048346196052121121 -0.55803427621130719 -0.044703693588370647 -0.13609205153046186 0.62362367767070448 -0.75128152239185564 0.16777525524126349 -0.043005253354528428 -0.55041317514658905 -0.052965556024560434
15 0.11637333057113816 -0.60972133337778534 0.75479295398712698 -0.21209606353533295 0.0010385316710813859 -0.43913664180622414 0.011576099753257239 -0.11793627043714106 0.60906210555929507 -0.75508691864306243 0.2120804870354201 0.0079987178343188248 -0.43248189010772653 -0.00018119897268786822
14 0.11317031055887207 -0.60497044667595412 0.75763478197622125 -0.2172389849832399 -0.00025081500198981439 -0.42408894390288143 0.015247718414849329 -0.11489733699159116 0.60419012001965511 -0.75806760815805074 0.21699401439764965 0.0064217822403809244 -0.41769911779058133 0.0032442427735959178
13 0.190787244188349 -0.63797940907192496 0.74588327996550907 0.015512373227409487 -0.16366667043440988 -0.2186929942803077 -0.072504442618190251 -0.19177768088519073 0.63784449854084457 -0.74573905001710128 -0.015779292603539882 -0.15872705495423728 -0.20726564939686576 -0.080396718457472205
12 0.29530528317823401 -0.67969870764423046 0.65041095546915229 0.16664346839732333 0.17476691392533825 -0.15404200713693389 -0.098507144217196807 -0.2930698503210456 0.68042604088806147 -0.65074662378105452 -0.16631084556262926 0.171141256200537 -0.13977630026285348 -0.10293580695728477
11 0.16100169586567478 -0.64286992630745809 0.73604497474847475 -0.13796560051454126 0.085786828361141987 -0.43301030778333588 0.0062773241412420137 -0.16091677297581397 0.64249666863193367 -0.73607274600090955 0.13964503416376231 0.09125636343291299 -0.425208467633929 -0.0010748200429187005
10 0.13062582495136954 -0.6199669731793177 0.75732863503323933 -0.15821246658003801 -0.10686552392040459 -0.54650021521655012 -0.053279211419907997 -0.12756193713963324 0.62019524504777779 -0.75740595839497504 0.15944285622473189 -0.10133327999268316 -0.54068729993599585 -0.058805083100886502
9 0.081189736378866117 -0.66262584535764968 0.72802876332592226 -0.15591451356727171 0.014000562401903066 -0.37028087471938681 0.11745855656727185 -0.082763306298450398 0.66198135421865389 -0.72828616451999972 0.15662114916617734 0.018440427694575767 -0.36233005144463792 0.10719399466826762
8 0.10579100811525782 -0.64649224383673343 0.74323951498290153 -0.13583469596860664 -0.095321725652213737 -0.15456400041070084 0.14495433223467385 -0.10914698921028967 0.64519636951822235 -0.74418844538809215 0.13413477273879817 -0.089366506852560978 -0.14512832426682484 0.1353507620845058
7 0.11194646084596836 -0.67328772768712086 0.72965550617035846 -0.041886369683394806 -0.11151705149310877 0.0029111990695438864 0.16469485789199392 -0.11599890925227951 0.67116255446100315 -0.73114218445834267 0.038938215767357003 -0.10853325227788196 0.015686184955458815 0.15155254680502434
6 0.37442396576669185 -0.71318719712699041 0.55611006748233327 0.20472495831844009 -0.036560032718658805 0.12436086404444029 0.17337776796002835 -0.37284038637301092 0.71439651880984179 -0.55538706200645993 -0.20536034563039648 -0.040716715817665075 0.13913029215966255 0.16916288394002404
5 0.3732401685219916 -0.73217957946639578 0.53125509686770644 0.20584669554348201 -0.027290482655577389 0.1769690684372327 0.1868219224941266 -0.37090539674037826 0.73328884357517332 -0.53117101351212404 -0.20633471099538894 -0.032655219461270174 0.18994038786971312 0.18265694938100929
4 0.43556975338538617 -0.69073660652814872 0.53315863118840234 0.22114204558853284 0.23719335180802559 0.35015731811305884 0.26667898701820031 -0.43690971860482808 0.69268505249489254 -0.53057785904129362 -0.21859654922700622 0.23425226474855743 0.36213521860026254 0.26474486562495603
3 0.3676856108754597 -0.72748658006804545 0.56560194526875607 0.12515992523263497 0.039547614999725339 0.16949526140347221 0.035080064389522374 -0.3670154978852328 0.72808298952760919 -0.5650655766137519 -0.1260780662873682 0.038150027932667419 0.18216723594726991 0.031282491891227338
2 0.32063179287666038 -0.7090223731120866 0.62794805495581385 -0.012797191114228999 0.069201977682186444 0.0011389540453221752 -0.010402398017547625 -0.31967515333470092 0.71002150349300919 -0.62731336618244582 0.012457990480451828 0.071542402670325994 0.012562167550454133 -0.015848958778586053
1 0.12070298230188542 -0.66262165879364554 0.7159609241020275 -0.18374787759307576 -0.1661973137090843 -0.15885209373629094 0.037712327201239244 -0.12440591376662412 0.66172233248449408 -0.71680830402130125 0.18119762304533107 -0.15745272975988156 -0.14990135468786733 0.024655207377900057
0 0.18626884912224814 -0.73763420434519666 0.64724268845603561 -0.047713715710529597 -0.019190103198099186 0.018935532897628227 0.014706757392085035 -0.17988784269281871 0.73878297835609474 -0.64757180394170932 0.049908252647254014 -0.016761981361205769 0.029364415491291845 0.0066183829749243972
