26 0.74460528697719808 -0.44774452852717145 0.00015490519562358156 0.49506340986177311 0.56701202697887554 0.85190831914882847 -0.14481115592925026 -0.74347817705849328 0.44871869462940833 -0.0011677160029169883 -0.49587334044813924 0.56393633166283852 0.85618593249542485 -0.14830307760359851
25 0.741007763767488 -0.42993136722324898 -0.0072805148470974981 0.51576497323627601 0.50553264356241578 0.88720091286112546 -0.16955091488340987 -0.74017920272903126 0.43077506311829122 0.0074972847967540108 -0.51624740538188096 0.50222416342573162 0.89229079634840636 -0.17075582119968047
24 0.73507824422624679 -0.43731936378806369 -0.020197035468557781 0.51769086207846415 0.47355600241055751 0.86746310728354858 -0.17563276195758828 -0.73408170702347353 0.438327056177715 0.020043482504159594 -0.5182583313803909 0.46994848332859362 0.87254249771396486 -0.17848030456691255
23 0.72482111964116258 -0.46362853370372237 -0.031990638274007374 0.50858581018417048 0.45686742230772276 0.83956296729111679 -0.18395133460088736 -0.72396628454010981 0.46437987390461849 0.029932532591621406 -0.50924276632483523 0.45239696776095428 0.84480493269220136 -0.18908054005238384
22 0.72613332889142246 -0.46783319351657054 0.0056297412054125669 0.50381623408849086 0.47154407237866014 0.77960347825237486 -0.23476889590763669 -0.72547773462700538 0.46852007025842834 -0.0069552755745567922 -0.50410576714335253 0.4684004312460095 0.78276291271472154 -0.23912829242914313
21 0.72505516203741693 -0.48098909815797475 0.03941403299243431 0.49131561491504189 0.49396644408519758 0.67831243143035924 -0.27937864243534388 -0.72445637820115238 0.48207551159697087 -0.039777794273330405 -0.49110475897198985 0.49300216043654288 0.68119627243903125 -0.28227000414782921
20 0.70418188527745373 -0.51702520945594754 0.07073077248698334 0.48146647137419579 0.47277822342208653 0.54626519652045946 -0.35262533612548458 -0.70327307375887493 0.51806812727704843 -0.070790183525933068 -0.48166497603807656 0.46947900485581195 0.54711909590514574 -0.35699945251193821
19 0.70569455595579988 -0.51224077344302354 0.10730932944562897 0.47758694656655826 0.39259064665126525 0.49184839570013145 -0.42838067515178135 -0.70566061396185009 0.51206132572084517 -0.10848179115765137 -0.47756465278663901 0.3885374356237441 0.49533515874636946 -0.4324211523574446
18 0.67538614211128656 -0.56068586975863965 0.19694909106891811 0.43668749698629744 0.32753565810181162 0.22068790537061345 -0.55373646270797194 -0.67673731756223166 0.55894252054613769 -0.19716636286382694 -0.43673251207032382 0.32621004231328943 0.22852995028038187 -0.55713083174861922
17 0.6719653287475581 -0.55236285985966893 0.21328836447015193 0.44482124678401019 0.30967456838653989 0.20141305119589895 -0.65678489874513224 -0.67345070557134856 0.55091775700344325 -0.21313617932852294 -0.44443980609862982 0.30828941622780637 0.2101925870675786 -0.66001801869895216
16 0.68847744972515579 -0.53394737142560666 0.20743679851915817 0.44482466252193509 0.29289568067637639 0.26482256220725386 -0.69750414419311024 -0.68917343089306971 0.53363238720148454 -0.20632912845479326 -0.44464002095156202 0.29393250000905136 0.26949195948794014 -0.69826547175778364
15 0.69053598368399227 -0.52892186591434287 0.20391204386729694 0.44924558246145629 0.28561397800861815 0.28087577119921447 -0.69464031980546248 -0.6916129470863186 0.52806205656408844 -0.20336299232923452 -0.4488490717276602 0.28659918050307231 0.28716345113060693 -0.69392168852795133
14 0.68579657591358401 -0.53091809990287064 0.21243196149642096 0.45020183184379919 0.29066657159037801 0.32535003842868265 -0.69140184563778539 -0.68687518619311594 0.53047037266045927 -0.21121575251293082 -0.44965716741984918 0.29297866736751788 0.3309121017523472 -0.69015909732735004
13 0.74592336926037528 -0.48699655298509498 -0.034698317307293253 0.4530217559322382 0.58025288666191532 0.70175899654032847 -0.030576018955992278 -0.7442516856761312 0.48897248101577934 0.033264776079108764 -0.45374970617061272 0.58023496699227106 0.70309929134009641 -0.035789259485916602
12 0.72573211496089229 -0.51999686827146585 -0.0013097568142513862 0.45046025223025599 0.59296883972162318 0.66728864344570471 -0.062572200278321499 -0.72442306500571751 0.5213604553043526 0.0002106156097949283 -0.45099274292789365 0.58793956470571196 0.66876564742146949 -0.07166569309794113
11 0.73762423434990065 -0.47226384421683326 -0.020723196031627162 0.48212850931208823 0.55994117039048596 0.77686673418287044 -0.081416048180380798 -0.73617423235520074 0.47415814554739127 0.020056534122636461 -0.48251351076034893 0.56165057091975967 0.7783781254461315 -0.08390289322849398
10 0.74493221589438718 -0.43769860764219404 0.0065812797403035448 0.50344077044647773 0.54069721068014898 0.87886855180753232 -0.17798998388100112 -0.74448323815942286 0.43836814063257201 -0.0057416797008081766 -0.50353263498229672 0.53847357787882633 0.88558776032629982 -0.17824242636441578
9 0.71262741371639393 -0.5021440890295602 0.086251600062132172 0.48225941624739554 0.4979943262156824 0.57390847869134443 -0.35575982534513756 -0.71226526997803263 0.50267934259110736 -0.086464507904906521 -0.48219866506249781 0.4951715016349556 0.57630728045533242 -0.35835824823887297
8 0.68786598530764942 -0.54315898033378152 0.18525011174225192 0.44441096345498321 0.34702120810293335 0.31069361970936943 -0.5255395477995114 -0.6888693630318784 0.54240611261935812 -0.18483868550165167 -0.44394737301985659 0.34715634614320628 0.31641885143175963 -0.52797587000967527
7 0.67048369650074358 -0.55339682664280154 0.20847357552726542 0.44804278065297937 0.29931626894905317 0.2042003518736823 -0.61284589939675094 -0.67175058122506059 0.55239057928128277 -0.20794785494739143 -0.44763097990181705 0.30044845744755921 0.21120901094618894 -0.61382740509174294
6 0.68828692807243819 -0.53236827250802932 0.20478062013534337 0.44822987929008873 0.29590615230035672 0.23827707329559067 -0.69770543999546808 -0.6894823847083017 0.5314287408683378 -0.20437353941880673 -0.44769296503460498 0.29681193254779048 0.24559438313884097 -0.69819893614543571
5 0.68965867338299802 -0.52710332261171999 0.21022733353344591 0.44981937458796251 0.28278302604002192 0.29116043159893479 -0.69325488548009828 -0.69089182104759161 0.52617255528636164 -0.20975987389246001 -0.44923460349530348 0.28377697764778653 0.29801710942693793 -0.69275489029444781
4 0.69305871858047752 -0.52460820751780191 0.20106602584279332 0.4516949130290609 0.31496186669688475 0.39656524478429578 -0.67442532415317691 -0.69457242816696907 0.52366629621235528 -0.20001935363256915 -0.4509268348788788 0.31723070199373909 0.40287057662664383 -0.67441200972822823
3 0.70123961644598498 -0.48214507111064109 0.21933775288943239 0.47716881801708028 0.36775183632717934 0.50745202945592327 -0.6340229903330028 -0.70169659142270824 0.48201667761323658 -0.21777764434314198 -0.4773412968859933 0.36505586744758434 0.51353625773763611 -0.63336640462898286
2 0.72689372215019177 -0.47640627365844335 0.098891502924956382 0.48464734577500823 0.47518101580755967 0.6308769451957742 -0.42928154814464087 -0.72685442053475235 0.47702948477641816 -0.098790269509220291 -0.48411362783269168 0.47558690017581284 0.63339115959263992 -0.42932782877641751
1 0.70744102205603687 -0.49369312818101396 0.17048879022517135 0.47615949838968047 0.50694803067497285 0.46222315250184731 -0.4617519785329558 -0.70811523355094586 0.4935780615530222 -0.1697997835772995 -0.47552239344089009 0.5039068951440675 0.46847875811441764 -0.46131405979248363
0 0.69473063731851892 -0.51400114946485209 0.18192071079110994 0.46910235013808321 0.4863632464668447 0.37535867536818118 -0.49472664592821403 -0.69543884920580867 0.51381633828892703 -0.18079900173863442 -0.46868891441229188 0.48308729948906226 0.38256393098816288 -0.49676804486782078
