19 881 1 -0.22585813210844732 0.68826985035062682 -0.65188637786681691 0.22431421624696532 -0.58501793020392734 1.0046525134006858 0.29544747156021001
18 839 1 -0.30970321567703313 0.68427882947217489 -0.60839352770215094 0.25632736331813533 -0.48763787382978663 0.87032136916629343 0.24629363192824461
17 794 1 -0.067153236427066984 0.61782201081264909 -0.66596478577811635 0.41264671317761997 -0.15224704470401809 0.68611191643210345 -0.069491533385084223
16 752 1 0.14444051401319533 0.56518948282599046 -0.69016657387396874 0.42821476705218958 -0.23580971442863141 0.63327392835921414 -0.39850800839915185
15 707 1 0.3526405438153315 0.47857745859798451 -0.68813553888583712 0.41602613271502575 -0.5200770227680499 0.45302951670014224 -0.56131717654194346
14 665 1 0.17736867781148977 0.43026884239966523 -0.77972117605946956 0.41886031441984778 -0.12292907268941558 0.40080379793294552 -0.50198376677834933
13 620 1 0.30856971748301065 0.32029404279954848 -0.69410478079301652 0.56605212558549289 -0.29376114055409375 -0.21650548502400166 -0.56013954362773077
12 578 1 0.37738202356140799 0.32998117164964319 -0.64354052804228801 0.5784036855142598 -0.43954444556135208 0.035351812996943843 -0.42898983966477927
11 533 1 0.2962903065137984 0.42513049891911631 -0.71248295149806051 0.47312171476202108 -0.50287228986919419 0.4798562615548751 -0.40413645257908554
10 491 1 0.050204613916921256 0.5679091505457593 -0.7367724209462696 0.36349015557621372 -0.66556138721083535 0.85245922856948042 -0.24696008017702278
9 446 1 0.11882062503653391 0.59384335191027149 -0.72405488576375154 0.33011551744736489 -0.38917258289006879 0.99679202320914939 -0.043919925752450857
8 404 1 -0.042812226791784432 0.64211409096935124 -0.65268736744374756 0.39981971911735814 -0.091700674285149608 0.85161289324579426 0.13630902761414257
7 359 1 0.067954985049179031 0.50076059567207098 -0.71094071744451115 0.48906466045769675 0.51774123726041166 0.40157551963919685 0.37465310975739219
6 317 1 0.19859932125839699 0.34098690889318883 -0.71974060652362482 0.57119147129502634 0.53819172379348879 0.0044538869131071487 0.20224076256879112
5 272 1 0.15700805280151586 0.37301296163336134 -0.75190501667326026 0.52043121323626362 0.51186020104715202 0.24465212487548785 0.02154620932841729
4 230 1 -0.055956826373806653 0.53114675875839656 -0.68500380713953724 0.49550150196236636 0.055419351140009079 0.6572838717630719 0.038219634808973356
3 185 1 -0.12952748321882557 0.60659130815487361 -0.68256303130937068 0.38649362769872342 -0.36269904362877964 0.74296528176932641 0.038307863752667627
2 143 1 -0.01337657969601575 0.54434601729179155 -0.72427040807733767 0.42301401461144017 -0.18844232532612251 0.60127566633556473 0.019866073569801208
1 98 1 0.14120346252719898 0.4729167151575242 -0.71379971170507428 0.49689167256525851 -0.052550561978744893 0.39783333149079969 0.067225365525988678
0 59 1 0.21015633533811759 0.4648689459685178 -0.6633539828336259 0.54744193413560993 0.021743579565771748 0.21368521527890241 0.095636283000269648
