12 1594 1 0.024532957816772602 -0.6492616688490519 0.74093873965834733 -0.16990351208142937 -0.031790236385023762 -0.56737466190688524 -0.14834818878001327
11 1466 1 0.024281496073554683 -0.65398549362799241 0.72779479452330975 -0.20500760994986139 -0.049902490068936892 -0.58644499311848153 -0.1091876126940482
10 1338 1 0.081430970773811423 0.6647412893964284 -0.74172490372864008 0.036499073401227225 0.20763248080031116 -0.40419848254832796 -0.06550311159742192
9 1210 1 0.0063143039286695634 -0.64246223049819207 0.74213237695795053 -0.19089773969307991 -0.084920907505839888 -0.4180042433560856 -0.074241382202710843
8 1082 1 0.040873012739120994 -0.6055142217076761 0.76871658290785394 -0.20188298418105272 -0.00086148146992368058 -0.31877514764854592 -0.13677714273209896
7 954 1 0.080767704817299557 -0.67971347936600102 0.7273043446412738 0.049945511236125416 0.21135599191344903 -0.13107406195466659 -0.098702808157239946
6 826 1 0.29186459655668529 -0.73129054348553224 0.60319829960812765 0.1272045975399542 0.2235574141400502 -0.27202562128947366 -0.24416171461309671
5 698 1 0.067913740720361632 -0.66175007148164622 0.73216254560387006 -0.14633035751430654 -0.080920508760890575 -0.26374224788022343 -0.0072427115116440212
4 570 1 0.043561179534336622 0.68846463396158553 -0.71580465697775186 0.10836311397648384 0.061180895304688981 -0.0036253804450905903 0.03528690634614233
3 442 1 0.25648771788089775 -0.84750059451429682 0.45944760176592181 0.069747359130688885 0.14871217265382949 0.31266595003710573 0.21039509174769291
2 314 1 0.27782197483263371 -0.76496992470222658 0.57735164598684141 0.065582325953342166 0.19937143217058051 0.32609516871799621 0.20247734069066492
1 186 1 0.26737815708247858 -0.74941061532295872 0.60531416179313613 0.022077506406180534 0.065049321964443643 0.13128506935280604 0.081562916278893047
0 58 1 0.14641848591644444 -0.69972787211776932 0.6862786867453875 -0.13403020585860859 -0.02464600945279203 0.048440538537395814 -0.0014912813445937048
