18 853 1 -0.31447753545625229 0.72156177511232444 -0.55997890033190656 0.25860416774132122 -0.52024976303453419 0.86634627825346489 0.2650374373452053
17 811 1 -0.15103507014901985 0.63754138909457081 -0.6434741700297083 0.39581609022502345 -0.28634215025300996 0.78338881338576116 0.035817501106924866
16 766 1 0.095631433581991485 0.5687525523333069 -0.67819592386247163 0.45543984452585051 -0.10751970447139994 0.61405976054102207 -0.28529498241495249
15 724 1 0.24058239725957692 0.54852517912383514 -0.71487876396545202 0.36081656118757544 -0.43525758370362477 0.52991210092819929 -0.5423021615756296
14 679 1 0.24389660938425289 0.4819048802609292 -0.74739871113732403 0.38688150240329583 -0.24541404848918844 0.45614150631443107 -0.53007871589208011
13 637 1 0.25513870241596254 0.38219285506253509 -0.70718545308946112 0.53732820417999705 -0.17696810618290909 -0.068105494721596702 -0.61128071100426484
12 592 1 0.36947174804486466 0.32552403184435852 -0.64052794683461756 0.58927810192836327 -0.41778504715988318 -0.090032812538126214 -0.45178018855151675
11 550 1 0.36371344886707269 0.37215355419021334 -0.65060762902423108 0.55310394346115421 -0.49439174351048537 0.25512993831242536 -0.41582585696201885
10 505 1 0.15241212629918147 0.53402992728619703 -0.73165786577658354 0.39529653169097811 -0.62761390598521005 0.7744846431018948 -0.31045614079137523
9 463 1 0.092124085835390029 0.55069302189014246 -0.70713058933924589 0.43383946117340189 -0.57369458588804723 0.90923312759717179 -0.33270380060271887
8 418 1 -0.010811943029647726 0.60972330176541822 -0.67402361427048696 0.41690858060005231 -0.21990673562547128 0.90842871521328483 -0.018290986306619208
7 376 1 -0.015173931214350246 0.51294163589914243 -0.69910726097201115 0.49790527977600935 0.3585190094479242 0.62427508982789925 0.31242387839737862
6 331 1 0.15877800995005895 0.40350841503513113 -0.70464831800828098 0.56164156762141093 0.55990581987339905 0.12167356683314444 0.27985596518914524
5 289 1 0.18199180910946539 0.37197167497258549 -0.7497112507764695 0.51618707354440285 0.52684312340514261 0.081749825693693656 0.027953558307794262
4 244 1 0.010811650312472967 0.48626645224674875 -0.69227453898628843 0.53308911854229701 0.24914439283279086 0.57519798956086621 0.047892835136744305
3 202 1 -0.11167085613137882 0.63181907202777066 -0.65012615111657046 0.40702612661499488 -0.33303994460341108 0.73920397646531011 0.055538689463463284
2 157 1 -0.046985369254211366 0.55742812391705976 -0.72211444338128428 0.40696067672748243 -0.23296788622027373 0.65125001031796692 0.0039802387277468711
1 115 1 0.08509016597878806 0.51468527971871969 -0.71241125708372388 0.46939208267178301 -0.11023527106214098 0.47580969217498614 0.051574046092332196
0 70 1 0.20958242770530872 0.47539019867844767 -0.66933094710346142 0.53110775577767511 0.0085582721678691895 0.26054660663836754 0.10755670631267283
