18 853 1 -0.31348971989877228 0.72301871457641553 -0.55901089915969604 0.25782736183486304 -0.52686802931111043 0.87061930858262215 0.26624334783843101
17 811 1 -0.15061402028487644 0.63785793398700863 -0.64327709813320177 0.39578687189038886 -0.28803249270829306 0.7881063062067587 0.035139259466454388
16 766 1 0.096755272532277628 0.56929314632201744 -0.67772474299750507 0.45522840807329729 -0.10991031342160903 0.61651370048208354 -0.28755723061150279
15 724 1 0.2424763995428334 0.54914839987574782 -0.71363980980570052 0.36105325429794105 -0.43982583666540487 0.53041929260611775 -0.5453797136702655
14 679 1 0.24521172530790278 0.48515272384524016 -0.74603540423698134 0.38461567823221859 -0.25372913444687251 0.46028750393861984 -0.52857948490212447
13 637 1 0.25845268164615509 0.38441292651395476 -0.70683422876712831 0.53461601764450239 -0.18732695708066027 -0.064775442953002471 -0.61050515107925152
12 592 1 0.37078440121526124 0.3249867149482224 -0.64055197596036029 0.58872381386850758 -0.42023750816764255 -0.089314077420645441 -0.45293473717228933
11 550 1 0.36449412505986922 0.372988064573894 -0.64955286957755076 0.55326757189069964 -0.50084533469441483 0.25317584408788729 -0.42020923265518256
10 505 1 0.15290677786319462 0.53568468701484462 -0.73050962959897969 0.39499001815801038 -0.63521102066141133 0.77844502367908019 -0.3144185837745837
9 463 1 0.092602811303978488 0.55164313041560031 -0.7063763013830181 0.43375926139775328 -0.57411964307829222 0.91106549370595191 -0.33852753778252487
8 418 1 -0.010972912807030227 0.60838319002591745 -0.67105610811714045 0.42359554888725443 -0.21143463783683172 0.90351919315097973 -0.02697748194434154
7 376 1 -0.01458403666958338 0.51335841175639607 -0.69866039705381366 0.49812056426328993 0.36066689520691558 0.62698374941034651 0.31330928863072244
6 331 1 0.15930965224345067 0.40352218480921942 -0.70406399791370189 0.56221363191463081 0.56315619435727515 0.12021011550793341 0.27877927624989451
5 289 1 0.18255514587065563 0.37219602090280196 -0.74913271898533762 0.51666614954523571 0.52972456706617621 0.080248656014221098 0.026542597835651015
4 244 1 0.011581370460464417 0.48661077936170088 -0.69186378898657031 0.53329196389632783 0.25036514282422861 0.57721270695486948 0.046731237054662852
3 202 1 -0.11065782055306954 0.63253929383699314 -0.64971429320096441 0.40684176987253184 -0.33651008093801843 0.74269482499960571 0.054631537055774497
2 157 1 -0.045943973394031258 0.55832989318359527 -0.72163963237600348 0.40668553290053261 -0.23633716705078398 0.65432169390773054 0.0025932795770720295
1 115 1 0.086108808178989887 0.51546577125409621 -0.71188944506041352 0.46914148167795872 -0.11275766163002392 0.47763368180603644 0.050932805502155044
0 70 1 0.21072994794804895 0.47614756006128484 -0.66871199569286943 0.53075479922649538 0.0064123390373139102 0.26067992211465602 0.10798568775617597
