18 853 1 0.52258921367452837 0.40384654451272262 -0.60884834999988457 0.43944529686707312 -0.59296886488197609 -0.31454860236545357 -0.26915413742699068
17 811 1 0.38347755331138028 0.48368975604968767 -0.61192583933149003 0.49450576655622791 -0.67716940640858692 0.04530172042467194 -0.25796857913180865
16 766 1 0.15161694926582958 0.67850876411392469 -0.68402369007379815 0.22079345355725999 -0.25997940108713297 0.7501666747990261 0.10475148211001158
15 724 1 0.010772913651452524 0.78275377512143496 -0.59525245851486464 0.18125943422787563 -0.078250613602784749 1.286006380175839 0.50543644570287394
14 679 1 0.21151421105783194 0.67996599613970043 -0.68426813204169024 0.15711494545874366 -0.29693006635275676 1.4250795583600191 0.23754282656861814
13 637 1 0.036701311261827803 0.67897561741642065 -0.71496384231982357 0.16270165604850828 -0.9033803167306117 1.0349002749342311 0.57177882949648129
12 592 1 0.23344586552097835 0.58140341894718983 -0.65758239239299898 0.4183999157772138 -0.80446261251163742 0.42062238155603732 -0.13418930515289268
11 550 1 0.3357071937432054 0.36413048548630339 -0.73465429719850195 0.46367308873423557 -0.54635347399025092 0.074970738684256161 -0.34998515488960918
10 505 1 0.39218047773744008 0.3159968393498287 -0.64143436966768907 0.57870754255631263 -0.41591257227332734 -0.2157940377087432 -0.36480388563456084
9 463 1 0.44026041896914631 0.36069805861414794 -0.54801629576130695 0.61298108745796742 0.40192917516928484 -0.41696171363786577 -0.24274570252885963
8 418 1 0.3784857203749134 0.20254856194687393 -0.58838921816101131 0.68521585465998236 0.4645106739657241 -0.73834680672318787 0.12087382721412381
7 376 1 0.47053081271127539 0.25682505275509193 -0.53395884670810123 0.6538574742164881 0.049649760148956154 -0.74882526675001115 -0.14399132315466803
6 331 1 0.42618784013172523 0.3532514378750507 -0.57670419843582599 0.60082411242355749 0.012361936512406621 -0.13175407100635059 -0.07147108020779093
5 289 1 0.3300253019006128 0.28600146275787486 -0.64846393077474829 0.62352305000691677 0.25973731077538192 -0.01838829593882883 0.097757661745398725
4 244 1 0.14291494032626365 0.40345511817410218 -0.71187939414231516 0.55680069652096531 0.57160355271538466 0.68146612573716481 -0.0098586183552917799
3 202 1 -0.0066115851100773055 0.58387930167104107 -0.68493547356933604 0.43578050101951454 0.21150100137363484 1.3415931887583337 0.32014843251216057
2 157 1 -0.074207763765415213 0.628629143784325 -0.7022079122140662 0.32591817286841346 -0.14003512150220274 1.2656123088012283 0.50914575834946574
1 115 1 0.038843939295373324 0.58218438539044315 -0.70997251361883496 0.39432413024480578 -0.081439329214823608 0.98388864971205514 0.32175155351476165
0 70 1 0.16747969557761383 0.49830298699577019 -0.68637216388104416 0.50253152873185614 0.047591380068729358 0.55058862182734947 0.089420524358089976
