18 853 1 -0.31332111067223273 0.72276772973380166 -0.55923061931152473 0.25825918161221978 -0.52606885383281632 0.87017252974234649 0.26585539706263711
17 811 1 -0.15065510202804411 0.63770118702002698 -0.64323946844857716 0.39608486784546598 -0.2874465589515684 0.78790047897403015 0.034954419823374175
16 766 1 0.096532956091853556 0.56897227273443929 -0.67770632171044909 0.45570394200760256 -0.10860482377697754 0.6162577095449101 -0.28779404134323949
15 724 1 0.24266897061240589 0.54900551051286328 -0.71350029734287068 0.36141672044893125 -0.43886536561972644 0.52991472503726966 -0.54484049878463603
14 679 1 0.24555014365821304 0.48496902762947502 -0.74591644987562822 0.38486207788569116 -0.25310117534490478 0.45995621332929576 -0.5279737134228476
13 637 1 0.25834693288343907 0.38437348948798272 -0.70624130292695719 0.53547838881563226 -0.18567320619674085 -0.066080955940187383 -0.60937163798896543
12 592 1 0.37163741066573996 0.32531185092456288 -0.63959430359240799 0.58904750356303348 -0.42092225013188306 -0.090299106850643213 -0.45074258689926883
11 550 1 0.36481487874721319 0.37291952765375147 -0.64900560123734163 0.55374439925087804 -0.50278882110308853 0.25194982946097044 -0.42146902670603748
10 505 1 0.153176116635584 0.53562901688389686 -0.73014177352165499 0.39564077661824032 -0.63704271058968087 0.7792897700820256 -0.31649642446732396
9 463 1 0.092855982791682515 0.55153112307044205 -0.70602531276217606 0.43441851305339108 -0.57543800078214435 0.91241580502760267 -0.34062141392094786
8 418 1 -0.011123044350037612 0.60823799812771728 -0.67099126361862349 0.42390274788618326 -0.21075464944150665 0.90325432464384303 -0.027211805651919472
7 376 1 -0.014055051097317693 0.51333394018724376 -0.69885724378814418 0.49788480012481745 0.35832595678914769 0.62669985698990316 0.31059778027811069
6 331 1 0.15908791384209872 0.40339812327660257 -0.70404603569344948 0.56238791721606363 0.56404828514114147 0.1202250232680934 0.28005100631249186
5 289 1 0.18231419824734929 0.37194393639684442 -0.74918164675902044 0.51686178177002873 0.53027023041580779 0.080483212047592914 0.025654038983619048
4 244 1 0.011125956120357078 0.48616085777853624 -0.6918302511710922 0.53375531569155299 0.25179362071492312 0.57710084807823359 0.046002488783684382
3 202 1 -0.11085856533253521 0.63223809859916935 -0.64977225087607515 0.40716260531089798 -0.33543910093227042 0.74280218863299829 0.05458896153896841
2 157 1 -0.045968516236851859 0.55804804578888589 -0.72165427955810191 0.40704345579024448 -0.23536530817345899 0.65411937529174347 0.0024510993741348442
1 115 1 0.086149368988938282 0.51528122399653375 -0.71183725907479944 0.46941587426536674 -0.11213322891627032 0.47749254530902246 0.050730740200701438
0 70 1 0.21115802791337984 0.47626728426111803 -0.66833167297203355 0.53095624687225829 0.0058373966685614492 0.25992489325950319 0.10794212880366043
