18 853 1 0.51941141574456684 0.40632192319476784 -0.60766268784083755 0.44256110734177562 -0.59408003795786901 -0.31025029174561919 -0.26150152292692452
17 811 1 0.38006404533853438 0.48175486623259978 -0.61232098295065251 0.49852440676507004 -0.67661965503224653 0.046224591212960443 -0.24198514443594724
16 766 1 0.15062998561965524 0.67379220884634616 -0.68615519635610933 0.22914125172847716 -0.2497505744613728 0.74388353367598747 0.10826493422069883
15 724 1 0.0072343165091599609 0.78023442757746142 -0.59811080357825785 0.1828807516675473 -0.06788127871905833 1.2873343138990967 0.52206239836997692
14 679 1 0.2055271459162322 0.67773710070863102 -0.68795335630716881 0.15859128021517579 -0.27905252262307972 1.4282066103432691 0.2634560922274754
13 637 1 0.033908017663144566 0.67661778145020968 -0.71666792859198836 0.16560707802271299 -0.90477744056907228 1.0283405821718645 0.58682777150002818
12 592 1 0.22984009758742693 0.57977878930147086 -0.65871595353620949 0.42086028272338205 -0.80736796900064112 0.42073714462922435 -0.11588478716304339
11 550 1 0.33230139456386787 0.3614631332837791 -0.73544454902390399 0.46694914258258158 -0.54757632998528172 0.076172866124267324 -0.33508143591469225
10 505 1 0.38807739701720101 0.31387525525179077 -0.64247087005703862 0.58147178709988045 -0.41540662624736385 -0.20872394957850021 -0.35240592889633265
9 463 1 0.43626819798867428 0.36000126844060087 -0.54720629387429232 0.61695576672013952 0.40942392701270353 -0.41391812243627679 -0.22748424863708588
8 418 1 0.37482705839518871 0.20120848360381557 -0.58674317793583142 0.68902268871672456 0.46726328703783587 -0.73608742443862785 0.13857962098576865
7 376 1 0.46701183769299903 0.256414785632328 -0.53240179125031306 0.6577991591946537 0.052305133992624563 -0.7462518142625385 -0.12864415943984917
6 331 1 0.42250606721143208 0.35251715626683977 -0.5763350916948049 0.60420041359486854 0.01493204148701808 -0.12569862212150923 -0.055136364454599386
5 289 1 0.32647176133214761 0.28459246349385336 -0.64769812297726115 0.62682570166428042 0.2597999017945814 -0.01283281473213034 0.11615204177225338
4 244 1 0.13916889389062945 0.40104763778442615 -0.71176094947657453 0.55963306013940572 0.57229072818625282 0.68553582196099494 0.0084065969193168697
3 202 1 -0.010701916860074049 0.58103483206236339 -0.68607063880015096 0.43771117358611505 0.21309439766321325 1.3452152053402455 0.34041874136858208
2 157 1 -0.077583688639733334 0.6256680447818791 -0.70381931390740682 0.32735094679377474 -0.13980374435639581 1.264594358347475 0.52843481131774461
1 115 1 0.035314964116752244 0.57953698497565853 -0.71121888647720088 0.39630472098233493 -0.081720158865173642 0.98378249408658358 0.34161057635569292
0 70 1 0.16386072398794896 0.49612120827381861 -0.68684094621610681 0.50523551383096044 0.047219027355150697 0.55212728839240022 0.10860292151724017
