19 867 1 0.27322344078025718 0.2929012253978811 -0.67786887408021124 0.61648326264534048 -0.031437635524738834 -0.38264369030661977 -0.77910502749305854
18 824 1 -0.034435287981639695 0.55073689621156907 -0.64510963603855631 0.52852307384169184 0.29009361235544223 0.27370492281169256 -1.4572798511319849
17 780 1 0.20773960706704286 0.26820235888662786 -0.67158346099468802 0.65870130200393229 0.60237577822728416 -0.27611730669233614 -0.4919004643040118
15 693 1 -0.56812704314029261 0.13360261782333832 0.46184102393429677 -0.66789585413800823 -0.43711488898787793 -0.99419184025880347 0.26483653156517567
14 650 1 0.49247578247495566 0.053041340616415238 -0.48590845140213945 0.72010221268738539 -0.51921882080287318 -0.93819197893707218 -0.16473157594513205
13 614 1 0.37449366461186812 0.18263532857921058 -0.53877078959984315 0.73220548222087145 -0.46536947065382195 -0.60471692296937929 -0.46151594278288233
12 563 1 0.31974677368784865 0.26755960100010862 -0.61107041496178283 0.6728794903898534 -0.60975653052147627 -0.37131006503778097 -0.61564277809192613
11 519 1 -0.051854292366998407 0.4938312438725756 -0.76549407218118204 0.40921957479311022 -0.55406342798425112 0.54056847994984714 -0.7234390670373847
10 476 1 -0.064193128383707956 0.6080644960175503 -0.74867036154351152 0.25618255346050228 -0.96202760666585463 0.72872870379789956 -0.42357280236020589
9 432 1 0.051013956415287873 0.62454670829779002 -0.75889932577589436 0.1772309192611356 -1.0261669552724473 1.0466316652558283 -0.19697575946185364
7 345 1 -0.021571574531218263 0.65796352161898886 -0.7195670614933638 0.22100207104185285 -0.19739773241100983 0.95088370315238102 0.27241543826462811
6 302 1 -0.290073801162677 0.67883865447787872 -0.66037412704449372 0.13762733520606224 -0.22747113157496252 1.0788461264830573 0.69540561686170033
5 258 1 -0.49841901819304191 0.62269714965753731 -0.50068439650842023 0.33636568969629155 -0.5338957750988933 1.0894421453933496 0.26555327277345236
4 215 1 -0.22056001166842998 0.61864010698111915 -0.68732057401318991 0.31020658894580316 0.034412052841138456 0.81116552834162148 0.060465713104384519
3 171 1 0.054036685662757579 0.43454172435748933 -0.74798218985315301 0.49877466862049652 0.25984657646192827 0.086466773777395062 -0.12564976428503777
2 128 1 0.24438771865366754 0.32642307485822719 -0.70952865121164699 0.57471011151809148 0.085609883001427245 -0.40893743205346456 -0.294709766951324
1 84 1 0.38251741251244742 0.32499386281511239 -0.59250550138303637 0.63007670095642376 -0.26245587619407212 -0.35117395259920675 -0.1926959426687376
0 53 1 0.35016997384821724 0.41472486726288565 -0.60396539342301769 0.58361809210844395 -0.18586759556366717 -0.094484649439167664 -0.079364688934852198
