18 853 1 -0.31423344159041477 0.72172591597677416 -0.56018322081413552 0.25799962308505675 -0.52201972162291232 0.86639834870692534 0.2661065332153576
17 811 1 -0.15144981458574031 0.63706451873222047 -0.64388514074532699 0.39575709489761474 -0.28581735176822681 0.78448723207540894 0.036326498241688356
16 766 1 0.096152055691377303 0.56862333379022301 -0.67841852029874283 0.45515996942973719 -0.10897147560285249 0.6143061894326789 -0.28493435054108851
15 724 1 0.24051789032657234 0.5484661212633305 -0.71467746950096334 0.36134771736778992 -0.43584689290438489 0.52894377046783769 -0.54287894162063877
14 679 1 0.24388234965928976 0.48201405327449975 -0.7473930386936295 0.38676542979285849 -0.24651618494640556 0.45646967955964007 -0.52969775011903275
13 637 1 0.25455756470913488 0.38189671824370253 -0.70756036522199983 0.53732082819387794 -0.17645396088175491 -0.067519786127109432 -0.61212239038006944
12 592 1 0.36875433352500919 0.32500478511532105 -0.64090583049379302 0.58960312719466801 -0.41693078884128937 -0.090017108971244542 -0.45273747961687538
11 550 1 0.36326767078088573 0.37184435456481141 -0.6507217428084251 0.55347049494988865 -0.49411629858235434 0.25447489587896605 -0.41698360259271017
10 505 1 0.1520257995965244 0.53361800660599668 -0.73190390897331714 0.39554601162501746 -0.62725403171452099 0.77488235948990425 -0.31176608370806591
9 463 1 0.091710518796963736 0.55028352548160275 -0.70737675612002826 0.4340453285391242 -0.57319323701724223 0.90976789098128319 -0.33394636799850402
8 418 1 -0.012350387824802011 0.6081863286587128 -0.67283882892157243 0.42100447485586218 -0.21238058615650132 0.90379320263653118 -0.022542545947810588
7 376 1 -0.014869338367822997 0.51292509829064226 -0.69939539486485014 0.49752671080242394 0.35659914080475136 0.62443168356758705 0.31145319406955835
6 331 1 0.15845617004251883 0.40318056180945028 -0.70483794156165125 0.56172996438645395 0.56081859429276537 0.12172624117737639 0.28116603437623072
5 289 1 0.18170798296904694 0.37165617663208805 -0.74989329632735557 0.51624988079401191 0.52750962646082977 0.081856032339734069 0.02843767217075549
4 244 1 0.010621376625249897 0.48598223311342137 -0.6924380165320696 0.53313980222621737 0.24932214607412534 0.57540788883220628 0.048074752903131894
3 202 1 -0.11184799245904342 0.63139883893866922 -0.6504603874192656 0.40709558726196132 -0.3328420258380751 0.73969293364060007 0.055990439140139465
2 157 1 -0.047205092481246901 0.55712431809657026 -0.72233526514190427 0.40695938146410077 -0.23296979596202944 0.65164028024882259 0.0042695071944335548
1 115 1 0.084841895372969892 0.5144265630949334 -0.71264305062079181 0.46936877439146735 -0.1102489595850592 0.47630543486776672 0.051946168247613139
0 70 1 0.20927471475778373 0.47509945074296844 -0.66953842045950596 0.53122773759976782 0.0088850710996317347 0.26086604713859685 0.10789204238496622
