19 896 1 -0.27862631061150323 0.65587606203892057 -0.68683947012504309 0.14298780562583013 -0.49484125170227367 -0.24352661592301098 -0.52445967165861795
18 852 1 -0.36690006687607585 0.64463844689038774 -0.62546656105980736 0.24210988148586177 0.37512134317523627 -0.085832106161662855 -0.69216620349826707
17 809 1 -0.45522962087024171 0.75116476517091191 -0.47697095502866177 0.031877827829246884 0.39240298842693216 0.4106004172782699 -0.5870933445496701
16 765 1 -0.22531594944644565 0.62149542360512178 -0.63171313758904024 0.4048637711136272 0.88929943042200277 -0.42988743623633086 -0.28797262422872832
15 722 1 0.18455469342799699 0.23729707885733101 -0.74710657004963765 0.59284182923284168 -0.40447880408483644 -0.98309152535573197 0.42855764934662771
14 678 1 0.056805639707494672 0.38047703675262484 -0.70157433038169925 0.59983648001003953 -0.33540041707245066 -0.91634702629957532 0.17668400028788342
13 635 1 0.089280075917900506 0.56722830621369535 -0.63642300205940117 0.51502124142964811 -0.45590986422015467 -0.74508704054415553 -0.17659979090624608
12 591 1 -0.078427342243194934 0.6407828598378541 -0.64124221461696385 0.41479501048086587 -0.40238412450299915 -0.55113933221457523 -0.4278149231752561
11 548 1 -0.34800284333125936 0.69406647622073636 -0.59696912810292158 0.20197427487659597 -0.39067624227112829 -0.049185159387409548 -0.78352030614920021
10 504 1 -0.5548598793834737 0.66199602192542606 -0.493879837407945 -0.099872355571347771 -0.69141825992725503 0.63771098205545551 -0.50075702754869833
9 461 1 -0.51983301455490283 0.61519092619152127 -0.52853376364004045 -0.26826446280279898 -0.97541805376536372 0.81014793878914781 -0.25653650446064535
8 417 1 -0.44495233802238854 0.59273074079739474 -0.58257234772592381 -0.33361226816064071 -0.91664149241521797 0.98551450798389106 -0.019385624110985156
7 374 1 -0.48797384091559964 0.65877077231717451 -0.5174303273589137 -0.24529259355300106 -0.46484182885124348 0.90819380199926592 -0.032705405175519689
6 330 1 -0.54182064752175008 0.60741863230909521 -0.4825717933684982 -0.32341529847546024 0.011358012731872045 0.92822099220851306 0.43475187667654741
5 287 1 -0.7291020268461893 0.5646683463846075 -0.16885990155609792 -0.34791698246351327 -0.35369724884640258 0.91356465786695795 0.8413968419630431
4 243 1 -0.72014419458928225 0.62889968397933305 0.001081744056207797 -0.29304667942129253 -0.56780465440805616 0.82155079017192745 0.47645229451168769
3 200 1 -0.59063138816340255 0.67077406823435848 -0.42396785281725563 -0.14651952934003859 0.13477598934272131 0.60169691418714577 0.015723973527736013
2 156 1 -0.37109956551371148 0.64279754329934224 -0.65249660606143034 0.1527894298771339 0.32637769305970249 -0.18315568586212466 -0.14253757236000886
1 113 1 -0.21797160974599183 0.66976283114709068 -0.68078602043988756 0.20108834310371085 -0.059950089880817972 -0.42201715799523104 -0.28871834152166043
0 69 1 -0.16193298366132489 0.69266419623993702 -0.67378310204756275 0.20002587693842755 -0.18636468875520609 -0.061533137553102343 -0.16441672739887425
