19 881 1 -0.22476780372361083 0.68943783733361053 -0.65207806609226604 0.22124443175679859 -0.58940901637402121 1.007490617055975 0.29817977439288013
18 839 1 -0.30842175828068524 0.68572542212876064 -0.60786256593165489 0.25526410911910086 -0.49043974449296279 0.8714068236168856 0.24490224483417064
17 794 1 -0.066029032778025326 0.61893519675666253 -0.66606629695356923 0.41099279447302922 -0.15482765747488306 0.68748459754903135 -0.070620170180013028
16 752 1 0.14599410717148942 0.56587674967894497 -0.69085694486604898 0.42565937858144437 -0.23989837477916157 0.63606402259029504 -0.3985554894069776
15 707 1 0.3467128623744023 0.47871472153741701 -0.69252060856596953 0.41356693915123482 -0.51097061047635228 0.46375707142677614 -0.56269344175623659
14 665 1 0.17725864129701471 0.43033318818913158 -0.7809920189368923 0.41646631026457681 -0.12252304855547347 0.40556912280538904 -0.50308097603776913
13 620 1 0.30822369178797843 0.32054746921263433 -0.69425303592214938 0.56591536285459099 -0.29205892332974709 -0.2193314822980208 -0.55997318258450102
12 578 1 0.37762578581048684 0.33054902214299881 -0.64358157116255499 0.57787444234129004 -0.44080384578328757 0.033137916022134853 -0.43194266646410934
11 533 1 0.29564731601292144 0.42619759589575806 -0.71701927591312065 0.46565183534058591 -0.50357069620010941 0.49880557195129333 -0.39977224614284762
10 491 1 0.080736259920106121 0.55231904919551933 -0.73349550598532998 0.38782685173824077 -0.64851917924467117 0.85876546770876494 -0.29217724686901342
9 446 1 0.11956726073558638 0.59465982940027262 -0.72403989671152214 0.32840460628285245 -0.39196290859794408 0.99892484037523854 -0.04433324561733664
8 404 1 -0.041894267285471604 0.64309506283484963 -0.65272258193044252 0.39827985332440674 -0.093735083945885131 0.85338234898011456 0.13558777349736639
7 359 1 0.069161853878653673 0.50199957536495599 -0.71075887966680906 0.48788818316931393 0.5167741527783245 0.40098517518074295 0.3756839417743334
6 317 1 0.20003821058054194 0.34217606534156969 -0.71945523211081086 0.57033711399791942 0.53605331917546517 0.001469200069106549 0.20270424660302405
5 272 1 0.15798731928165605 0.37433896727353727 -0.75207760944976787 0.51893122269824943 0.50989929210742124 0.24484045196083792 0.020503052556686545
4 230 1 -0.055078531329923963 0.53236304041346638 -0.68526296807063258 0.49393381457366903 0.053631227281809496 0.65885086472582033 0.0368963658023405
3 185 1 -0.1287396258841052 0.6077092447497543 -0.68244903213456165 0.3851998197189403 -0.36489665940780652 0.7444275673954257 0.037246981634900977
2 143 1 -0.012252913462701593 0.54546492487981457 -0.72429122588358852 0.42156862068420409 -0.19108856183813819 0.60212892005287333 0.018643215806516469
1 98 1 0.14236972023182401 0.47398811164394938 -0.71415107241438935 0.49502967441426449 -0.055773740028128328 0.39891366599439337 0.065978844928414646
0 56 1 0.21267392929045575 0.46697371626517581 -0.66551610608280409 0.54202736154370579 0.020880071972208931 0.20527266948124295 0.092749067009238781
