19 883 1 -0.21649125821800763 0.6826031033364055 -0.66330639220101673 0.2172767095110828 -0.59299228743238241 1.0144659990572291 0.3120564195234426
18 838 1 -0.29931299289754509 0.68236426864919708 -0.61206912736208396 0.26488133283373827 -0.48774300548536748 0.87047629036419272 0.23415069423724769
17 796 1 -0.074221460811969953 0.62129513523679714 -0.66764770350617164 0.40339815776595001 -0.17511676762695372 0.70365135929620015 -0.045469662632357334
16 751 1 0.15279027056976399 0.57073882727938996 -0.6910448651229153 0.41637641460848496 -0.2571580620925516 0.65886165911300698 -0.39172477465808331
15 709 1 0.35193701618708428 0.47133593347413061 -0.68824425289360813 0.42462056334134496 -0.51275770720432645 0.46358068783549061 -0.56899382379888608
14 664 1 0.18680941843719112 0.4281782165225636 -0.77835095122410047 0.41944660304650599 -0.12936252599848344 0.41028785325698192 -0.50826487408196375
13 622 1 0.30387909501368476 0.32745646743431434 -0.69091758865428299 0.5683859984528602 -0.27081142939983321 -0.19703442214293715 -0.57469026296019088
12 577 1 0.38182563396374702 0.33193014242230273 -0.63844505521863648 0.58001679050400323 -0.43619051591334024 0.045994209868196335 -0.43467423375905639
11 535 1 0.31627459237115879 0.4130752691794945 -0.70832509417599121 0.47708989213073755 -0.48206205124620166 0.47394376152755424 -0.40587179026509068
9 448 1 0.13781820697356764 0.59333367068056242 -0.71262190099669687 0.34803925537670988 -0.42189373000785013 0.98062243485486666 -0.089352780060610135
8 403 1 -0.040845989387512611 0.64313322050189936 -0.64952144809640155 0.40352590288674661 -0.090418704593334634 0.84769161665199033 0.14012522436439848
7 361 1 0.064928514613093444 0.49979674897803084 -0.71400708803743707 0.4859849544311306 0.50001891560816547 0.41914153079435068 0.35915385583070658
6 316 1 0.2062846846986254 0.33779765575114767 -0.71943460187839248 0.57074795334534201 0.53146420167753317 0.003553597213568602 0.1771838792213391
5 274 1 0.16859568695012025 0.37170988527432619 -0.75043665943567084 0.51985774564412834 0.50733806478487831 0.22996398746006125 0.0073630834467293977
4 229 1 -0.055293107084301817 0.53763744887035048 -0.68053666665601675 0.49473072596904949 0.024770883215931551 0.6660201321455711 0.029028623729098198
3 187 1 -0.12754852002798198 0.60906158892370088 -0.67680227080842104 0.39333705923161233 -0.37340614438239328 0.74986796300974812 0.028906298202316674
2 142 1 -0.0047877497567707017 0.54231083960866611 -0.72111176393829224 0.43113090193700448 -0.19537545512328791 0.60363008732218248 0.0087858426833521599
1 100 1 0.14606916537834833 0.48092095394524498 -0.70785450808137895 0.49630719355147113 -0.068869379240314263 0.41406542657121614 0.053288611536998806
0 55 1 0.22345369580167471 0.46803338164626623 -0.65891428430788768 0.54483498917778528 0.015398904033621832 0.20668749884744322 0.079534492336097731
