18 852 1 -0.3715011430784726 0.64627906067218921 -0.62186459521529591 0.23998896150818552 0.38004390723215858 -0.075537343394672329 -0.69215262005140599
17 809 1 -0.45722206177858876 0.75053416656128313 -0.47599345016866634 0.032812900567091206 0.39558609850163173 0.41057809066576967 -0.5860078874326502
16 765 1 -0.22721874671201281 0.62208927545889725 -0.62989198752467934 0.40572485572596584 0.89619189724731041 -0.41657652498396558 -0.29436173444449082
15 722 1 0.18242950793329277 0.23816811272963739 -0.74637022652016227 0.59407651836969744 -0.39995340177256361 -0.98495806127520835 0.42601577285995007
14 678 1 0.054516255192902721 0.38137395622640013 -0.70082311664530827 0.60035726247587196 -0.33071067070023058 -0.91562544464878082 0.17426564912322598
13 635 1 0.088096004200285294 0.56750472525761231 -0.63811394757176065 0.51282362540020487 -0.45633787518903451 -0.73661008382786608 -0.17760663122574274
12 593 1 -0.086156370883264013 0.65032276192608118 -0.63344930085785001 0.41036492091766319 -0.38821583990454978 -0.55981432681652932 -0.42810858747173863
11 548 1 -0.34917828178498644 0.69446164918425601 -0.59460102663430658 0.20554115030182285 -0.37952908501100835 -0.056015754303122084 -0.78492335121843892
10 504 1 -0.5575440899117029 0.65963817305475037 -0.4939896174775758 -0.099981629702063979 -0.6861727784526559 0.64448986830562494 -0.49551810383999917
9 461 1 -0.52218258240728466 0.61283149202398157 -0.5291515060068066 -0.26788355064252928 -0.96921349808134305 0.81657491100715018 -0.25311595103974249
8 417 1 -0.44738547254992456 0.59039544414229117 -0.58343273154343867 -0.33299505439430999 -0.90929486944405757 0.99340251810653024 -0.01775237748533574
7 374 1 -0.4921052323282476 0.65607515803190741 -0.51730604651296919 -0.24452460319912847 -0.47068350926514174 0.92098988848144969 -0.036026152918194131
6 330 1 -0.5423231339478668 0.60776780889182536 -0.48313918192810412 -0.32106142674827259 0.012939949961671152 0.92737649511731834 0.43734377773267719
5 287 1 -0.72971604913426957 0.56471177908062797 -0.16960425647189392 -0.34619285144277656 -0.35169707692096841 0.91880634049098286 0.84435544721661959
4 243 1 -0.71778662361394696 0.63326231793771626 0.0033425718277431404 -0.28939596896746367 -0.55412333020436344 0.81572927303688858 0.46815678680626921
3 200 1 -0.59251140528377377 0.66970533595680026 -0.42328320957371424 -0.1457954803572877 0.13785788621595679 0.60261938001609872 0.014611121555950159
2 156 1 -0.37204615663783347 0.64331702173858074 -0.65113609427624441 0.15409949254652611 0.3288911283846454 -0.18510946234720047 -0.14434409842970158
1 113 1 -0.21823416559998354 0.67037746726752112 -0.67983490548587644 0.20197128911771633 -0.058977823800803637 -0.42464531841575126 -0.28974726484916691
0 69 1 -0.16196293799436409 0.69343129319144881 -0.67258400632321791 0.20137478188015126 -0.18428089806457798 -0.066995840532801346 -0.1659311038514803
