19 868 1 0.51669437028476806 0.39741890082012188 -0.58960007580327833 0.47692441287873022 -0.65326361358523355 -0.40994390367723893 -0.28410739528644036
18 823 1 0.4317714804612347 0.44514879550100706 -0.59502850878222469 0.5112308796040379 -0.66690278650224111 -0.11288992115406039 -0.21642852225544987
17 781 1 0.1842698583804436 0.64090225769107589 -0.65790316826047135 0.34993190276361935 -0.72171048740799393 0.49571640104011727 -0.10637599266790217
16 736 1 0.032571954390753222 0.74318996747141208 -0.62270433148809767 0.24258412063234813 0.053266335831860183 1.2103393821482364 0.37352776554107148
15 694 1 0.19744654203925108 0.71395716687890776 -0.66967405222268039 0.053072503979372604 0.050262851685675736 1.4709538395641053 0.37848111851389721
14 649 1 0.0024452354464512814 0.70956984472520968 -0.68184893385942447 0.17772644056251016 -1.0511172637270123 1.0857637379687408 0.5749491599454456
13 607 1 0.15970106595006209 0.61637737381179325 -0.6699249132684939 0.38180507221551119 -0.85373953109463263 0.65158660114776845 -0.11535218832171372
12 562 1 0.3874138031695013 0.4070882376569927 -0.70345264170985289 0.43513686668276713 -0.62519973253271954 0.15738777816577582 -0.2482368487421962
11 520 1 0.43308265554296738 0.30508857001131867 -0.67417331431893124 0.5146364932421017 -0.55547379250492956 -0.068944148318439327 -0.32028295347157443
10 475 1 0.4707237828889656 0.33306170700129933 -0.56488248423467502 0.5902514706097266 0.065499928305384744 -0.41044551633439547 -0.2405880492399014
9 433 1 0.34879486990682051 0.24803084942917591 -0.60573579063367589 0.67075106291643039 0.58284228927808379 -0.6698769654963701 0.079131259783601082
8 388 1 0.4557558329100444 0.28585569199740907 -0.52115994819212996 0.66254467964170582 0.16210740145801705 -0.85495842397506994 -0.078099673753014368
7 346 1 0.48969975536592786 0.22440914683717891 -0.53369604397609982 0.6519227078838572 -0.048223768802315818 -0.31425264570798006 -0.14483896597660958
6 301 1 0.30375172965580327 0.32254379267159555 -0.64466634841493342 0.62298129005732306 0.17476665870409028 -0.035765913047671724 0.13480035677296931
5 259 1 0.23489162096738769 0.36046157640914028 -0.68009346107799795 0.59360446640073405 0.55513560986555599 0.4108550882906209 -0.074650528635395924
4 214 1 0.036805820068351092 0.55641681380670882 -0.67567163380335371 0.48219654104503201 0.32632221269468009 1.2189486331373689 0.13797743384330424
3 172 1 -0.050570336528596577 0.58410753228114054 -0.71401387469196753 0.38268161510998167 0.069316642733909417 1.3332113182025309 0.42971542016169983
2 127 1 -0.014173913923522295 0.61704739896384331 -0.6848675387169525 0.38730874248824759 -0.18553690931243741 1.102002688312246 0.31935710880348395
1 85 1 0.12713265737642934 0.53694596798281857 -0.68997201323313195 0.46847084845315656 0.012285710528051387 0.65498752355409529 0.1373097896119152
0 40 1 0.26753720009520848 0.4470558827748789 -0.64824359418355704 0.55528832766552372 0.045443711368109804 0.25047328180564166 0.16264408164398841
