18 853 1 -0.31587553881025243 0.71981221217183144 -0.56119006962968776 0.25915001242263802 -0.52068008759455819 0.86612852817120656 0.26383223111285936
17 811 1 -0.15302523664986709 0.63536107028781297 -0.64426216639623857 0.39727301476617127 -0.28456205594371614 0.78422212821262838 0.033874840092361767
16 766 1 0.094886133050592042 0.56729669502969204 -0.67888951908482076 0.45637714934018658 -0.10870272105522992 0.61555686430927914 -0.28571037564202406
15 724 1 0.2440715618540186 0.54655423598000397 -0.71135060357116064 0.36835832911093463 -0.43450728099622782 0.51579560695578852 -0.54501112591653522
14 679 1 0.24482315820203809 0.47855982980053013 -0.74639529291559237 0.39234701123204013 -0.23733775175388477 0.44989134260396113 -0.52933322303172303
13 637 1 0.25398716152522827 0.3809064014031372 -0.70716169724316313 0.53881645214547658 -0.17605408350114643 -0.065099234642619061 -0.61275212228546283
12 592 1 0.3673475275960193 0.32442666600515158 -0.64046417443770998 0.59127723921667785 -0.41387230084146875 -0.088453379807253457 -0.45555021611051022
11 550 1 0.36434083374428222 0.37093502159811176 -0.649878624935604 0.55436516798076174 -0.50892057228034326 0.25242707099840861 -0.42461152875072067
10 505 1 0.15199562988515744 0.53154766902955108 -0.73213129231133278 0.39791729651223112 -0.63890595056319077 0.77972047436362291 -0.32490747138930087
9 463 1 0.092796510018898604 0.55017034365966377 -0.70622651707253903 0.4358273824225718 -0.58799109381312975 0.91794727331552817 -0.3346044968077736
8 418 1 -0.012211954354122197 0.60791193741491933 -0.67451005090806071 0.41872441503129182 -0.21888834813592842 0.90793793730462913 -0.02018852462616097
7 376 1 -0.016791880403242837 0.51096041002226378 -0.69919603293199484 0.49976234319380675 0.35958646106343561 0.62518926232900929 0.31129843444576455
6 331 1 0.15779751513556819 0.40178428107055925 -0.70444000291104347 0.56341247590051013 0.55870990954332922 0.1233873250441708 0.27603729928633236
5 289 1 0.18108665508375005 0.37031624717239509 -0.74956270349612852 0.51790853821722949 0.52591921954631182 0.08415681752410388 0.024851949741610233
4 244 1 0.009683019443800003 0.4843789781056847 -0.69260078043483964 0.53440378333690219 0.24853709598375243 0.57624601353089511 0.045607769416947101
3 202 1 -0.11321285497428032 0.62984749092895698 -0.65090720919143363 0.40840518197213088 -0.33181371968599732 0.73983209225537605 0.053741269355998059
2 157 1 -0.048331716391005766 0.55538599223518992 -0.72270498732853417 0.40854368935292129 -0.23125487472575554 0.65228895598907166 0.0024398524878762725
1 115 1 0.083056997143968581 0.51282399547451896 -0.71293066189574172 0.47100207666195798 -0.10783985818197192 0.47817222696716905 0.049226475437775502
0 70 1 0.20737226062853059 0.47377921891471148 -0.66953592475493118 0.53315255106670734 0.011053551472911306 0.26254666818672667 0.10372758390155259
