19 867 1 -0.5904542102793664 0.69913655674884612 -0.25464742281837671 -0.31261252475340162 -0.55590547529984524 0.90330357628086844 0.18437203911133573
18 824 1 -0.59841391083921702 0.70689012336719381 -0.30774960689923941 -0.21793880850686262 -0.41445974516367506 0.86594550910472401 0.025596808825175225
17 780 1 -0.42016466077032039 0.74474208572601719 -0.51270276335707388 -0.077180049457378885 -0.11077902371111867 0.56636011531803088 -0.28224199907096903
15 693 1 -0.23818620661961398 0.68222558848323855 -0.68835919138833002 -0.063223421499171428 -0.49936109016384828 0.35132809074876792 -0.64605861358180461
14 650 1 -0.3387315059864392 0.61655877322810093 -0.7057511059681072 0.083854769884675065 -0.20418546793886241 0.11222238242674989 -0.68415662252661436
13 606 1 -0.19604579578335557 0.61514677860693401 -0.7284538587636511 0.22916252393777101 -0.44747591550400195 -0.26622257195007731 -0.58971591591943473
12 563 1 -0.14894560453684133 0.65581737824043762 -0.71430939236408653 0.19359975533931684 -0.51967097859730593 0.02645869446832699 -0.45912965235311687
10 476 1 -0.53644926676217375 0.62496321025367318 -0.5484897308770661 -0.14422962643698733 -0.62205275181118447 0.90663252056301014 -0.18985584810776565
9 432 1 -0.4527120611005348 0.65352479386965145 -0.59187311253925246 -0.13282828081712358 -0.29305809954685225 0.96355043299004839 -0.1038650187885299
8 389 1 -0.46866667524243277 0.75148680736181561 -0.45788642577407457 -0.077195511334482256 0.15827749732961893 0.70891736034233477 0.11774545203657705
7 345 1 -0.37380965005785338 0.68511459709191536 -0.61904122924756289 0.087591614135567389 0.54006737464964039 0.15012677391791301 0.24832111709865493
6 302 1 -0.34309535347712861 0.62260985921310041 -0.6833318972252278 0.16643334962566358 0.48277650121663018 -0.086521983195492438 -0.01082158387002434
5 258 1 -0.44467655967222464 0.67662336869724526 -0.581642241406502 0.078331840412993833 0.39597192893478544 0.39155197410412435 -0.03901482101133729
4 215 1 -0.52320194265652398 0.73716419370093289 -0.41913591937359584 -0.084698050842647241 -0.18675781043538242 0.67018776371607303 -0.046869539427157998
3 171 1 -0.52131081715449934 0.70580710154328508 -0.46340771276575016 -0.1237928070527172 -0.34604825524623034 0.65926996656090686 -0.090733272013178407
2 128 1 -0.44395903182856683 0.71081458618861337 -0.54393878859459843 -0.042114087685626155 -0.19797812109275406 0.4651528977913173 -0.061190904193417613
1 84 1 -0.33880727937958727 0.69829172197771638 -0.62732387066785056 0.063742134786215002 -0.072971348518960186 0.25383327629767011 -0.0093532375099909162
0 41 1 -0.25478770935116224 0.7131341572586315 -0.64779245691979248 0.08299294953445184 -0.020199261295877631 0.04863218813327632 0.0020618016541955513
