19 867 1 -0.030291178078714464 0.61046472460325241 -0.78878349744090415 0.065083474942369962 -0.81192190686518362 -0.56825404747682007 -0.35515839057908666
18 824 1 -0.092633264414702224 0.67027641973473151 -0.73373785931308544 0.061460176391845867 -0.78089887810195358 -0.31818411296091204 -0.32298796883678738
17 780 1 -0.32752314726129372 0.70284984753408231 -0.59338935784003899 -0.21591607126742637 -0.77597734209399583 0.38024999930386866 -0.29664295495133541
16 737 1 -0.39989500613436751 0.70354201098410862 -0.4761890908160929 -0.34402990078912227 -0.0044175369351332518 1.1252625019588576 0.11703912456657893
14 650 1 -0.45644415585059428 0.64126281152312647 -0.50205520601914988 -0.35830337600469619 -1.095891795298527 1.0540037493145873 0.30017953174121675
13 606 1 -0.33762189130359305 0.71055666071356416 -0.59962821084662143 -0.14685604919462239 -0.89151510662559941 0.49449748830131462 -0.34433423509541139
12 563 1 -0.21081568021677394 0.58633612809360713 -0.78169617669015146 0.026791439209858964 -0.75506852700437244 0.038348215262708742 -0.40526122799088765
11 519 1 -0.14705344762885222 0.57856135727439362 -0.78541702228957599 0.16359138274082707 -0.68140562651561154 -0.25844549082745988 -0.4450453542962548
10 476 1 -0.071188344258490202 0.64142563383917583 -0.74201614087088674 0.18143159201975467 -0.090646149368782916 -0.58403507694305368 -0.35112567516631532
9 432 1 -0.16546266750065078 0.63537407864494011 -0.68185169892688346 0.3224905371017659 0.48436975382264436 -0.89631452216366825 -0.0036286364620170429
8 389 1 -0.036087437925770807 0.66174644129111937 -0.69381438742463919 0.28179946782253767 0.067550352307551215 -1.0712517211815882 -0.12525021802770339
7 345 1 -0.016436337722585181 0.60964708186291661 -0.72931436145683304 0.31009812084421218 -0.18069234089904732 -0.5078546219665383 -0.18565839651733998
6 302 1 -0.22715046955830998 0.66132810979524981 -0.67959758670115178 0.22179926853813572 0.10213228126625169 -0.24842372479290886 -0.0099435790840344401
5 258 1 -0.30966317819200145 0.66815136391547025 -0.65346507743323035 0.17511671406552878 0.51900303580166529 0.23943245238320418 -0.23117799328043342
4 215 1 -0.43384829089166171 0.73479556599798779 -0.52035867117007839 -0.032832758309213332 0.36174740495407892 1.0651797096971531 -0.10901681617156501
3 171 1 -0.52918719120874658 0.68226665376250217 -0.48477442642351881 -0.13952378044643141 0.084286621389897287 1.2600139000495363 0.18751217159245437
2 128 1 -0.48717100725831103 0.71057197518300164 -0.48410565379768783 -0.15294964443425041 -0.17144611868494966 1.0277903339037058 0.07689479711518353
1 84 1 -0.37997413604247626 0.70970376859869055 -0.59254314190789537 -0.028858997791154174 0.00049660646148932583 0.5023896637385552 -0.089175639353722497
0 41 1 -0.25494464804727862 0.70466808409407899 -0.65615715554827236 0.088903908316955757 -0.0078611213646557123 0.061726096265034051 -0.0071104476593630015
