19 883 1 0.28449364431183949 0.36195400571369041 -0.63388021349463586 0.62148896935824804 -0.36550693028886283 -0.33343235469670574 -0.62722775038386247
18 838 1 0.018656792994288435 0.4380487566339043 -0.67537223635635368 0.59299034835794451 0.37272526914212523 0.29513380423728497 -0.75754297093944556
17 796 1 0.067006117808722343 0.40728867340047192 -0.70119490412669405 0.58133623929929201 0.49834220031028026 0.10106069077684647 -0.58073625052980882
16 751 1 0.3668975750491501 0.032161372693215048 -0.59734613132407621 0.71241098736733499 0.60396500305696754 -0.86766639237157539 -0.1652463334128616
15 709 1 -0.64920323112226164 0.19846858468471978 0.36941560835702264 -0.6345687463907046 -0.51378219444331485 -0.94779509001031026 0.4349232387204191
14 664 1 -0.52240034399043356 0.057991755163506055 0.50203618187867427 -0.6868001958476827 -0.4733589595320003 -0.93805729314684416 -0.034343028078980722
13 622 1 0.36931937841727525 0.093623421333458398 -0.47384064026199352 0.7939224769077895 -0.39632393333097315 -0.67880050184523499 -0.38855996372237156
12 577 1 0.34111388153528815 0.21158997609430086 -0.5647028552374519 0.72109755728820224 -0.47789496481525884 -0.54127158485230686 -0.53945368211688549
11 535 1 0.078454641961674371 0.48319112710348006 -0.69975381434138173 0.52030356827319701 -0.5342611138272495 0.14664209151889376 -0.81634597614125526
10 490 1 -0.12945340762074031 0.60031864497707932 -0.72230829679925046 0.31800953464201048 -0.83138378675770508 0.73091563215501543 -0.45493829361877419
9 448 1 0.023274023690427338 0.6438811710824679 -0.7315207294917655 0.22305331127459746 -1.0592392189812787 0.85057485970188207 -0.33422920539425072
8 403 1 0.052050364753054544 0.67058561210757406 -0.71606825911553895 0.1866867554236924 -0.90958916144848234 0.93612412687186741 -0.12270698206150445
7 361 1 0.0073749650108284673 0.67891953531256644 -0.69899788511441041 0.22453469902810028 -0.4522099231012317 0.89254522304471373 0.055343041767576651
6 316 1 -0.13368280427478324 0.66970412815196467 -0.69937529869696713 0.21094899893096203 -0.022145290497679559 1.0493618437955523 0.36434323114877337
5 274 1 -0.48263568126292311 0.6218780219493546 -0.55982689783565598 0.25869744770279102 -0.50169356167938794 1.0531868389939192 0.47732676298774779
4 229 1 -0.37184244138039668 0.67689805732467601 -0.59520205532020953 0.2219836302994983 -0.24401743380952931 0.87771198040138854 0.29148741763824099
3 187 1 -0.074678013447807057 0.51602422526254166 -0.73353492666460829 0.43596869682676853 0.16144103934190007 0.32503824564652611 -0.10622586503947325
2 142 1 0.22721339766738144 0.35302002052316173 -0.69798265184636354 0.58014752843719763 0.22189417557219418 -0.34864362665962051 -0.22624976507165467
1 100 1 0.36081090733838422 0.33905977094434453 -0.6130689927552202 0.61563006017812372 -0.25195559310134025 -0.42611152870073282 -0.27870526111593952
0 55 1 0.34887000094865855 0.41528510475987979 -0.59653426618047611 0.59158674213945972 -0.19393383516207141 -0.094635057548994359 -0.11130368743994251
