19 868 1 0.5194816385679063 0.39707500367871268 -0.59046075594693348 0.47310291093051776 -0.65226152483876076 -0.40737411144544677 -0.29585953325423131
18 823 1 0.43514868246139843 0.44493274255338755 -0.59561171923494105 0.50786529578819206 -0.66437142610207323 -0.11389842235189561 -0.22947138366505271
17 781 1 0.18602727522179691 0.64110257611624377 -0.65829704639706721 0.34788839945529554 -0.71558487353374456 0.49884077401464127 -0.12268340975314229
16 736 1 0.036025315493774322 0.74453222619337223 -0.62192380156563909 0.23996817674279039 0.046857382605653142 1.2096570766615209 0.36089952393074903
15 694 1 0.20115023591371783 0.71414268530611236 -0.66881331356486151 0.04719702547852974 0.046325149441007435 1.4700159155542198 0.3739122571958024
14 649 1 0.008600186505765885 0.71152046171841488 -0.67923061756550518 0.1797510431392888 -1.046777724230209 1.0817702926893895 0.55020711491055585
13 607 1 0.16508527286807842 0.61611833994920939 -0.66888339723800283 0.38175914495876939 -0.8459483873094007 0.64684581333598135 -0.13404280607208208
12 562 1 0.39040059360793922 0.40728129266202651 -0.70394453477976648 0.43147585924570053 -0.62105838882542774 0.15755174317813123 -0.26112942435224168
11 520 1 0.43577334532922413 0.30492360022246934 -0.67540037985716761 0.51084001058720729 -0.55059870489691509 -0.0701029620763087 -0.33259255487768868
10 475 1 0.47400032890377553 0.33466019245090706 -0.56719201150800913 0.584482220319261 0.058617541798247685 -0.40467039018325379 -0.25850868301674867
9 433 1 0.35148675104586474 0.24747797725548085 -0.60764556724057839 0.6678162765503951 0.5822705515314941 -0.67042634682677238 0.06535990688029146
8 388 1 0.45861971273600771 0.28475056567293405 -0.52274047478703256 0.6597935059231137 0.1614484979244401 -0.85602888499825647 -0.089999022898918188
7 346 1 0.49232739477712645 0.22341990225573249 -0.5355316760447133 0.64877045831383751 -0.047808701747499842 -0.32013947511085555 -0.15605510482685431
6 301 1 0.30668922617681665 0.32268246819095914 -0.6462411329963732 0.61983073600203131 0.17705444263311695 -0.03836166837887299 0.11910266464270686
5 259 1 0.23750389279820755 0.36058082311645751 -0.6817955723153557 0.59053210622076435 0.55615826688466452 0.4072502379298451 -0.087122786804257363
4 214 1 0.040092907307800962 0.55773288618333583 -0.67636069237194407 0.47944009038393792 0.32584804677508644 1.2152895804263182 0.12390410705761019
3 172 1 -0.047227824297824128 0.58589341414248985 -0.71421188039828554 0.3799997760190077 0.070180954825074041 1.3317437575815394 0.41498946153652777
2 127 1 -0.010809116435762309 0.61858792996401413 -0.68505621121222249 0.38461685270444013 -0.18355635692724154 1.1019823780258087 0.30519004610917938
1 85 1 0.13036854290636712 0.53803088374593622 -0.69058713325386556 0.46542047928754204 0.013663421068340689 0.65517284471387183 0.12243145798499824
0 40 1 0.27073821622562083 0.4473845321828549 -0.64931264300635028 0.55221462337627847 0.046885104019612808 0.24878943180530869 0.14612458388945287
