18 853 1 -0.30850687993814613 0.71947616724457475 -0.56235480860414344 0.26633553844292795 -0.52596908123685526 0.86425293327492969 0.2568505188106705
17 811 1 -0.1452233728580628 0.63302464527256763 -0.6444442031332096 0.40358597535255197 -0.28677707151770437 0.78546306812117062 0.02659757787519389
16 766 1 0.10435512078353275 0.56488873588427835 -0.67658888098177405 0.46069318528620234 -0.11466728804910639 0.61665763159932008 -0.2912176733447211
15 724 1 0.24721899931475122 0.5410426039230295 -0.71145297699823429 0.37415281455356014 -0.42224460356969407 0.5246579009887874 -0.5586691434175779
14 679 1 0.25082948397017174 0.47863890422893851 -0.74451593053649878 0.39202729306407941 -0.24269151797574592 0.46324103818474222 -0.53361353711282711
13 637 1 0.26472480258180314 0.37831246541083352 -0.70473069692953416 0.53866047025748542 -0.18048282729445311 -0.051605652616350868 -0.61213373376090385
12 592 1 0.37647107414432646 0.31902392102851701 -0.63707354621119416 0.59214066307094715 -0.40945694867429155 -0.080296865081559476 -0.46032829691801319
11 550 1 0.37259167347413319 0.36466943968794979 -0.64552828731849121 0.55810830032089387 -0.47223857432922461 0.27056925417834293 -0.44200734159897509
10 505 1 0.16136603937392197 0.52920064167091985 -0.72944159710682044 0.40227184664367416 -0.60705023334271935 0.78012296706832629 -0.31854164129126478
9 463 1 0.10113108800973235 0.54557066268888232 -0.70526938678430184 0.44127117186156217 -0.55484518803148464 0.90537445320369514 -0.3361241341176337
8 418 1 -0.0049191588108716345 0.60438697358153226 -0.67196468296072664 0.42796688294193969 -0.21503049317373446 0.90205264708415611 -0.032208467353711391
7 376 1 -0.0078777078905310893 0.5080664413195688 -0.69851100317545534 0.50387380500089463 0.35167646121930379 0.62731059478007034 0.29630093536607877
6 331 1 0.16603925057485996 0.39781823038243802 -0.70213300391317979 0.56672821322021627 0.55332116865600711 0.12815492052274574 0.26008350963840265
5 289 1 0.18974335521461158 0.36698927187883862 -0.7470366213056947 0.52081918158408291 0.52144006626017525 0.090142084920688953 0.013166450113905317
4 244 1 0.018073108029645499 0.48085231064111317 -0.69136788471070054 0.53894792522831247 0.24540738789736516 0.5775076455538285 0.034326129384214595
3 202 1 -0.10494288559710675 0.62771825007107851 -0.65054865896765401 0.41441914966087484 -0.33426115802806777 0.74078661020009318 0.045766384520898165
2 157 1 -0.039472178010202308 0.5534767550672719 -0.72182112164360979 0.41361781527455427 -0.23286371284356497 0.65508193290421857 -0.0052236237650534183
1 115 1 0.092529240609891553 0.51036957870359412 -0.71082904295613825 0.47506136914732738 -0.11131243784499026 0.4808697223720228 0.039275588773368106
0 70 1 0.21674641302239706 0.47053908581698489 -0.66632631946999843 0.53630513436103366 0.0056700200702745063 0.26531928751574213 0.092001220069571954
