18 852 1 0.14469153965345641 0.31499082221614283 -0.72102335271569684 0.599975387087609 0.32536497039323203 -0.084304556572225603 -0.77648851830290577
17 809 1 -0.0094514392359724229 0.52600529251508465 -0.67310503515906628 0.51976794263017145 0.35897254584767702 0.38700953306557423 -0.65221798808388631
16 765 1 0.25964011717331287 0.17547510516617609 -0.62582165340949059 0.71424278445424927 0.83899643386097478 -0.50065858888382853 -0.33868890140237129
15 722 1 -0.6356120345013978 0.23689731013394347 0.42782014567852072 -0.59736666210955036 -0.49458744642614372 -0.98531160466525547 0.39716376716961127
14 678 1 -0.51342301032711091 0.13360008885089944 0.48472509956847259 -0.69540592934919221 -0.42811574753369952 -0.93832775590006701 0.14668490357322894
13 635 1 0.49729256471857525 0.062211264721505954 -0.4169646376897454 0.75826799651154464 -0.55969288543298901 -0.7777417098172047 -0.18453255632042842
12 593 1 0.36858882753891936 0.19768746668060747 -0.53427794967882392 0.73458084253394496 -0.48844327349206956 -0.60579014911038143 -0.4546685548710655
11 548 1 0.14593378597933579 0.36601920250346887 -0.68371668313868805 0.61421882965787788 -0.4428423892753568 -0.098528906841772471 -0.85482220150859789
10 504 1 -0.069154107859493719 0.55098293244645036 -0.74700919530404508 0.36553081901540274 -0.75459719194540475 0.62912387015418769 -0.57967593983421284
9 461 1 -0.018126740278101534 0.63013217876279592 -0.74741572020970681 0.20970121544222681 -1.0624463770055859 0.81087862133099364 -0.31453524978088898
8 417 1 0.073821997753270016 0.65675707760953972 -0.73595954963173671 0.14691492423625419 -1.0117174375030176 0.98853348939555041 -0.055465870449717604
7 374 1 -0.0041809908108518951 0.64675308460445069 -0.71755078703457176 0.25848372269165149 -0.53053515438730425 0.89956286121838591 -0.088851954238818531
6 330 1 -0.06546696792668838 0.66345004643609451 -0.72662190548377037 0.16603830421190416 -0.048892702612568853 0.92575573881372097 0.38904140546757299
5 287 1 -0.41655067797830481 0.65279167936985016 -0.62170956567834201 0.11758304284782146 -0.3866670183394495 0.93978610773250371 0.77762711183633459
4 243 1 -0.52578073141087267 0.66500509130293994 -0.48964846443757748 0.20388043626630448 -0.56893538535594457 0.84140094155420397 0.39568717655222119
3 200 1 -0.14100074090093812 0.59169754563834387 -0.71740714809715367 0.33961712178577663 0.095825433012714012 0.5822052635195516 -0.056179724491417303
2 156 1 0.17475522867067025 0.36731371206659102 -0.73724560901628799 0.53945357443094755 0.25302725684367189 -0.22243785991116455 -0.19548941949717857
1 113 1 0.30664956836700863 0.35344162760951742 -0.65496072561090002 0.59335613757700845 -0.15560636631088232 -0.46863811292009772 -0.32259353726526285
0 69 1 0.34421084859503215 0.36937367124629356 -0.6110284252945577 0.60969356744316727 -0.28611863865445958 -0.10718480576399633 -0.18295585830445241
