19 867 1 -0.26383821924388084 0.72414184422826411 -0.58883647851858778 0.24347399259414754 -0.55627452813744194 0.89446753008874347 0.30278820073280277
18 824 1 -0.23338706270404652 0.66558940156019697 -0.63320047291718107 0.31871364669648955 -0.4241523333291618 0.8702185733823935 0.14474687989586874
17 780 1 0.036072940843398738 0.59849410031598127 -0.66283513681154538 0.44850098799656241 -0.092742035133750719 0.63138794880280946 -0.18107594033586649
15 693 1 0.29849331604445239 0.5368181802642138 -0.66617064896765954 0.42301849613062092 -0.41685379997896133 0.41395370091197964 -0.57178774321925818
14 650 1 0.22548758475176822 0.39381202136039639 -0.74980314306297879 0.48152122238560879 -0.13331325967950777 0.18523656177183867 -0.59228049551372319
13 606 1 0.34663521846224549 0.2951103376787591 -0.66868307304408603 0.58789187929506037 -0.359514882900481 -0.17498754405161002 -0.53312255974817213
12 563 1 0.37389618060664404 0.3499543677689641 -0.62694717839423542 0.58708672452261701 -0.43647786928426496 0.12171325984295266 -0.41653937710670269
10 476 1 -0.024537646252499507 0.55587670544438028 -0.76740847108392074 0.31856432752166131 -0.59725652973508092 0.92571234971070038 -0.094165818256434566
9 432 1 0.066389795955292485 0.56878661695125199 -0.74320140068982909 0.34601424447967566 -0.24673278651190261 0.99774865467998308 0.00084476133889470459
8 389 1 -0.036563007365911247 0.60309184117846781 -0.65517691088188068 0.45352683828369222 0.15583230852397587 0.76301327686334397 0.21538690943543273
7 345 1 0.14251682882279854 0.44350760317622479 -0.70917832145605442 0.52920323865595043 0.56295104401349549 0.23387085627779736 0.32362800203646647
6 302 1 0.20872480948822289 0.34418019808445172 -0.73544334247927667 0.54506608329042294 0.524084240016226 -0.00099334072641018016 0.065067031457125071
5 258 1 0.064949918277445229 0.44298512266483703 -0.7296385219080187 0.5168881083573641 0.40897097871005461 0.46179255358964805 0.054156421698388746
4 215 1 -0.10302346668469087 0.59765504923551516 -0.66368376483854818 0.43785667486666591 -0.19242139834421262 0.7141048968868059 0.061723385492265831
3 171 1 -0.07152547467399778 0.60098237168519697 -0.69504090717708256 0.3881010599660264 -0.33309194141375825 0.69736352944653157 0.022077439270246343
2 128 1 0.039963335451029508 0.54960740238494932 -0.70169896337372673 0.45161178003184821 -0.17371813571882583 0.52753884048217969 0.037449212206368251
1 84 1 0.17245705017598958 0.46782782255292221 -0.69363816665300249 0.51986708690996164 -0.027965238140950307 0.34359934526784502 0.064365606866104513
0 41 1 0.24865278905473767 0.46632733981267321 -0.65049099005288102 0.54550167231508873 0.032718411546751036 0.14682258044880594 0.057972360326940822
