19 868 1 -0.26407979055630615 0.72468902036618454 -0.59376572586377696 0.22919413336710753 -0.55574970447440952 0.90349084634698484 0.318090448923189
18 823 1 -0.22754923707102007 0.66394288495633491 -0.63844753240390018 0.31588912388942181 -0.40479456643278372 0.87291393934061057 0.1435920966804205
17 781 1 0.028366709559333982 0.60274190668518945 -0.66716721904535248 0.43678991007756757 -0.093812188379728337 0.63302111465917543 -0.16770396117754988
15 694 1 0.29002076724179282 0.5345385575486814 -0.67778778710979914 0.41323141302066885 -0.42243277831222215 0.42319634271216028 -0.57376262814762091
14 649 1 0.21650968480246471 0.39768142946525314 -0.75735967912271518 0.47050967416658751 -0.1447052762638181 0.16672345392002408 -0.59413814140688381
13 607 1 0.34259485427201486 0.29592872880358179 -0.67946472648328449 0.57739296736280787 -0.37780613362340026 -0.18738339057297995 -0.5270738471434111
12 562 1 0.36851760677401363 0.35130079969816608 -0.63359652266303135 0.58252722519921529 -0.45167790806596592 0.12084355346901865 -0.40963234835920442
10 475 1 -0.024008991212887465 0.55217945492073583 -0.76903103435618914 0.32111164118017965 -0.58432679591671643 0.92737116860864444 -0.093888882836480447
9 433 1 0.066533592601267927 0.56395838417394384 -0.74993548052435133 0.33929485263733872 -0.24336211224786891 1.004239174609197 -0.0010950508846073635
8 388 1 -0.031235211137241078 0.59783395946658391 -0.66161978560866741 0.45152871202710892 0.19368204949590442 0.75665801044184955 0.22670416482869343
7 346 1 0.13235321590072691 0.45300132038855295 -0.71347586672302987 0.5179040621300286 0.57479684244684481 0.23738479767252285 0.34765716455458734
6 301 1 0.19801059824289666 0.35025720964705825 -0.74542267556754549 0.53146657921591722 0.52939300616027141 -0.0076736023572283908 0.079793267085467107
5 259 1 0.065345876019817867 0.43766434892144312 -0.73390735383775685 0.51532497528572518 0.42849381410103365 0.44378421117201183 0.065353716226967895
4 214 1 -0.10737741030507768 0.6060008573792206 -0.66479717269557659 0.42341205909585561 -0.21097093233530623 0.71731907773284664 0.074941492576278315
3 172 1 -0.080841101311739688 0.60377239289029394 -0.69734222123284062 0.37767372215747491 -0.34024699726507485 0.70270306305259755 0.031806542663496647
2 127 1 0.03742612165971626 0.55380353588059184 -0.70552522635351422 0.44060763048600127 -0.1739777524101713 0.51754018575753813 0.055706883999495048
1 85 1 0.16307105709118083 0.46823796706369974 -0.70152659790676952 0.51188032680361173 -0.030688183728084906 0.34198694570136495 0.080048916424381805
0 40 1 0.24206763135753254 0.46870707430915187 -0.65793767061866393 0.53743368141789871 0.040359106464280557 0.13197528094221486 0.07584357319352461
