19 867 1 0.27217871512362279 0.28736233792045113 -0.68439597289184129 0.61232653549227845 -0.029968563495487884 -0.3614899672238478 -0.77150745895091233
18 824 1 -0.035760088378027105 0.54317782533527215 -0.64992418573038979 0.53035612464261228 0.26953699435620043 0.51812446757765152 -0.7409825757337547
17 780 1 0.20264014334215619 0.26844428192769493 -0.67115647594629657 0.66062366336814105 0.69911063422901798 -0.25094613545734018 -0.52407638614900209
15 693 1 -0.56797752073579233 0.13748200437279171 0.45723486819218045 -0.67040026083060378 -0.43870152961444697 -0.97423961033497597 0.26488095545597035
14 650 1 0.49260741305746447 0.0485873930843796 -0.48107472545713303 0.72356361873745489 -0.51459975057828411 -0.9269437624842809 -0.14855725974151016
13 614 1 0.37459145006796507 0.17865760174246212 -0.53484710262978319 0.73600358945057953 -0.45749757404307695 -0.6080552032292309 -0.43946468871291783
12 563 1 0.31994567477716618 0.2633677629141834 -0.60808953392180098 0.67712576777414779 -0.59464092461316898 -0.382991585352081 -0.59531006381704243
11 519 1 -0.050108978302043111 0.48941363197459931 -0.76696480959612778 0.4119810286556071 -0.53258514079350172 0.51467549530179313 -0.71666400263034524
10 476 1 -0.062182699563970052 0.60435202219097128 -0.75083994992983105 0.25909711449182465 -0.97829795819540355 0.76555195742916571 -0.41989556061897887
9 432 1 0.039747970759700949 0.62411237287823162 -0.76154843036101494 0.17014062729243604 -1.0347098509249868 1.1434408978489179 -0.17139459699517112
7 345 1 -0.02030313071649428 0.65407175648002769 -0.72198629985496787 0.22475253742721804 -0.18910240997590158 0.92003579385531531 0.24624017242945723
6 302 1 -0.29447711494879819 0.67471816410763219 -0.66225218674650743 0.13950150158377317 -0.2092245931837993 1.0661352502329338 0.67481323186259123
5 258 1 -0.49963707403114704 0.6174499528820323 -0.5055210549035638 0.33699675516057764 -0.50290116711594668 1.0698377601480442 0.25229277423214075
4 215 1 -0.21969184793891666 0.61410137210379034 -0.69005562709435575 0.31374867050689048 0.045273586405405346 0.78464497155174917 0.04253150402685716
3 171 1 0.054942849623666287 0.42955197726685762 -0.74812513123272062 0.50276751100224149 0.25763546098600365 0.068183312524719514 -0.13391395338904133
2 128 1 0.24581656486316303 0.32170921388496332 -0.70744597293988043 0.5793078572844832 0.080326175291898907 -0.4187120254760337 -0.29110689046936139
1 84 1 0.38206816465078786 0.32271103089487524 -0.59148754301440931 0.63247450111282977 -0.26054460606142688 -0.35457303500351406 -0.18787989603196736
0 53 1 0.34954814463200307 0.41249962201171492 -0.60324667085128758 0.58630504904132885 -0.18453534076569236 -0.10558213525630604 -0.079799296114887952
