12 1610 1 0.83499127295052711 0.26592068737562202 -0.4385022179717023 -0.19947823679798471 0.13863911242587462 -0.37652313993246933 0.265035968029668
11 1482 1 0.80258736446897472 0.20909498177746735 -0.52365080798526242 -0.19473736746348319 -0.032776092385486851 -0.056943288222084165 -0.16134796242015806
10 1354 1 0.81770478703003113 0.1802069415706955 -0.53118456607464648 -0.12933404904354032 -0.041847339312314054 -0.024260374614242772 0.3710786974281241
9 1226 1 0.84443891331834675 -0.038341030244732281 -0.46142200494099012 -0.26933737287970116 -0.10784801906546275 -0.0737545104968894 -0.30533705728014315
8 1098 1 0.85872460220396585 -0.098403221728242479 -0.44828890253485509 -0.22791648336010806 -0.27617737859870162 -0.04387132548555979 -0.31890534697227596
7 970 1 0.77593153169123752 0.27682998281437332 -0.51018513335887739 -0.24699503728186178 -0.14366616687304529 1.1611694694706745 0.92937768573843293
6 842 1 0.81143501299188481 0.033627648157901112 -0.51499182410299771 -0.27427326168858562 -0.078770731824363338 -0.11814983710769879 0.46819110562285021
5 714 1 0.7462182398362831 -0.26739003186431576 -0.57697024690238585 -0.19689145127363883 -0.19187879460691423 -0.08976377309863838 0.15281417019662469
4 586 1 0.80793253762030226 0.04907815433823242 -0.58288303872931568 -0.071300158364835428 -0.02053934800880618 -0.075666906460268843 0.73000266382238377
3 458 1 0.78680539327207311 -0.16854366907079427 -0.5674574304798865 -0.17470652342513693 0.0086584000197505086 0.084458990358201341 0.70499837014862954
2 330 1 0.80292406937109129 -0.29326336930828384 -0.50848858034104816 -0.10367689573509323 -0.045151471839894569 0.21251746491619314 0.73568230857335437
1 202 1 0.77375559998104138 -0.13045667320830287 -0.57867690923773918 -0.22229791413429478 -0.13740892895787404 -0.035217636307718354 0.51389405816622513
0 74 1 0.78985366412714264 -0.20226312610412114 -0.54501317261905569 -0.19540076446940235 -0.021989643309491377 -0.11795767944558719 0.43708665458230744
