19 881 1 -0.22482084253462623 0.68932034290638489 -0.65147722066755276 0.22331700465644269 -0.58933150192822936 1.0092008141091389 0.29526105392959451
18 839 1 -0.30799166733883021 0.68569004923839949 -0.6077175107728372 0.256222005935 -0.49132327214474547 0.87337773163694188 0.2438378939243146
17 794 1 -0.065483666302989241 0.61882832171292601 -0.66561222325332836 0.41197544338133013 -0.15501258627252218 0.68792490960005637 -0.072551670913126531
16 752 1 0.14645126268055247 0.56587442417011291 -0.69052947105970486 0.42603663378566337 -0.24128070334695148 0.63724727394591019 -0.39997941189999786
15 707 1 0.34360305003715147 0.47922036498202014 -0.69452079215421925 0.41222039621680773 -0.50731794134381736 0.47159473409400582 -0.56344493078790303
14 665 1 0.17797295251747811 0.42998065803835905 -0.78014178728456407 0.41811607672697426 -0.12183678402161319 0.40350024460160744 -0.50547781727245078
13 620 1 0.31013214344559087 0.32071468938090192 -0.69208711605757067 0.56742890779750532 -0.29572507890687527 -0.22566257003124499 -0.56017209568109239
12 578 1 0.37563523303373442 0.33058061629439461 -0.6465574576685994 0.57582817034878331 -0.43676847251231515 0.043840614183979054 -0.42908021565192195
11 533 1 0.29225864826595577 0.4268312631186128 -0.71874122057229639 0.46455463961580612 -0.5012470392440288 0.50719337643286244 -0.39603014891482324
10 491 1 0.072339453946797153 0.558492511891307 -0.73407861649840234 0.37944920920171799 -0.65654922288141726 0.84059632249034566 -0.28033806636249564
9 446 1 0.12011997063992805 0.59471789789772522 -0.72358857161175849 0.3290917707971876 -0.39354595276639437 1.0005464162407309 -0.045664804163333003
8 404 1 -0.041408860441689045 0.6430492952843111 -0.65220201939176292 0.3992561032878249 -0.093953671502189945 0.85403441106686273 0.13416906281401131
7 359 1 0.069877894162153037 0.5019202056806219 -0.71020534429255799 0.48867326095794755 0.51773372706321508 0.40048370362581531 0.37519685914253048
6 317 1 0.2008829852736097 0.34203953765909828 -0.71884788766527186 0.57088763807310616 0.53663141386190505 -0.00013277015747978514 0.20213776056693519
5 272 1 0.15879010066313085 0.37426360686282645 -0.75147922268534773 0.51960699993518755 0.51059127459052234 0.24388684413855086 0.019405453977960088
4 230 1 -0.054359251701623812 0.53228448088036251 -0.68482013537055397 0.49471171944822451 0.053652441596480867 0.65914990363849724 0.035410533781806718
3 185 1 -0.12798475794832018 0.60779415960387606 -0.68212761721412118 0.38588609085857617 -0.36627653856662262 0.74538455941411119 0.035762160999478605
2 143 1 -0.011495094619364406 0.54550816702466265 -0.72391535608904789 0.42217917964716301 -0.19217069664158071 0.60272117442735207 0.017302593359702838
1 98 1 0.14329428213788037 0.47400703120705739 -0.71354717780903076 0.49561528236488911 -0.056989453109417568 0.39841479768307536 0.06498492400875773
0 56 1 0.21354163864909706 0.46689084651664353 -0.6648144431528954 0.54261833933008219 0.019950522350617464 0.20407017405179578 0.092218207974168062
