19 867 1 0.52295714700081586 0.39783789931713437 -0.59101495088771472 0.46791255176035729 -0.65812994993607743 -0.39496088106539257 -0.28861563143556268
18 824 1 0.43989841443170047 0.44352882057209503 -0.59430019648142329 0.50653612582375984 -0.66614573083341799 -0.12405804070671757 -0.23040087454346325
17 780 1 0.17266617804745676 0.65763340508508572 -0.65438209327552221 0.33089087547864704 -0.71108275750768457 0.49439032533462951 -0.089652828200956242
16 737 1 0.039443857720179776 0.74702267168489855 -0.61987295093829908 0.23697855340083329 0.051434507136929215 1.1924545361812597 0.35513104968796771
15 693 1 0.19907183752189131 0.71182258985249225 -0.67171954332608275 0.0497177955580001 0.023793217888521422 1.4748885337473507 0.37548766795210009
14 650 1 0.015348678117396554 0.71180606540573299 -0.67877779692155538 0.17988119895636107 -1.0409059805143011 1.088544158939293 0.55028787605261931
13 606 1 0.16955383202395791 0.61656835729439152 -0.66610578072820814 0.38392453387319647 -0.84699541785944243 0.62489229729094586 -0.13719793759741924
12 563 1 0.38732959091904645 0.40679671719216814 -0.71070884838319037 0.42353884321275492 -0.62711886421222551 0.18519268769384717 -0.25657795306230124
11 519 1 0.43620046080037522 0.30675102763733425 -0.66944483829668566 0.5171813739094866 -0.5483939713214222 -0.086608161945593898 -0.33470118485027683
10 476 1 0.4615612490276047 0.33957338504318724 -0.58512001870315578 0.57383420365050364 0.034427903896738651 -0.38719305224268541 -0.2811274444227771
9 432 1 0.35159548291997367 0.23782664363928363 -0.60705598151045326 0.67179024946624832 0.57134017301772144 -0.68385433668898699 0.080557140802475044
8 389 1 0.45344744616001059 0.28492747740012631 -0.52629397517984478 0.66046680301341554 0.17691485717703509 -0.8586187836508532 -0.090779419758820451
7 345 1 0.49224121165447932 0.22791315578831112 -0.538572671862944 0.64474309619409864 -0.046699640184825877 -0.30458817580337483 -0.15638847800451688
6 302 1 0.3053964617019258 0.32638828725482599 -0.64793362235462892 0.61675417156693357 0.16742360730045516 -0.043100469398200399 0.11385402688398662
5 258 1 0.22775284940155646 0.36373307244032527 -0.68582341888484688 0.5877696229916044 0.55886314240306512 0.43176702674453354 -0.076172997864476177
4 215 1 0.045687694604586132 0.55526219770458196 -0.67511731564558319 0.48354227992751353 0.3398976812612976 1.1992786358072771 0.10502843596534454
3 171 1 -0.047982302827100982 0.59093326095343202 -0.71517609616612754 0.37016041277658168 0.059367498226294398 1.3244083993541338 0.43198113769659824
2 128 1 -0.017996039497877897 0.62066859072159042 -0.68561012677561473 0.37998078519418749 -0.18986629482120501 1.1068104082428281 0.31661353678683701
1 84 1 0.13463351255828701 0.53448272478190073 -0.69006034653562465 0.46906156562339046 0.016862597930292968 0.64567929285461256 0.11668738629464755
0 41 1 0.26887482376318572 0.44964283148260914 -0.65025522480114306 0.55017796744456504 0.043913521160686711 0.25411433815172652 0.14555196158000958
