19 868 1 -0.26067984259639132 0.7243617721137503 -0.5924757428637486 0.23731526896134858 -0.56147507300273602 0.89928728182632478 0.31184934245999046
18 823 1 -0.22369374941982895 0.66299146858290603 -0.6374825446013459 0.32252042475690323 -0.41072129289669301 0.87416413031263684 0.14084188346783119
17 781 1 0.034081442248278609 0.60116517603375319 -0.66281515289471549 0.44510106662615251 -0.098113064419196441 0.63534403031998687 -0.17588960611038587
15 694 1 0.31378198575638866 0.5247407572206636 -0.66671423563712595 0.42623952318510455 -0.42284154088321541 0.40553553336432024 -0.57388376842760236
14 649 1 0.22382687670928075 0.39644494651833007 -0.75227552818322418 0.47625042082847358 -0.13868867995146578 0.17842305042711351 -0.59605364422793072
13 607 1 0.34792779097347543 0.29330193432858515 -0.67436894944622849 0.58150386723582359 -0.36083768427712898 -0.17330779358600534 -0.53710206229753865
12 562 1 0.37374767687477839 0.34925381027543428 -0.62761595605926657 0.58688385711195878 -0.43884326479862462 0.12650494773365412 -0.42108969759977205
10 475 1 -0.018657555841253091 0.55293584176004806 -0.7647869426748708 0.33017386756247308 -0.57939071967846467 0.92517520825893629 -0.10126901676149352
9 433 1 0.074118107352684884 0.56439271877724539 -0.74552382864223465 0.34664331247019453 -0.24579349471900891 1.0010076374517209 -0.00940902148741464
8 388 1 -0.025650638415985156 0.59534403711373585 -0.65768580482609618 0.46082198770482008 0.1850328334329582 0.75530755116865889 0.20797086431066156
7 346 1 0.13925135186186866 0.45075874625551404 -0.70899976183795643 0.52416118836911285 0.56301113904750177 0.24771484871522004 0.32433112839136019
6 301 1 0.2054658506963499 0.34835918867146409 -0.74058649041079538 0.53662026619091197 0.52249270924427405 0.006170345013910998 0.060711985112709296
5 259 1 0.072308162251239372 0.43539605453386443 -0.72989409856125742 0.52197357237090281 0.42149193318745681 0.45023976011631672 0.04925406235344456
4 214 1 -0.10141821472893839 0.60385129062902254 -0.66205016630829638 0.43216610442978526 -0.21287130771284138 0.71906631221126727 0.063464412600753417
3 172 1 -0.075386298908611829 0.60185938158182661 -0.69459258624924936 0.38681174990734413 -0.33784556478782396 0.70606645361121811 0.022097962932210637
2 127 1 0.04406561881329412 0.55240507352449453 -0.70141814319183249 0.44824038682867628 -0.17499045975543345 0.52286149085147582 0.042571094799067073
1 85 1 0.17077474798819675 0.46692643911880044 -0.69564165238781028 0.51855412192418449 -0.032787899162374387 0.34636228410532277 0.06276533705646932
0 40 1 0.24934553012662825 0.46728456746435321 -0.65171151632625868 0.54290334232094384 0.034860202502299986 0.14050681549334357 0.057073419515632037
