19 881 1 -0.032152123703230083 0.57929095907489914 -0.81103769829320738 0.074873744548487886 -0.8523362541732733 -0.52737029427919069 -0.43138906772292146
18 839 1 -0.0012142952782457617 0.66403516356167613 -0.73998467770848642 0.10713777950500354 -0.77174067792000656 -0.51328634393351147 -0.27304623128072797
17 794 1 -0.27167226491048213 0.69530882552025564 -0.66333323900954488 -0.052238220271726109 -0.7535359861142521 0.22988048371902547 -0.4732513578594017
16 752 1 -0.38848072132150629 0.67554750209591474 -0.53992687454969301 -0.31811518623368523 0.069998583779073809 0.78280942709832269 -0.037246241824131922
15 707 1 -0.32925661149624474 0.5976000551965045 -0.53699102268442578 -0.49608960820750941 -0.09866221098014398 1.3454256389212109 0.27540591099076961
14 665 1 -0.40161525232993722 0.60724804671541655 -0.57395654000871676 -0.37487183014664416 -0.82606916384955809 1.2232928124709921 0.32069002473990754
13 620 1 -0.40188973657769905 0.67662408200100377 -0.58834292179248304 -0.18578777588014442 -0.86310555476210793 0.76050045193059912 -0.22760889508786725
12 578 1 -0.27468860177200893 0.65739080631335622 -0.69407603142843333 -0.10315988768785311 -0.86219973310582398 0.16220427534085594 -0.2930160217462035
11 533 1 -0.12747095498244043 0.52935896113910497 -0.81971133879522318 0.17777392088868132 -0.71186545718081706 -0.085778168653638506 -0.34774324285789082
10 491 1 -0.13482511062838767 0.59639790897981049 -0.76198473498947594 0.21333304327171335 -0.36501048476033643 -0.44854667025061934 -0.41081825854490228
9 446 1 -0.14107002981638447 0.67225884939339209 -0.68485205244643799 0.24319735269895229 0.57426632591285265 -0.71040522552918062 -0.12392378613866432
8 404 1 -0.11127933785359209 0.64245613470969254 -0.67425687108720023 0.34676316951551561 0.28413449759132675 -1.0325400897478378 -0.0039067263320103273
7 359 1 0.040019614094021577 0.60246328291316298 -0.71767915511141722 0.34694820009307165 -0.19816201816634291 -0.72963056169764862 -0.10549363659692274
6 317 1 -0.1672039849864905 0.66994198257282533 -0.69976014785010587 0.183183795330885 0.017802540639782566 -0.29148102317516722 -0.05713140542384882
5 272 1 -0.23731480530428012 0.61778504272217272 -0.71701882835443376 0.21887741765058796 0.38995727395534402 -0.084198414857935319 -0.21277663549741122
4 230 1 -0.41036362485260819 0.7278789435863664 -0.5455070717345254 0.064930528790750786 0.52046687282541448 0.77614154163852156 -0.2230238019701318
3 185 1 -0.50159137831125611 0.71187106285605817 -0.48044909615757253 -0.10399204331761154 0.18324956112555432 1.2687540711020611 0.13819806336582047
2 143 1 -0.53640845876801901 0.69157458048029385 -0.44952021321018037 -0.17866768849206638 -0.20409035270795095 1.1463344781753304 0.17582595610997892
1 98 1 -0.43006436220381827 0.7032845078090767 -0.55798583304433946 -0.095327622228724346 -0.051300386263307234 0.69105976720435636 0.01866794067658217
0 56 1 -0.3085498610397171 0.72005386605847344 -0.61829309312024672 0.063506410907995206 -0.0065826102168835597 0.22821272411299467 -0.069690978644590881
