22 -0.07427811819862587 0.67196980698954867 -0.69420981305881735 0.24700622482873111 -0.14855706841028743 -0.12121131741850902 -0.20621891679321341 -0.070429394408547952 0.678801102325995 -0.689833938729427 0.24165657628399975 -0.14178668215788121 -0.11786568138643622 -0.21398031849788746
21 -0.01769670315644583 0.69754511556168219 -0.65552462436988856 0.28879942052945451 -0.14988881501687287 -0.28562364278429192 -0.14042738077075756 -0.013792461200981397 0.70414215465712915 -0.65027056592284393 0.28485397161215675 -0.13910198485933606 -0.28667989386831283 -0.14963910103722622
20 0.055258913488708622 0.62650667030470353 -0.6551636257072152 0.41856477168287448 -0.13440989739982051 -0.50547041011785399 0.039702813816488637 0.060492628729713518 0.63255847922082165 -0.65188823037963139 0.41382622841927641 -0.1254437224121201 -0.50933041221149722 0.038841356444666797
19 0.014252286412046721 0.59892551271255656 -0.70423873287719607 0.38096313426570755 -0.028446272981100616 -0.55107709988612152 0.015251008516378102 0.020190924866500724 0.60535205665168956 -0.70044940573352377 0.3775074092890871 -0.02253643406551209 -0.55739026739572073 0.011412152498027073
18 -0.019477568267185958 0.62546771895025199 -0.71322520447896831 0.31578563073943028 0.040826604276998107 -0.45945775229253299 0.04922716600645876 -0.01574058205242581 0.63240070361542144 -0.70838998876499759 0.31305783484988436 0.049638423325073067 -0.46203895426247538 0.043988294850575205
17 -0.012736451472845125 0.5908545362416604 -0.73314002191266237 0.33650320663618249 0.18895471111031309 -0.48081358797848156 0.13368482995644493 -0.0089283877481514794 0.59762435365971445 -0.72854807240242137 0.33463879333356356 0.19682435565659517 -0.48503126907409411 0.12950655407649414
16 -0.038193133620401276 0.5836759040931544 -0.756476663927374 0.29258636410230043 0.25602164163923297 -0.43221565343743462 0.207351947083835 -0.03557281161636907 0.59066636746191292 -0.75228823939081935 0.28967261226653118 0.26091248741513162 -0.43150636128197273 0.2020677706962033
15 -0.089412603420163106 0.62512315645002137 -0.72193069880873662 0.28291781799158544 0.32486173098743165 -0.20686818028176238 0.269844729606524 -0.087246773430242078 0.63255050613988317 -0.71717528847246481 0.27915490916805741 0.33042151343872739 -0.2026371663494968 0.26536487440783318
14 -0.155250819127978 0.68885331827895357 -0.68072517448728742 0.19491415001332929 0.35663348733493411 0.013837482799280234 0.2775438479961807 -0.15358112433534452 0.69591473081650734 -0.67511113328840289 0.1906318005751613 0.3600378453669355 0.025696514471549692 0.2729445191058153
13 -0.20100638990387329 0.70997528984095593 -0.65618028530066375 0.15798402519179666 0.20393835497082702 0.21275262938420961 0.40097368412311846 -0.19778924685724089 0.71770902135025116 -0.65038303036892231 0.15091417530585965 0.19949430711088123 0.22805235092120357 0.40389863854685437
12 -0.18461780055770158 0.70523226619393253 -0.67411637114794953 0.1188731954080775 0.063947303400112399 0.36771196726897193 0.22480882158411375 -0.18190097726293605 0.71281517949589701 -0.66796751989590486 0.11236523801930519 0.060804034528167739 0.38164144979908854 0.22291518259259635
11 -0.19570520184139412 0.70016556680092379 -0.66674746847954169 0.16405933778570161 0.03477601713124584 0.22469878749988323 0.1245108424506432 -0.19266070690438528 0.70782473990051509 -0.66092571552538837 0.15825039702043148 0.036014961645835175 0.23786033526252276 0.12471774769386912
10 -0.15904726933427765 0.68256115691173569 -0.68981953890931025 0.1815578060331457 0.042697768328042576 0.065190128019938981 0.13591109133607474 -0.15613577452693328 0.69038541354674154 -0.68406956315532186 0.17617727844207542 0.045249879191393033 0.07582784094071443 0.13744859516603303
9 -0.13868651608163882 0.66793833692559057 -0.70067522304613061 0.20899440215342788 0.032676161573855889 -0.079409223324847428 0.12189614262113349 -0.13405591317185953 0.67659361343167868 -0.69496406368511787 0.20316260628715693 0.031875246085527775 -0.071579612958472996 0.12226178358884504
