18 853 1 0.52114527670824351 0.40641392468838067 -0.6076240893288215 0.44048642255056641 -0.59694925634172058 -0.31333673271784335 -0.26098736335771383
17 811 1 0.38227601864627281 0.4830231111527245 -0.61051765842372929 0.49781714355082635 -0.68091664015553643 0.040172806526610989 -0.24297301616940775
16 766 1 0.15034311586785434 0.67760449807039647 -0.68432697983335833 0.22348529342680618 -0.25586822842740425 0.74469015985737241 0.11470429319573208
15 724 1 0.0092235722214943586 0.78192642043191407 -0.59561691632352376 0.18370217128620167 -0.068767969990729524 1.2872947655913294 0.51717135015184212
14 679 1 0.20858421817519138 0.67912663733148892 -0.68547304568420664 0.15939365745062131 -0.2898842282340045 1.4286699304352783 0.25220977453398058
13 637 1 0.035874085790455076 0.67840195951366533 -0.71451840124019772 0.16717441666077387 -0.90821781514415545 1.0279251776023475 0.58093423850451009
12 592 1 0.23220791191965054 0.58063751863344804 -0.65682677228223585 0.42132902678359097 -0.80983739317065373 0.41527501570669195 -0.11993339270695637
11 550 1 0.33510164212609628 0.36334486041704539 -0.73339328516080049 0.46671371431956049 -0.55405459776424115 0.069252262786601765 -0.33771081190656399
10 505 1 0.39083263664131745 0.31528338334766959 -0.64122665364960219 0.5802366904722378 -0.42059429500479678 -0.21438244815594931 -0.35345949795168913
9 463 1 0.43891430322024044 0.35978510555811577 -0.54581328309047539 0.61643878223974757 0.40968659524245321 -0.42248512767406377 -0.22634186521463651
8 418 1 0.3776849263960293 0.20103695642542752 -0.58551458838559944 0.6885571184092637 0.4662561757969696 -0.74573042236015263 0.14144909705627581
7 376 1 0.46984934206707057 0.25635968675129467 -0.53062815896734528 0.6572328838994933 0.049777154799812873 -0.75592964036446963 -0.1254396570090836
6 331 1 0.42523392926146691 0.35314791360081943 -0.57498286874139093 0.60320589948885805 0.012284161888179858 -0.13194961409471528 -0.054302533381609751
5 289 1 0.32930505386772818 0.28539536027689877 -0.64672297370140153 0.62598487610836751 0.25788095042473069 -0.018809325404011212 0.11642490439331739
4 244 1 0.14202068007407292 0.40232434773729714 -0.71060932727833248 0.55946369822723252 0.57293654391419191 0.681358662554158 0.005779188568813042
3 202 1 -0.0079460985462694658 0.58264608297010267 -0.68445006423520005 0.43816493593842021 0.21425100893802254 1.3439392679024562 0.33652130668530539
2 157 1 -0.075430335289836378 0.62735657639672737 -0.70212154670314664 0.32826715374070159 -0.13925980791730558 1.2645373669711422 0.52398770689708218
1 115 1 0.03766734716157262 0.58104439507784167 -0.70959222270111955 0.39679649618982188 -0.081608475840955153 0.98177177609079525 0.33770914083483217
0 70 1 0.166476461144803 0.49730932788896987 -0.68540590734816409 0.50516112523784329 0.046857854976768636 0.5476982746441148 0.10615935099236153
