19 883 1 0.54700157739149513 0.36081934397024956 -0.6056971303565255 0.45136422280234517 -0.70771229715497308 -0.3636312622802042 -0.35762706589685817
18 838 1 0.50365027725062095 0.40731627815596383 -0.53449735773597007 0.54290185332876928 -0.64859346878204316 -0.3062945660869642 -0.22054565462821324
17 796 1 0.27995016446335674 0.52493830155866283 -0.66304085612933106 0.45436164899442139 -0.68120717918679186 0.36522322530197582 -0.29677991676242793
16 751 1 0.084290907813346611 0.70477887852180154 -0.66326631242837197 0.23719100751761824 0.1733175631509643 0.86396509170355362 0.22480085828613214
15 709 1 0.11043933609931741 0.77285748969753543 -0.62151731124622722 0.064889794895855862 0.062813322052795301 1.3740062047170896 0.51706850369959811
14 664 1 0.090116131487500681 0.69828731910674491 -0.69167218407066133 0.16082130643470097 -0.76421027349419168 1.2480651036417401 0.54106770988406006
13 622 1 0.1043798826705416 0.62446489972209984 -0.70339398381614915 0.32308719046102513 -0.84999715496418249 0.88022297071055444 0.046464961070293506
12 577 1 0.28985078060805003 0.53935395408525877 -0.69208344762392549 0.38223597255946767 -0.77040304844020413 0.29087183535209282 -0.10128472509679788
11 535 1 0.4652961168636548 0.25465013735457914 -0.68251206267469622 0.50282215094447613 -0.55519467466864192 0.074741798949846783 -0.24461107919047539
10 490 1 0.429131136918942 0.28261026324003741 -0.64351182105837412 0.56733626941716708 -0.22942520672010777 -0.27053963622180061 -0.30192582039994881
9 448 1 0.38320881688839259 0.34266030115614515 -0.58717283654620189 0.62527032609333522 0.63915774209477771 -0.46963103376609683 -0.097716268746237983
8 403 1 0.39169924428128594 0.24106459970131006 -0.56068384066386767 0.6885442553814034 0.3618494351681763 -0.81783010303137327 0.036821495434711152
7 361 1 0.52428013029285447 0.19415208760318223 -0.48425311591376563 0.67300388675493017 -0.056437116537416447 -0.56278432841523318 -0.080852225305454897
6 316 1 0.35503824771599835 0.35818577971816312 -0.62533391212101708 0.59548995643744407 0.11152704794553897 -0.08355743870809812 0.070444245830085989
5 274 1 0.31877093399563006 0.28717089578537269 -0.67863187707786254 0.59613483681727342 0.4575570483158285 0.081176225486336046 -0.044727721353269433
4 229 1 0.072441448474220807 0.48075961280281176 -0.67870146577968782 0.55044232358090939 0.49895137663188099 0.96024136738365762 -0.009991418388497984
3 187 1 -0.032952300934925349 0.58282956731959568 -0.69547999684808848 0.41896469458097518 0.1677690695521879 1.3599924716338305 0.39883204645044973
2 142 1 -0.076630053493155673 0.62099998040780147 -0.69580248858542926 0.35262693617117508 -0.23211325285546869 1.1888950764742234 0.42757547347041475
1 100 1 0.065308482558863304 0.57560553023045413 -0.7008111855876793 0.41626524936531489 -0.054170633520484936 0.82729209383563651 0.27534492205899441
0 55 1 0.2074434945842227 0.4720507062454376 -0.65640895036194391 0.55069285193526918 0.018353880416957756 0.39464212369712903 0.11402081369221677
