114 895 1 0.48055863739550081 0.17315422579628506 -0.66715710076009604 0.54220145058718883 -0.5579866720179697 -0.44043607114352684 -0.65701471415839185
113 889 1 0.53236418746065217 0.33527754766232848 -0.61409329779334865 0.4765152248860306 -0.69088236280609105 -0.40180149083916583 -0.45920832694515323
112 880 1 0.53135415953839171 0.37010855725116221 -0.60508346008298042 0.46320235246026187 -0.6787380759599807 -0.3762825631900733 -0.35004980345872988
111 874 1 0.5308190474618818 0.38118077451201904 -0.58850886572308281 0.47601436003487169 -0.66716634338207836 -0.39994333078213457 -0.2957949861769742
110 865 1 0.52785458018162801 0.3888827925142867 -0.59222319549445135 0.46841370879374178 -0.66718627239134265 -0.37675693806093524 -0.26757332384358873
109 859 1 0.52439820855251806 0.39612586063722494 -0.59622991647125545 0.46108644320344927 -0.62585093196228647 -0.36090165916487738 -0.25976731066132902
108 850 1 0.52592155003566632 0.39720905892729619 -0.59516084761614518 0.459798925813236 -0.59054062305854926 -0.31680464122311996 -0.24308497709602858
107 844 1 0.51963577228806901 0.4119469256946181 -0.54414709820229346 0.51398670224759568 -0.60551604469971287 -0.33582060811300413 -0.21377951380956178
106 835 1 0.49212362836958867 0.41730555398812469 -0.54032521370737041 0.54011024100927774 -0.66617138354110883 -0.27609778675831625 -0.22201707842861715
105 829 1 0.45329854927807939 0.44809707682527794 -0.57761004406038707 0.50999614896936951 -0.66883892176430637 -0.19160368543583101 -0.22404735822586577
104 820 1 0.44139203031983898 0.44214610939980964 -0.58839294374993323 0.51329683152931094 -0.67192534937022974 -0.066879750393096071 -0.19768819849290525
103 814 1 0.38929421982433166 0.46764260053724921 -0.61075154509025309 0.50669809427704815 -0.6682215146115672 0.00044569486218270832 -0.24277469024623058
102 805 1 0.35647460743752862 0.49646898890761371 -0.63040683313078294 0.47857248358773052 -0.68437065924680329 0.17792515786150184 -0.27726598514927786
101 799 1 0.30813806773161562 0.5165173015395228 -0.65214153420383325 0.46148914157456244 -0.6879782638193126 0.30837565067070088 -0.29380302163995126
100 790 1 0.22493685744316311 0.5693770427611633 -0.6643913832224505 0.42871585373053955 -0.72229490992946865 0.41088063069600828 -0.26261813195302036
99 784 1 0.19973984116079516 0.60450682456607008 -0.65964156415025632 0.39943522848080154 -0.72641925207991798 0.4664155936457906 -0.20929397823622364
98 775 1 0.14689748435817609 0.67207603170223851 -0.6686932071547842 0.28210695029662042 -0.61005078787824429 0.59154388696609794 0.023701589355739964
97 769 1 0.16657784000814049 0.68276429493305346 -0.66763368342017404 0.2456623812178079 -0.40245389260173209 0.70762825129760987 0.077444564011206626
96 760 1 0.13069429423844947 0.69394375995229007 -0.67786937500781119 0.2045829169391023 -0.0081815004557483032 0.76670527889508189 0.1693033702534659
95 754 1 0.10093113592970257 0.71009086567957591 -0.65374174940198548 0.2412583539842757 0.11082237597894791 0.8306734478557859 0.17730223495696376
94 745 1 0.068475881546161674 0.73342207858335651 -0.64335828009804297 0.20855030981092551 0.18467404536652848 0.98828303054710231 0.33219343884322
93 739 1 0.031664129855230011 0.73715971454755191 -0.62962624073334061 0.24323596590283347 0.091908348770211923 1.1439290651834075 0.37411716341791401
92 730 1 0.024320746895072083 0.76173613665003703 -0.60794554026573044 0.22264047130508652 -0.0037671192591315203 1.28051390351804 0.42119067600211774
91 724 1 0.0075279331425705445 0.78336541854070918 -0.59372892524966048 0.18376048154873686 -0.077583919185521447 1.2829428896421207 0.51883318083877394
90 715 1 0.072753409049109916 0.78552990524560518 -0.60594795373475563 0.10235617617528467 0.0023414621316421133 1.3383533344774297 0.53520369352520558
89 709 1 0.10944510040183389 0.77617487353441039 -0.61769090361852819 0.06350026203726121 0.051101888330055127 1.3732728775936414 0.52180114680538925
88 700 1 0.16806686906419943 0.73780937190409035 -0.65311526319170143 0.02883246849445387 0.12822173932001346 1.4379832617496824 0.45670938346117085
87 694 1 0.18955545564208087 0.7169372318001993 -0.66902595419060662 0.049739395998934399 0.047525911671510414 1.4712302587512605 0.40465342747281857
86 685 1 0.23505909699556812 0.68036200080243514 -0.68348200431008299 0.12127290945634581 -0.11986584707266616 1.4804806251483575 0.23998979241510379
85 679 1 0.20957080204047163 0.67922375312902972 -0.68547739659826357 0.15765757473174336 -0.29188753983590421 1.4280815255720287 0.2558228796482887
84 670 1 0.13278989718729539 0.69084390982751043 -0.69301974459713633 0.15756004905351506 -0.56987792753603839 1.3083009845066429 0.45118162809098333
83 664 1 0.089463287290245067 0.7000983378891753 -0.69115828977448412 0.15543119374194966 -0.76415433602733751 1.251764468202256 0.56233365309129513
82 655 1 0.021407558999790677 0.71217438722193482 -0.68183813834491225 0.16566868050744057 -1.0082358183835547 1.1112920571119542 0.59718901868479701
81 649 1 0.0090195768286324991 0.7110875811945726 -0.67871478701017662 0.18335576619898003 -1.0525578371617637 1.0755259916137638 0.56052158517928297
80 640 1 0.014162809083993727 0.69204271745179191 -0.70252216496688247 0.16534479063772795 -0.96264539753850997 1.0185125652932614 0.5972562780763484
79 634 1 0.034313081452495522 0.67024054315825643 -0.71893485814049862 0.18092234936198703 -0.9027654782966088 0.99562308429818003 0.51860317744656093
78 625 1 0.083336515411293055 0.632360342063778 -0.71185242792072434 0.29400942816082482 -0.87835959301361188 0.9315962587021861 0.1301878940411049
77 619 1 0.12062542074071121 0.61338343066947087 -0.70127724717431628 0.34266674400485664 -0.8152030515663018 0.84087842204546648 -0.0084318858556694798
76 610 1 0.15509633296409187 0.62012242817718111 -0.66783272084867673 0.38130402376133138 -0.85299674979882767 0.67101051889244978 -0.1126071601112225
75 604 1 0.17075089666533455 0.61790347735100126 -0.66340034904781175 0.38592667807339576 -0.85885008980257782 0.58767942348124447 -0.11930201987318377
74 595 1 0.21879517433694293 0.59153981888721696 -0.6589335678867837 0.40989738651245228 -0.81446742587669874 0.46155658258535398 -0.11779237925285278
73 589 1 0.23392150189797323 0.56985981154872378 -0.66381719313845455 0.4241311828022471 -0.7944312692663914 0.39362671008044892 -0.12623746984833861
72 580 1 0.26774578388673004 0.55805605124567748 -0.68289137992816562 0.38800129136224287 -0.78039941342256847 0.3052021670741048 -0.09309523783653896
71 574 1 0.31041270516838881 0.51715311655862339 -0.69142440885080581 0.39765423843970221 -0.76189176316073515 0.25971043093967383 -0.13525564332476198
70 565 1 0.3635189211610878 0.44004588541410744 -0.70514999721988303 0.4206864558180976 -0.66237101721072045 0.18479289548357841 -0.22052036605354813
69 559 1 0.39656158357955523 0.38469560579732853 -0.70885654608191329 0.43848671403581002 -0.60402819278408204 0.13711447723619838 -0.27191473690203682
68 550 1 0.33507719084623827 0.3644710099018047 -0.73115717418925241 0.46935417942886104 -0.55518719090305679 0.066643113045353863 -0.33694900049190857
67 544 1 0.37103580001466296 0.34240596453004041 -0.73374120992364122 0.45465858335846121 -0.5606747676497057 0.085034378202450397 -0.28241757674512341
66 535 1 0.46655739666958773 0.25568243164144067 -0.68140983527975929 0.50262443846954796 -0.5609792744368185 0.075103212232244559 -0.24140189505602461
65 529 1 0.46888515278371795 0.26777710283228917 -0.67667868348741389 0.50054779593109355 -0.5636909849253734 0.031049597408918873 -0.2425818689474992
64 520 1 0.43454821851443293 0.30525144465309445 -0.67298211543601461 0.51486354855087413 -0.55755971864006182 -0.07229331810632611 -0.31952781388314666
63 514 1 0.43180585357206447 0.31394221318545773 -0.65963318943637173 0.52902556364992159 -0.53526736729739854 -0.12014383357931202 -0.33068510920145411
62 505 1 0.39036493884286588 0.31618954619780287 -0.63913550538883013 0.58236173564958571 -0.42100952509292372 -0.21556493685661254 -0.35124208381885602
61 499 1 0.40249373197310445 0.30730847919883375 -0.64077458933080667 0.57703398513674986 -0.34857498069325915 -0.22893727860564322 -0.33494955912093644
60 490 1 0.43007634992872934 0.28296451538422362 -0.64185147707798418 0.56832393723840513 -0.23157989361101181 -0.27452884035616171 -0.29941736002963787
59 484 1 0.4228670315362047 0.29007423716768826 -0.6393888761958495 0.5729068646545884 -0.12513510062037128 -0.32933997187753122 -0.3066754022505892
58 475 1 0.47385302182333194 0.33352024169299282 -0.56454505978708536 0.58780646267282644 0.057939562867252291 -0.40955651546153932 -0.24797884495290146
57 469 1 0.47698296540406931 0.34951561495776196 -0.52581199347304208 0.61143097168441141 0.25056269389854668 -0.43212423289850593 -0.22136052941472456
56 460 1 0.41354479675297168 0.35874463253092359 -0.56077524345993124 0.62113936924916535 0.48893623494620286 -0.40368429365010045 -0.21039269289277537
55 454 1 0.38412341440530923 0.35774110693254618 -0.57375379905077495 0.62871064965617274 0.60026333475664706 -0.41088137480949516 -0.15342776973326311
54 445 1 0.36171183436486265 0.31018834420802693 -0.58329926509655206 0.65780674011119045 0.66768271172504634 -0.4874229771700217 0.0063961898904021982
53 439 1 0.35226635350736535 0.2851844878436911 -0.60805475356553718 0.6518033758322439 0.63053590544244187 -0.58766509959442814 0.022521719300274041
52 430 1 0.35908988988183332 0.22400917390171105 -0.60789320819002923 0.67181856808885498 0.53718033454924519 -0.70707386173806619 0.09953657395882784
51 424 1 0.3670304157684971 0.19453975214712219 -0.60391613206898742 0.68024132788457792 0.48333642787573411 -0.7432449206126478 0.13605241266472587
50 415 1 0.37049315973052677 0.1940746506486361 -0.58465835416879941 0.6951578651422502 0.4449272497747821 -0.75644819054957702 0.13585518287394266
49 409 1 0.38014097395692931 0.20747438564357198 -0.57385020487467875 0.69508500313716237 0.39594764199896187 -0.78802216653805224 0.098131507476364399
48 400 1 0.4096939999931184 0.25099187991288113 -0.55696104180347816 0.67745723149186399 0.3134656830768312 -0.83413330705035993 0.00088081108552646146
47 394 1 0.4412585487351135 0.26424454149177495 -0.55989763221719868 0.64960015155290529 0.19533180137830161 -0.86385176093659177 -0.077153574631178959
46 385 1 0.45245075550296115 0.29099437033054804 -0.50950551218683637 0.67157629747628622 0.16432168336666675 -0.83537057068256582 -0.07898874127889452
45 379 1 0.4619450256118573 0.27426463287204733 -0.51793014178497365 0.66568316239681069 0.097504742030801408 -0.78960566911330388 -0.11041036017995193
44 370 1 0.49889172938394649 0.21552605174608572 -0.51841888003076142 0.66022528594313135 -0.020079445035612788 -0.68504256875105118 -0.10576218940194257
43 364 1 0.51668386773598451 0.20687540962195297 -0.49534052756290564 0.66699183463430423 -0.043515181408556682 -0.60291609749191344 -0.090381653597766731
42 355 1 0.52665644054168859 0.20413421400286344 -0.48951779968875703 0.66433014390231448 -0.066569555762201041 -0.46616048348348255 -0.11010792818880695
41 349 1 0.500082365014624 0.2218294784380386 -0.52762818766292563 0.6498598358729557 -0.055664091923755009 -0.36323002815474548 -0.15068288774849758
40 340 1 0.47728997645571963 0.26756702329833321 -0.5492500677367167 0.63160630895311687 -0.034308420873777168 -0.21928583094401013 -0.12724006032397936
39 334 1 0.43781802921000357 0.32435952020616282 -0.57559241899542135 0.60975375533513165 -0.0058316607962803132 -0.14833748670878025 -0.086006006818497016
38 325 1 0.39736853522387133 0.36987837179746458 -0.58351517121918739 0.60398533280828437 0.048485738524863466 -0.099923763537678012 0.0021574434980803129
37 319 1 0.37536428116892118 0.36471173644787974 -0.6104154809866863 0.59454179524361761 0.088443153772344116 -0.082608931410001682 0.051001044462070905
36 310 1 0.32926986148541593 0.3718123226313087 -0.65451950492662214 0.57003611528349318 0.13514564856571096 -0.077754703237459685 0.088701058541362246
35 304 1 0.29338973170961852 0.33601553863283473 -0.651893348633516 0.61323004258762903 0.15827087345744342 -0.048359022001818915 0.12059277194682502
34 295 1 0.32277170487326079 0.31580091447517217 -0.64421147113758848 0.61731660386271625 0.2199138185839038 -0.026442244670392006 0.14238771463100455
33 289 1 0.32760069524179397 0.28539517000123821 -0.64702447595314327 0.62656740174910008 0.25863137674824277 -0.014780514067492784 0.11414729148458443
32 280 1 0.31092163723939648 0.2944250654941753 -0.66249304847192525 0.61460928811033999 0.37468365632112111 0.035730888424462037 0.026113900238872671
31 274 1 0.31933700677942572 0.2882702216656518 -0.67840106745563611 0.59556372209617225 0.45682381303667319 0.083680165344232629 -0.044189370169701009
30 265 1 0.28815770130824914 0.32688180151739477 -0.67703220149843235 0.59307741918545043 0.53624811315988141 0.25327057715275342 -0.092461907311917085
29 259 1 0.23525434575358256 0.35980908817292778 -0.68066269168498716 0.59320410738662999 0.55699385636794674 0.41027557165893619 -0.07486587396615485
28 250 1 0.16572448913559251 0.38625380421066385 -0.71364862456250622 0.56040077899087548 0.57613801866728143 0.5915216094074125 -0.00019116162041400006
27 244 1 0.14044460382283436 0.40288676052982703 -0.71151711769940729 0.55830185622793393 0.56984454800719386 0.68569378405430947 0.0021321894308885692
26 235 1 0.099333057018604259 0.46516990368764682 -0.6853358441129338 0.55142060648889124 0.52083689118984211 0.85361404827569032 -0.015432061708817208
25 229 1 0.073013267095281678 0.48195854350469813 -0.67796461239399541 0.55022632571730201 0.49737581930917329 0.96260097162571423 -0.010272449695824514
24 220 1 0.057992660040244219 0.53226095828378905 -0.68335108710114068 0.49635311566058349 0.42263545693220933 1.1166572973111899 0.069706005718728981
23 214 1 0.03655095864095307 0.55526998567346186 -0.67529737290049296 0.48405860036395748 0.33048373737454384 1.2168059815111212 0.14039560661808187
22 205 1 -0.00057556395842686561 0.57883519251416338 -0.68398602382182794 0.44397365670682221 0.23360681448817167 1.321504880941438 0.30392180581600831
21 199 1 -0.015557520530965707 0.5904888642581031 -0.68404520414369363 0.42797549395977869 0.18875172546820299 1.3565428082650961 0.36639341174858064
20 190 1 -0.030560761678031526 0.59169981327806487 -0.6916683218550006 0.41297978564894555 0.16706471036227696 1.3604693998334827 0.41258526642528376
19 184 1 -0.033508879618701519 0.58402003526561208 -0.69386189437794676 0.41994454982211621 0.14632865375541265 1.3624982989610908 0.38445553121368742
18 175 1 -0.049243910372337399 0.58608903385900923 -0.70573203044564869 0.39498985162218558 0.079527746178241099 1.3406096500410396 0.41516998798098975
17 169 1 -0.056806437172298226 0.59212675695937744 -0.71681539841336805 0.36377825249187817 0.035043821232058479 1.3136943710139555 0.47064984825019102
16 160 1 -0.076917853973482192 0.62327994201055958 -0.69886565398248357 0.34233398211551119 -0.12504488961546151 1.2767161837972572 0.50395484302438454
15 154 1 -0.085066537169587647 0.62375692813534989 -0.70380693107966585 0.32916072460326978 -0.1713550760445981 1.249344689674543 0.52049772109150805
14 145 1 -0.085375568336216526 0.62468821793912666 -0.69608039182715364 0.34343519157631824 -0.2433014356803109 1.2052026853147095 0.45970307638726116
13 139 1 -0.071078287582346175 0.61569993356804975 -0.69459464588581488 0.36523930065837645 -0.22197162970032097 1.1744144288338185 0.39757007376947756
12 130 1 -0.030693297761779322 0.61487561682337744 -0.69045636511213138 0.37981035423579662 -0.18690957624654217 1.1189904062195006 0.3409514685944145
11 124 1 -0.008277849193740661 0.60688500084810471 -0.69112270450698243 0.39239199822788939 -0.16917199691131743 1.0659748653128818 0.32400843862648554
10 115 1 0.036269518852304942 0.58096905051672443 -0.70950495024763693 0.39719291272380031 -0.083535612252606875 0.98160799651519481 0.336901620277336
9 109 1 0.054945565494986186 0.57669749701170248 -0.69956455749677571 0.41834245740447407 -0.077170804604203863 0.94030924383922843 0.29665485590347568
8 100 1 0.065368518962573646 0.57549312842768341 -0.70013825406851593 0.41754166385050467 -0.053274828184909966 0.82787080195005824 0.27615544803714581
7 94 1 0.087828088279659128 0.56441624565912007 -0.69725029013791606 0.43308493560477967 -0.027097631168462366 0.75436942923170414 0.21781800078783461
6 85 1 0.1280363789105623 0.53696167797171834 -0.68938294631074781 0.46907355009761548 0.012925793395272169 0.6528270001783103 0.13493473022220631
5 79 1 0.14913882598664904 0.50981481650058014 -0.68895139415958739 0.49314545516040675 0.040776334413049113 0.6087729429919887 0.10347200708878124
4 70 1 0.16495464674171759 0.49731092312816644 -0.68574128460515793 0.50520362314990763 0.045562418018708493 0.54998972093573317 0.10614361394547052
3 64 1 0.182531132482357 0.48968000048101895 -0.673054378366298 0.52334853259140213 0.038256001332961156 0.50425476963899263 0.10431895669928819
2 55 1 0.20732720868052246 0.47292034420003504 -0.65605859444450376 0.55040793711388802 0.017393633689119784 0.39711540821324315 0.11648834284224403
1 49 1 0.22507168600894598 0.4609756265225175 -0.6657610936357049 0.54185456915140351 0.027338684364683973 0.31445063439248916 0.15032971606240811
0 40 1 0.26815771257739129 0.44696690010855361 -0.64794203975280285 0.55541258944462979 0.046117571743720095 0.24901883474046105 0.16196188151430641
