19 881 1 0.53463898027372625 0.36752543163276219 -0.60809230492465238 0.4575040618032214 -0.68754057787850875 -0.36910055696536032 -0.3527885222962574
18 839 1 0.50730039062268406 0.40661266690345488 -0.53540519158316746 0.53912311545093661 -0.64363699030925103 -0.31204439906108838 -0.21489397365947793
17 794 1 0.25898154965658132 0.53861775824676605 -0.66686346021958987 0.44509840806574408 -0.69238502820852899 0.38825318080161642 -0.28632304950969689
16 752 1 0.08921304810690199 0.70751885437206852 -0.65899608052754055 0.23912814264500673 0.14985488283333259 0.84868420309692305 0.20383500851918743
15 707 1 0.13030427677244846 0.77483132116445808 -0.61604887186033241 0.056044684645034377 0.054014019005889834 1.3926402662392028 0.48937781292854421
14 665 1 0.10051110586813998 0.69498951718154078 -0.69557670739029942 0.15185563124560855 -0.72256195004277435 1.2688282419257175 0.55429181810005723
13 620 1 0.11318308692499088 0.61678418793560008 -0.70301445762348547 0.33546613349056414 -0.82637274375121239 0.85315743417791123 0.010259441708318802
12 578 1 0.27831903392304874 0.54643559182772228 -0.69134299200278926 0.38208837557384423 -0.77660268142575428 0.29583787045599735 -0.097626558484533943
11 533 1 0.47233566986795972 0.26047062980515945 -0.67968506936699236 0.4970737092815069 -0.56322592925368431 0.072386057872420875 -0.22740542458762611
10 491 1 0.42680562956246476 0.2838922845877499 -0.64270387219264624 0.56936267702925059 -0.2435923183458103 -0.26343023511121311 -0.30045117006672029
9 446 1 0.36902313565697903 0.31850962244145581 -0.59091232345678213 0.64280336942878535 0.66496458222045973 -0.49805451838492842 -0.024939185870714704
8 404 1 0.38355492966907134 0.22517014083423595 -0.56242319025743703 0.69703958184875781 0.3761642423670834 -0.81707291313729813 0.065947799212176014
7 359 1 0.52296011165184042 0.19670449295388581 -0.48923136913858523 0.66968106701894647 -0.057825120114280322 -0.52741535729879541 -0.094222857660696144
6 317 1 0.36081359077048858 0.35838798348596185 -0.61939853257546829 0.59809452752180337 0.10120692604412071 -0.08661364677886231 0.066700768221252607
5 272 1 0.32168569866815738 0.29564887831724768 -0.68086510807081513 0.58782034384142412 0.47629862382682564 0.10976149774449753 -0.065022968366112238
4 230 1 0.077627599596620994 0.48072417076918694 -0.67665017996105492 0.55228865765812751 0.49779640812292469 0.9396501152866914 -0.017686170581505772
3 185 1 -0.033521341755405186 0.58538605160118684 -0.69344729539029115 0.41872465744637044 0.15081467120299311 1.3583532966126213 0.38950324613138654
2 143 1 -0.080149765083450925 0.62206755900153921 -0.69543392026734685 0.35068451596345618 -0.23604896878605586 1.1931407681936086 0.43604936584510079
1 98 1 0.071898410211982455 0.57355837127403819 -0.69991507736198322 0.41950005701052212 -0.045406319838400447 0.80049397466268302 0.25941361106968397
0 56 1 0.20154958177359572 0.47645354313006577 -0.65897841004699842 0.54600113774389269 0.01666764082579713 0.40859932599396859 0.1177312433294801
