19 881 1 -0.22835511496034902 0.68669707767329247 -0.65484000995283576 0.2179119692705655 -0.59272048709594749 1.011560062735942 0.30906062318733646
18 839 1 -0.31227948990867849 0.68277194126398377 -0.60843433502877853 0.257121870643232 -0.48774313141655834 0.87170033147217929 0.24410727711745092
17 794 1 -0.068909247535288695 0.61711258257009172 -0.66585531725863578 0.41359433327379347 -0.15356482054153017 0.68524259821172973 -0.071683110883106596
16 752 1 0.13810299863180867 0.56547222064709945 -0.69270049516035392 0.42583418539372953 -0.23762470026519261 0.64593211354085089 -0.39303491988213862
15 707 1 0.34873017969791598 0.48040996209524806 -0.69001547714654288 0.41409198420849735 -0.5189732891819685 0.46174807151363573 -0.57582996861902114
14 665 1 0.17463541052622641 0.42906290503850042 -0.78115811631002841 0.41856838656691131 -0.12456750915672217 0.40625813121147669 -0.50576013544752008
13 620 1 0.30317125615452878 0.31838180785045356 -0.69305774392784647 0.57130655295839705 -0.28398783577184972 -0.22382217730955825 -0.55802467632333297
12 578 1 0.37402293411148585 0.33047109858666829 -0.64404647100359458 0.57974118444817402 -0.43853161803681112 0.038108281390049931 -0.43013659053845538
11 533 1 0.29221315679035648 0.42720483120930991 -0.71396344631246267 0.4715545573098312 -0.50590448661200127 0.49104234105223599 -0.4012019478498719
10 491 1 0.058583144735916998 0.56337774513846794 -0.73639512477383451 0.36999425893502003 -0.66345583926305163 0.84661232841405454 -0.26025673320855858
9 446 1 0.11591084637525799 0.59322145489969291 -0.7246118007171154 0.33104489031060796 -0.39092686353360562 0.9990431017020277 -0.044089369784678686
8 404 1 -0.044422591962736867 0.64171682915597705 -0.65269504502508202 0.40026906288272779 -0.094169219067148618 0.85173576686176933 0.13584277326845146
7 359 1 0.066413917768171252 0.50091103928755565 -0.71094225982019421 0.48912005218381588 0.51504432961005353 0.40243942439549385 0.3761250053925656
6 317 1 0.19724182935776277 0.3414718830357571 -0.71960193527379757 0.57154673352038565 0.53530611019217522 0.005401701196537604 0.20273988535028215
5 272 1 0.1555555709194035 0.37346996875703653 -0.75188051611714313 0.52057500542762813 0.50858467588021272 0.24669198277880081 0.02121568525699569
4 230 1 -0.057832007025153259 0.53090021814766331 -0.68465166887964723 0.49603680270169481 0.053089415716112809 0.65734483993762782 0.037425132503972357
3 185 1 -0.13180973487443293 0.60581863524084301 -0.68227023205851345 0.38744974568849094 -0.36440268735577569 0.74279734291920996 0.036423819674992461
2 143 1 -0.015560187386081704 0.54390409721795263 -0.72390597520201072 0.4241301128956298 -0.19063060123247808 0.60074889196333681 0.018561647996556109
1 98 1 0.13905943699380194 0.47290069397704515 -0.71358602381365566 0.49781763050017908 -0.055202693545286521 0.3978139760248951 0.067176402733512719
0 59 1 0.20820047774625688 0.46526756099632077 -0.66313553488593524 0.54811487858140662 0.018569620127053248 0.21341663891663878 0.096194530103634532
