404.25 397.25 196.0 112.0
412.0 404.25 196.0 112.0
405.75 400.0 196.0 112.0
398.0 392.0 196.0 112.0
405.75 400.0 196.0 112.0
402.75 397.25 196.0 112.0
404.25 400.0 196.0 112.0
405.75 404.25 196.0 112.0
398.0 397.25 196.0 112.0
402.75 400.0 196.0 112.0
404.25 404.25 196.0 112.0
410.5 406.0 196.0 112.0
410.5 403.5 196.0 112.0
399.75 393.75 196.0 112.0
412.0 408.5 196.0 112.0
405.75 397.25 196.0 112.0
396.5 389.5 196.0 112.0
402.75 397.25 196.0 112.0
405.75 399.0 196.0 112.0
399.75 396.5 196.0 112.0
393.5 386.75 196.0 112.0
405.75 401.5 196.0 112.0
415.0 407.75 196.0 112.0
416.5 407.75 196.0 112.0
407.25 399.0 196.0 112.0
401.25 394.5 196.0 112.0
398.0 393.75 196.0 112.0
395.0 392.0 196.0 112.0
393.5 391.0 196.0 112.0
382.0 375.5 196.0 112.0
385.0 384.0 196.0 112.0
391.25 389.5 196.0 112.0
396.5 394.5 196.0 112.0
398.0 393.75 196.0 112.0
399.75 391.0 196.0 112.0
399.75 388.5 196.0 112.0
402.75 394.5 196.0 112.0
401.25 393.75 196.0 112.0
396.5 388.5 196.0 112.0
398.0 388.5 196.0 112.0
412.0 404.25 196.0 112.0
419.5 412.0 196.0 112.0
395.0 393.75 196.0 112.0
398.0 394.5 196.0 112.0
389.75 384.0 196.0 112.0
398.0 393.75 196.0 112.0
398.0 393.75 196.0 112.0
408.75 403.5 196.0 112.0
410.5 408.5 196.0 112.0
410.5 407.75 196.0 112.0
413.5 400.0 196.0 112.0
408.75 399.0 196.0 112.0
413.5 399.0 196.0 112.0
410.5 396.5 196.0 112.0
408.75 392.0 196.0 112.0
402.75 383.25 196.0 112.0
408.75 393.75 196.0 112.0
405.75 391.0 196.0 112.0
407.25 393.75 196.0 112.0
415.0 394.5 196.0 112.0
408.75 393.75 196.0 112.0
405.75 386.0 196.0 112.0
412.0 388.5 196.0 112.0
407.25 383.25 196.0 112.0
408.75 375.5 196.0 112.0
402.75 375.5 196.0 112.0
405.75 383.25 196.0 112.0
401.25 379.0 196.0 112.0
401.25 386.0 196.0 112.0
408.75 392.0 196.0 112.0
401.25 381.5 196.0 112.0
407.25 389.5 196.0 112.0
401.25 388.5 196.0 112.0
404.25 380.5 196.0 112.0
401.25 389.5 196.0 112.0
395.0 381.5 196.0 112.0
401.25 388.5 196.0 112.0
399.75 384.0 196.0 112.0
399.75 384.0 196.0 112.0
401.25 384.0 196.0 112.0
401.25 378.0 196.0 112.0
396.5 372.75 196.0 112.0
395.0 375.5 196.0 112.0
407.25 399.0 196.0 112.0
405.75 403.5 196.0 112.0
405.75 401.5 196.0 112.0
435.0 430.5 196.0 112.0
415.0 403.5 196.0 112.0
418.0 413.0 196.0 112.0
405.75 397.25 196.0 112.0
378.25 358.75 196.0 112.0
372.0 358.0 196.0 112.0
386.75 366.5 196.0 112.0
419.5 412.0 196.0 112.0
393.5 389.5 196.0 112.0
365.25 347.5 196.0 112.0
363.0 337.75 196.0 112.0
364.5 353.5 196.0 112.0
372.0 361.5 196.0 112.0
355.25 339.5 196.0 112.0
361.5 342.0 196.0 112.0
369.75 350.0 196.0 112.0
373.5 350.0 196.0 112.0
375.25 353.5 196.0 112.0
373.5 350.0 196.0 112.0
379.75 357.0 196.0 112.0
372.0 350.0 196.0 112.0
379.75 358.0 196.0 112.0
372.0 343.0 196.0 112.0
373.5 349.0 196.0 112.0
386.75 354.5 196.0 112.0
391.25 361.5 196.0 112.0
383.5 354.5 196.0 112.0
372.0 344.75 196.0 112.0
373.5 342.0 196.0 112.0
368.25 344.75 196.0 112.0
366.75 342.0 196.0 112.0
371.25 347.5 196.0 112.0
369.75 348.25 196.0 112.0
376.75 349.0 196.0 112.0
385.0 353.5 196.0 112.0
393.5 350.0 196.0 112.0
386.75 353.5 196.0 112.0
366.75 342.0 196.0 112.0
366.75 344.0 196.0 112.0
378.25 348.25 196.0 112.0
375.25 345.5 196.0 112.0
368.25 337.0 196.0 112.0
369.75 338.5 196.0 112.0
365.25 332.5 196.0 112.0
366.75 336.0 196.0 112.0
368.25 337.0 196.0 112.0
366.75 341.25 196.0 112.0
366.75 330.0 196.0 112.0
371.25 335.0 196.0 112.0
408.75 399.0 196.0 112.0
408.75 399.0 196.0 112.0
399.75 380.5 196.0 112.0
399.75 383.25 196.0 112.0
383.5 370.0 196.0 112.0
386.75 375.5 196.0 112.0
395.0 381.5 196.0 112.0
395.0 378.0 196.0 112.0
386.75 370.0 196.0 112.0
418.0 408.5 196.0 112.0
399.75 384.0 196.0 112.0
385.0 372.75 196.0 112.0
383.5 370.0 196.0 112.0
391.25 379.0 196.0 112.0
389.75 381.5 196.0 112.0
393.5 388.5 196.0 112.0
393.5 386.75 196.0 112.0
388.25 375.5 196.0 112.0
396.5 381.5 196.0 112.0
399.75 389.5 196.0 112.0
385.0 369.25 196.0 112.0
389.75 378.0 196.0 112.0
398.0 381.5 196.0 112.0
401.25 386.0 196.0 112.0
401.25 389.5 196.0 112.0
392.0 386.0 196.0 112.0
391.25 369.25 196.0 112.0
389.75 374.5 196.0 112.0
386.75 366.5 196.0 112.0
385.0 372.0 196.0 112.0
389.75 375.5 196.0 112.0
391.25 372.75 196.0 112.0
389.75 374.5 196.0 112.0
402.75 386.75 196.0 112.0
395.0 380.5 196.0 112.0
402.75 391.0 196.0 112.0
393.5 384.0 196.0 112.0
392.0 376.25 196.0 112.0
395.0 378.0 196.0 112.0
399.75 386.0 196.0 112.0
391.25 380.5 196.0 112.0
396.5 386.75 196.0 112.0
395.0 386.0 196.0 112.0
425.75 417.5 196.0 112.0
422.5 417.5 196.0 112.0
388.25 383.25 196.0 112.0
386.75 380.5 196.0 112.0
386.75 381.5 196.0 112.0
388.25 384.0 196.0 112.0
395.0 386.0 196.0 112.0
388.25 378.0 196.0 112.0
389.75 381.5 196.0 112.0
391.25 380.5 196.0 112.0
391.25 381.5 196.0 112.0
389.75 378.0 196.0 112.0
389.75 380.5 196.0 112.0
389.75 380.5 196.0 112.0
391.25 380.5 196.0 112.0
388.25 375.5 196.0 112.0
383.5 375.5 196.0 112.0
383.5 374.5 196.0 112.0
391.25 386.75 196.0 112.0
379.75 374.5 196.0 112.0
385.0 381.5 196.0 112.0
385.0 378.0 196.0 112.0
385.0 378.0 196.0 112.0
378.25 376.25 196.0 112.0
376.75 372.75 196.0 112.0
380.5 372.75 196.0 112.0
389.75 384.0 196.0 112.0
388.25 381.5 196.0 112.0
382.0 374.5 196.0 112.0
385.0 375.5 196.0 112.0
391.25 381.5 196.0 112.0
383.5 375.5 196.0 112.0
383.5 375.5 196.0 112.0
385.0 376.25 196.0 112.0
391.25 378.0 196.0 112.0
398.0 384.0 196.0 112.0
399.75 389.5 196.0 112.0
407.25 396.5 196.0 112.0
399.75 392.0 196.0 112.0
401.25 393.75 196.0 112.0
401.25 392.0 196.0 112.0
398.0 392.0 196.0 112.0
395.0 386.0 196.0 112.0
395.0 386.75 196.0 112.0
396.5 392.0 196.0 112.0
401.25 396.5 196.0 112.0
399.75 393.75 196.0 112.0
365.25 357.0 196.0 112.0
343.0 335.0 196.0 112.0
346.75 338.5 196.0 112.0
350.0 339.5 196.0 112.0
347.5 338.5 196.0 112.0
346.75 338.5 196.0 112.0
347.5 334.25 196.0 112.0
350.0 332.5 196.0 112.0
347.5 332.5 196.0 112.0
347.5 331.5 196.0 112.0
344.5 331.5 196.0 112.0
347.5 331.5 196.0 112.0
347.5 331.5 196.0 112.0
349.0 330.75 196.0 112.0
353.0 334.25 196.0 112.0
351.5 331.5 196.0 112.0
353.75 331.5 196.0 112.0
351.5 331.5 196.0 112.0
353.0 329.0 196.0 112.0
350.0 328.0 196.0 112.0
355.25 330.0 196.0 112.0
353.75 327.25 196.0 112.0
353.0 328.0 196.0 112.0
353.0 327.25 196.0 112.0
350.0 326.5 196.0 112.0
353.75 325.5 196.0 112.0
356.75 331.5 196.0 112.0
359.0 331.5 196.0 112.0
356.75 328.0 196.0 112.0
361.5 331.5 196.0 112.0
356.75 331.5 196.0 112.0
355.25 328.0 196.0 112.0
353.75 325.5 196.0 112.0
353.75 323.75 196.0 112.0
356.75 325.5 196.0 112.0
353.0 326.5 196.0 112.0
355.25 328.0 196.0 112.0
355.25 327.25 196.0 112.0
357.5 328.0 196.0 112.0
355.25 327.25 196.0 112.0
356.75 328.0 196.0 112.0
356.75 325.5 196.0 112.0
356.75 330.0 196.0 112.0
359.0 328.0 196.0 112.0
359.0 327.25 196.0 112.0
430.25 407.75 196.0 112.0
419.5 397.25 196.0 112.0
425.75 401.5 196.0 112.0
427.25 389.5 196.0 112.0
431.75 393.75 196.0 112.0
424.25 392.0 196.0 112.0
435.0 400.0 196.0 112.0
431.75 399.0 196.0 112.0
427.25 389.5 196.0 112.0
431.75 403.5 196.0 112.0
424.25 403.5 196.0 112.0
422.5 391.0 196.0 112.0
433.25 408.5 196.0 112.0
436.5 421.0 196.0 112.0
433.25 424.5 196.0 112.0
431.75 413.0 196.0 112.0
431.75 412.0 196.0 112.0
433.25 417.5 196.0 112.0
454.75 438.5 196.0 112.0
428.75 407.75 196.0 112.0
438.0 424.5 196.0 112.0
436.5 421.0 196.0 112.0
433.25 414.75 196.0 112.0
418.0 397.25 196.0 112.0
418.0 400.0 196.0 112.0
415.0 400.0 196.0 112.0
439.5 427.0 196.0 112.0
428.75 412.0 196.0 112.0
428.75 414.75 196.0 112.0
430.25 410.5 196.0 112.0
431.75 414.75 196.0 112.0
433.25 414.75 196.0 112.0
428.75 412.0 196.0 112.0
435.0 417.5 196.0 112.0
422.5 408.5 196.0 112.0
428.75 416.5 196.0 112.0
433.25 417.5 196.0 112.0
439.5 421.0 196.0 112.0
430.25 412.0 196.0 112.0
431.75 416.5 196.0 112.0
427.25 413.0 196.0 112.0
433.25 414.75 196.0 112.0
431.75 413.0 196.0 112.0
438.0 424.5 196.0 112.0
438.0 417.5 196.0 112.0
405.75 378.0 196.0 112.0
395.0 381.5 196.0 112.0
398.0 383.25 196.0 112.0
408.75 394.5 196.0 112.0
427.25 403.5 196.0 112.0
415.0 399.0 196.0 112.0
405.75 393.75 196.0 112.0
416.5 400.0 196.0 112.0
451.75 445.5 196.0 112.0
386.75 370.0 196.0 112.0
412.0 399.0 196.0 112.0
407.25 399.0 196.0 112.0
415.0 404.25 196.0 112.0
424.25 407.75 196.0 112.0
416.5 392.0 196.0 112.0
405.75 388.5 196.0 112.0
405.75 386.0 196.0 112.0
405.75 388.5 196.0 112.0
410.5 394.5 196.0 112.0
419.5 403.5 196.0 112.0
383.5 369.25 196.0 112.0
391.25 378.0 196.0 112.0
388.25 372.0 196.0 112.0
405.75 392.0 196.0 112.0
404.25 389.5 196.0 112.0
401.25 384.0 196.0 112.0
405.75 392.0 196.0 112.0
389.75 378.0 196.0 112.0
396.5 384.0 196.0 112.0
398.0 381.5 196.0 112.0
408.75 392.0 196.0 112.0
399.75 386.0 196.0 112.0
389.75 376.25 196.0 112.0
401.25 388.5 196.0 112.0
404.25 386.0 196.0 112.0
392.0 380.5 196.0 112.0
392.0 380.5 196.0 112.0
396.5 380.5 196.0 112.0
396.5 378.0 196.0 112.0
398.0 384.0 196.0 112.0
396.5 380.5 196.0 112.0
388.25 372.75 196.0 112.0
398.0 386.0 196.0 112.0
405.75 386.0 196.0 112.0
393.5 379.0 196.0 112.0
408.75 383.25 196.0 112.0
393.5 383.25 196.0 112.0
402.75 386.0 196.0 112.0
398.0 376.25 196.0 112.0
399.75 378.0 196.0 112.0
402.75 381.5 196.0 112.0
398.0 380.5 196.0 112.0
405.75 380.5 196.0 112.0
398.0 376.25 196.0 112.0
402.75 372.0 196.0 112.0
401.25 379.0 196.0 112.0
396.5 368.5 196.0 112.0
405.75 384.0 196.0 112.0
391.25 376.25 196.0 112.0
388.25 374.5 196.0 112.0
371.25 362.25 196.0 112.0
369.75 362.25 196.0 112.0
369.75 361.5 196.0 112.0
375.25 366.5 196.0 112.0
371.25 361.5 196.0 112.0
372.0 365.75 196.0 112.0
375.25 365.0 196.0 112.0
371.25 361.5 196.0 112.0
373.5 360.5 196.0 112.0
382.0 370.0 196.0 112.0
382.0 365.75 196.0 112.0
379.75 369.25 196.0 112.0
398.0 388.5 196.0 112.0
395.0 378.0 196.0 112.0
383.5 370.0 196.0 112.0
373.5 363.0 196.0 112.0
380.5 366.5 196.0 112.0
380.5 365.75 196.0 112.0
378.25 365.75 196.0 112.0
383.5 369.25 196.0 112.0
376.75 362.25 196.0 112.0
379.75 362.25 196.0 112.0
389.75 374.5 196.0 112.0
386.75 372.0 196.0 112.0
391.25 372.75 196.0 112.0
385.0 372.75 196.0 112.0
386.75 372.75 196.0 112.0
380.5 368.5 196.0 112.0
386.75 376.25 196.0 112.0
389.75 375.5 196.0 112.0
375.25 362.25 196.0 112.0
380.5 369.25 196.0 112.0
379.75 366.5 196.0 112.0
383.5 363.0 196.0 112.0
405.75 397.25 196.0 112.0
380.5 362.25 196.0 112.0
371.25 363.0 196.0 112.0
378.25 361.5 196.0 112.0
379.75 363.0 196.0 112.0
