19 881 1 -0.2219693548450356 0.68390074839135484 -0.65384897100586326 0.23556505465369287 -0.5801614500862371 1.0023561482692833 0.28364327289230812
18 839 1 -0.30558025343843659 0.67960504098633578 -0.61178448315312262 0.26547588053819177 -0.48923840192600065 0.87116727937758576 0.23864988732064363
17 794 1 -0.061906799850383436 0.61270072817417653 -0.66577737684923466 0.42131443163375087 -0.155725410978482 0.68991891702027519 -0.078147313968287016
16 752 1 0.14562025397170802 0.56380108452806632 -0.68936156709939966 0.43093353144591995 -0.24107600578304025 0.65139190926158519 -0.38929348943734132
15 707 1 0.35920811622472348 0.4737383952343755 -0.68400140315074853 0.42270976166496466 -0.5121384198707335 0.45924894539002847 -0.56632634779219981
14 665 1 0.1838275174470867 0.42524133759981236 -0.77985931621305904 0.4209473785893712 -0.1200085699679818 0.42243439871629918 -0.50469566447497693
13 620 1 0.31091634203307833 0.3128132976443988 -0.69134598322514629 0.57229328193860729 -0.27145640628206769 -0.19902327419249727 -0.56637318971028527
12 578 1 0.38205813432164487 0.32381913449489708 -0.63804811161233921 0.58486524721645738 -0.42491476496838165 0.040763573746956744 -0.4448671432657984
11 533 1 0.29960862178999431 0.42200619392128802 -0.70836185102318339 0.4799676385509527 -0.49084660105764 0.48336205393135379 -0.41649901048905558
10 491 1 0.055463679179892741 0.56231956262505678 -0.73762171915650632 0.36964129803039436 -0.65358239659441009 0.89508919837046452 -0.2523316859650539
9 446 1 0.12464638269399056 0.58991622296280344 -0.72222342093073277 0.33890331869976287 -0.38614377409780204 0.99539955846485806 -0.052768320047503689
8 404 1 -0.037633517869416294 0.63722320300301982 -0.65246039605450779 0.40844306759662308 -0.09792511520961425 0.85199009401672388 0.12384537220803518
7 359 1 0.074183724685807015 0.49534370078678169 -0.70867390252143436 0.49690310219160072 0.50614889062105484 0.40877910255172695 0.35363198886836461
6 317 1 0.20577855087937053 0.33534803499275745 -0.71497746509522997 0.57793088499446177 0.53013314813065471 0.010753705526639224 0.1802131172816209
5 272 1 0.1637979030684214 0.3677170368415027 -0.74874463932845925 0.52662690098758613 0.5044020718987734 0.25383774931705011 0.0034310985009281666
4 230 1 -0.050557883454352318 0.52507108385917278 -0.68451709510129743 0.50317055143326017 0.052948295458499231 0.66145639142337975 0.024692952233643633
3 185 1 -0.12384354509484627 0.60172262938433818 -0.68320944216776047 0.39473726927914571 -0.36235449273831805 0.74672676498351109 0.029523528042228159
2 143 1 -0.0068754449999596208 0.53943256946346041 -0.72352751947151261 0.43066594922921603 -0.18838965796080906 0.60750210042999386 0.0091485803779479489
1 98 1 0.14809966552811127 0.4679295896658861 -0.71106186319986864 0.50348725394820892 -0.0539596658948511 0.40504197516535695 0.050663472564788085
0 56 1 0.21856843969554884 0.461204810473264 -0.66105287234685539 0.55002459938383297 0.018307427386628258 0.21189052649767853 0.075085352116351908
