19 896 1 0.26367650533937498 0.38298470526417117 -0.69739371550725882 0.54538007080999118 -0.56250239490988152 -0.26369054176314188 -0.58121105997037192
18 852 1 0.15532528704453982 0.30665318844197387 -0.71377805297007646 0.61021206831817842 0.32806811094738275 -0.10966686181895917 -0.77027305631120224
17 809 1 -0.0071090855303944083 0.52979950389727937 -0.66248205193675058 0.52950871327560867 0.34888985752734847 0.37239643399974987 -0.66222244732373237
16 765 1 0.26467216594745197 0.17949454100594356 -0.61977858833291766 0.71666230245897955 0.83257685811195603 -0.4605623812246149 -0.35907762918044644
15 722 1 -0.64024715592919734 0.23359195034700653 0.42625553407900835 -0.59483157256880292 -0.47864986518567743 -0.9730916745202226 0.37340159977176679
14 678 1 -0.51631031964123564 0.13162839895703921 0.48049184789089355 -0.69658108108845873 -0.40803205710637741 -0.93198586404859451 0.1217394741817639
13 635 1 0.49789078382869939 0.064471053115495974 -0.41122074506087808 0.76081913062185724 -0.53622302414310286 -0.77892130724507402 -0.20138280303701928
12 591 1 0.37860836169946033 0.18765321184382444 -0.52852634877292937 0.73627568151386291 -0.4716443204197876 -0.5937935958760111 -0.46763919021587119
11 548 1 0.14926071936578031 0.36956682631517462 -0.67887604614337793 0.61665947857344539 -0.42986354749955924 -0.085801449703147986 -0.85243302784751163
10 504 1 -0.069860335427565839 0.55267763535758152 -0.74330673517509449 0.37035396899836526 -0.7330708767872719 0.63350466865698385 -0.57550888242990927
9 461 1 -0.019644689852783209 0.6318972662147142 -0.74417998846704758 0.21567585835262953 -1.0360395508127309 0.8106299106800211 -0.31678620522914386
8 417 1 0.072431405109695965 0.65930501371956718 -0.73263733825553479 0.15268634854472626 -0.98950532228548593 0.98406632700059238 -0.062894488156927053
7 374 1 -0.006045511552612637 0.64752858077065079 -0.71536349636561325 0.26253620120428972 -0.53346402606883225 0.90595750613111292 -0.098158835825841562
6 330 1 -0.067106211544825392 0.66486750675564099 -0.72444441498705991 0.16919883104411645 -0.057131331122925594 0.92571847822549846 0.37142665600878327
5 287 1 -0.41795629394077377 0.65291726217544077 -0.61991918784388134 0.1212921499999183 -0.39088186500004352 0.93657140332672928 0.75411685653684446
4 243 1 -0.52695251925159659 0.6638246106157687 -0.48760058481724894 0.20953185552821227 -0.56853128635653116 0.83646503903891745 0.38275819668062505
3 200 1 -0.14254870893247215 0.59251347064102278 -0.71525821292544967 0.3420721291384427 0.088474331245238 0.59596563160925919 -0.06593951353049482
2 156 1 0.17260316534681713 0.36720188655995506 -0.73457391607060174 0.54384932072015102 0.26530858071084823 -0.20185331223509906 -0.21334225363140147
1 113 1 0.3048340201074467 0.35422743822342051 -0.65134374782734039 0.59778797609272771 -0.13516291030596289 -0.4508139911759132 -0.34137100422438349
0 69 1 0.34142605179967311 0.37084053590193589 -0.60791646434304247 0.61346810875962132 -0.26302939875854814 -0.10065805924763135 -0.20749043758904154
