19 868 1 0.28495262569328705 0.30806358209534046 -0.66491264029503894 0.61789158537155131 -0.075033753434794376 -0.38754440843949289 -0.75328906351232672
18 823 1 -0.039193000803941697 0.55417722581099282 -0.642648709483849 0.52759278546920807 0.2594900005033135 0.52290264249685114 -0.74616148930635784
17 781 1 0.19612854826201978 0.28364550556632828 -0.67047150855164972 0.65692219931216334 0.69095761088461349 -0.23482307063592306 -0.53801924596976058
16 736 1 -0.53975475723689992 0.13096681577369612 0.48815892842114422 -0.67321122674013278 -0.010029928504921258 -1.1261342238709831 0.23765804220862194
15 694 1 -0.56604741964009764 0.1366143331652189 0.46186719784061592 -0.66903328336598256 -0.4347394193820236 -0.9764286201957717 0.26481189423437518
14 649 1 0.49240669400393922 0.067561533879579264 -0.48624163628570077 0.7187072825442592 -0.51314480824944331 -0.91195616434443727 -0.17796041736622387
13 607 1 0.3974401853728286 0.19713590083241939 -0.54273448957575132 0.7131745995748523 -0.50546835449920602 -0.57461669335923737 -0.44575007105399056
12 562 1 0.3137800097054933 0.28360174345352906 -0.61047796695682643 0.66964827221430145 -0.59708976360571597 -0.36939642684041907 -0.60972353183617634
11 520 1 -0.059433404056335695 0.49137678882546409 -0.77060209876473673 0.40148340845573471 -0.52587518275650247 0.54482311125731553 -0.71372177271555792
10 475 1 -0.064218787259557694 0.61290408205126179 -0.74891963542701168 0.24360606158239137 -1.0121596090507985 0.78189895679593668 -0.39831821256363831
9 433 1 0.062860203454685945 0.62154585062785528 -0.75648107179718083 0.19356068402834248 -1.0490673770015513 1.0485917333941555 -0.23354325591498587
8 388 1 0.040119266382315402 0.65733480367661445 -0.70650277640706405 0.25914325626857737 -0.77015980414746465 0.88587673589260751 -0.22971606920378509
7 346 1 -0.026672132467735723 0.65830244878053201 -0.72049499552549512 0.21636414837466811 -0.18812952892657478 0.9378197795805101 0.25276611641123065
6 301 1 -0.30528988672662266 0.67713904366577782 -0.65519519685822214 0.13784068564744359 -0.22523244763552236 1.0258773283425853 0.687797245963362
5 259 1 -0.49788564726233281 0.61970015653115307 -0.50270371912929146 0.33966243392375739 -0.50777821446546112 1.0727444063551397 0.2702072763767227
4 214 1 -0.21761561920121439 0.61531374326311583 -0.69121640097678194 0.31024559086618608 0.048456627434598783 0.78428767874838756 0.041325959089445391
3 172 1 0.044562597612217356 0.44120827313658062 -0.74854640395411987 0.49297841305400353 0.25234174490208949 0.098489734562375406 -0.12763957493882896
2 127 1 0.24504886804492312 0.33296206848881377 -0.70835824048053031 0.57211529988358079 0.072138179673903818 -0.40721699065480049 -0.30268240360377369
1 85 1 0.38114500751722519 0.32894346717296202 -0.59364495285130336 0.62778208687656789 -0.26148005104992339 -0.3563219731345359 -0.19252069343592365
0 40 1 0.30456823943406486 0.37448108247099399 -0.62580501372941977 0.61267462097797687 -0.12900991949415549 -0.11070650650793905 -0.081560683182152829
