19 867 1 0.51900372004076256 0.39733855346562374 -0.59083675737547159 0.47293671738165327 -0.65661108067539575 -0.3955467080461712 -0.27589928503995109
18 824 1 0.43556076834748209 0.44268302582197266 -0.59441402576279478 0.51087231447997006 -0.66677781134213576 -0.12163829730715803 -0.21640839632704578
17 780 1 0.16801846877700732 0.6548674702330658 -0.65629188792748561 0.33496171187309054 -0.71012034489737741 0.49172935247306709 -0.076987846080242076
16 737 1 0.035211712028201794 0.74465115899005119 -0.62197768233291073 0.23957994371523936 0.058017941925341862 1.1926261545253987 0.36956290833762362
15 693 1 0.19947570209708154 0.70816060324856511 -0.67466573343445058 0.059532784319731392 0.038451646635627793 1.4704828896972049 0.36427893416038681
14 650 1 0.010451561631906291 0.70809656763131612 -0.68229578098373977 0.18155572979113599 -1.0403132107413364 1.0885031268455665 0.56739121015281146
13 606 1 0.16482160014310726 0.61455497523194758 -0.66778018041005216 0.38629736369207107 -0.85107175302492588 0.6259794773026921 -0.12084019945798798
12 563 1 0.38344912671966158 0.40503034856307235 -0.71111280233191876 0.42806047040161349 -0.62890518678561125 0.18596341752081624 -0.24223164593153818
11 519 1 0.4323299537362596 0.30558255020289266 -0.66888428428164692 0.52182749099192682 -0.55082583667722029 -0.083660369890479647 -0.32109140653912216
10 476 1 0.45766621268405627 0.3389289491167285 -0.58437061782119537 0.57808285413540572 0.036952750100453534 -0.38422536134915819 -0.26838019425011156
9 432 1 0.34732236910150593 0.23689791214247846 -0.6056513467691379 0.67559825140462082 0.57312292296062595 -0.68077846450973689 0.095519714519533089
8 389 1 0.44911739199028811 0.28476258299445878 -0.52515384163220802 0.66439241578836494 0.17927712000555773 -0.85551041873522915 -0.077992083264869033
7 345 1 0.48814491929223047 0.22758207587154172 -0.53708384587268432 0.64920095426130453 -0.044815394738148433 -0.29728340768455885 -0.14401919478321998
6 302 1 0.30099377951589196 0.32473089910256492 -0.64704936091303011 0.62070904005243688 0.1665695098759723 -0.038975308413015324 0.13109951541565326
5 258 1 0.22307764774635946 0.36136674834251847 -0.68550673633646697 0.59138054643827409 0.56074581514902011 0.43748184588957972 -0.059530831515477861
4 215 1 0.041135107246083276 0.55237882893278101 -0.67561897513583569 0.48654345410775551 0.34107736649349718 1.2031317550408165 0.12151922366970891
3 171 1 -0.052019119184606215 0.58736813066712612 -0.71628922133801354 0.37312523596085789 0.059744347925295281 1.3247588231977534 0.44796589506429196
2 128 1 -0.022295182516239426 0.61734357710309007 -0.68689270249087675 0.3828423277419945 -0.19038473548237533 1.1063165702735522 0.33299996412739907
1 84 1 0.13023237539133187 0.53187479129467918 -0.6905209137290641 0.47257761530562475 0.01647972619947749 0.64598828188793256 0.13370689584747955
0 41 1 0.26428910729580041 0.44780858403189666 -0.65017425657289629 0.55397849770728325 0.04403060744991983 0.25724141436237902 0.16376015451159748
