19 883 1 0.2826549903981172 0.35417914143374124 -0.63692332001344076 0.62369221303408495 -0.37390219198260699 -0.36789680051849966 -0.62742097820957121
18 838 1 0.01988114622011054 0.43752327010435627 -0.67985967259817814 0.58819125606971012 0.37172655507095731 0.28681250148090437 -0.76197962960704002
17 796 1 0.067219084708508278 0.40670003019659351 -0.70654579062022638 0.57521276571880731 0.49929643314195815 0.092812048906617969 -0.58018530405309054
16 751 1 0.36180981344403867 0.029109257602668762 -0.60681697788192268 0.70712054514888867 0.60935364712946627 -0.87897751113565414 -0.14922641681986623
15 709 1 -0.64446228456594279 0.20108312447412835 0.37668601602253621 -0.63430401713755336 -0.52247958422638563 -0.95119197680273748 0.45669324838790915
14 664 1 -0.51754475641223219 0.062201240045854339 0.50845481180532981 -0.68538466221456118 -0.48899373609631624 -0.94767112329379677 -0.019775032316046836
13 622 1 0.36525027043199304 0.088226012818016605 -0.48592116338387337 0.78910647797825995 -0.41686256974222452 -0.6750874463501827 -0.40161698741191609
12 577 1 0.33901818763610253 0.20670591801476354 -0.57602432478954113 0.71451753593621437 -0.50285504864690223 -0.53588789977731155 -0.54762931230862311
11 535 1 0.086731356929267436 0.47794238203428585 -0.70334342785661386 0.51899592837661945 -0.5640649799230909 0.11996588513704749 -0.82647246956862996
10 490 1 -0.12834460419165272 0.59666727812789844 -0.72604777604074677 0.31681295537370124 -0.84088493918717822 0.73418702829913918 -0.45336569682487182
9 448 1 0.025423125822974749 0.64063287271915681 -0.7348493821375186 0.22122290260526145 -1.0694896596418628 0.85330756303353594 -0.32467234976531617
8 403 1 0.053034954172997015 0.66653292817192977 -0.72026560069694345 0.18476637613779348 -0.91976542831515273 0.94064974442510385 -0.1159311023634768
7 361 1 0.010299497656215115 0.67575230730038882 -0.70292616845613043 0.2216924473810834 -0.45099963529875653 0.89317108400255663 0.069783110200740725
6 316 1 -0.1306540475560953 0.6673107617812527 -0.7039397429406552 0.20516994267381977 -0.01192145602509162 1.0576559056561805 0.37850242542655277
5 274 1 -0.47946479067602388 0.62306764283117944 -0.56421516389116211 0.25211401348212215 -0.50289350120371801 1.0614820229921071 0.49188291555736635
4 229 1 -0.36814146966651085 0.67719805516883991 -0.59978835343731995 0.21477565846313007 -0.24040718241427195 0.88329558191756508 0.30162576697545462
3 187 1 -0.072970726843613568 0.51306664208901864 -0.73885398029723126 0.43073505731290568 0.16523996703787844 0.31081884519898229 -0.095962628021343005
2 142 1 0.22681069712549914 0.34814066725915138 -0.70367925648128804 0.57635968584534047 0.22200930794812865 -0.36938924243106769 -0.20903713403632226
1 100 1 0.36005179691844441 0.33365624756354639 -0.61899667289813887 0.61308998600421405 -0.26184478104231784 -0.44223376292496508 -0.26010525098973297
0 55 1 0.34827456498834464 0.41030276233041146 -0.60302345676744906 0.5888286518117557 -0.19831683368139641 -0.10120121745268716 -0.088532278234343675
