19 868 1 0.51847175652226585 0.39741696961863809 -0.59100564774449171 0.47324318725362391 -0.65000437844171455 -0.40481125920681615 -0.29471991535048009
18 823 1 0.43519670829296175 0.44401562227130531 -0.5953785510706856 0.50889913852841939 -0.6625883334454562 -0.1160051720499353 -0.22738204814857044
17 781 1 0.18665133088423216 0.63935341786352107 -0.65818644212591793 0.35096879511860374 -0.71126406101383277 0.49423873758946418 -0.12588377992002378
16 736 1 0.036387150416284209 0.74384168693870334 -0.62231042511253787 0.24105031601933025 0.050192785961234214 1.2087877167236054 0.36139203646990564
15 694 1 0.20164473206243819 0.71351479226077263 -0.66916919619638593 0.049483634854531632 0.048609021814124867 1.4688541806524775 0.37043409026558816
14 649 1 0.0097387779425758825 0.71081980663253674 -0.67970356247328789 0.18067491763991333 -1.0446965706426197 1.0802075321595226 0.55064587706029833
13 607 1 0.16609824651082306 0.61509571153742626 -0.6688318735939538 0.38305686656043469 -0.8441750922020923 0.64368621135409232 -0.13341545720331174
12 562 1 0.39067361862325939 0.4063249955130519 -0.70374317581190804 0.43245770224531371 -0.61992251626267869 0.15484565293769201 -0.25936270816080309
11 520 1 0.4359351802675866 0.30394889698108907 -0.67507250132449514 0.5117154527513661 -0.54979895819353775 -0.072343906191433952 -0.33010449355316379
10 475 1 0.47455257569611919 0.33312803670731328 -0.56564809519341608 0.58640241853506214 0.060478953091172252 -0.41059485918244287 -0.25340937778893058
9 433 1 0.35163384448056739 0.2465326685611979 -0.60726769871671715 0.66843191488977638 0.58301727583673479 -0.67204816401043099 0.06893878523192512
8 388 1 0.45864884241923187 0.28388244192996026 -0.52229409778393343 0.66050047231735443 0.16265734745961116 -0.85738579059577014 -0.086653166573368898
7 346 1 0.49239913154964016 0.22257657894260782 -0.53502590047414056 0.64942285729499893 -0.047091040628095535 -0.32087489055001595 -0.15270293817614919
6 301 1 0.3069828927441246 0.32172154259871005 -0.64592566798872364 0.62051332300255801 0.17755998151081273 -0.040195589785091732 0.12229869089805034
5 259 1 0.23784471847232916 0.35960394519476113 -0.6815401727855418 0.59128494431588197 0.55708973238481363 0.4052998550936876 -0.084116760367700313
4 214 1 0.040377493092075438 0.55673992354670576 -0.67667661950481417 0.48012401335107624 0.32821607940313646 1.21412632299677 0.12641095543973951
3 172 1 -0.046767488613053264 0.58493070335453623 -0.71466375977881869 0.38068961732728995 0.072606667226977881 1.330318393311404 0.41684853690485874
2 127 1 -0.010383724703863079 0.61764789923953289 -0.6854828390145099 0.38537842212930656 -0.18121024995196522 1.1004840306327801 0.30689442476942325
1 85 1 0.13081958853825257 0.53706700487161418 -0.69064680758222863 0.46631776152039489 0.015432912271386014 0.65292875178700283 0.12421777983631292
0 40 1 0.27107507597162805 0.44636943335849461 -0.64916610368650063 0.55304249563182772 0.048258158098501175 0.24665057733948026 0.14889262712544382
