19 896 1 0.47521779250020479 0.17224714085511234 -0.68153424891944459 0.5291597487605042 -0.5283889454583296 -0.38461470419895055 -0.67232263981917351
18 852 1 0.51907386584884851 0.40197506226556595 -0.61006817006787362 0.44361604905521851 -0.58535517581302487 -0.30261671560565384 -0.26685313518864262
17 809 1 0.38717854832817555 0.48304342865722938 -0.61209170464761042 0.49204223685283083 -0.68198042032704898 0.092803276399446341 -0.25118025814871031
16 765 1 0.14329635178219804 0.66319123761604226 -0.69987531717648688 0.22319963781853852 -0.18109106432579619 0.76064318130452868 0.12481331161361342
15 722 1 0.023455602975628927 0.78549875150504256 -0.59805231301864459 0.1574006892174179 -0.043839175392198976 1.2933621668404469 0.54193988448981611
14 678 1 0.20035717931442326 0.68815714296379227 -0.67855421802608906 0.16081330941213012 -0.3427319805450188 1.4071989982820263 0.27942729757591755
13 635 1 0.034508632990754781 0.67394585885464331 -0.71682446579990755 0.17541042960002098 -0.90293509152806395 1.0043009314640612 0.54668113943505658
12 591 1 0.23420861977795329 0.57825524302989939 -0.65740785672771584 0.42258976116655872 -0.80442620141138632 0.41404176868623777 -0.11789439509559978
11 548 1 0.34132380718448668 0.35915142848382231 -0.73928724982098759 0.45602924502627901 -0.55084047332382158 0.083468739748985679 -0.32042791620837807
10 504 1 0.39149741621844131 0.31445005774474 -0.63322702064924974 0.58896050342810691 -0.40455496167441257 -0.2249083807455575 -0.34841596482949261
9 461 1 0.42022733089250541 0.3629482475407157 -0.55908780386207291 0.61570966173251551 0.46938998559797468 -0.39899984955625584 -0.22154262707563227
8 417 1 0.3790630015883108 0.19596084037924907 -0.58193530987513331 0.69228742945777333 0.45970541543860993 -0.74523630074159608 0.14001323875406746
7 374 1 0.47702788624662179 0.23818026521133076 -0.5351022578055511 0.65527103605938664 0.023250521644322002 -0.72634411806603594 -0.13234508142387311
6 330 1 0.42319803858805782 0.35583300013326036 -0.57144586557383426 0.60641233403514738 0.021089157113035724 -0.12214769629407389 -0.044824973574071218
5 287 1 0.3097711864611839 0.29190722209387221 -0.6616680960754211 0.61727410148474293 0.27755913079979067 -0.0094543329186015605 0.097191381271016036
4 243 1 0.13870814139277465 0.40904280050868663 -0.70847456216755833 0.55812886829553932 0.56775302546340667 0.70389577984083418 0.0028906745490532757
3 200 1 -0.014651076777839419 0.58748676311564463 -0.68430483554270782 0.43170770338971232 0.19534035497385488 1.3536454825933566 0.36171460188195348
2 156 1 -0.078391975199229844 0.62767240480021558 -0.70274111462584343 0.32563319285832171 -0.15226201523074459 1.2569194691952434 0.53152419365925718
1 113 1 0.050443738407114219 0.57965507590293541 -0.70515038419425724 0.4052386431550774 -0.076063660282400705 0.97441893872325547 0.31948240540855122
0 69 1 0.17210401462071648 0.49744422776136366 -0.68232676438312223 0.5073062536819275 0.045816467001009588 0.54699533237859765 0.1028691628028018
