108 1694 1 0.10998829790246514 0.70516944585032015 -0.66560664868653818 0.21818894607185363 0.9574018141435825 -1.7134957464230207 0.33719064103840091
107 1679 1 0.045203197194349724 0.68520867016910314 -0.69444590819208596 0.21492005463373398 0.74429661815355741 -1.8757750097838637 0.14933512203274502
106 1664 1 0.0080191927203377544 0.66846550969224094 -0.71238695296620502 0.21352841530703301 0.57806022550598213 -1.9702944327180836 -0.0057916162371749458
105 1649 1 0.029705958536492064 0.67438528240114914 -0.70684933193523447 0.21139079651409468 0.49812598182884649 -2.0075645123448398 -0.027315250144943515
104 1634 1 0.043037675432938911 0.65836441452374561 -0.72208187637187782 0.20809089359557023 0.27858533671147656 -2.0377005962946253 -0.078684936467612543
103 1619 1 0.018676586572567846 0.65073320784533206 -0.73893219309768565 0.17371439584895049 0.098961745506252502 -2.0833225740765178 -0.31584529674922435
102 1604 1 0.017110544838778694 -0.639564770816198 0.74801590389285633 -0.17645492543280678 -0.060245831677729622 -2.1096261326530894 -0.4628939377699734
101 1589 1 0.025234485102976545 -0.65756293670708454 0.7302703785783794 -0.18351942458969606 -0.11134972559546302 -2.1774633235534306 -0.47911707875117665
100 1574 1 0.050313910166510815 -0.65640703248675236 0.7243037012164657 -0.20489623361550754 -0.27674389125890569 -2.1861476828941888 -0.56548139509297257
99 1559 1 0.075073715938775917 -0.67527713304115733 0.70275355183484256 -0.21095538900528846 -0.29725038618936284 -2.2257881172387717 -0.65523920223660448
98 1544 1 0.069873860773470103 -0.67281273840749822 0.69865549286760176 -0.23306901317665857 -0.37021790009818317 -2.1805259040476614 -0.61160354792638816
97 1529 1 0.076333581826894509 -0.67438923645847904 0.69414381595195218 -0.2398680987753247 -0.33522055202902323 -2.1851657218007436 -0.61444505853859366
96 1514 1 0.086582239501375155 -0.68900898842266467 0.68246421604534979 -0.22806298141809256 -0.1723366574126543 -2.2247748432691838 -0.62748319136639197
95 1499 1 0.050961265021276084 -0.6988934671452196 0.68116634515656704 -0.21204546982949168 -0.026315844025973478 -2.2632134436788549 -0.45452937117009384
94 1484 1 0.023313218609474249 -0.65896588102322895 0.72215763410775946 -0.2090665276538306 -0.19739898657210181 -2.2236835711211245 -0.36259241452535862
93 1469 1 0.018860378158354264 -0.65774768403383455 0.72882854820900855 -0.18926494022771281 -0.18366419829519054 -2.2054434922550636 -0.40276010156964714
92 1454 1 0.019706996419754996 -0.65473254545627246 0.71968897237702489 -0.23018408122927198 -0.095956528468178814 -2.2065712623374161 -0.26783218273385379
91 1439 1 0.0040732804386054873 -0.63220354641843712 0.74218961954060114 -0.2223885179783287 -0.17745622160444249 -2.1173514878375159 -0.25202686987136436
90 1424 1 0.011567661402007812 -0.63463653508796636 0.74771594324172086 -0.19499621986944415 -0.082978668264541672 -2.0435241223003171 -0.36142253100004151
89 1409 1 0.063420985890891401 -0.63468844500805666 0.75899776525564977 -0.13065507513607008 0.031313727159906796 -1.9303750775756121 -0.68593077947396508
88 1394 1 0.065717149739343089 -0.65859059267109865 0.74346322482886862 -0.095927685275560004 0.22624271445741576 -1.861701393466711 -0.7051198358856402
87 1379 1 0.029245487585135212 -0.66834123530747302 0.73888113223842833 -0.080742597590410317 0.3564569988772559 -1.8132698024784961 -0.55268709834300012
86 1364 1 0.001162415890903721 -0.66760022349713344 0.74185763960036677 -0.062895412729757766 0.46450764677244011 -1.7519135326985189 -0.45677160357545099
85 1349 1 0.046113006355691814 0.6711070314795301 -0.73846851292091376 0.046402568549029126 0.62927648789368185 -1.66370731335974 -0.32765362264555564
84 1334 1 0.091794254201133754 0.66247754550904281 -0.7427413205558735 0.032134830494169188 0.73412994044487201 -1.5474877787739489 -0.22397496737657119
83 1319 1 0.10500091789541079 0.65988387924606018 -0.74200160249023916 0.054421457663401472 0.76107422030056782 -1.4566122880138013 -0.14285319438435634
82 1304 1 0.10145749023544604 0.64355658158885076 -0.75165197402514639 0.10276484765180095 0.64657017980170151 -1.3748313494236446 -0.05338915573585773
81 1289 1 0.10811900342485721 0.63205717992942856 -0.75302115614841891 0.14755724580979532 0.51548388194315087 -1.2898361129611957 0.013041366869445292
80 1274 1 0.10658043831503315 0.62527331665289299 -0.74862260409225034 0.19297172407532776 0.37719517713071049 -1.2511285512723571 0.073181075756846681
79 1259 1 0.082256931821869342 0.62161659577546347 -0.74562807074966864 0.22553355655844989 0.23927857455438595 -1.3080445741911801 0.06060091977877935
78 1244 1 0.046027832273977984 0.62357253096412824 -0.7484942265512794 0.22089619757377452 0.13541515286226649 -1.4242216484890819 -0.062318297201006345
77 1229 1 0.044950379696335106 0.63389845655902743 -0.74508158647373013 0.20249849292038599 -0.033008339394790961 -1.5221273488415072 -0.12375828533802063
76 1214 1 0.0070290776651346348 0.64345089558561519 -0.74047860342576033 0.19394064789487267 -0.24636106055845652 -1.6074727593675548 -0.220997917215145
75 1199 1 0.037475274292697938 -0.62606133932753361 0.75303460339469275 -0.19895147475276403 -0.50295363948693061 -1.5972455208619256 -0.31144916163031622
74 1184 1 0.05723806993800494 -0.62845659392427333 0.75216424771502288 -0.18977633509520303 -0.54712764708491335 -1.4620743251362669 -0.36300643140002448
73 1169 1 0.08445926959207968 -0.64166962996674604 0.72374193297880862 -0.23942500330251523 -0.43991944226958829 -1.4350287404801576 -0.38772889042212755
72 1154 1 0.01275019879335549 -0.60762223121617531 0.74919083091615746 -0.26333582254179616 -0.58583620102796985 -1.314859300932778 -0.22513896914127557
71 1139 1 0.053120646350684614 0.57830134757938856 -0.76354226593093966 0.28239857729137935 -0.67648847909476384 -1.223888362411703 -0.078578796192369738
70 1124 1 0.060653631775125658 0.58019235278137848 -0.75955080870827274 0.28771607483264638 -0.55848635804777325 -1.2255975347115422 -0.040354776128102732
69 1109 1 0.045864830020954608 0.59860553928281868 -0.75513635452759587 0.26331903041339055 -0.36713283757416953 -1.2611099914803576 -0.11642273422344951
68 1094 1 0.0017223669437927121 0.60793404442894239 -0.75857573520235699 0.23446979557841394 -0.16265514971599784 -1.271476932475917 -0.29095211525856596
67 1079 1 0.050073316335583554 -0.59743788051162661 0.77531867523094555 -0.19859907794112139 -0.014359391005521166 -1.2634377779811208 -0.51950567068108533
66 1064 1 0.057084180001207477 -0.57598866725314601 0.79740339502714397 -0.1706642235171712 0.083321014932943027 -1.2521158047809875 -0.59748769695573545
65 1049 1 0.042124467086910748 -0.6124032207742206 0.77824613348654559 -0.13236608391595989 0.26665450930517043 -1.1952844041406669 -0.45856374645463782
64 1034 1 0.092173569451671669 -0.63736004758756559 0.76032478150231775 -0.084749215141891182 0.41424575936931207 -1.1194769762812797 -0.4103418414783111
63 1019 1 0.10250755890537658 -0.64638205163395579 0.75365812162805113 -0.060678492044683154 0.48752095438128562 -1.0852451537147614 -0.33614232483219303
62 1004 1 0.11485166294338975 -0.64326352907346307 0.75592465798289665 -0.039987987402879087 0.53424921363220013 -0.99790427189587172 -0.3318933999215819
61 989 1 0.090277694214517729 -0.65373799587220216 0.75071310608964192 -0.030106527955725205 0.59116257019081342 -0.91330244999250676 -0.29865462152969069
60 974 1 0.084045709550607611 -0.65348945433807271 0.75220158036440266 -0.008979658810780557 0.63489283546264419 -0.81434474432712911 -0.31239040487064518
59 959 1 0.068532146891965059 -0.6784642240482458 0.73110532952940643 0.02178620349413524 0.72942208702074673 -0.66489312097830144 -0.34267588207343458
58 944 1 0.088664622654248917 -0.69140771223481345 0.71327911464376259 0.072985373636170622 0.79168266663661524 -0.56492429009978684 -0.43524067470028771
57 929 1 0.13013999436327744 -0.70762767033203133 0.68317139137158511 0.12491401866484239 0.87006055639916535 -0.50168262391199292 -0.51858656072195342
56 914 1 0.182321376663648 -0.69894374999573572 0.66540058146395642 0.18835768139579412 0.89052971836965844 -0.51812712687113271 -0.64961560707758692
55 899 1 0.22876386393158438 -0.69035615017976226 0.64353432993792281 0.23861904085679736 0.90621188328434188 -0.543069672998435 -0.79759650259835491
54 884 1 0.26028073723078343 -0.69715003916607965 0.61187335996157699 0.26804244456179727 0.92690297390666521 -0.54303768158847032 -0.93261140926315089
53 869 1 0.3138490192842549 -0.70161458213132899 0.5860949190190462 0.25637573429451116 0.91773097217249255 -0.5651023996674116 -1.0422560331800663
52 854 1 0.31973483868161084 -0.71855370745842195 0.57744892374634282 0.21909573910779598 0.91846927539921519 -0.68104318770067396 -1.055251804511653
51 839 1 0.29792888060600869 -0.74764231297587991 0.5653357830221345 0.18073407643185946 0.96630832226171648 -0.83919802744266647 -1.0055678437357005
50 824 1 0.2826835221713826 -0.72466126774660677 0.61903387466197313 0.10841187823133994 0.77792752894826955 -1.1552882963554862 -0.89593006339492676
49 809 1 0.20571257065588114 -0.68002708034866322 0.70366440667984198 0.010095099728484189 0.31493626477031889 -1.4963719407647929 -0.54920461598281567
48 794 1 0.18328899478589239 -0.65804464607898427 0.72932636902841674 -0.038281008306827707 0.095574881211880514 -1.5803167798481952 -0.36882962215793486
47 779 1 0.13332351563214537 -0.65055158749439335 0.7428118788208663 -0.085076347304197691 -0.013616796368449837 -1.6090827131715502 -0.14357375290497543
46 764 1 0.088575699009395201 -0.63580290961858299 0.75318403266881506 -0.14360647129667387 -0.17893083435345289 -1.4803123580214594 -0.015387548751013017
45 749 1 0.099576797576142184 -0.63141102275949168 0.75331574385629707 -0.1546608282032865 -0.30488940952805699 -1.4095503649072738 -0.097139908761703267
44 734 1 0.095395206005755739 -0.6331238383329344 0.75298682870882483 -0.15187098405132848 -0.36203467195722072 -1.3212660342451548 -0.10798302951864869
43 719 1 0.084714279787054619 -0.64089855166250365 0.74539519543360111 -0.16266081243363303 -0.35614566657838448 -1.2115993795463578 -0.065629187596002184
42 704 1 0.06466737222838348 -0.65531362753694533 0.73593811316311064 -0.15740798622486152 -0.31626165495784786 -1.1184398969250493 -0.0090870040345217007
41 689 1 0.082797972583079429 -0.67340199286145752 0.71998467573490821 -0.14593258187686622 -0.23083008711438366 -1.043781169080839 -0.05565181217164946
40 674 1 0.078959432714937661 -0.68137796868878753 0.71374495159677598 -0.14162491250127163 -0.19596673466233547 -0.94616548921996946 -0.020921084065910943
39 659 1 0.069647573296261311 -0.68281305490901489 0.71629897391918995 -0.12582260346247912 -0.1843473055487363 -0.8229267336148699 0.016092559854983923
38 644 1 0.060369032535603426 -0.68753258910253801 0.71330006430395376 -0.121891497228689 -0.15990522867059859 -0.70363206944648082 0.052150117650353253
37 629 1 0.046207718870180173 -0.68835833987448569 0.71325254190314913 -0.12368691972376498 -0.13479932257897573 -0.58060721078610067 0.085619143309650064
36 614 1 0.011147884540093899 -0.6871953852189181 0.71241028721392263 -0.14180906133205964 -0.082750609891699051 -0.44581433800916692 0.13590898346540717
35 599 1 0.025386446736386434 0.67894508791877173 -0.71980760467054183 0.14235908180207157 -0.0063244798190329639 -0.31489675516842131 0.16317107745446854
34 584 1 0.04116746324181627 0.68195396858560953 -0.71910428614981348 0.12701594522554424 0.10934412018527497 -0.22717579428542636 0.15782385181599731
33 569 1 0.047303037081911109 0.68878510573620699 -0.7139885595585953 0.11643812785437539 0.23923705403984599 -0.16443165373092994 0.16827753507189469
32 554 1 0.023271687092508372 0.69210501628452958 -0.71459407200504166 0.099017105940907235 0.33924902300456256 -0.1038649905719119 0.15934278971719376
31 539 1 0.023071628880356503 -0.6946933946163284 0.71344461160664518 -0.088688069021108151 0.43165216870861067 -0.045789943830081642 0.17545067090394606
30 524 1 0.076259428365320681 -0.70577062583996175 0.70003988596045907 -0.077565980631529391 0.50548863611915473 0.020820186832439951 0.20616128977707271
29 509 1 0.11312734643560811 -0.71563164167196236 0.68653777279103279 -0.061150989014555936 0.58597989203174206 0.12343853764207248 0.25006096244208531
28 494 1 0.14572308772354298 -0.7213345377159881 0.67509983672144358 -0.051782978487709803 0.66507300610790387 0.25647629387013682 0.34431734163787231
27 479 1 0.1804751443512774 -0.73262707793160053 0.65511454276689063 -0.038874449296654581 0.69856055541034512 0.38541663183246622 0.4556334828106704
26 464 1 0.22434192038462097 -0.77544315884647896 0.5900091971153919 -0.015740313706705943 0.69740904371017065 0.58651022160527422 0.55884122874174436
25 449 1 0.24249526063597385 -0.82970095103997388 0.50018260499373013 0.051085634714078378 0.68387261283262846 0.85687016741316901 0.63514334312986997
24 434 1 0.28201101045356514 -0.86081552962021313 0.41905017785100307 0.062155952174136976 0.49962595348593419 1.0662512681149785 0.7921232078167123
23 419 1 0.30744763569614686 -0.87210025300473881 0.37060892678074708 0.086983466269992565 0.33547794118955115 1.19092039956991 0.90197632277716699
22 404 1 0.32529228441546965 -0.86945677931353482 0.35038885601086989 0.12432814721089645 0.26443038937522334 1.2395637186482049 0.98362340483143984
21 389 1 0.33199971654800498 -0.86374096498661623 0.35941850682541826 0.12060709169621886 0.22747246586502118 1.2763539144787359 1.0138021899471659
20 374 1 0.31155334564955434 -0.85647001618393159 0.39989482491222206 0.097353752885487047 0.28388997616464057 1.3599713771711026 0.96609661695601778
19 359 1 0.30015287435605098 -0.8231394592590392 0.47578527117323421 0.077317904531545856 0.51098221380003939 1.33986243584243 0.90055745725899394
18 344 1 0.29057085531518156 -0.79906609065151601 0.52337659206931331 0.056025919771286986 0.64693179853289329 1.2482901113693854 0.79713813345706808
17 329 1 0.27069696410074157 -0.78274298437881251 0.55784589762293546 0.053334121701340935 0.71509449350496623 1.1462098571563066 0.69002606647826148
16 314 1 0.27164963290446154 -0.76492339174432322 0.58113152692038128 0.058179292917826468 0.75272294357218672 1.0034237102846932 0.64769302811099405
15 299 1 0.27349115741633778 -0.74723337099231846 0.60220514657136315 0.064759845070005193 0.73225304545544612 0.84045182002001584 0.60384724938323531
14 284 1 0.26562481191610943 -0.75011065267416499 0.60430427981585333 0.039922492851932938 0.65792210552361607 0.72445740956882898 0.53519591988447779
13 269 1 0.25485830879534843 -0.75359716138247079 0.6023949487923842 0.065260144526946048 0.6361388366588836 0.62569937804225362 0.45586835289871525
12 254 1 0.25005938689588719 -0.75222786759632554 0.60803729903526993 0.043751356763325713 0.56771405067521763 0.55449576560482816 0.40079152500616905
11 239 1 0.25273145907837052 -0.75369539258353235 0.60649307272727671 0.015369369678008966 0.47178081046049591 0.50142939741899595 0.35625062492010573
10 224 1 0.25243489662834534 -0.75158843349746385 0.60913062159248887 0.018743943966339993 0.42518099868425763 0.43366209331980515 0.33728629210194977
9 209 1 0.24777036679533657 -0.74748862416574868 0.61627511402988033 0.0086940156635695581 0.3662265132972522 0.39658541280954235 0.30589324955917852
8 194 1 0.25839846161793995 -0.74962113447721335 0.60906261589235922 0.018469426112749793 0.30231256924641076 0.34423471710294862 0.26000086945007622
7 179 1 0.26098756228295517 -0.74821868509841205 0.60965960020945398 0.019221432715927213 0.24670816231967649 0.30361303281730312 0.21022486471287954
6 164 1 0.25259996678404595 -0.74189229798755274 0.62111409026222608 -0.0025222698456671367 0.19015207330105752 0.24834501068334819 0.16143436971495975
5 149 1 0.23348425125783237 -0.73806562713623802 0.63288597511354983 -0.014127170952895516 0.15039899158979719 0.17529871008396872 0.11313910738433468
4 134 1 0.24767607362260513 -0.72762428102845422 0.63967981094633597 0.0054044130462977723 0.12446250668424472 0.11067025994359797 0.05851081512035583
3 119 1 0.24759612681857818 -0.72997106705619197 0.63704436361783046 0.0035885969453982804 0.11146309425510613 0.054410540614617968 -0.0038046606465727759
2 104 1 0.21546192230243552 -0.72509063051837053 0.65329756517058934 -0.031969186952293283 0.084213176609136575 0.035389501272204443 -0.020175539094420016
1 89 1 0.19147128443646128 -0.71838096351115988 0.66437673374694006 -0.076623065435787077 0.028785751392992998 0.026335619170537224 -0.0084619473689383946
0 74 1 0.17322959464791013 -0.70958973751630583 0.67564255752278402 -0.099905187121252251 -0.016503913686041514 0.016897417554834773 -0.0051480556215167898
