19 883 1 0.2891384018097542 0.3538721054644306 -0.62729908972859283 0.6306103151699558 -0.36703173105114001 -0.3722197364260304 -0.6209652639065959
18 838 1 0.020475087754697346 0.43655663567572961 -0.67604267349209246 0.59326670077342947 0.36950768113997157 0.28814873740284591 -0.75792922287741138
17 796 1 0.069326901717409045 0.40400737956233407 -0.70149207522580748 0.58299286989879295 0.49863716710680367 0.089002105011892041 -0.58073254401148
16 751 1 0.36794562026997335 0.029379972153626484 -0.59569251145124824 0.71337456470027094 0.59989841393959609 -0.872536426269794 -0.16001506158974876
15 709 1 -0.64878859208677309 0.20252501896464792 0.36794876527658837 -0.63456338186414918 -0.51825170055547576 -0.94624032839637395 0.44428379354755454
14 664 1 -0.52190095948894522 0.063803113866674421 0.50142826802482143 -0.68710861089864284 -0.47720766902699446 -0.94168976549601413 -0.026359402393078133
13 622 1 0.37066210143562645 0.086160414236827756 -0.47790745936563195 0.79170098513299225 -0.4064024730637375 -0.67489301984137584 -0.39897324917866328
12 577 1 0.34339628844728737 0.20447160393478331 -0.56807661187194702 0.71941595430533356 -0.49064065864136414 -0.53729929019710143 -0.54708350017310481
11 535 1 0.086815864158894931 0.47679342170137662 -0.69790529302448112 0.5273132282818731 -0.54278579065394039 0.12045026468668632 -0.82701355479921501
10 490 1 -0.12848711997790421 0.59719563310864454 -0.72374793968133111 0.32099432331861755 -0.82706645521610489 0.72425900815896327 -0.46202385832387494
9 448 1 0.024488111222959481 0.6413338066120825 -0.73267847256661445 0.22643660645452343 -1.0591920284256391 0.8445596370128805 -0.34334671764847641
8 403 1 0.053365174743700845 0.66815870699314783 -0.71734388460210408 0.19008906233074641 -0.9089291612842495 0.93150814486263278 -0.13146653287865262
7 361 1 0.0084939047490287783 0.67639218175693316 -0.70030943315392147 0.2280091398954078 -0.44463875606044673 0.88759874847599474 0.049416719170628738
6 316 1 -0.13059892524267547 0.66718479175526479 -0.7016326826853414 0.21335405541895164 -0.017236730108540634 1.0456174455749039 0.36160409772271918
5 274 1 -0.48123888729332265 0.61921982331760561 -0.56353335336004695 0.25962685419266363 -0.49426153485661239 1.0564235602849248 0.47920875649200106
4 229 1 -0.36969331652421589 0.67480440167592037 -0.59791347318527521 0.22464494158482712 -0.23382088569430282 0.87537730349631548 0.2879144564802536
3 187 1 -0.072488153243059211 0.51310914628763971 -0.73498704147032357 0.43733113370314852 0.16416737898256376 0.31594027218214082 -0.10853796268502347
2 142 1 0.22876779108396744 0.34942593633865726 -0.69814215441484262 0.58151899797462925 0.2202952539911672 -0.35911975329764867 -0.22306924891696681
1 100 1 0.36171215767709824 0.33523658543039814 -0.61286099192477839 0.61739950708963343 -0.25390289923256865 -0.43544654614016376 -0.2740310065444293
0 55 1 0.35034123564770647 0.41144955544798711 -0.59623335887601803 0.59369694600015721 -0.19538053174704187 -0.10448227556182349 -0.10616087798292242
