49 49 1 -0.64770250522886519 0.48910090238718984 -0.30324615318050402 -0.49930305685576848 -0.12155547218729913 0.19359507342841886 0.23374490698088218
48 48 1 0.67314671360687439 -0.073929898944020717 -0.19665086297568526 0.70903900463466041 -0.19304160586606478 -0.0024481531015132165 0.38488818718507156
47 47 1 0.68308074146841991 -0.15835326258403951 -0.1171206889199289 0.7032835054875558 -0.19360351786285762 0.037472123593653976 0.38852696134654735
46 46 1 0.6672354837500557 -0.24552821896824764 -0.046254464321370509 0.70169311486251063 -0.2059879020492017 0.056636481798094128 0.39107532568991565
45 45 1 -0.68756083707589 0.32645767274804777 -0.18126826999716089 -0.62275781610162606 -0.12313419306348453 0.17417412077468764 0.36266299584797995
44 44 1 -0.66937628999118393 0.36466535635896785 -0.25072252077763452 -0.59673509855222528 -0.10290773724479259 0.15163378448259571 0.34188631131469377
43 43 1 -0.50655925203179109 0.60701673764231256 -0.4700500212960001 -0.3924046150119877 -0.11363503955758814 0.21158788561977618 0.17786425494899413
42 42 1 -0.45969289435727662 0.66728858087870702 -0.51396622462492714 -0.28150863690322198 -0.10589403711547174 0.1740619602481619 0.078674269719230971
41 41 1 -0.30759615793549533 0.6766290438184438 -0.65352690426325166 -0.14303959622688828 -0.067915097147144735 0.10900222796221382 0.029113014093720638
39 39 1 0.44476790874784533 -0.12628748884036856 -0.49253113111272628 0.73732358052301616 -0.171034534445967 -0.10923581342560461 0.22625759051354366
38 38 1 0.36966959853036552 0.082331306908694959 -0.56682236564558908 0.73162719306286228 -0.14360414537376678 -0.15088832407027689 0.21877724048326785
37 37 1 0.52933777797176029 0.092439050578990656 -0.39046291328829807 0.74752608789686348 -0.17865263176597929 -0.12336279750271964 0.30336089675974848
36 36 1 0.59310276584644328 -0.013614273683609967 -0.31423002651275117 0.74114995185533306 -0.19765657144528354 -0.075715857341836418 0.3111115905186127
35 35 1 0.52202622021817247 -0.05147523940589778 -0.42108590231468906 0.73994971991660208 -0.1915803334648957 -0.085167682797070904 0.29384928043982667
34 34 1 0.58372526753775356 -0.13705148907332562 -0.35437588324284397 0.7175649341743342 -0.1869428107405233 -0.057629489261885353 0.29586699874381006
33 33 1 -0.66937920728375833 0.35277706816900523 0.29823692356553599 -0.58183722333004217 -0.21670005375310239 0.048228524932134788 0.26008750660235436
32 32 1 -0.73187010223676985 0.55867711776187279 0.073259301832819007 -0.38324810010774307 -0.14010931445246569 0.16749922223673355 0.17431966930740553
31 31 1 -0.71775725850687733 0.66222729705196104 -0.1522801328594722 -0.15195488158083945 -0.018165160555940092 0.19441750367400115 0.12730872599338966
30 30 1 -0.628736098755594 0.68657856438597364 -0.35154928803142349 0.098559074325455756 0.085475313676694933 0.1293882250829767 0.078692661735662944
29 29 1 -0.49985503273958504 0.61104550232980881 -0.51445270524970632 0.33482346749993319 0.14336591979245777 0.031929594603923805 0.050272997314637698
28 28 1 -0.22779024341017651 0.39000932242751923 -0.65542840419668447 0.60532465702212035 0.115209908275358 -0.12872256530855405 0.083912763753821312
27 27 1 0.045456167796946688 0.2554090583451461 -0.7494977870070556 0.60905912438447873 -0.02278128707054736 -0.18134115672947146 0.071029406185345534
26 26 1 0.48310013211008912 0.20897279314229411 -0.48636388155366383 0.69742010926096487 -0.16795266565847328 -0.16293636455231925 0.24892218960866638
25 25 1 0.39621657421718132 0.33093044616623657 -0.55362907389928095 0.65344648950716766 -0.14101957470029122 -0.1810140520498891 0.22422669149275437
24 24 1 0.31985536251976787 0.42777249431727904 -0.62715789749500728 0.56690053076581537 -0.11428336078283624 -0.18613618533014495 0.17013752598521462
23 23 1 0.17723851322445897 0.53288294393759628 -0.68001530117073583 0.47138250674378818 -0.082762821344761525 -0.18075912526763488 0.10313206744102126
22 22 1 0.12350965215966908 0.66929594081809352 -0.69410980554795054 0.23452054764989533 -0.040308266690361548 -0.12148891604080796 0.078957749300693256
21 21 1 -0.062720842852347067 0.70419255845213591 -0.70462437482109408 0.060691242370778414 -0.035720247801767739 -0.031395869794974808 0.038604738372600499
20 20 1 -0.17285193626902248 0.63805622175364485 -0.67706166689334868 0.32340990280619664 0.059686007023307022 -0.059758272698914358 -0.014743948433537775
19 19 1 -0.32342697653380542 0.65615844133772494 -0.64143238231199018 0.2311181291742683 0.076980888943987927 0.019422537361600014 0.009300317834859545
18 18 1 -0.49385655315810401 0.68687643340954807 -0.5271594795747736 0.080058436306421121 0.059887732341094256 0.11066638957295746 0.019835199155898695
17 17 1 -0.59615642162744198 0.6899042528119661 -0.40921433887890879 -0.03425299636855051 0.022825049468297068 0.17341106989702301 0.061904350054263542
16 16 1 -0.67798242646853191 0.66993850198486005 -0.26611069483845823 -0.14390042060646224 -0.039808455615732451 0.20661869920818543 0.11410695188420798
15 15 1 -0.72763566342083952 0.59219721275631876 -0.1060868831498365 -0.32953660759514281 -0.1120105861068756 0.19080618954075598 0.19160081852490965
14 14 1 -0.72048025739955368 0.50609891930916029 0.063594630661139476 -0.46981677867296978 -0.17627099006393165 0.14155925549346823 0.22403330093575524
13 13 1 -0.66251985865183338 0.088105053433870914 0.36921514523263688 -0.64574384471105295 -0.226470042540381 -0.035976065756026757 0.29568919284445505
12 12 1 -0.67170411715928313 0.18585826692149665 0.25730315006371862 -0.66937685392870683 -0.2274843551033453 0.0048349879810896026 0.32701280731412469
11 11 1 -0.6783431041040473 0.31963972893427572 0.10634398932704883 -0.65297169367080288 -0.21620386679599879 0.077211719616240626 0.32131549665532916
10 10 1 -0.67911568508392117 0.41770138187827288 -0.039428636641738742 -0.60230625470980415 -0.18431887087918372 0.12919023345365832 0.29698190666425839
9 9 1 -0.67677573382859357 0.50578569147158403 -0.1846440779049795 -0.50205777047865763 -0.14438600064196858 0.18684541650432124 0.25098365613034401
8 8 1 -0.65871908722225514 0.5692818996658261 -0.27057591407209991 -0.41084785208881797 -0.12527961584776495 0.19360414186852529 0.19282933119665341
7 7 1 -0.59609136164251841 0.63138517042223252 -0.38049917573235614 -0.31819527402690034 -0.096550657352967778 0.18504358339878124 0.1442431526839896
6 6 1 0.050477746474201599 0.58913228416863694 -0.69912973144897728 0.40198602894281227 -0.017347480865679842 -0.15827662921934182 0.014670104440234068
5 5 1 -0.036543685770084024 0.63970618626583919 -0.69231469995971906 0.33187484162442438 -0.0054383532373538813 -0.10371995805723261 -0.012597896838398018
4 4 1 -0.11507487904963666 0.65047830807519924 -0.69971643831117192 0.27208941341490239 -0.0050598878849045853 -0.050816216703532584 -0.021630721195369799
3 3 1 -0.49263578185515672 0.68451149815018064 -0.52440921779865834 -0.1172559918466984 -0.026994197909371648 0.17993892124808025 0.045001507329621486
2 2 1 -0.38561614668790922 0.70452149906764694 -0.59576433555826769 0.0038080496136688657 -0.0031316611727573154 0.11497242958255956 -0.0025491351522537596
1 1 1 -0.27633910848761267 0.69770521511560202 -0.65465788863084284 0.090924027485422096 -0.0097937385508041902 0.055663308376479335 -0.012878438663348262
0 0 1 -0.18325103714526428 0.68006395724578184 -0.69497108346645431 0.14473169862146623 -0.015402503058230373 0.0010382953342197249 -0.0079979077018448117
