18 853 1 0.52294888038989518 0.40324137394558762 -0.60904445322002032 0.43930139635489029 -0.59369363496268812 -0.31642964380706501 -0.26990231526075059
17 811 1 0.38397523897937136 0.48268975045073576 -0.61224827404150506 0.49469755567795082 -0.67718673415821684 0.043233954804094768 -0.25794648002879728
16 766 1 0.15263243193504006 0.67808755902890405 -0.6841691475200562 0.22093705120123577 -0.25952220237880985 0.75038514228834163 0.10360155522275025
15 724 1 0.011788716144667711 0.78254304454803181 -0.59542396018721777 0.18154260446553058 -0.077164299228508815 1.2882380489608432 0.50469682076714728
14 679 1 0.21423465966777114 0.67857265827357072 -0.68418442565575477 0.15979464862966777 -0.29586327459906714 1.4254657400593649 0.22578809027922442
13 637 1 0.037486397111396827 0.67898784228326203 -0.71444165492820133 0.16475254707160034 -0.90428998634001856 1.0335407103942564 0.56715023699980849
12 592 1 0.23377628850433094 0.58069728936668275 -0.65793892822575595 0.41863548796115047 -0.80433698231962225 0.41971827772777159 -0.13501657347086568
11 550 1 0.33619095624724699 0.36367801820853435 -0.73475752936554328 0.46351409153349121 -0.54720864305702543 0.073261925377944251 -0.35111565709589365
10 505 1 0.39259956615839886 0.31543080948308705 -0.64159906820395762 0.57854958366668519 -0.41652039630475557 -0.21789866759618223 -0.36519640268936748
9 463 1 0.44056291170595624 0.36015287507749161 -0.54815607188795235 0.61295933654277324 0.40346891859671385 -0.41940231701236907 -0.24212806386693547
8 418 1 0.37884508850324183 0.20203922492063092 -0.58869186501626103 0.68490761316700088 0.46539906146768439 -0.7411085436381184 0.12232645012304655
7 376 1 0.47091998150325448 0.25639721288601613 -0.53416859775443648 0.65357382859040236 0.049473388493085732 -0.75146100484161327 -0.14304091168754454
6 331 1 0.42669354240453405 0.35241098598985743 -0.57686993828040711 0.60079962727375757 0.012921400880277991 -0.13398906615166165 -0.070500371975902712
5 289 1 0.33055721340146843 0.28520919096076802 -0.64867028108948754 0.62338953511512007 0.26054544767790816 -0.02045376319068799 0.099039090192032705
4 244 1 0.14359434311937749 0.40280308708208723 -0.71218758660542292 0.55670385228269992 0.57375136564969031 0.68090845732392724 -0.0095085832607779766
3 202 1 -0.0057358019332400239 0.5834496713051508 -0.68528217097036082 0.43582327585873976 0.21349823030079737 1.343110890762637 0.3202302375904148
2 157 1 -0.073337016602279148 0.62836465003353392 -0.70254176241033739 0.32590584630148717 -0.13892927739332059 1.2673276671681191 0.50953262235893415
1 115 1 0.039678891163019064 0.58177108485527607 -0.71027969449824835 0.3942977884871578 -0.080369039665153963 0.98461688518961776 0.32195922480841471
0 70 1 0.16824990068789261 0.49767779077734042 -0.68667702257110863 0.50247731705856868 0.048740239914241798 0.54980564460605785 0.089699546572513153
