19 883 1 0.28174839494014836 0.35222702547058626 -0.63284625796037364 0.62933264515861986 -0.36429314001876473 -0.37464685632239925 -0.62584807418170096
18 838 1 0.019362716190927328 0.43650752922725305 -0.6803355410635834 0.58841296188591041 0.37088741094685673 0.28763102121463918 -0.75606477569502195
17 796 1 0.06301494414289513 0.40565890641628644 -0.70393875298950292 0.57960348558250918 0.50746911943248951 0.08893591889044665 -0.57346261186739
16 751 1 0.36266047348518465 0.033231181577795206 -0.60017237182742011 0.71215601776401105 0.60745771735120879 -0.87602014047823284 -0.1519794142639003
15 709 1 -0.64439529938340656 0.20010992866771493 0.37446418877782389 -0.63599314925880956 -0.51863588574950903 -0.94978029842818057 0.45700195812521199
14 664 1 -0.51714894892194829 0.060903959540306904 0.50675857888196985 -0.68705415730549457 -0.48495393558206418 -0.94448879646232897 -0.017750664811370671
13 622 1 0.36536746186288754 0.088236917500398582 -0.4808861486497033 0.79212964610520331 -0.41552138108217779 -0.68038823085209654 -0.3956916402268143
12 577 1 0.33800359521034545 0.20651112716613271 -0.57058661075700656 0.71940089213614866 -0.50160921527146773 -0.54594954351573133 -0.54366456716069655
11 535 1 0.083086570899770215 0.4774054448108892 -0.70055153719176544 0.52383986745883426 -0.55649923816199276 0.11758024909661638 -0.82911231964558829
10 490 1 -0.13154700893098228 0.59669827644698625 -0.72478884276410316 0.31832009790646321 -0.84836832009964414 0.72293534175734753 -0.46768953083437753
9 448 1 0.02186055244612773 0.64077754649517138 -0.73424915379872402 0.22316906662939753 -1.0866440001052169 0.8473481929687996 -0.34362597357462166
8 403 1 0.049754428590963976 0.66703489726872656 -0.71950464546769788 0.18682079063018792 -0.92827097285657978 0.9391223666932581 -0.12775925184917966
7 361 1 0.0055447967605444992 0.67557017499798466 -0.70246230268760401 0.2238769911913811 -0.44815251889813801 0.89483163836945101 0.062797016513516615
6 316 1 -0.13518679971320788 0.6662093221174179 -0.70305901345594168 0.2088006032211345 -0.0056456179773332355 1.0581568845650768 0.37997831027211659
5 274 1 -0.48332883196781068 0.61967234778691371 -0.56301933151520311 0.25575115623797284 -0.49657858882310141 1.0619101959049384 0.49760223463216352
4 229 1 -0.37303223873167379 0.6743863821147108 -0.59865136436016142 0.21832659122237955 -0.23135566499772076 0.88459618602197698 0.30493510669614865
3 187 1 -0.077537451212657357 0.51302302934230493 -0.73732148280834775 0.43261107939255172 0.16847538572121498 0.31403007869441579 -0.09647039705145255
2 142 1 0.22359964105445487 0.35007583905324796 -0.70119623453880542 0.57946004875235702 0.22494326346742027 -0.36867665929688714 -0.21047668515933693
1 100 1 0.35710012125703483 0.33625036293464516 -0.61640771426772101 0.61600058978524852 -0.25693133614999442 -0.44310701589697887 -0.26247130024964699
0 55 1 0.34534502401591594 0.41264158522276762 -0.60033342757777375 0.5916616535360476 -0.19447083811686583 -0.10431267467652029 -0.091988660577974668
