12 1610 1 0.011039705344462136 0.63629080764007362 -0.74950999314937705 0.18233733349994732 -0.029138277456265429 -0.72117230119013875 -0.13481741562322486
11 1482 1 -0.010121019531610147 0.65376250160240379 -0.72566003670463375 0.21426541389603077 -0.091918977001578958 -0.7640778482497298 -0.12401031153338613
10 1354 1 0.041943407368274843 0.66193877456368344 -0.74502645145090085 0.070805338400056525 0.16858841592415086 -0.58291367151795892 -0.10812307694642924
9 1226 1 0.045112613650767054 0.6315649663656796 -0.74594885133126365 0.20652083804469443 -0.044695691578510596 -0.52405576930803111 -0.05148433110843454
8 1098 1 0.024562920510980052 0.6003247676491652 -0.76000869294610818 0.24777736565169839 -0.095042017576182775 -0.43077151571865474 -0.083780767212457877
7 970 1 -0.069323323442059825 0.65210192374409237 -0.75491560357196741 0.0077323579698394419 0.19598265727991465 -0.26406208931482789 -0.1093770667835877
6 842 1 -0.28988997122829502 0.74533598021739578 -0.57569072706919855 -0.17034749173724215 0.31058987009654571 -0.29636645218788793 -0.34837878479696055
5 714 1 -0.07286848705370072 0.64122574958394285 -0.74493001676262915 0.16911236439434127 -0.13981571619807823 -0.39999500103371483 -0.020830023277660589
4 586 1 0.045764937894067784 0.67367080589365969 -0.72561358166603163 0.13250715395001367 0.0032286007601093933 -0.076364001857790187 0.052777842027416803
3 458 1 -0.23204314901090958 0.79379939161027857 -0.56214381232489008 -0.0057303700658183831 0.22191198531077019 0.22514577298843436 0.19515398975904319
2 330 1 -0.26682311863869301 0.78044407673270599 -0.5636863479861749 -0.044386569441275593 0.22567210449613376 0.3923710388344176 0.23147357012955619
1 202 1 -0.24909060429252747 0.74387154814909806 -0.62016807485305736 0.00074137743446188204 0.090642651622138873 0.12321674641172162 0.090909519046509943
0 74 1 -0.16566691792545774 0.70289234102703391 -0.68382621727534809 0.10430020995905931 -0.034098144925998011 0.0049738877863751774 -0.009247176710523386
