18 852 1 -0.6057116890473967 0.71253450146190844 -0.20359157380641818 -0.28975576793707736 -0.51624730692481191 0.87751553212145317 0.13250894205974406
17 809 1 -0.54383249373006071 0.75613377526311343 -0.34637519108864367 -0.11194712889574474 -0.27447767362089087 0.71455750179791977 -0.12523964083500519
16 765 1 -0.37623055139614436 0.73152584106320662 -0.56702191224633247 -0.042504906604223514 -0.15904236140584799 0.54589009988292891 -0.40383291752285672
15 722 1 -0.294525803295906 0.64999159593327738 -0.69609603332219894 -0.0788402739855249 -0.52212500863808664 0.45418900778126187 -0.65653412265277833
14 678 1 -0.32967853799349472 0.62140739551625435 -0.70998659011321952 -0.03292343000935366 -0.30591843510832822 0.40448501228716149 -0.62849951063770493
13 635 1 -0.2840199768654133 0.64877266740443884 -0.68971800235409819 0.15071747078216141 -0.23585871132021674 -0.17478818144489772 -0.70315810302744663
12 591 1 -0.14814161877803683 0.64148021480861117 -0.72019759326961297 0.21879812943345359 -0.50788491241966682 -0.17427015352295575 -0.50342935106074838
9 461 1 -0.37476751266582048 0.70896944256893746 -0.59639370085636789 -0.035017060593507628 -0.57309662738084777 0.82755225083387285 -0.42253848457876791
8 417 1 -0.45417075509974592 0.74246518369465409 -0.4824782418874719 -0.098433339466688405 -0.23659327910200514 0.8537935341561611 -0.1349367390341262
7 374 1 -0.47873738392211684 0.70627397742225506 -0.52116072820576509 0.019470013548848534 0.37355744057704693 0.53408753168515077 0.21828711237788215
6 330 1 -0.34849272894583022 0.67820252690025751 -0.63006373136184668 0.147016477989307 0.51930388393656279 0.027144025379916399 0.18805054514314717
5 287 1 -0.36697942363297903 0.62511037524018431 -0.67684858947632354 0.12821508616771174 0.47413103828215564 0.031005479006820963 -0.076208079443208385
4 243 1 -0.45217895454886337 0.72596633971067004 -0.51361370555349162 0.068615072234898419 0.22498824861290745 0.51521204187363401 -0.066709110298708657
3 200 1 -0.52026241062648548 0.74477144527332528 -0.40132421430535548 -0.11653923548226036 -0.34123768109802094 0.70738986382518776 -0.075703590721436814
2 156 1 -0.518226244709178 0.69140881648146713 -0.50018945533856618 -0.056620813791648884 -0.23426186760350171 0.61044931599378682 -0.12945075651621776
1 113 1 -0.40806091477433193 0.70233856134358497 -0.58306562594464406 0.015534185692832341 -0.13798478186152169 0.40173057607037893 -0.058212564728972731
0 69 1 -0.29136373807733174 0.71385016946224589 -0.63219538215239246 0.076512132877847472 -0.039767880686654829 0.17191413818945697 0.025758631245040055
