19 896 1 0.48149562275838492 0.17051094904804884 -0.67665800238205187 0.53030361994953412 -0.54815523378348652 -0.41802480441733164 -0.68349032667653542
18 852 1 0.52221840351188653 0.40044957285474442 -0.60989804925809976 0.44153419816036205 -0.59063228183976468 -0.31207382431309327 -0.27036350317922164
17 809 1 0.38775073237335556 0.48383619320288379 -0.61454485833432426 0.48773612208417927 -0.67927906671502525 0.092961432761145518 -0.26223566879633431
16 765 1 0.14134829390831644 0.66670226577779568 -0.70070348692086704 0.21105300763765478 -0.1919599679619434 0.76681563770804118 0.12542834960273014
15 722 1 0.025369199704769536 0.7872003624159849 -0.59699056376089443 0.15255903742135776 -0.054264142793801005 1.2901178997108058 0.53104633381408406
14 678 1 0.20023877574347579 0.68925125921301322 -0.67846688012935275 0.15658808041984634 -0.3490614263901255 1.4042628307880687 0.26981428439787331
13 635 1 0.035541787944324887 0.67539066287478133 -0.71643298613852768 0.17119582408434053 -0.90025382121109043 1.005924937172326 0.53416660507364377
12 591 1 0.23505549678276763 0.57922399995104101 -0.65898112107333395 0.4183208737104267 -0.79988461843280689 0.41486258738474036 -0.12983206709890907
11 548 1 0.34095521217447378 0.36025310777014508 -0.74156151690450145 0.45172309912080727 -0.54534074082071748 0.085924346428526435 -0.33156366750198246
10 504 1 0.39132309719775471 0.31582439433170179 -0.63646393829485937 0.58483744818091787 -0.40067213197773099 -0.22371633270603763 -0.35952018111661077
9 461 1 0.42087761454252498 0.36395782881485494 -0.56193107696796585 0.61207041846424226 0.46304313182979329 -0.39948812628573088 -0.23281340355422042
8 417 1 0.3792318068964986 0.19707535494822956 -0.58486561841305107 0.68940318356413588 0.45741481964958103 -0.7458540558436314 0.12684766258125918
7 374 1 0.47753503527743368 0.23891941621645818 -0.53790312136688134 0.65233276374955529 0.021189394284313066 -0.72773814399411807 -0.14269733184625802
6 330 1 0.42389977959509023 0.35702968225697718 -0.5743105868443239 0.6024999026433483 0.018163796709442771 -0.12434248138628592 -0.058051652093148748
5 287 1 0.31013910056976624 0.29365643594734842 -0.66437428358738815 0.6133404007826504 0.27607831543620215 -0.01115972509595077 0.082490206009876624
4 243 1 0.1394301068587403 0.41149503753051225 -0.71036463737003597 0.55372661247519983 0.56433870750249193 0.7008389520911501 -0.011657739450312139
3 200 1 -0.013135167233719817 0.59032305693441123 -0.68475015522952976 0.42715732552127561 0.19121760850569644 1.3498527185116482 0.34630370303492508
2 156 1 -0.077462218406734507 0.63014086914702772 -0.70253242116920034 0.32151249891143796 -0.15416277754151755 1.2564277260132455 0.5164662635067212
1 113 1 0.051275435279894428 0.58169462745859979 -0.70587882042386485 0.40092054200261584 -0.076956623346801561 0.97383438958041735 0.30487792391757312
0 69 1 0.17279509450899092 0.49939008466730905 -0.68388696508602409 0.50304077134466363 0.044789844835958562 0.54582025926784106 0.088607358521026247
