19 883 1 0.54827190254734903 0.36132999416476713 -0.60734700311343492 0.4471780115380552 -0.70566335286393755 -0.36212795246179075 -0.36612762523262993
18 838 1 0.50541635631328052 0.40802283292439595 -0.53638366932534265 0.5388545572456811 -0.64665655872846928 -0.30604500346454427 -0.22985467520277042
17 796 1 0.2817751902625264 0.52644358018778881 -0.66382093801423203 0.45033505447109645 -0.67739544358518278 0.36695497927202525 -0.30523440189003542
16 751 1 0.086285894490167381 0.7067331567663816 -0.66232402148685854 0.23325925512299003 0.16896865705661968 0.86745999609432412 0.21767849152559873
15 709 1 0.11226291530468327 0.77430835694998679 -0.61981486789746842 0.060606400140160714 0.056815598790817934 1.3751788932404632 0.51214074724501357
14 664 1 0.10791613781853765 0.69959656911633705 -0.68602928345905401 0.16817422488490189 -0.76660319110073438 1.2388904997578076 0.49329505148467573
13 622 1 0.10653097320222045 0.62634345363864485 -0.70308947536435007 0.31939038724495994 -0.8460044548242398 0.88285142328488986 0.038387856351707349
12 577 1 0.29152088013251287 0.54084571329261688 -0.69251307430159037 0.37805704963818049 -0.76681736593226091 0.29414466400260236 -0.11033894491573829
11 535 1 0.4662751047228384 0.25580544385959686 -0.68449991349151007 0.49860903525469324 -0.55087406626500757 0.073683735971610584 -0.2538584772071959
10 490 1 0.43039923585179829 0.28375456656392084 -0.64567838317542037 0.56332873993103216 -0.22628343152687214 -0.27044402931015693 -0.3105780082407214
9 448 1 0.38509391882848248 0.34423364677069018 -0.58930961838684404 0.6212246323102667 0.63687750910025231 -0.46818724118935645 -0.10781766198090523
8 403 1 0.393396888686118 0.24257169998193917 -0.56335202793259986 0.68485936582935147 0.36259305564312211 -0.81683625872556698 0.026960529675287351
7 361 1 0.52593334272682324 0.19485395933528296 -0.4871531705183032 0.66940857627723804 -0.055998193846737029 -0.56547088857065098 -0.089138412849666379
6 316 1 0.35680253789948735 0.35972037446577693 -0.62716303814873464 0.59157393850873374 0.11266904052811187 -0.083573362159411635 0.059636858641931426
5 274 1 0.32022516303236409 0.28899696830732879 -0.68054109208795455 0.59228406972482639 0.45845381795419099 0.080353966715982272 -0.054541047682697498
4 229 1 0.074449062720346335 0.48338611503368589 -0.67947849155230311 0.54690417841748917 0.49923263440526139 0.9598328059918958 -0.018982719088192056
3 187 1 -0.031010672579810081 0.5856359409230818 -0.69542701683696651 0.41527117301652683 0.16770860018096312 1.360644270005577 0.39007952157597109
2 142 1 -0.074798823632504771 0.6237871389064138 -0.6953320490465833 0.34901014725480978 -0.23105456245740233 1.1913507419362512 0.41982062912712265
1 100 1 0.06723077581541842 0.57802229640960667 -0.7008692826248516 0.41249545004708549 -0.053259172956009841 0.82975860550215053 0.26582424652308528
0 55 1 0.20945057701367384 0.47410783638874143 -0.65746163092908794 0.54689708274911208 0.020109764659651305 0.39536589920862997 0.10338562954616716
