19 868 1 -0.03214355258442736 0.61436864760967902 -0.78531587293938365 0.069259920379393658 -0.80363868229267632 -0.58186332123728668 -0.36242901314132048
18 823 1 -0.096319339551931629 0.67264094609130165 -0.73104213671847018 0.062081694659312271 -0.77681617228510902 -0.30949736647240123 -0.3233360290156812
17 781 1 -0.32110843152436497 0.70515869596390979 -0.60452892512903178 -0.18489285381749609 -0.76851543946302425 0.37166376178389832 -0.33937068797470449
16 736 1 -0.40351752031660587 0.70469758190718124 -0.47533617704846604 -0.33857118548491166 -0.0044600882432933881 1.1421558836361831 0.12007895188171239
15 694 1 -0.32146705224809125 0.54707183550183114 -0.61644008086237689 -0.46623273997647002 -0.12415540880485519 1.4310679502379269 0.22296504962115243
14 649 1 -0.46316519828186148 0.63880449260576377 -0.49757900802644439 -0.36030813215723634 -1.1023630849602273 1.0564108379462662 0.30744782378550978
13 607 1 -0.34265383256361936 0.70948643528344468 -0.59774963430428596 -0.14802946959084184 -0.88988541885035222 0.51777013942801109 -0.34200588641108903
12 562 1 -0.20329022384456108 0.5926114098530314 -0.7787230839504955 0.03278963744630696 -0.74790919043451876 0.0057466865331562058 -0.40619537572920805
11 520 1 -0.15069693078084601 0.57322578732797191 -0.78919520207123561 0.1608526183287089 -0.68499602271370408 -0.24011397645277646 -0.44515495713262021
10 475 1 -0.048575103731048536 0.64577136617625819 -0.73699548935280645 0.19353927404530677 -0.067086883457228103 -0.60736477809006373 -0.31484568814721436
9 433 1 -0.16514132796414291 0.63985502639667879 -0.68173029539210372 0.31393899301893047 0.49664252380862739 -0.88430707636787109 -0.018539577415758238
8 388 1 -0.029138165947364989 0.66147269697221533 -0.69416906978791015 0.28237234460073307 0.051839513705926425 -1.0698118077106955 -0.12037817039922735
7 346 1 -0.013397484417933132 0.60948382060163686 -0.72660985972748304 0.31684079848231461 -0.18108990055405824 -0.5249982193847168 -0.18182222665481049
6 301 1 -0.22427297223024809 0.66102828164452543 -0.67889717143996764 0.22768810993090469 0.11223786289180231 -0.2465773106436305 -0.0014792565599800014
5 259 1 -0.2986958028337332 0.66834685387111947 -0.65692764783742685 0.18038671180792024 0.51291489475485563 0.21052481743537321 -0.23845128688102976
4 214 1 -0.43791180864454438 0.73444985120843687 -0.51720854584210241 -0.036221319929937254 0.34991929625686818 1.0820890123160904 -0.092989194515770104
3 172 1 -0.52724691519911637 0.68615934476249596 -0.48467659345887687 -0.12761129950445896 0.099354041004934834 1.2619680438586589 0.17032186444555164
2 127 1 -0.48063339123398297 0.71315756007578712 -0.48871628610046153 -0.14681358737474834 -0.16540368220850488 1.0172363096587345 0.06440993122748756
1 85 1 -0.38226430655337545 0.71056574326337663 -0.58981795069102028 -0.032940999961710335 -0.0019696321904458356 0.51132466730540782 -0.085954075428745225
0 40 1 -0.25205164349624704 0.7048984969640304 -0.65653896955040703 0.092437327148621948 -0.0056854307719675411 0.054314238883460937 -0.0055092568409122276
