19 868 1 0.28491987753058012 0.30692381111459316 -0.66211796024951886 0.62146459615481675 -0.060840016448284705 -0.37131237632406511 -0.75686943199576651
18 823 1 -0.03902937432023651 0.55317651364233744 -0.63883150565797275 0.53326049926227193 0.25496634057723361 0.52617551655295158 -0.74568789659721124
17 781 1 0.19816300448631791 0.28439111866602157 -0.66558397052446494 0.66094711850323751 0.68426545392441895 -0.22450882392049284 -0.54582474437533968
16 736 1 -0.54492284160644266 0.12655506410230191 0.48328572338179143 -0.67340761951507555 0.014799538204233952 -1.1220475017190572 0.2224735962721153
15 694 1 -0.57130042000768855 0.13238146493719516 0.45686281534220202 -0.66885525025801962 -0.42855034922185808 -0.96754019596284613 0.24771621727746532
14 649 1 0.496281950689274 0.069381655242421736 -0.48141383942593413 0.71911829801851912 -0.50208867170592786 -0.90001088874313606 -0.19334501462968487
13 607 1 0.39971178110174155 0.19839241204873581 -0.53852048249202178 0.71474934965099346 -0.48967521466859032 -0.56468899228552294 -0.45806070161147611
12 562 1 0.31546264235823473 0.28409528628128483 -0.6067223643153391 0.67205740992025398 -0.577961084997762 -0.35691268322410447 -0.61900038287905357
11 520 1 -0.06097514012153913 0.48937859027576375 -0.76851279671017303 0.40765022870050388 -0.50434981804456158 0.55815237540959306 -0.70985495745062654
10 475 1 -0.065698786290396854 0.61281905333826803 -0.74672378813224483 0.25008011033064631 -0.98090060603350859 0.77382770504703258 -0.39907701716557176
9 433 1 0.056444453363428661 0.62433917736720568 -0.75517666205210288 0.19163200249642218 -1.023975185592924 1.0424237471053681 -0.23629375709643441
8 388 1 0.033421654880039842 0.66007603730680975 -0.70495606587499671 0.25733162095721152 -0.74533891019145615 0.88348975259151585 -0.23266563707303278
7 346 1 -0.025693649953649658 0.66044849824613627 -0.71651822628170214 0.22304539655103026 -0.19369344877532468 0.92766935099483327 0.24138763127059601
6 301 1 -0.30358360433603027 0.67961002606431797 -0.65303258169814804 0.13969844269659371 -0.24362435930596127 1.0229257436237325 0.64802113234282732
5 259 1 -0.49823467827682788 0.61850271574676574 -0.50032430624481572 0.34480746012362501 -0.50972550615036771 1.0645586037165542 0.25568077063169975
4 214 1 -0.21801916348892011 0.61557570105176507 -0.68882551353463006 0.31472783882264499 0.037807499365433352 0.78905786355295549 0.03509777505953908
3 172 1 0.045625715872330629 0.44239682566375543 -0.74544354315334216 0.4965050520032615 0.2478678112071375 0.11575167715914322 -0.14026449563288138
2 127 1 0.24702437643564321 0.33468204929877476 -0.70453487632753375 0.57497607894755143 0.073723199451176918 -0.38707670340834699 -0.31701585712793834
1 85 1 0.38309029063552796 0.33072194010364803 -0.58939699368853105 0.62966341118552194 -0.25669187951211664 -0.34402691423750065 -0.21163545279603738
0 40 1 0.30594042098598068 0.37610252284411849 -0.62207853424585413 0.61478910883955984 -0.12600899813586974 -0.099525100117921428 -0.10280263233726644
