18 852 1 0.16160013018158348 0.30793684946767019 -0.71365064973223502 0.60808144586229529 0.30470646938542512 -0.13152820438142757 -0.76410152141735599
17 809 1 -0.0054334043478257467 0.52725613630893542 -0.66583683431801244 0.52785675604953108 0.3586353234611635 0.36188719414249299 -0.6596170532204374
16 765 1 0.26110373189317526 0.17479950306217698 -0.62414227056719529 0.71534355453299436 0.83721496965851405 -0.50336647737900519 -0.33752107823115818
15 722 1 -0.63681618600437939 0.23736508287955857 0.42623394127606429 -0.59703231903866716 -0.49572931284407223 -0.98445478293550948 0.39839197649255187
14 678 1 -0.51455074247328092 0.13470441740529207 0.48327082455046677 -0.69537152910513111 -0.42832198478926642 -0.93886578249725861 0.14822054446404892
13 635 1 0.49820601031385531 0.061119263262022286 -0.41542406423486961 0.75860269825518101 -0.5594918123912429 -0.77832238560705702 -0.18290514441763114
12 593 1 0.36960842949822259 0.19638844815367856 -0.53287875167112686 0.73543281290208207 -0.48755171090330884 -0.60751557670258571 -0.45326043902954943
11 548 1 0.14719619883787477 0.36489420759588059 -0.68270088249455441 0.6157150325855395 -0.44138617990337758 -0.10129203013238193 -0.85428069797970518
10 504 1 -0.068149200342949828 0.55016010976378005 -0.74667577954072439 0.36763408487866545 -0.75175064139912817 0.62724212081277297 -0.58107218909302549
9 461 1 -0.017162243326476753 0.62929783015697682 -0.74715164967875458 0.2131996968713594 -1.0584203959490843 0.80914135671847143 -0.32061338563038771
8 417 1 0.074356247256416472 0.65650785219139773 -0.73570698788326738 0.14900945099123916 -1.0098928701610337 0.99461246194294761 -0.057448478070058456
7 374 1 -0.0046641632243327692 0.64541771556529692 -0.71840846084293497 0.25942918379622515 -0.54095138770922968 0.91288600764374561 -0.093063309016862661
6 330 1 -0.063634268738998009 0.6633911300911649 -0.72648074608354074 0.16759658089687354 -0.05004972054345249 0.92309039408777449 0.3863565910213978
5 287 1 -0.41607706239191972 0.65260168281584907 -0.62211656044611607 0.11816051352260842 -0.38631914009336471 0.94201106296994774 0.77487279551069188
4 243 1 -0.52559153872578879 0.66373539283977978 -0.49103283886650828 0.20517215665479258 -0.56717706120460887 0.84456176744972289 0.39723911286304286
3 200 1 -0.14008263979175031 0.59069638254918466 -0.71762889920103479 0.34126734491274308 0.098184608526645178 0.58220458373801143 -0.057491402525403378
2 156 1 0.17576283837582224 0.36600032089373091 -0.73657610306409704 0.54093145050613323 0.25540228161683221 -0.22397295828312283 -0.19597044701276856
1 113 1 0.30784370456291688 0.35194927909268559 -0.65350589857792829 0.59522600668231307 -0.15345160829271709 -0.47248034950432982 -0.32196750316173117
0 69 1 0.34540474119526909 0.36848394074926588 -0.61023518602576288 0.61035085639804221 -0.2858321960886353 -0.10705588447695928 -0.18268851653650278
