12 1610 1 0.011039705344457628 0.63629080764006718 -0.74950999314938249 0.18233733349994813 -0.029138277456275813 -0.72117230119014031 -0.1348174156232318
11 1482 1 -0.01012101953161567 0.65376250160239757 -0.72566003670463886 0.21426541389603254 -0.091918977001584898 -0.76407784824973057 -0.1240103115333908
10 1354 1 0.041943407368269028 0.66193877456367722 -0.74502645145090662 0.070805338400058732 0.16858841592414536 -0.58291367151795748 -0.10812307694643265
9 1226 1 0.045112613650760781 0.63156496636567427 -0.7459488513312682 0.20652083804469576 -0.044695691578517001 -0.52405576930803055 -0.051484331108440452
8 1098 1 0.024562920510973522 0.60032476764915887 -0.76000869294611251 0.247777365651701 -0.095042017576187757 -0.43077151571865491 -0.083780767212462429
7 970 1 -0.069323323442064974 0.65210192374408493 -0.75491560357197329 0.0077323579698406839 0.19598265727990907 -0.26406208931482478 -0.10937706678359017
6 842 1 -0.28988997122828036 0.74533598021739556 -0.57569072706920676 -0.17034749173724012 0.31058987009652833 -0.29636645218791596 -0.34837878479696294
5 714 1 -0.072868487053706521 0.6412257495839363 -0.7449300167626336 0.16911236439434321 -0.13981571619808239 -0.3999950010337151 -0.02083002327766556
4 586 1 0.045764937894054329 0.67367080589365302 -0.72561358166603784 0.13250715395001761 0.0032286007601137544 -0.076364001857782388 0.052777842027416283
3 458 1 -0.23204314901091297 0.79379939161027313 -0.56214381232489641 -0.0057303700658141252 0.22191198531077094 0.225145772988428 0.19515398975904483
2 330 1 -0.26682311863869473 0.78044407673270022 -0.56368634798618233 -0.044386569441272068 0.22567210449613201 0.39237103883440977 0.23147357012955527
1 202 1 -0.24909060429253072 0.74387154814909195 -0.62016807485306336 0.00074137743446588871 0.090642651622137471 0.12321674641171564 0.090909519046511109
0 74 1 -0.16566691792547844 0.7028923410270228 -0.6838262172753532 0.10430020995906888 -0.034098144925979172 0.0049738877863829923 -0.0092471767105202912
