19 896 1 0.26383407127998565 0.38075194043377092 -0.69643454112493164 0.54808619086403887 -0.56442414849839817 -0.28247902946042447 -0.578039490507681
18 852 1 0.15632290682190153 0.30461020053058879 -0.71340726067962734 0.61141299867197463 0.32511425867706445 -0.12496949820913174 -0.76812306611835313
17 809 1 -0.0085900518913161941 0.52737399396626716 -0.66432315691009913 0.52960138282445213 0.3572661223927186 0.36627490321959566 -0.66299540305784388
16 765 1 0.26606734013435068 0.1788116887527996 -0.61773397157100352 0.71808028161642112 0.8453969085249079 -0.40373108415655318 -0.38254795929094976
15 722 1 -0.64171178078742042 0.23361273787098957 0.4246006103642686 -0.59442863388412626 -0.49286290846993147 -0.96685457418138065 0.38503381200622722
14 678 1 -0.51797571905405893 0.13186474128770834 0.47888490937033029 -0.69640655371192961 -0.4251304744949872 -0.93095327798912941 0.13212284193382026
13 635 1 0.49776342388000933 0.06233988274746808 -0.40943164491268003 0.7620439888945908 -0.54516059379664505 -0.78554366878798121 -0.19033037178525711
12 591 1 0.37914823304364936 0.18576143308045159 -0.52606233054908502 0.73823961674854643 -0.48063312980025424 -0.60801710901777839 -0.45719213716584806
11 548 1 0.14999331492731091 0.36735358007332947 -0.6773203410923011 0.61950827938537945 -0.43228392287422834 -0.10562566788520081 -0.85273415518763251
10 504 1 -0.068941135169344817 0.55020982217523284 -0.74316669233772936 0.37445899490232493 -0.72767553829675924 0.61916681598392287 -0.58781197652174511
9 461 1 -0.018845993949586158 0.63043403778352192 -0.74439793103110086 0.21924751490640296 -1.0354774974617951 0.8007902141665072 -0.33042295599017507
8 417 1 0.072851860612956162 0.65824074594581017 -0.73279016249487972 0.15630196586307418 -0.9916592916213286 0.97380591722623044 -0.076871687012660395
7 374 1 -0.0074774970028288236 0.6450886996538997 -0.71640556459745386 0.2656458613101601 -0.52780272110791016 0.90061144145315775 -0.10642855096701526
6 330 1 -0.067368892724247328 0.66327679441875753 -0.72536089460028141 0.1713969044742803 -0.050036762559274479 0.92304914918252112 0.3652784239316611
5 287 1 -0.41673038477385654 0.65140833602031345 -0.62188772071249843 0.12352582319698764 -0.38067637279189798 0.93925455541402214 0.75019902663750015
4 243 1 -0.52664325130946787 0.66188615245131543 -0.48954344107728526 0.21189815086875383 -0.55375910448917909 0.84053874362157266 0.38018858246371268
3 200 1 -0.14302845236950298 0.59051995271405511 -0.71627500939242372 0.34318968250700405 0.097316244698142082 0.58879069778015103 -0.072418823625665998
2 156 1 0.17260717742999429 0.36518195947482895 -0.73349427755216812 0.54665806824009999 0.26638338708554626 -0.22113395280615536 -0.21170819068658295
1 113 1 0.30484368966586906 0.35231947945380893 -0.64952481451381283 0.6008817059946937 -0.13623536490015284 -0.47124040907618586 -0.33399809231207084
0 69 1 0.34172880394396637 0.36973666489035034 -0.60664726961644444 0.61521972778650391 -0.2667619919919913 -0.1147410967417716 -0.19852144085429702
