19 883 1 0.54817670014693576 0.36121610933598791 -0.60742539613940294 0.44728024313295767 -0.70535738642993773 -0.36212393255073649 -0.36615960305742978
18 838 1 0.50535635843596405 0.40792841045153011 -0.53646433974780938 0.53890200882328898 -0.64649283829678739 -0.30595573234418094 -0.22996311383207887
17 796 1 0.28171237673471122 0.52641091315498179 -0.66386494907517501 0.45034766202927451 -0.67735649736135894 0.36697326018596704 -0.30520191627388293
16 751 1 0.086317383580491541 0.70665833964624214 -0.66236906358960945 0.2333463603737124 0.1689858072404492 0.86736081137116983 0.21747958337995352
15 709 1 0.1122968682138257 0.7742495766150852 -0.6198742550502242 0.060687020248629125 0.056837853690166099 1.3750997702835042 0.51198879095908723
14 664 1 0.10702555602293518 0.6995578587978134 -0.68635513097017198 0.16757376508009317 -0.76626070272724334 1.2394144918947836 0.49581868905957788
13 622 1 0.10650030285427908 0.62628379464152562 -0.70313064198009867 0.31942697814995613 -0.84592431632495502 0.88275239797582461 0.038318394908998368
12 577 1 0.291471443193138 0.54079166287116931 -0.692556730752524 0.37809251495013863 -0.76674217750220053 0.29413271099036842 -0.11035651751337754
11 535 1 0.466236443089873 0.25570826298040095 -0.68449382398496739 0.4987033870998735 -0.55077314073199068 0.073544285303793033 -0.25391106294640425
10 490 1 0.43035504606437658 0.2836370187135569 -0.64569709755793248 0.56340024329731664 -0.22615742652291834 -0.27052858624721926 -0.31056396882145576
9 448 1 0.38507323459150966 0.34415297951750418 -0.58936368540355766 0.621230856459974 0.6368638503868721 -0.46812681849778748 -0.10778492748226105
8 403 1 0.39339287553414976 0.24246915789579507 -0.56333327332824457 0.68491340774550646 0.36253629914525315 -0.81697803382443013 0.027080616444246804
7 361 1 0.52588561007567702 0.19471366769802986 -0.48711760615870903 0.66951277097388007 -0.055914428395189487 -0.56562722232870033 -0.088881456848749499
6 316 1 0.3567630872327589 0.35961595904551036 -0.62718534362821288 0.59163756331548889 0.11275506187659642 -0.083630519400379438 0.0596867389083734
5 274 1 0.320210791923352 0.28892733252675451 -0.6805505523760953 0.59231494233674853 0.45843081624427734 0.080341467461152102 -0.054620122058455435
4 229 1 0.074457341101873048 0.48327884125770226 -0.67950553273081205 0.54696425562998841 0.4993015424994014 0.95966382256760951 -0.019042698356067891
3 187 1 -0.031000973948091461 0.58553792359254453 -0.69547765914607351 0.41532530055114536 0.16780558190510267 1.3605186400212927 0.38999981037098591
2 142 1 -0.074766637513938555 0.62370039514437359 -0.69538710239225066 0.34906237958009884 -0.23095900746865705 1.1912434370123797 0.41970089876901845
1 100 1 0.067255148552724811 0.57792061958897945 -0.70091201347122978 0.41256133097849523 -0.053170593673273654 0.8296131706306541 0.26573031860108987
0 55 1 0.2094871302093447 0.47400943504949899 -0.65744643003377234 0.54698664462357383 0.020118524646160381 0.39512411868068237 0.10326439600418179
