18 852 1 -0.36835278955297535 0.64345190234167127 -0.6257482939515564 0.24233230164000485 0.37977209816920149 -0.079599235365868354 -0.69423200433490151
17 809 1 -0.45231328015309658 0.75219041810893694 -0.47801406798289231 0.033538370751958174 0.39107559334679554 0.40590041199524252 -0.58934019464535392
16 765 1 -0.22452234379754532 0.62081502745450345 -0.63180265738907027 0.40620662345465286 0.89381951358853728 -0.42268068930540809 -0.29163516791312905
15 722 1 0.18523647861722109 0.23589637907789124 -0.7470893897111921 0.59320973450238501 -0.40409877186013438 -0.98399610094596768 0.42790197042940498
14 678 1 0.057478369657849492 0.37921809567422704 -0.70193126141238871 0.60015196174527441 -0.33511231572818206 -0.91683389174909036 0.17654896088885771
13 635 1 0.091217003097391169 0.56534951523463417 -0.63923044586103128 0.51326778688536645 -0.45997630750319801 -0.73775264733174972 -0.17435875413113852
12 593 1 -0.082591406188779928 0.64932009286552672 -0.63552176331441079 0.40948035969824687 -0.39512324147841982 -0.55977576726822309 -0.42548418586276165
11 548 1 -0.34586455705430186 0.6946244431624371 -0.59634847342865105 0.20553123697925654 -0.38404091403701873 -0.058769646078467873 -0.78478257132052909
10 504 1 -0.5542233816099349 0.66108291878587067 -0.49583336153479468 -0.099775224156641029 -0.68922565431272009 0.64072041580953243 -0.4986171912441828
9 461 1 -0.51879016401337996 0.614578047732384 -0.53040893684778689 -0.2679868442301267 -0.97257255523408692 0.81253256839810861 -0.25519549210186959
8 417 1 -0.44360818078937547 0.59222432252983037 -0.58435279255711747 -0.33318755614746887 -0.9137235038139464 0.98762399099344034 -0.018687213702834968
7 374 1 -0.48747350267209705 0.65941499151079686 -0.51793147417273222 -0.24349217898050324 -0.45876902757706961 0.90811551207799102 -0.035435192467612529
6 330 1 -0.54107751541381999 0.60810969827869421 -0.48343257100152337 -0.32207245530759043 0.013129630006752361 0.92779098124231152 0.43277984550044346
5 287 1 -0.72980152208271942 0.56385173335015748 -0.16818227041742226 -0.34810298056898331 -0.35339453616741323 0.9188908666809652 0.84061733023260188
4 243 1 -0.72059155048579071 0.62918317808883695 0.0029933828176143254 -0.29132007386691056 -0.56115927410544286 0.82522038185283608 0.47517946291494695
3 200 1 -0.5894922393779064 0.67166552507445687 -0.42489230843590675 -0.14432895888102867 0.13740644449621175 0.60041890954619415 0.015500015131669004
2 156 1 -0.36875472947760068 0.6428648816850735 -0.65393084714748617 0.15204979622777881 0.321143480958265 -0.1826929368935796 -0.14478412355533596
1 113 1 -0.21417955091640892 0.6695820606516133 -0.68235830963232913 0.20043483055221534 -0.068068878898231225 -0.42408465817948265 -0.288974034444898
0 69 1 -0.15850793977358837 0.69217491768607387 -0.67539797877384677 0.19901428748512487 -0.19433264111271673 -0.06219068496049459 -0.16419829482847992
