19 868 1 0.27796327754627032 0.31076034155286275 -0.66967474285720829 0.61457315694131576 -0.071360236955483589 -0.36845013609057775 -0.762384456187434
18 823 1 -0.040799423614982622 0.55355315552431883 -0.64196180806429681 0.52896062994193926 0.26116775544548199 0.51825323017802594 -0.74715354873811901
17 781 1 0.19395002178887361 0.28437003973598612 -0.66955225149113706 0.65819210878876255 0.69147177559979089 -0.2378210298467319 -0.53630057098861228
16 736 1 -0.53666817227788866 0.12976161780655451 0.49239916883874468 -0.67282408840279306 -0.0098552663196396686 -1.1219632822758252 0.23192686317033392
15 694 1 -0.56532960529711873 0.135512446674311 0.46212535798713206 -0.66968572306434249 -0.43984975880543803 -0.97538459296996749 0.26612903693669554
14 649 1 0.49184681302579947 0.069573436357898019 -0.4861993938258059 0.71892725564770221 -0.52198483795757011 -0.91179949200941857 -0.17554437258026986
13 607 1 0.39583536384210594 0.19820659064219093 -0.5431169426546073 0.71347915089335212 -0.51154503438251187 -0.574730353252763 -0.44514416489480313
12 562 1 0.31172981576849329 0.2836877002059579 -0.61127511760068065 0.66984217642297639 -0.60242432726993822 -0.36847050225745781 -0.61030105974144888
11 520 1 -0.060929553804463153 0.49164513498868628 -0.77069438391258083 0.40075281324122103 -0.53462349671661191 0.54591490289097166 -0.71405367862889102
10 475 1 -0.065632527414358793 0.6128812595606965 -0.74909695416624578 0.24273995609159857 -1.0183614605572553 0.77817494928444453 -0.39701891751159507
9 433 1 0.061741536974391276 0.62136956729506598 -0.75683178618988489 0.19311522690924854 -1.0546474807075987 1.0415771508080449 -0.23073043846618643
8 388 1 0.038544897316704463 0.65700665041001338 -0.70696024490874676 0.25896672436130491 -0.77206650952952383 0.87893411794631005 -0.22717058163105744
7 346 1 -0.026353167145477446 0.65966506650122891 -0.71885159288059397 0.21771517639421636 -0.19382260659435824 0.92576920851842914 0.25633047207301241
6 301 1 -0.30700008105889331 0.67777523295741049 -0.65402524147711971 0.13646489413089402 -0.23038427483226859 1.0243922878329956 0.68805156709511672
5 259 1 -0.49914984279417962 0.61993423021591743 -0.5016379765809289 0.33895475376063844 -0.51050496707837134 1.0715422979837717 0.26901770749441056
4 214 1 -0.21922041747977233 0.61578119906401863 -0.69055705905050757 0.3096560537673817 0.045171115120636429 0.7820241420710583 0.042096319295197977
3 172 1 0.042365265492561678 0.44207548316677292 -0.74886207375551495 0.49191467344774215 0.24783541391154468 0.099312965615689461 -0.12530784573173073
2 127 1 0.24316940335477882 0.33409591335290778 -0.70886680347371123 0.57162611634348048 0.06710085317795221 -0.40728560010236492 -0.3009194169288909
1 85 1 0.37972064765683605 0.3305023413912751 -0.59449676304909793 0.62701996044950814 -0.26845818649925535 -0.35405100303943421 -0.18974207891880027
0 40 1 0.30308741605221406 0.3759526566637813 -0.62637940309026863 0.61192030654531804 -0.13584630458502431 -0.10882652909714874 -0.077821767654082566
