19 883 1 0.54542692993816722 0.36187076231103554 -0.60631238574527535 0.45160193353718958 -0.70616240737986991 -0.36019924672511672 -0.35539213212258741
18 838 1 0.50197829763539126 0.40825413037330405 -0.53525841408777763 0.54299611774344136 -0.64730406438166344 -0.3014459107793071 -0.21861611738803349
17 796 1 0.27835465680768912 0.52520883271700103 -0.66326790503147515 0.45469776030312387 -0.68108572436920578 0.36797602620330738 -0.29311024154483589
16 751 1 0.08306762053947768 0.70587257573295936 -0.66206103033584518 0.23773697515671832 0.17175733971329901 0.862887086721282 0.22888866635209115
15 709 1 0.1089468766833824 0.7730905259882086 -0.62167084119251548 0.063142552206901154 0.067453840933770021 1.3742281218718395 0.52654250139931913
14 664 1 0.086897339124573453 0.69946578183772812 -0.69180606627335073 0.15684654653066768 -0.76773986953230333 1.2480697815120254 0.56014688229029008
13 622 1 0.10279268826876058 0.62411064788695358 -0.70381587262181833 0.32336168585377695 -0.84965389950367065 0.88169881466340816 0.050611654456162031
12 577 1 0.28827158430514205 0.53965732493677043 -0.69233638690644317 0.38254384414028181 -0.77009245569806517 0.29302051208371355 -0.097210407795745107
11 535 1 0.46401518179648749 0.25569675666797015 -0.68274531052101806 0.50315794801772928 -0.55448212335068714 0.079014365176106383 -0.24171630272400951
10 490 1 0.4278566569646135 0.28363677142078497 -0.64348397511997713 0.56781796092836934 -0.22903922545271563 -0.26713443670856052 -0.29850527509859814
9 448 1 0.38236607049792104 0.34402051901387631 -0.58676166900394056 0.62542530682497355 0.63959900785285762 -0.46666499087888197 -0.094145922364514259
8 403 1 0.3908725488592199 0.24251990029996107 -0.56048420780913211 0.68866552208119403 0.36166977577957221 -0.81453762180895828 0.039600941433762672
7 361 1 0.52352223615536042 0.19559707047831917 -0.48405893518680809 0.67331508340226875 -0.056003111776819235 -0.55872623904861962 -0.078730681709806821
6 316 1 0.35398767094057404 0.35923891817931175 -0.62497528060887397 0.59585738823588064 0.1111459180855794 -0.080331197347281683 0.075635493598753045
5 274 1 0.31800431942002827 0.28832502105358776 -0.67812701895733041 0.59656154856368115 0.45688683506969396 0.084561721061074915 -0.040372322487305545
4 229 1 0.072167445410458705 0.48206915573225118 -0.67712266987819614 0.55127677155086685 0.4955958567468145 0.96141060048317528 -0.0075112714069159332
3 187 1 -0.034414933082134253 0.58383793394378192 -0.69527765819739173 0.41777728191078012 0.16501108180843019 1.3622003352597885 0.40853773031556473
2 142 1 -0.079000925901798386 0.6215486715762859 -0.69573933895326534 0.35125898536733036 -0.23508690802674204 1.1893565842182967 0.4390744056479825
1 100 1 0.064142567717707585 0.57596202422237941 -0.70003252590063414 0.41726243581398098 -0.055342107003788957 0.82732412301632841 0.28040607528423872
0 55 1 0.2062909908991663 0.47268132200828117 -0.65580119991585117 0.5513086078479762 0.017214472014352448 0.39647935900431164 0.11983969022585843
