19 881 1 0.28251305889774087 0.34161978713067698 -0.61660964918611383 0.65059575246354806 -0.29740836289293227 -0.39401862027932905 -0.63007123086135086
18 839 1 0.022320516291572723 0.43381708482108189 -0.67499458576427507 0.59639486974548228 0.37600747380992372 0.26283980757633174 -0.74963879186016691
17 794 1 0.094103530637719784 0.38599511801199748 -0.70381621393979288 0.5888930559854445 0.51391772425151894 0.047473261843380278 -0.5779523843878408
16 752 1 0.35356206185798378 0.034944242414832537 -0.61266628111744914 0.70598356660654615 0.61811464462263854 -0.841754292013567 -0.17905754842821345
15 707 1 -0.64620904319919237 0.18495093085177364 0.38150603301848279 -0.63455509802943599 -0.51048841565557779 -0.94889384805983801 0.40348991905669213
14 665 1 -0.52149853198142615 0.068380760316657102 0.49819525107945251 -0.68932201804498805 -0.46427267865302696 -0.93653130868956325 -0.013989515526202059
13 620 1 0.35021722132837446 0.095029640511150107 -0.49264703905321894 0.79095901298452265 -0.36264109275300588 -0.68205904730284828 -0.42146097768357249
12 578 1 0.34484878632218335 0.20571452002328738 -0.56610843320006887 0.71991811526274918 -0.45906817719559717 -0.53914623047582422 -0.53746759984224479
11 533 1 0.061291337892306612 0.48423136574489489 -0.70273588780399765 0.51761532852160819 -0.49885150461318711 0.17630030021454457 -0.82732445980352376
10 491 1 -0.13676998186393202 0.59444085957570725 -0.72371730449495952 0.32274959287717775 -0.86129695521283633 0.7183082864500494 -0.47649972504013499
9 446 1 0.027838542849744023 0.64227898886107471 -0.72905137786284635 0.23491871878563397 -1.1115701179374544 0.85534264838802565 -0.36387499946837809
8 404 1 0.057602607871753475 0.66879308875532217 -0.71819226075562315 0.18329653731103557 -0.96550135055503084 0.93432033885568788 -0.11276048027174097
7 359 1 0.0061624190655787045 0.67690585271296178 -0.70222758007987196 0.22053779025229522 -0.39923134472929611 0.89420508155430722 0.075566082572737364
6 317 1 -0.1279624408913953 0.67020309321039684 -0.69942642701012248 0.2127348132586348 -0.017428796225664036 1.0307560620674954 0.35155411310187706
5 272 1 -0.48801898980396241 0.61969889194106087 -0.5498348465044397 0.27475878600543552 -0.48116437697261705 1.0359561209166015 0.43610759568458918
4 230 1 -0.38640458663271748 0.67991980201262558 -0.58468952184825618 0.21572835071257698 -0.25970533811628843 0.86706237328808899 0.30365622316733493
3 185 1 -0.068385810763087626 0.50306100116655084 -0.73593217989984816 0.44794735916114103 0.18258211125888399 0.2811035877644838 -0.10990023180452342
2 143 1 0.22838162983247032 0.35703521067018745 -0.69822200797765277 0.57693475980600606 0.22621301894727522 -0.35464637152517492 -0.2309506354132734
1 98 1 0.36487792337277009 0.33905412263246387 -0.61063582259567106 0.61565436335984269 -0.24872233911810404 -0.41773987689719666 -0.26994087825398372
0 56 1 0.34211422185161661 0.4172494346472434 -0.5976873007861383 0.59298453518822825 -0.19004305037910191 -0.099443993826931712 -0.12076942628139724
