19 896 1 -0.27880346772979731 0.65574063319149944 -0.68742529017581822 0.14042549195264967 -0.49960968701483871 -0.24044485013385197 -0.52271945404783904
18 852 1 -0.37658578667256781 0.64383481552621935 -0.62265167879291683 0.23656872677698704 0.38573644633230536 -0.06011816568409175 -0.69491904788161463
17 809 1 -0.45467835342014784 0.75144022363932206 -0.47711810885714362 0.031040222753900244 0.39023309072901269 0.40867110706398913 -0.58716988808093384
16 765 1 -0.22494107531708846 0.6215657337273427 -0.63178333043757473 0.40485475750247563 0.89249573979941987 -0.41279302370235704 -0.29755394697929083
15 722 1 0.18392344706659608 0.23664466294373251 -0.74715735361255642 0.59323465682819765 -0.40406134401041499 -0.98273780208895656 0.42697938027160803
14 678 1 0.05622160060859116 0.38004828023225429 -0.70186265748011822 0.59982601340093633 -0.335909015631013 -0.91500871090375169 0.1748098492587972
13 635 1 0.08877261718519025 0.56693824370531498 -0.63679415581145704 0.5149695654956693 -0.45647993919740976 -0.74471122378289056 -0.17677639453938551
12 591 1 -0.078644918751033924 0.64088136112108796 -0.64218558801100245 0.41313887286624107 -0.40616895733830688 -0.54849192714178818 -0.42810795668305374
11 548 1 -0.34852958211815749 0.69423610568694749 -0.59641305789358745 0.20212576363042931 -0.38927016997450753 -0.051478004314915074 -0.78456080315175381
10 504 1 -0.5545739303858872 0.6620410001677981 -0.49391684384668438 -0.1009733687548395 -0.69367463772051285 0.63611760388084326 -0.49954590598137832
9 461 1 -0.5193453647597196 0.61518332436394141 -0.52843030770162136 -0.26942768868379774 -0.97778491743337403 0.80816391662319498 -0.25563031683673565
8 417 1 -0.44423463005340846 0.59241837873003389 -0.58277642311099631 -0.33476513956823895 -0.91921894532924786 0.98346399749468028 -0.018509459556560751
7 374 1 -0.48789236081615533 0.6586579839192106 -0.5173220028839659 -0.24598506013341831 -0.46532616232681612 0.9068578293294971 -0.032139101239226163
6 330 1 -0.54193689349901308 0.60739324556847429 -0.48232830369938068 -0.32363135842021329 0.012488292842195024 0.92624765195903169 0.43505532848764039
5 287 1 -0.72979969503130149 0.56389015403041842 -0.16704790339965508 -0.34859044348568968 -0.35169242093509734 0.91650560931533442 0.84358210155376534
4 243 1 -0.71997718517134557 0.62951644071623403 0.004266013725277561 -0.29210221640310463 -0.56025998554461787 0.82225750676864084 0.47741283283936981
3 200 1 -0.59087298638203356 0.67055908469264325 -0.42370519992187938 -0.14728724133237703 0.13448677277305857 0.60161176357521051 0.016350395701195623
2 156 1 -0.37191784523173144 0.64250561485871271 -0.6524278463905292 0.15232057158318993 0.32695869294853347 -0.18277129152719976 -0.14181797841330621
1 113 1 -0.21702570955533398 0.67016353047705146 -0.68072727003223654 0.20097529113051885 -0.062400115175909106 -0.42569165177272333 -0.28757660469023794
0 69 1 -0.16200225293859821 0.69252006280465805 -0.67400980694382284 0.19970481416180677 -0.18708016665557614 -0.062414125542163822 -0.16340900779735323
