19 883 1 -0.21363675071417981 0.68412006955057592 -0.66129557735831168 0.22142093069251573 -0.59218970431278606 1.0167518345130289 0.30375283122222407
18 838 1 -0.29425948764422349 0.68480978657941516 -0.61140750422680568 0.26575886422011108 -0.49136005043391739 0.87301978983712314 0.23071879780091151
17 796 1 -0.072703610197028021 0.62147414309744675 -0.66701230155994451 0.40444859264598565 -0.1726320126311989 0.70746583893660264 -0.046806718138693332
16 751 1 0.15912030871741906 0.57137441082403828 -0.6855037668135826 0.42225181550059182 -0.26026469947724218 0.64206503067740628 -0.404329420089511
15 709 1 0.35268640236780369 0.47314741151598239 -0.69099506970818958 0.41745615602067221 -0.5106554886302701 0.48168005482487131 -0.56995685989975853
14 664 1 0.19097848700923001 0.43047118556318598 -0.77471363478946575 0.42194852763196711 -0.13110383193596636 0.4026160228015716 -0.50862584469281713
13 622 1 0.30826272320756604 0.32838289653563207 -0.68886734924412596 0.56797934987893284 -0.27424512829412362 -0.19952735282106349 -0.57692188230804231
12 577 1 0.38239229895220023 0.33066009531940993 -0.63911568372618432 0.57963020442401203 -0.42967134715070171 0.048170227631719555 -0.43881150452112105
11 535 1 0.31686586850180326 0.41540906823090346 -0.71132565845482898 0.47015650057606834 -0.48144178023607564 0.49262074709495185 -0.40107087827358828
9 448 1 0.13925293690756221 0.59389935074016775 -0.71240484528627424 0.3469459859483397 -0.42149225900924608 0.98710842051917402 -0.086497783705375808
8 403 1 -0.038822096006617977 0.64298594545767218 -0.64859474451092181 0.4054463912755526 -0.086989916813566603 0.85024382142337351 0.13793100692993973
7 361 1 0.06793179951921921 0.49941642476408465 -0.71321880960259532 0.48712158124948329 0.50273648015918115 0.41939731940503916 0.35636705660193396
6 316 1 0.20953010418559165 0.33757053317605096 -0.71809220879251934 0.57139027839357981 0.53282510824503082 -9.4276826305260275e-05 0.17404048538770492
5 274 1 0.17170810455949317 0.37138071044506221 -0.74964681667945765 0.52021374931874165 0.50883362844082691 0.22911694262923102 0.0026530359640741623
4 229 1 -0.053177418264688414 0.53716571777959188 -0.679758418256449 0.49654168670770132 0.029645529793057616 0.66711875150782418 0.026676653494617696
3 187 1 -0.12476045644738024 0.60932637585750149 -0.67617304193204708 0.39490025773069121 -0.37178051452304411 0.75192979382955538 0.026761200212392013
2 142 1 -0.0016523698595450197 0.54272348163343775 -0.72010498413447888 0.43231620832697104 -0.1940458811056168 0.60425663852425182 0.006257088991209382
1 100 1 0.14948060704000038 0.4811606697271279 -0.7064809489508731 0.49701572087426843 -0.068163150557375179 0.41318880308471057 0.050756781661997402
0 55 1 0.22708984109635807 0.46827509530550421 -0.65753594670525561 0.54478905823986146 0.014720605985961891 0.20617768388206295 0.077554611830485953
