18 852 1 0.51852459457651323 0.40111232593278723 -0.61112788030650622 0.44358072626764178 -0.58775380302936997 -0.30871743725017581 -0.2640820878152475
17 809 1 0.38717315476011044 0.48294028337866263 -0.6121427564710985 0.49208421700274646 -0.68566555543272423 0.085841542583244237 -0.24987580315439681
16 765 1 0.14559425911176926 0.66472090033972531 -0.69771739275267863 0.22391711907677855 -0.18966527836781155 0.75325229582030384 0.11443074822195289
15 722 1 0.023814835142068381 0.78530985756257832 -0.59804952112453258 0.15829735160424066 -0.043348282254742319 1.293507710550059 0.53618354439899096
14 678 1 0.1999368238813517 0.68781063798591335 -0.679230012497678 0.15996369229313392 -0.34358446757169675 1.4079598525156374 0.28065513103100143
13 635 1 0.035016343092171956 0.67394952887049353 -0.71677403031652875 0.17550178835411076 -0.90599863449188345 1.0017590209834719 0.54340902885294695
12 591 1 0.234460465658614 0.57796584280682894 -0.65741156377940801 0.42284017122412965 -0.80706647040126711 0.40729844321752245 -0.11929430703170414
11 548 1 0.34148143312996365 0.35910080122552546 -0.73916709678172021 0.45614586309860922 -0.55638252535578547 0.07687551698577709 -0.32141421269170256
10 504 1 0.39142043440981034 0.31445269645413265 -0.63328126620583625 0.58895193614750363 -0.40905885553205534 -0.23154550264291943 -0.34691049974044963
9 461 1 0.41994456698383736 0.36279961289601537 -0.55942286172679523 0.61568584791325343 0.46850534848959441 -0.40555074765054144 -0.21906962454532716
8 417 1 0.37873152191265158 0.19565662606046508 -0.58211903560239675 0.69240042416054137 0.45747572863804964 -0.75206558484961961 0.14360917821612632
7 374 1 0.47681444791287986 0.23805340173448625 -0.53519521318694796 0.65539655474067926 0.020097719167380221 -0.73275037872129334 -0.12828412637375239
6 330 1 0.42307124183289047 0.35573028976892229 -0.57152641676464211 0.6064851525099878 0.018673900933097183 -0.12868228659677339 -0.041915213925128168
5 287 1 0.30956037717676332 0.29177373595471878 -0.66187410042259065 0.61722211162513674 0.27526921755752415 -0.015672498208019459 0.098616568973446686
4 243 1 0.13809401766978208 0.40915552410215333 -0.70926101530866348 0.55719889765130892 0.56795733317171737 0.70035869533779693 0.0013019556796807514
3 200 1 -0.014275743545103331 0.58692944011106851 -0.68432987399601264 0.43243804068761532 0.19866148973854758 1.3517399565170751 0.35766653182379687
2 156 1 -0.07806088518407181 0.62719740794645007 -0.702865005931811 0.32635976024321489 -0.14982171775578168 1.2563663310587931 0.52690058168968579
1 113 1 0.050717121340970193 0.5790268108969332 -0.7052847334193264 0.40586841546373403 -0.074241871607794108 0.97096482345530255 0.31629571061205153
0 69 1 0.17179884557229411 0.49738232416186023 -0.68245100308198026 0.50730327089796312 0.045578869927223181 0.54141900408254673 0.10263177931764852
