19 868 1 -0.26090172102920023 0.72350388621756323 -0.59432463711246475 0.23505455603587461 -0.55738521982236267 0.89625864131223754 0.31366611552046808
18 823 1 -0.2242889707405423 0.66217432232337492 -0.63929308081226655 0.32019366215665207 -0.40786770933763267 0.87069497847991817 0.14351284425175678
17 781 1 0.032926384980096181 0.59977530861577555 -0.66493982207081115 0.44389240292150972 -0.094833405127722675 0.63205098121827707 -0.17248848062379296
15 694 1 0.30121008337327881 0.52812920809826402 -0.67154188960521721 0.4235369118898813 -0.41774953156309991 0.41167075672906983 -0.57948188007819013
14 649 1 0.2218036058951896 0.39479311078895124 -0.75475760232313949 0.47463935974685034 -0.13813782226448512 0.17720030100262923 -0.59347107241679387
13 607 1 0.34597160081031614 0.29190747801952577 -0.67680507965673009 0.58054160906852714 -0.36115581428189258 -0.17374684199204921 -0.53389686495166211
12 562 1 0.3747051847725934 0.35073212524592601 -0.62896088289932106 0.58394452528259866 -0.44888969801106055 0.12798501420831135 -0.41525137548135194
10 475 1 -0.020018521471859178 0.55131677192829487 -0.76658698617923848 0.32862359685402581 -0.57695947443185902 0.92084356127924671 -0.098816387637102196
9 433 1 0.072668208001219439 0.5626764623892182 -0.74771535444100568 0.34501634592031644 -0.24269316054071743 0.99774565851161323 -0.0058629797681989245
8 388 1 -0.026399722586285142 0.59443395180556458 -0.65984995806821012 0.45885658372259225 0.18650882882366249 0.75247875761011374 0.21225019095030628
7 346 1 0.13744417384418831 0.44965420133087752 -0.71122193755035745 0.5225739697391123 0.56383384151417604 0.24592516583567706 0.32833684333780605
6 301 1 0.20347289102862717 0.34701053712393637 -0.74271067044163819 0.53531610264734442 0.52281293973408127 0.0044715677298243946 0.064962748569158763
5 259 1 0.070764846992896369 0.43414198676654503 -0.73178727801677956 0.52057703703607749 0.42202206365507378 0.44717705536511876 0.053457559026386686
4 214 1 -0.10309019817274181 0.60251817568310162 -0.66406066037744227 0.43054349182316909 -0.20926063363499905 0.71613546536642048 0.066909263957094678
3 172 1 -0.076879027350859844 0.60043148256601431 -0.69653423880480692 0.38524239651130299 -0.33432264935479211 0.70254760885101486 0.025056739425802367
2 127 1 0.042312773317425965 0.55093574580021898 -0.70366811869816703 0.44668849542105615 -0.17211076691018706 0.520319655948007 0.046530178014884384
1 85 1 0.1684731720799959 0.46522785338745298 -0.69826496705891961 0.51730636039006206 -0.029868522853958968 0.3452908928917649 0.066918804051090464
0 40 1 0.24703513023220974 0.46564654527975269 -0.65451747992433185 0.54199059749564682 0.038158880354513466 0.1399472060651285 0.060911287740328113
