19 867 1 0.51955765440784996 0.39848779282910318 -0.5912413998846644 0.47085128201463483 -0.65867731298131094 -0.39538289132216831 -0.2766342651467793
18 824 1 0.43656313583149353 0.44389219543019182 -0.59431667076015882 0.50907763860309008 -0.66989353847086686 -0.12198316830947703 -0.21644720310167881
17 780 1 0.1716881289449026 0.65242739262809102 -0.6555514810720221 0.339284452034259 -0.70584722893082719 0.48900023046110097 -0.091348402014690064
16 737 1 0.035770773365676627 0.74591993850391247 -0.62095373243995988 0.23820234945109886 0.058070722196375657 1.1958420792236455 0.37138579488126761
15 693 1 0.20027453084664534 0.70871335897613763 -0.6741690658696986 0.055781338521895207 0.035485433127540114 1.4796508252908191 0.36972942897400596
14 650 1 0.0058631617249812595 0.70608057716420369 -0.68476777812004286 0.18030233480072183 -1.0337492461119417 1.1047003612362736 0.56484376404355874
13 606 1 0.16481307802283474 0.61621866447575913 -0.66768320339104625 0.3838103005051085 -0.85433103612758332 0.62977802181259934 -0.12006722849211357
12 563 1 0.38418954496222429 0.40659843723455696 -0.7108262122385226 0.42638269239589199 -0.632382739500984 0.18632407972506879 -0.2422705981732074
11 519 1 0.43318213444222431 0.30693073154944894 -0.66906983945511533 0.52008875623503448 -0.55368584205172089 -0.083718575647617186 -0.32162998268618459
10 476 1 0.45862647875329826 0.34061550011163449 -0.5846148120107415 0.57608016425467823 0.03535449267669221 -0.38419735054686333 -0.26907618764051705
9 432 1 0.34869301162910454 0.23897580980431865 -0.6060995093068311 0.67375598757073318 0.57234691575465224 -0.68176525141616184 0.094933315343919203
8 389 1 0.45046083053837255 0.28641575220574056 -0.5258912753864855 0.66218533924534673 0.17761098745162346 -0.85639074462418707 -0.078858569250160201
7 345 1 0.48938017718238991 0.22883093694177481 -0.53757816542059522 0.64742038934706825 -0.04645633644571609 -0.29772355118081317 -0.14440270299667921
6 302 1 0.30207763397696424 0.32638576895668836 -0.64727481161090239 0.61907733856724334 0.1656579636330828 -0.038703595714479948 0.13145605340627398
5 258 1 0.22440674858636608 0.36335569149129743 -0.68519229201655274 0.59002184333368524 0.56020220387089292 0.4383873851371235 -0.06047533180889323
4 215 1 0.042120510364495087 0.55453496227654497 -0.6747250402648588 0.48524525578223837 0.3398021904659636 1.2065579726043572 0.12168296155772228
3 171 1 -0.05129582237725977 0.58969220401517364 -0.71511915858222286 0.37180160322276878 0.057261429144075796 1.3284747788345859 0.44956765890787515
2 128 1 -0.021502514282298688 0.61955697903991158 -0.68568604147673562 0.38147273051483327 -0.19345262006275565 1.1094003184755039 0.33427224176033354
1 84 1 0.13099701337784717 0.53372590147484433 -0.69011198868234991 0.47087353679925692 0.015048735358011574 0.64855331918554748 0.13468603342760874
0 41 1 0.26533471369953648 0.44943478600699072 -0.65004024753992973 0.55231652103758633 0.042761931250874491 0.2582281512351659 0.16447037832510114
