18 853 1 -0.30771786391964401 0.717730279188867 -0.56452342871152783 0.26736914742726586 -0.51999974045110764 0.86404956804861044 0.25481828153189001
17 811 1 -0.14438057427854878 0.63077127979056269 -0.64620665797311039 0.40459708050552667 -0.28104380077275037 0.78355087345586472 0.025310399900472159
16 766 1 0.1050816210082252 0.56194119251282748 -0.67761206080915259 0.4626249497481934 -0.10845962093923951 0.61267863374269427 -0.29279270618340036
15 724 1 0.24855439841227753 0.53796487867411069 -0.71072734212590249 0.37905295869800382 -0.41283768707172364 0.51518793378447203 -0.56121604799012237
14 679 1 0.25202072287036981 0.47680500931882713 -0.74454745540733491 0.39343566815787318 -0.23764504756434399 0.46015626562259698 -0.53002023917313779
13 637 1 0.26591127358431021 0.375730254685681 -0.70465255352927125 0.53998402670753243 -0.17723147992114921 -0.054987177814216082 -0.61114474612377068
12 592 1 0.37664422714856827 0.31665780608717764 -0.63705395469209425 0.59332050260451674 -0.40448452504810462 -0.083151387404324789 -0.4601342856306973
11 550 1 0.37186751843997484 0.36376879464872652 -0.64660730977941561 0.55792992365433713 -0.47344406940847567 0.27331869382269125 -0.44450363365676732
10 505 1 0.16110939667561169 0.52635711271299224 -0.73123913677471319 0.40284150363168303 -0.60725009051561218 0.7869859456170184 -0.32257360193629214
9 463 1 0.10018194798939255 0.54430944240123469 -0.70615731596661435 0.44162501436935725 -0.55773664235956011 0.9144483832932998 -0.33137260335387647
8 418 1 -0.0045229201205061057 0.60203004444602137 -0.67362930717470471 0.42867578109012927 -0.20995874030052725 0.90008672822267266 -0.03294030600299782
7 376 1 -0.0072695369169983324 0.50504133769144399 -0.69937181893859401 0.50572666523565069 0.35715020418778287 0.62326407693753616 0.29507526361986053
6 331 1 0.16727794469182142 0.39486831158537711 -0.70267013529924272 0.56776032503507801 0.55448883494932122 0.12529598849470847 0.25887813119336422
5 289 1 0.19111807577542078 0.36400928065907312 -0.74740354922987007 0.5218803112827286 0.52262678984469191 0.086910628855104907 0.012579145129701156
4 244 1 0.019124211128339525 0.4780226607404488 -0.69244431845123411 0.54004580010583025 0.24871311786449041 0.57388991739351325 0.033332043716110933
3 202 1 -0.10360960573434519 0.62536257592115896 -0.65220656339024174 0.4157081872028946 -0.32851228482468198 0.73825125517512968 0.043783715638905575
2 157 1 -0.037870368076129299 0.55114081844215457 -0.72306388991866066 0.41471465438827404 -0.22804407438490898 0.65177959362782278 -0.0072234753340763682
1 115 1 0.093679848542024047 0.50765401645167052 -0.71164623189579013 0.47651980670917965 -0.10645244358154579 0.4773048201428452 0.036970025240416503
0 70 1 0.2176215477212636 0.46772863326866337 -0.66666312997141119 0.53798797265808029 0.0097373736766621088 0.2615510150003888 0.089657010860796832
