19 883 1 0.2866202700537322 0.35721566978236102 -0.6296916272245191 0.62748246243190109 -0.36777073523718212 -0.35922002726726748 -0.62597634993135276
18 838 1 0.018373706663031741 0.43408432309278888 -0.67778495262470073 0.59316166880882337 0.37783479097786127 0.29135835859753573 -0.75875547395597909
17 796 1 0.06620349834756166 0.40647182067534227 -0.70261908916596272 0.58027939076190693 0.49770013074786951 0.1007505310900231 -0.57972661329149155
16 751 1 0.36441093385385093 0.031368110046999097 -0.59947150162437191 0.71193723859625746 0.61861773581538482 -0.85687865929936013 -0.17046677228065527
15 709 1 -0.64669382747633541 0.1997096553066704 0.371540598072092 -0.63550037849361729 -0.51206867298139713 -0.94916302176140133 0.4333165312038027
14 664 1 -0.51970925093948062 0.059907684674680148 0.50418001663440493 -0.68710688734095382 -0.4719032639259787 -0.9384713478407879 -0.03623953323525704
13 622 1 0.36794004113100864 0.090435989854110554 -0.48050326336727689 0.79092229186249152 -0.40026070008987796 -0.6697965880557557 -0.40908480213242143
12 577 1 0.34078665356683335 0.20873843208477866 -0.57074390407833764 0.71731730752779466 -0.48743956804529287 -0.52707034290620558 -0.55499952355954429
11 535 1 0.081681667397276531 0.4819827501638963 -0.6993265510904777 0.52150082329325753 -0.54693103340094817 0.13662419426803568 -0.82560133808173053
10 490 1 -0.12977428619656339 0.59869822060062172 -0.72424983858692793 0.31651421231696797 -0.81988069078613979 0.73703732752740547 -0.44644999272994645
9 448 1 0.023208285650496537 0.64199125698803594 -0.73348690451583853 0.22204855849984642 -1.041903100644026 0.85356187492226354 -0.32666622618384344
8 403 1 0.052169850702069559 0.66873912314832962 -0.71801564314702837 0.18579512384528873 -0.89727124518916213 0.93626709619054294 -0.11922771018496484
7 361 1 0.0057853083477587509 0.67667769121478849 -0.70131582359221933 0.22412038728931344 -0.44567537205130281 0.895693676148268 0.054972364665628944
6 316 1 -0.13148364233381052 0.66916987150757945 -0.70069414536452779 0.20964601001936145 -0.02781069604812457 1.0485624095281223 0.37050372987660285
5 274 1 -0.48222493796968008 0.62196004170292318 -0.56140424711677239 0.25583214622929301 -0.50948114698091651 1.0592866173383595 0.48112549707771368
4 229 1 -0.37036566724899389 0.67706915401045653 -0.59605173433500569 0.22165054298829073 -0.24433592909076421 0.87355329848919738 0.29044561759412979
3 187 1 -0.075085827169947175 0.51534280772712493 -0.73526927374438689 0.43377759758836143 0.15862082241395939 0.32649228150276849 -0.10524563135875196
2 142 1 0.22644528769535127 0.35211281680608492 -0.69969156936290444 0.57893937824605601 0.21976952284448306 -0.34787307089479919 -0.22605575294473634
1 100 1 0.35925277039538345 0.3377160125049482 -0.61520423749900865 0.61514964685372553 -0.25276952729999996 -0.42523657190900344 -0.28008930783043401
0 55 1 0.34817808552693746 0.41360082675982696 -0.5981412556081489 0.59155170120784162 -0.19543926133468592 -0.095362410638487771 -0.11116043191700985
