114 895 1 0.2445716655778517 0.39300601305404292 -0.70905133335618553 0.5319559951402526 -0.5793514401051344 -0.26299718270253741 -0.6228318860142934
113 889 1 0.2529517433071018 0.38598545394071687 -0.66490186896437209 0.58731265059741544 -0.45736555599744999 -0.33939834899533311 -0.64377097663879645
112 880 1 0.25747473546545735 0.34780805736706022 -0.63794634246932957 0.63699354781469297 -0.33951901102010851 -0.41024354340077335 -0.67155044902369443
111 874 1 0.28460120900932118 0.28498414543700845 -0.65457689047649303 0.63977752628089091 -0.19056609170766237 -0.40470192164426411 -0.70974204588137535
110 865 1 0.22968138489014484 0.26521244371555502 -0.70271741489607864 0.61894834674239274 0.079572222535143344 -0.355802162892356 -0.7897907266710813
109 859 1 0.21445423132924946 0.248738304732077 -0.74459167546266725 0.58113843037239532 0.19064314913705183 -0.25000136113378507 -0.81724515941972686
108 850 1 0.12088759445342943 0.35076729536300832 -0.69604606295186688 0.61470999036959628 0.34252102323630162 -0.045947825680632409 -0.75831898805065145
107 844 1 0.052586060425627711 0.39681339171388874 -0.6882539329802615 0.60504575210692446 0.3746182401217138 0.13868595931762182 -0.74244928687026135
106 835 1 0.0046288280794006091 0.47087694588139017 -0.66732329696005266 0.57700354688891764 0.34470514330723512 0.35281510820091083 -0.77494196348601074
105 829 1 -0.024067122005540984 0.53353065772034358 -0.66176341472623323 0.52615111312316309 0.26319434174846112 0.49858667851389182 -0.7553292392929073
104 820 1 -0.03364791720154231 0.53988657763971926 -0.64644766501686879 0.53804806230178703 0.30899775704272658 0.50480856518602935 -0.74256215259048119
103 814 1 -0.014353702613506906 0.54427716379634627 -0.64486091694283976 0.53638674292969657 0.31981295645899943 0.44792875257002712 -0.72972241775255897
102 805 1 -0.0083901412755394787 0.48372149184588276 -0.67146799022907167 0.56131440561729884 0.43802741367322806 0.27309826258392422 -0.60846360253810694
101 799 1 0.02393994989820613 0.43237966520663002 -0.67731578333956965 0.59474198906229847 0.49665687290942284 0.13943093055394642 -0.57214768589523524
100 790 1 0.12691728749546374 0.34413154303352084 -0.71336134558773012 0.59714409805793522 0.57007149290836612 -0.021579587846901463 -0.57052406642091169
99 784 1 0.16824599978576155 0.31049555837958315 -0.69971673183091998 0.62103324144404448 0.65016509162405234 -0.1239452004932405 -0.56012294977737642
98 775 1 0.23194616388764716 0.25234161088848056 -0.66218501673571106 0.66636003187671555 0.74548472542170841 -0.34115904651838524 -0.49918747932449531
97 769 1 0.25066223677195099 0.22410202348971814 -0.63694053168903719 0.69372435824034828 0.81683908887126921 -0.41161745089665286 -0.4292093168742267
96 760 1 0.28091546205548801 0.1103009965783356 -0.64839915535223958 0.69892684071401934 0.79444420081180589 -0.61272179115001235 -0.27926796988062041
95 754 1 0.32509038459820672 0.040311748940534693 -0.64570277986458935 0.68975294476666582 0.67408211476638702 -0.79479552112055984 -0.21127909764959932
94 745 1 0.40372762251164418 0.013824602759469748 -0.54607764592188091 0.73390196334664148 0.51184175109909968 -1.0030690100572475 -0.011792466766940166
93 739 1 -0.5346914881213165 0.068932281866778161 0.50668662754584837 -0.67277188891441198 0.1277632419175912 -1.1400739895765366 0.11198325082879762
92 730 1 -0.6256928986734821 0.15996129045718244 0.44761178214356073 -0.61851796626380562 -0.26018698331277496 -1.0970361975973504 0.32384550685186991
91 724 1 -0.63957095734310676 0.21666580895266097 0.42560866942535974 -0.60238042652802537 -0.42985782264678785 -1.0085270261854056 0.41349276504912841
90 715 1 -0.64382153647376106 0.2111281621634121 0.40645593550722353 -0.61295375095109206 -0.51467039525395497 -0.97358638600156477 0.42350248459881817
89 709 1 -0.64147488710181066 0.19754077355773153 0.37966854104942954 -0.63666271363833604 -0.51106446813175332 -0.95469628283635666 0.45379663039530949
88 700 1 -0.58316711072973626 0.17513330787616066 0.43466830872030821 -0.66355701098678199 -0.47672698573032635 -0.97143295962906206 0.34023387785762488
87 694 1 -0.56631649668441697 0.13668583583691776 0.46270284464001576 -0.66821305391820152 -0.44167960739325335 -0.9797039760393832 0.26512283810549764
86 685 1 -0.53176476694499908 0.13811432030376458 0.49613478266895661 -0.67231015505418878 -0.43718089374254265 -0.95131201610002802 0.1734990207746846
85 679 1 -0.51103490372914706 0.1352763573993189 0.49093116606687276 -0.69248120875842811 -0.41464572692743151 -0.9422976486256881 0.13715453231983188
84 670 1 -0.52372977618302186 0.10331836997597878 0.48639794017473054 -0.69170042631081841 -0.46976873220026311 -0.92977732104109889 0.067975368786222318
83 664 1 -0.51281957146988966 0.061549098450336626 0.50994688359331175 -0.68788223665890602 -0.47610788538943549 -0.94970785840267635 -0.026419518188120661
82 655 1 0.49583064169630964 0.036482121086058368 -0.50879461279080951 0.70281510483991327 -0.47855909461640889 -0.95364670671590801 -0.14509721012342844
81 649 1 0.49426020641141827 0.068719398686040989 -0.48690698847354108 0.71687242740811152 -0.52585279468308621 -0.91284334376056198 -0.17569819111964913
80 640 1 0.4930570183368555 0.080221431538716262 -0.44488227227260813 0.74332971312077245 -0.5675304437669858 -0.83551506662131692 -0.19568821762018163
79 634 1 0.49388372874991049 0.066733374872757864 -0.41735060906642346 0.75989735376961431 -0.55644439122078282 -0.75663324219093864 -0.19844475653745164
78 625 1 0.39008008260563315 0.090911113772832453 -0.45398247480792675 0.79590992650816694 -0.42675139896170444 -0.70201168795514479 -0.34059696556754104
77 619 1 0.33972531965142877 0.097081565850365203 -0.50046526373047573 0.79037737604195191 -0.38547026415848296 -0.68677031733003946 -0.42859597302495356
76 610 1 0.38665997422515669 0.19582248173460659 -0.53949314387488445 0.72186894079984776 -0.49466344593421918 -0.58847254463047116 -0.44849969952205404
75 604 1 0.39421829052193991 0.19969845934875202 -0.54523822883342388 0.7123396230522947 -0.5082675076708949 -0.57440927330608127 -0.45054422144671513
74 595 1 0.37657207230280743 0.18555125858897656 -0.53131402093351565 0.73584619042098454 -0.48839400130040395 -0.60167995089613646 -0.45055599874848778
73 589 1 0.38370051656621845 0.19588318961343398 -0.53982859904967873 0.72317962724467411 -0.52324395543535862 -0.57670458191723217 -0.46490720801779339
72 580 1 0.35430912844523438 0.20209012862269068 -0.57280575861876348 0.71099801990359013 -0.50168656689208524 -0.53561600667424991 -0.52831655765543528
71 574 1 0.33999972430136549 0.19154542260729271 -0.58178961678612329 0.71360449855157504 -0.52537762010025457 -0.48686220525771146 -0.56371799257940602
70 565 1 0.32030004046500649 0.24967503610838704 -0.60434049269592416 0.68545082194891149 -0.58936499948928411 -0.399840005741113 -0.59836541010933009
69 559 1 0.29018457827838268 0.32102903524048731 -0.62299690195519031 0.65161962003625584 -0.59489957159982854 -0.32681962589009428 -0.65668496334193849
68 550 1 0.17847797484146155 0.36331120625833718 -0.67141198518485468 0.62077091269947171 -0.47808467090435047 -0.13114192426213014 -0.8191465315365889
67 544 1 0.12374454485492908 0.39805664039672689 -0.70237909971796719 0.57697642840422481 -0.48317997602674256 -0.0009916287583419791 -0.86786773505454351
66 535 1 0.077610517596600759 0.47422243410497794 -0.70630595709511268 0.51982841930957824 -0.54508209762494397 0.13446383851685845 -0.83499213697005203
65 529 1 0.022127254621884251 0.48696153041399876 -0.72619161246420627 0.48479335235375343 -0.52539544022555396 0.29748184327598026 -0.82730556050051618
64 520 1 -0.056366390807583669 0.4970166084571026 -0.76638679380040153 0.40304913248072716 -0.55070918377120237 0.53264855148621959 -0.71695386497511771
63 514 1 -0.032145856395284493 0.50393966169864246 -0.76735817713500232 0.39518715726566583 -0.61369513023125988 0.57862845123978524 -0.66202427523428387
62 505 1 -0.061225984813365011 0.54677362167488219 -0.74950021658611665 0.36815677470546526 -0.74622419859337674 0.61944061124775196 -0.58822587985497632
61 499 1 -0.096836070076373432 0.56708062535463577 -0.73645336437212339 0.3559196285463046 -0.79008054285484275 0.66774006840031774 -0.5552210981371678
60 490 1 -0.13125899941771205 0.59581765898224437 -0.72704907184649736 0.31491592440511124 -0.84219838351240406 0.73551578222364644 -0.45747468163335636
59 484 1 -0.11915996070619575 0.60749594334190904 -0.73596517649276361 0.27405262556231275 -0.90363854435405577 0.75417758680566849 -0.41270208829382893
58 475 1 -0.06149224383500395 0.61753364628472118 -0.74388227206094237 0.24801222745639651 -1.0097032837792079 0.73657783500281371 -0.40949220575326384
57 469 1 -0.049201420698229498 0.62213736726200075 -0.74809436333417667 0.22556404856540252 -1.0508639969090792 0.76765316193254429 -0.36544060368828191
56 460 1 -0.013982335625351601 0.63199862543417085 -0.74515342870531354 0.21243492986911056 -1.0631102930656779 0.80665783295842119 -0.32132201915065134
55 454 1 0.0074829522524529945 0.622235449842373 -0.75322003734367715 0.21313522873761784 -1.0353311970431383 0.86480849101128943 -0.31387852547375072
54 445 1 0.026857588848868554 0.64198051071913542 -0.73204756809573079 0.22637590822158971 -1.0838114205351108 0.87208498368561405 -0.34952929108374164
53 439 1 0.028839305229676419 0.65373369568078321 -0.72686725396471485 0.20848152128956093 -1.1214018884501853 0.91021790091499444 -0.2972406658967876
52 430 1 0.060906837025636699 0.63248737227106289 -0.74926163911871912 0.18670050151595391 -1.0549287418426418 1.0407954704221194 -0.20777935970015277
51 424 1 0.065680925834097043 0.65099302973947726 -0.73876222672613678 0.16163063934425284 -1.0571643468096166 1.0015428715075265 -0.11456862691182614
50 415 1 0.070307494711816174 0.66657401977218356 -0.72574454938577559 0.1550186485199066 -1.0176696776618004 0.955288563305421 -0.065208853026935354
49 409 1 0.074895841266715057 0.67849919644393575 -0.71329546846467184 0.15886795791993025 -0.99541251848020662 0.91857484063899486 -0.055325552768387506
48 400 1 0.045268600184628659 0.65907122039266697 -0.72354591115379407 0.20014293577358888 -0.88383612684479007 0.93737877112912249 -0.1509164967585464
47 394 1 0.045413488377836396 0.64966925842444256 -0.72679835597405695 0.2182466940986712 -0.79340491541434977 0.94292043232259948 -0.17051790968713451
46 385 1 0.022404658294971787 0.65668204092800253 -0.70896558825035638 0.25619235563565379 -0.69852283172490492 0.90231306384718779 -0.17916551639964126
45 379 1 -0.0064618753773252602 0.63750540397403677 -0.72387865107264282 0.26371348579805193 -0.58003444426328932 0.9209552899998823 -0.13130977952432646
44 370 1 -0.0071812631657860466 0.66061265924772505 -0.7064507003697621 0.25390303631123773 -0.53362700025856291 0.87876916625964641 -0.050529755377973516
43 364 1 -0.0032921894857119161 0.67155304697850926 -0.7044193769770678 0.22978034711765502 -0.4844997730369654 0.88013365768984142 0.037112442905474267
42 355 1 0.0016149204709008035 0.67092514438859396 -0.70812028962559914 0.22005112605841115 -0.33269227865881434 0.92118220278449758 0.14593227685839547
41 349 1 -0.0090367022058663211 0.65735976056446732 -0.72510788983642394 0.20497568465756408 -0.21448987707995923 0.93824173306162062 0.24795650123986093
40 340 1 -0.029750961537535345 0.66009263426540699 -0.71941719793824477 0.21408290400410823 -0.1659366566283445 0.9399135974959747 0.28571215322571963
39 334 1 -0.031525082136767267 0.64496463485335032 -0.74330485579740568 0.17471313726435328 -0.046309148735655024 0.92316568997722892 0.3399796438598589
38 325 1 -0.078067553661436709 0.67785079290177297 -0.7078042809619367 0.18285748406809177 -0.057152442950806855 0.97203890379477842 0.35863206502500711
37 319 1 -0.12118726691750828 0.66902400752427493 -0.70502817411959728 0.2016328281575451 -0.02805263655057301 1.0240325046598602 0.38334265176929117
36 310 1 -0.19726853436834355 0.67924620924650481 -0.68035231917469097 0.19191256958844177 -0.1123136414387928 1.0948071553227836 0.48772703773969578
35 304 1 -0.26672506095589898 0.68637451451076703 -0.65971831333542275 0.15006503502830298 -0.21521153555521452 1.0634623302727482 0.62341630906767753
34 295 1 -0.35174498888010347 0.67678783957378619 -0.63664694396535981 0.11364132937602818 -0.32393367899281367 0.98239744626842718 0.74189101350013931
33 289 1 -0.40280115435548369 0.6605135932628452 -0.62421670401226614 0.10874984872153845 -0.3840422760784909 0.9381824016508955 0.7729840628879987
32 280 1 -0.44322816845717972 0.647968807135759 -0.60315338681219532 0.14103619266746401 -0.44916049551013126 0.96572037344783268 0.72143099682110567
31 274 1 -0.48135988973849936 0.62400326066257628 -0.56148856664376279 0.25227599323309696 -0.50961583069827754 1.0589007733153437 0.49631964622832014
30 265 1 -0.48759398899912187 0.6243423608624824 -0.53600943479474361 0.29179205632711364 -0.49706545929946505 1.0740898933724352 0.39027832847422328
29 259 1 -0.49605455974469975 0.62463807615574396 -0.50035203211147605 0.33675657608257575 -0.5244791989824914 1.0722059963696542 0.26127843187890548
28 250 1 -0.49035119236232799 0.66299461463550824 -0.48454546346091459 0.29190673673727474 -0.55897630798785636 0.98966768713699449 0.26626893100276056
27 244 1 -0.52047704492336921 0.66509177054936219 -0.4923963695177842 0.21048134772719748 -0.57098576649430388 0.8612275172051137 0.40073277023728543
26 235 1 -0.46193384108474955 0.69301057699477786 -0.52512561136717695 0.17491872089717256 -0.44151485300495624 0.81959775657531886 0.42045016345202096
25 229 1 -0.37190061803461605 0.67608771932932044 -0.59896543367108468 0.21409281946099443 -0.2388040202433607 0.88512281386382152 0.30705252467083832
24 220 1 -0.26652558578592439 0.64875694620089097 -0.65645773548925956 0.27774408795486122 -0.059556383221699344 0.84878517025330136 0.11760075258219738
23 214 1 -0.21747754043159395 0.61746091293372307 -0.68938603317168634 0.31014905718812735 0.043119484716015122 0.78379591953351158 0.042917657297684965
22 205 1 -0.16701075653649033 0.60270279548402061 -0.7091740458103245 0.32546723378225301 0.088616836551787634 0.67482599669081156 -0.023496681401529732
21 199 1 -0.14427585337857035 0.58611808086997819 -0.71990229274070328 0.34262335343034878 0.10233116379125158 0.57443439129102469 -0.060060437604882097
20 190 1 -0.096303247934570041 0.53170039181184015 -0.73449797730337829 0.4105278298990635 0.14928138674163582 0.38000344291130772 -0.096651770949430907
19 184 1 -0.069457365390135334 0.49863057787751514 -0.74316911128941088 0.4407299549882035 0.17596303239615793 0.27254143722517876 -0.086743832030424656
18 175 1 0.035384185768111573 0.4543804851334402 -0.74903893552103618 0.48086069417341692 0.22804813403452054 0.14055209892833151 -0.1107604281120667
17 169 1 0.059803234706046877 0.4321007979383093 -0.74846427774441338 0.49951346176084538 0.25859636563300109 0.047615259498577076 -0.14301569477087672
16 160 1 0.13775760663951234 0.38286857227201559 -0.74119955242376545 0.53390797115809352 0.27416242801162349 -0.14313180076581841 -0.18403014369500062
15 154 1 0.17795427316350043 0.36389528205167376 -0.73321223912160793 0.54617974400893088 0.27043429331365604 -0.2521517977052945 -0.19485435267471587
14 145 1 0.2195986111359331 0.35532568405007359 -0.70815388516011524 0.56924351834179976 0.24225498926735173 -0.3460821852333984 -0.20374733433626716
13 139 1 0.228721063043135 0.33920203816002631 -0.70114985223972748 0.58396706870568527 0.19756766284411575 -0.37962405791084192 -0.2134996815849009
12 130 1 0.23988269948545068 0.33103762120063773 -0.71191996188423834 0.57099943231858041 0.089414771409153437 -0.39970039429221821 -0.28187412548022023
11 124 1 0.25705982607367162 0.34003005205211112 -0.70075084174749769 0.57205600015259495 0.027443439191714387 -0.413449279950235 -0.30772839011004421
10 115 1 0.29558275118237504 0.34393457868275584 -0.66751604129387065 0.59056090067420897 -0.11038169563813599 -0.45198812217904566 -0.32673399279084619
9 109 1 0.32296539305386651 0.35987111141255607 -0.64002066247320866 0.59712619241464215 -0.19760732486368565 -0.47917799052261101 -0.3085646411482203
8 100 1 0.35541522278668264 0.33735946289288615 -0.62051967412439768 0.61222867152124416 -0.25899810472577972 -0.43358102424820227 -0.26356236351947432
7 94 1 0.38054774327217494 0.32902019924402698 -0.6167015888458961 0.60548185265524102 -0.27944037137260352 -0.39654483099342669 -0.23732330687908465
6 85 1 0.38141414827421932 0.32607776229375735 -0.59369594045116869 0.62906412290445402 -0.26171063825221652 -0.36190095095110086 -0.19145684844544902
5 79 1 0.36758611372320721 0.33743499482326467 -0.58455034921852678 0.63978040177469597 -0.25887020442657627 -0.28767845448294332 -0.18461621411140614
4 70 1 0.34004050817240872 0.36485320670723154 -0.6110791066151996 0.61468440342640052 -0.26799890616774663 -0.11794833802931907 -0.18822450883784261
3 64 1 0.33821183206987082 0.39478700149379631 -0.61032373828500652 0.59771307044876776 -0.25281540357505944 -0.084701957471615449 -0.14887345488117715
2 55 1 0.34369366410231361 0.41401156179453813 -0.6043263502125652 0.58758723130709134 -0.19635124971627396 -0.092513474966190265 -0.091395861983674276
1 49 1 0.33874669710951583 0.40590785222837977 -0.60825532606453703 0.5920430296953606 -0.16558331060068204 -0.11024888676307742 -0.076218599246073729
0 40 1 0.30348040771313634 0.3716468019084464 -0.62607107153957176 0.6146652016722477 -0.12529197601303077 -0.11514862466137391 -0.081045058023126351
