19 868 1 0.51636991602775972 0.39849137495634251 -0.59008779176726045 0.47577634652652334 -0.65394116993675455 -0.4069888197198252 -0.28467081477900397
18 823 1 0.43195988212088782 0.44560514998397632 -0.59509644394789896 0.51059468558381227 -0.6676558149013454 -0.11241205744838306 -0.21656093397967743
17 781 1 0.18423640468794519 0.64088012140465467 -0.65759373019552769 0.350571110024124 -0.72101801695642809 0.49476388998930321 -0.10910097915489467
16 736 1 0.032708531144023265 0.74367411822025553 -0.62231229371019292 0.24208751925054797 0.052539330745126366 1.2109311088757926 0.37398804456167228
15 694 1 0.19664031139709373 0.71416903285384703 -0.66981712479947308 0.051382874302842454 0.051543558030455745 1.47232136444964 0.38311887183294779
14 649 1 0.0042356548052084816 0.71060208482571063 -0.68003725978647001 0.18048839733299732 -1.0528514527875272 1.080952866142195 0.56787827654018508
13 607 1 0.16081320659770798 0.61622615677858772 -0.66917713702997161 0.38289214612214867 -0.85334472704076558 0.64885814796909258 -0.11856854874788696
12 562 1 0.38751185860227749 0.40760855823630293 -0.70350605157192359 0.43447561277569191 -0.62592807344335821 0.15810112012493149 -0.2483461454922383
11 520 1 0.43320830928117643 0.3056025864438463 -0.67436048241199276 0.51398011604500882 -0.55608202860826161 -0.068191744174806501 -0.320629600688626
10 475 1 0.47123784967618054 0.33326720903956442 -0.56471241528775873 0.58988790836176197 0.064550764642373845 -0.41155478783202332 -0.23986658100007749
9 433 1 0.34904296706654447 0.24852084097656535 -0.60589633388100328 0.6702954806137692 0.58266877496859293 -0.66990684099073883 0.07892387064210693
8 388 1 0.45605677373314296 0.28627336797247516 -0.52129852055013759 0.66204805746565742 0.1616416171000423 -0.85513990634886727 -0.078292949272958032
7 346 1 0.48996576648528417 0.2248225641522511 -0.53392543816952354 0.6513923462829273 -0.048730331099727985 -0.31401414930143084 -0.14515759260496841
6 301 1 0.30398903958506551 0.32306107704932346 -0.64476821675038443 0.62249188828161439 0.17432084417209934 -0.03544145361996677 0.13469872995355717
5 259 1 0.23505426373486807 0.3609722419477967 -0.68018042335111006 0.5931299396701748 0.55502529206746898 0.41146935887334868 -0.074693061119424378
4 214 1 0.036972973248459218 0.55702248600134452 -0.67556085087075868 0.48163937350348252 0.32577754905821504 1.2199332661547189 0.13814412392447353
3 172 1 -0.050389272423217404 0.58471057330243603 -0.71379511437085441 0.38219236176733618 0.068666168569292918 1.3341390182643773 0.42995399639885074
2 127 1 -0.014073017651288889 0.61758753331684835 -0.68469091177460861 0.38676342148534731 -0.18628618640940303 1.1028135310156448 0.31982440358359565
1 85 1 0.12730899667427181 0.53748577150940713 -0.68987402298698841 0.46794796419952078 0.011657281446317775 0.65557460509505938 0.1374687048519676
0 40 1 0.26778862644807672 0.44754711715289802 -0.64823140234779619 0.5547854346352219 0.044869664769603496 0.25082439851235788 0.16265083612108969
