19 867 1 -0.26884549693372312 0.72590081256423866 -0.58927688147824875 0.23139331462319232 -0.5554201896026647 0.89896100937729184 0.3117454787890957
18 824 1 -0.23932192078639888 0.6679577684060487 -0.63414449900219516 0.30727543384132605 -0.42379175030912547 0.87211166184497435 0.15230345193336026
17 780 1 0.028645320227943818 0.60136616540527399 -0.66732130866756412 0.4384295288105089 -0.090299842072861569 0.6299625425620925 -0.17298072738283002
15 693 1 0.28839579786071146 0.53887376713580337 -0.6731362394715763 0.41632983316021988 -0.42296941418432071 0.40571296373045218 -0.57912968895510697
14 650 1 0.2161506815163195 0.39542674515788157 -0.75729350640283177 0.4726765461221647 -0.14170797551155589 0.17989008525266822 -0.59342149446398174
13 606 1 0.33657342873508322 0.29791050898293481 -0.67843417420470908 0.58111507206250734 -0.37177358647624537 -0.1806652273606898 -0.53084747557511114
12 563 1 0.36683770798332099 0.35470799632358768 -0.63435450762224721 0.58069500773210203 -0.45159032346394379 0.11836895410219327 -0.40403491854574636
10 476 1 -0.032433044904010729 0.55971943925303758 -0.76762932464912959 0.31049551825950872 -0.6024589866763711 0.91769762356174689 -0.072750192448793619
9 432 1 0.058429655177122182 0.56996498677672569 -0.74695414106301339 0.33732091603294556 -0.24893476805877457 1.0005102530349976 0.0084931290258043902
8 389 1 -0.042940590646846646 0.6066655704196644 -0.65914821654671785 0.4423082861145205 0.16207460402811741 0.76495542381249104 0.23396922827074138
7 345 1 0.13405828461391353 0.44655248412433746 -0.71479486405266845 0.52123656584384548 0.57397864060605774 0.22515398215827861 0.3481055551563742
6 302 1 0.19944064398445333 0.34705804546696123 -0.7415902509806116 0.53834751067895992 0.53049789765091759 -0.012892995357148995 0.084098087950607303
5 258 1 0.056603314359658069 0.44658364500042236 -0.73429367469486473 0.50810620162004594 0.41395906903874585 0.45743274273959778 0.070061517900585096
4 215 1 -0.11048682011130656 0.60067474731206105 -0.66637763377262316 0.42769540531888267 -0.19107824642134982 0.71265277736163579 0.072855942546144706
3 171 1 -0.079076425893300009 0.60317936428895746 -0.69795774818869227 0.37785785039784575 -0.33517802540668756 0.69475231800748083 0.030746133779822226
2 128 1 0.031809668797265191 0.55209846025952947 -0.70610898609813855 0.44225053408845511 -0.17489422452070655 0.52277310847057767 0.05029555964579889
1 84 1 0.16339003177698488 0.4701418111809883 -0.69983551539233546 0.5123481494949701 -0.027030365603422687 0.33800959625847454 0.081659411216845001
0 41 1 0.23920614636661658 0.46831215064340431 -0.65876731528254218 0.53804253866735652 0.037610260265241231 0.14169897804823739 0.075125685993203586
