19 0.033133609472582266 -0.53320880369507084 0.78387236370324287 -0.31644059949330366 0.35792056517599929 -0.47003043798285254 0.1597806302179938 -0.032157632570057521 0.53253513431606803 -0.78330173225218958 0.31907775484539175 0.35110538056454477 -0.46635834988819802 0.16252022350243056
18 0.059719564830094142 -0.56479184301510699 0.76998988246637634 -0.29079086735920523 0.39394717960759995 -0.33309687829935231 0.20236250352352703 -0.058729459561513896 0.56497417031546071 -0.76910947414265962 0.29296015811023013 0.38788105766212411 -0.33168703055087345 0.20464724973185322
17 0.058890574009663466 -0.58667528404384517 0.74715682982622866 -0.30675834630683679 0.39784005773782061 -0.15724279735148933 0.29168480071187403 -0.059378261016741693 0.58808469367202665 -0.74546081039988354 0.30808894064093767 0.39309521772058797 -0.15577547974542139 0.2943041650316367
16 0.11806879896733088 -0.61684207724202611 0.72231127219150881 -0.28953762539476396 0.40056220115747665 -0.04487768776375485 0.32087306785317238 -0.12062529195043009 0.61687780492159461 -0.72239629870710853 0.28819247101764905 0.3964140109104809 -0.041522899983565398 0.32123372531392536
15 0.1721558863875472 -0.68400840652910577 0.66582471300157597 -0.24325357579283408 0.34915930630127495 0.18882920486950722 0.39610028938317116 -0.17439172095696201 0.68407770044849159 -0.6667075115092822 0.23901113260238174 0.34257584361906435 0.19144701017829857 0.39243830305091221
14 0.2036532911821845 -0.71742387257019757 0.64610709376073894 -0.1624005771205799 0.30906749495993519 0.26132459341881353 0.42652562977260716 -0.20503416016338397 0.71780756171432269 -0.64607952085564868 0.15904260511815796 0.30127005747663804 0.26368857107956645 0.42287438978780212
13 0.18605738783314854 -0.72326711420709411 0.65636495692189212 -0.10701576175577901 0.19814891733497206 0.27326682659927803 0.39276563224160599 -0.18683797647578168 0.72380671749805181 -0.65602553811119324 0.10404758333113777 0.1928382789803238 0.27460525188791207 0.39114595169706989
12 0.13343595632707825 -0.71144991170606708 0.68039281013404462 -0.1144530148593939 0.19272181919615824 0.17757116616355875 0.35283714314881687 -0.13438447522984126 0.71220227940997094 -0.67979291490546045 0.1122065901129671 0.1883294509929011 0.17932776820513041 0.35177001047545164
11 0.097694649735587988 -0.70581751594946451 0.68271039109771003 -0.16181443532386311 0.17817499693730227 0.091354160151454852 0.32278100105925212 -0.098118345081202513 0.70638952077250672 -0.68239483522741484 0.16038679545481144 0.17498412820890152 0.093275411069994596 0.32156561044345411
10 0.047210502507400942 -0.68359530770471388 0.68940313895951011 -0.23492963995602981 0.1845116253706319 -0.013355347895301257 0.29366818715786663 -0.048080298706489943 0.68316680831800769 -0.68970848185347866 0.23510339629246366 0.18411193378020624 -0.012197351331203254 0.293116934389543
9 -0.020521650183855097 -0.65709428266106507 0.69872130605816607 -0.2821249759029546 0.21108457305189862 -0.13786409260695479 0.33117924444884461 0.020466310228641336 0.65659485497288972 -0.69856523648159807 0.28367399765957363 0.2101398553638365 -0.13703901715999456 0.33169921869002827
8 -0.093983142894783336 -0.60336272368513655 0.71881150786594283 -0.3323110119727623 0.16610713643298447 -0.27034278874079792 0.33841075156201972 0.094640029088479974 0.60262267427804805 -0.71795989183983089 0.33529505073806803 0.16537133524067926 -0.27033900381847031 0.34035407801953776
7 -0.2178061483241639 -0.52426482331275492 0.73308708261785416 -0.37455334211281782 0.043164062262736246 -0.37446256193989103 0.39453648879828807 0.21882633450113481 0.52323833825795207 -0.73217501682028918 0.37716895610596546 0.04120360531331313 -0.37404999537195116 0.3981491082432207
6 -0.20785933054162428 -0.59458095740437433 0.68395078135921983 -0.36807514514973433 -0.010076364753031928 -0.42626156347844169 0.36689419176745947 0.20772369784956859 0.5935368144142581 -0.68399590591094261 0.36974926096443328 -0.0098135003084585115 -0.42538305164488138 0.36921503272540757
5 -0.12683480802796301 -0.63039124657264411 0.69021813936080378 -0.33184141967874908 0.028830268523528192 -0.4107331185731446 0.30881100214519608 0.13040690633826921 0.62939683227818966 -0.6889895960199971 0.33488356614450887 0.027743703018402788 -0.40979135745452361 0.31072172234749207
4 -0.057590259599345384 -0.63379910259713979 0.71198187001380764 -0.2967555834655532 0.007230103978452202 -0.34267842608165716 0.27221356402323832 0.059776858120455849 0.63360806861683683 -0.71129187263838567 0.29838132403933632 0.0065840982301961226 -0.34065720777836872 0.27305884547624348
3 -0.085536761436131203 -0.6600470631858425 0.69312437561811602 -0.27676693579031642 0.023726322955416632 -0.19683223802270963 0.31539319124524717 0.085250817489124345 0.65993167865074231 -0.69360818219563847 0.27591695711193864 0.022950771973305528 -0.19420348581834879 0.31493070663754885
2 -0.085144786948432083 -0.66026205074690747 0.6870392104987052 -0.29117265125061126 0.017235448021053389 -0.091040637613916245 0.28783777945067357 0.085954906900789246 0.66021762507454285 -0.6873419396342848 0.29031965062734971 0.015860682454387209 -0.090657559765212919 0.28705467579374333
1 -0.0824327385441012 -0.65225286726316944 0.69788491529899932 -0.28412617929575318 0.023463635391590361 -0.014014661817777342 0.27003328641915053 0.083516911592551868 0.65236388029616121 -0.69831745421974911 0.28248721439213209 0.021419068929068086 -0.013595744782252089 0.26807454273634312
0 -0.046524529984372065 -0.66772032687677718 0.69617798086742388 -0.25946339267931456 0.0096875862497370745 0.04727449528708369 0.24228584576570253 0.047456515711976455 0.66807640811254665 -0.69659485336074345 0.25724968865139863 0.0081970081280307305 0.047557122039108335 0.24011285136537075
