79 0.7186240057375578 -0.55269410080693271 0.22099298676423157 0.35954258316915244 0.65119722230592636 -0.38165748764681745 -0.19765414690488164 -0.71609525928049544 0.55698674145313432 -0.22359571845272452 -0.3563401523418735 0.66223697790713754 -0.39254260065994462 -0.18068611537896473
78 0.67157727695032254 -0.62046664205568258 0.28762899810807696 0.28508712111822904 0.64569837838547661 -0.29398240463643649 -0.069591507945820877 -0.67045300109349837 0.6216307455055734 -0.28927699199786566 -0.28352568043754578 0.64916012476845708 -0.29741957981777056 -0.060830179121932781
77 0.60882871628125546 -0.44135154900486095 0.27141719598991559 0.60072382185435313 -0.20063635880331102 0.57984354316846631 -0.35341131440235379 -0.60980149716326026 0.4402668652596437 -0.27162042987462226 -0.6004411407345589 -0.2013712431032344 0.58829072324443255 -0.35471107015721381
76 0.60775278970345525 -0.48432012284196646 0.32527739392318117 0.53876263996360574 -0.055721538754481464 0.39945816156222602 -0.39916883463884384 -0.60808506319080602 0.48446855928340143 -0.32504622478344697 -0.5383936503564356 -0.054011713830462327 0.40263292710126419 -0.39930657253716895
75 0.61668307040137138 -0.49024934368217377 0.34324167027560393 0.5114124827240224 0.0387010948540173 0.2145262159998558 -0.40444733793704363 -0.61775305993750262 0.49040729757756418 -0.3437531066632884 -0.50962303821536614 0.042381517947452929 0.21754537813551686 -0.40237507139820394
74 0.69810355397339985 -0.58551429362836793 0.16214407314237611 0.37885846886585739 0.83676500786639574 0.28823879335926317 -0.13449481243492817 -0.69774683115853975 0.58672113595534647 -0.16168547576636455 -0.37784318858183552 0.8441467497256232 0.29169622125783767 -0.12475520195186984
73 0.67333996858844247 -0.56024482276835086 0.23712139789063491 0.42013386905243294 0.47581938456076273 0.13536472846569234 0.071586259815284436 -0.67362088460877723 0.56049963785000134 -0.23739193833389288 -0.41918984649318869 0.47964392040366555 0.13996619301083957 0.080397040192131008
72 0.69309117703261758 -0.46838175813107247 0.19471562576994816 0.51218060686695666 0.1520360167258267 0.5553951498262939 0.26768400219028105 -0.69416310535362968 0.46727874638922723 -0.19445172987308021 -0.51183657654380732 0.15297343016309117 0.56719785037478809 0.27755673375297629
71 0.66514242047135996 -0.43701482215471643 0.33345114780907176 0.50538494015096569 -0.24985686295995849 0.39738992063983963 -0.022952518474893831 -0.66536740303859654 0.43590682966675021 -0.33516800919792966 -0.50490975474222444 -0.25575004542136193 0.40320136525547734 -0.025102631147785104
70 0.72332767204913639 -0.36004696393094032 0.20616602783844842 0.55195908505740288 -0.44760578588851246 0.28395754653162442 0.14520470037441446 -0.72082638381664677 0.36121708449886969 -0.2097881540986222 -0.55310077984020722 -0.45916875693466253 0.28583766933821408 0.14866643144417324
69 0.71871586863753489 -0.38560891259878749 0.22657309835736325 0.53237007597508668 -0.42792691435177282 0.51075843236127316 0.1619708987586467 -0.71771165000761261 0.38414539410031345 -0.22882330686111901 -0.53381850649074303 -0.43900167046715444 0.5189641874110027 0.16660233421388604
68 0.69314927872072041 -0.4336307450479549 0.20383947220825349 0.53847741264417093 -0.50980212239900258 0.70300411012194475 0.059766672548521464 -0.6935622735770256 0.43039542499556038 -0.20517441943512635 -0.54003204388537607 -0.52020477466113224 0.71726038220090071 0.064108456669581315
67 0.72418193654931262 -0.36308684897658378 0.15433588052010092 0.56560489642508249 -0.55453542323194271 0.94725958891061701 0.29365561774887627 -0.72499730356068681 0.35837907468896452 -0.15530665588767895 -0.56729462476900061 -0.56487077552438247 0.96773009307749014 0.30658144313250801
66 0.70978216616645384 -0.33517683323272351 0.17127561210734579 0.59542458107924479 -0.61719103089306948 1.1039443187952915 0.34540949990003056 -0.7100852794568111 0.33115648919020391 -0.17389791158787585 -0.59655158361313265 -0.62770075594621844 1.1253989597329483 0.35427871277011214
65 0.73140070761335363 -0.38338970651016452 0.11860381533701075 0.55136056517694498 -0.40634009209767141 1.0537063923897649 0.33954526463756235 -0.73357656477807276 0.37688097085470257 -0.11891274196081182 -0.55288870237632848 -0.41176631842173528 1.0783850910392792 0.35298365713380608
64 0.70598624451993208 -0.35641376265782382 0.074022758220425103 0.60751401926389847 -0.51982229793789492 1.1625240524288911 0.46697965581649947 -0.70774091284035456 0.34969631706199722 -0.074311819735092571 -0.60933819802539535 -0.52922814952235608 1.1879543181503638 0.48330144753959647
63 0.71665523701055012 -0.37429811452522022 0.056760313126623239 0.58573412021324522 -0.32757871042120446 1.1898893650719691 0.49337741603989099 -0.71850867697702858 0.36796100029329371 -0.056365202733726673 -0.58751421028998496 -0.3351894602575225 1.2165665452598531 0.51059458910939792
62 0.71842877969664953 -0.37896735882700994 0.017628840355512525 0.58303778045250498 -0.055595593657915311 1.1845087187316434 0.57142083271730704 -0.71911657327054423 0.37474551584422183 -0.01714983318820237 -0.58492994078256499 -0.063353058115680483 1.2087076155421066 0.58610043247753651
61 0.72051746041591791 -0.32378446940297428 -0.0032480933100379012 0.61319463182506717 0.053868306046047934 1.5807046954278152 0.32292041036285751 -0.72229106072667326 0.31707372806064288 0.0045615486246072231 -0.61460480541743889 0.044063927476810427 1.6074137146218048 0.33950287120325173
60 -0.67707459390450875 0.24993082210820686 0.054627528829165793 -0.69001479081493589 -0.08728001147008832 1.8605090558969619 0.32932302570341376 0.67884167387269756 -0.24296663954550876 -0.056475651994809355 0.690616894242704 -0.10109581461245654 1.8826498992183551 0.35245794087368232
59 -0.63661694823490167 0.25945364001616261 0.015919538320873054 -0.7260504377810777 -0.0018248667943079465 1.8375922521942125 0.1948400409757465 0.63825391879447158 -0.25276610955761564 -0.018333680862696131 0.7269147853418807 -0.021062212684881843 1.8601732974048044 0.2230471190098875
58 -0.57496321190013744 0.18112362281221542 0.10875515878132734 -0.79043270027201229 -0.57189923024162104 1.7574792409850777 0.43582937633370478 0.57624781553805637 -0.17497077221196772 -0.10960724320200987 0.79076541160879155 -0.58960242117734829 1.7730345030518935 0.46267284964416611
57 -0.59474726558838675 0.1347526838619317 0.19901428916846112 -0.76714452156938195 -0.61776660706260389 1.5221837139823198 0.69086622492464955 0.59535251769842001 -0.12842361623918566 -0.19808780292460298 0.76799998489238697 -0.63315215752043841 1.5385194749086488 0.71310651292516125
56 -0.5867849177509642 0.074535758555373116 0.19936809968645983 -0.78126835455173738 -0.63746709899485887 1.2932764173321591 1.060945478718345 0.5874780897813221 -0.069073843620836572 -0.19837181598443215 0.78150298833553522 -0.65002046700677951 1.3105456206484152 1.0886363649193731
55 -0.58416850976586743 0.058130797015397494 0.19257023617280192 -0.78631079528175873 -0.66395730526784191 1.2200236166875367 1.1437574616437569 0.58492883397951301 -0.053305259886601439 -0.19141652579808008 0.78636920215582085 -0.67627526041496822 1.238689031994693 1.1687612287425857
54 -0.65996757214077717 0.10792154395089566 0.15831150573896266 -0.72645248380367267 -0.50508011438921152 1.1938649990502297 1.0227737017721963 0.65967033897008798 -0.10385983933472348 -0.15827715799261047 0.72732146875658554 -0.51725226459689511 1.2143199023040592 1.0438996102795748
53 0.6998509742358946 -0.17531700625930899 -0.084870963613724842 0.68721865567854057 -0.45595482201819992 1.2077776209687472 0.84919813482620166 -0.69951895076053883 0.17124269329997246 0.08578024100481986 -0.68846999046538082 -0.46763560361695644 1.2313731024992536 0.86844575601894247
52 0.70675292904472165 -0.25647484081627586 -0.049910285192074598 0.65744194933622835 -0.46194590981100259 1.1208316163041008 0.668126802786014 -0.70626703300716109 0.2526360914017729 0.050593210098194875 -0.65939533703269126 -0.47432697585205741 1.1455648633350806 0.68291478074920109
51 0.7073216864622428 -0.32253697743133397 0.05812878403640457 0.62632816838787975 -0.28696104053163535 1.0751268514211336 0.312948364830274 -0.70812626132734902 0.3197105755360567 -0.057037830356904504 -0.62696812663574153 -0.29246484563923403 1.1001176378526845 0.32118081898082229
50 0.71152419438530001 -0.34976859124091059 0.048772478258735055 0.60746728204093392 -0.2674470954216307 0.97795995200653019 0.25611329361282914 -0.71204967080069714 0.34723529808600162 -0.048328026950268575 -0.60833980297761092 -0.27206840526012854 0.99909487781990969 0.26194369411354135
49 0.69092224669614277 -0.44465809308102527 0.13974917727937214 0.55260817649365179 -0.17835482329047997 0.76049689481850391 -0.055211394191686705 -0.69147725873427801 0.44272914715949196 -0.13971536882986343 -0.55347061224738259 -0.18192052472194753 0.77950894690877215 -0.055477713697353881
48 0.66225700894764361 -0.51768067665766682 0.23766939206868581 0.48676034266226148 -0.062474350267677288 0.35659100867692567 -0.29606946304982856 -0.66269654724790794 0.5153969917789144 -0.23747695755447179 -0.48867568157380048 -0.069868409350295479 0.38551112195295012 -0.29917294245425463
47 0.62078643463792094 -0.55789014487161159 0.32041087805119539 0.44801747516266915 -0.026623561580730839 0.021305349730466449 -0.3545796164901111 -0.62058856984516853 0.55707052052917894 -0.32077800297025438 -0.44904758650425208 -0.031029513428789901 0.040229018715374876 -0.36317882726168849
46 0.5661946797519396 -0.62046581753828711 0.4090851529117307 0.3565039853274139 0.019867742899119835 -0.25039184507916129 -0.32783292230287087 -0.56742665746983478 0.61930142966941815 -0.40809263884688368 -0.35770536160506816 0.020351741506352272 -0.23648621113366641 -0.34074962724030833
45 0.59338859648496167 -0.62644439939460095 0.35749534829345664 0.35728764878915931 0.18109297471881372 -0.35724643019948982 -0.52317010827556765 -0.59411392152838471 0.62498161670620334 -0.35788999162986951 -0.35824765305112122 0.18069855040063443 -0.34388652718902224 -0.53979200044588116
44 0.58196298898036614 -0.65536764352695565 0.2673031670728479 0.40045143044792386 0.61560743980668819 -0.22370913911942975 -0.4837894319003439 -0.58202526974243773 0.65536569166716119 -0.26648057804596953 -0.40091208149811575 0.62701537460803269 -0.20807405283228331 -0.49643969695395684
43 0.61142247015653006 -0.63249820305476179 0.20466387391983276 0.42921007074894113 1.0020677239073306 0.068505407973930815 -0.52271609641792527 -0.61193931887116071 0.63405278153196432 -0.20126877500619436 -0.4277829127707008 1.0246362075146651 0.092675444558500075 -0.52173612923910917
42 0.64329346071387139 -0.59754353536394422 0.17927857458574339 0.44381802514322599 1.0429915817529185 -0.029154553374255061 -0.4961035638748203 -0.64214262516541232 0.60062103634539099 -0.17660655141847539 -0.44239953169181201 1.0645386627750852 -0.010354108682902208 -0.49563201325993056
41 0.69505525949038816 -0.53311715515994973 0.13076081772106307 0.46431228034355265 1.1136411052661497 -0.26932769412136692 -0.54276254582036121 -0.69214208046607362 0.53978113168166331 -0.12989650674034031 -0.46119688622671218 1.1364881925098107 -0.26126092538708101 -0.53207600008001954
40 0.71968510244553863 -0.51910067477521848 0.15313985503632321 0.43489772080952738 0.9717495779062657 -0.65668930658878788 -0.55744868442963846 -0.71549936415132487 0.52565270751365822 -0.15610328774984383 -0.43287602675165526 0.98052094335753637 -0.66109549419091129 -0.55182502781518039
39 0.60237631265002434 -0.54068015596302099 0.42699410097733331 0.40309277423010498 -0.052234163208781999 -1.1076891622257861 -0.53742206607893461 -0.5979859392417316 0.54740200044554554 -0.42716333978978577 -0.4003690141819608 -0.038033604315592662 -1.122855892847769 -0.53130448981371625
38 0.50881502549373814 -0.64674577780003362 0.45639339151544744 0.33842612326867427 0.059396883527848686 -1.1487009222217635 -0.22939020611626049 -0.50800980934543039 0.64872305827609156 -0.45553981883491845 -0.33699836902510938 0.069249636756758548 -1.1477744677599846 -0.23896264853135207
37 0.59833919277194036 -0.56553309899480542 0.44743791351841788 0.34923035074380149 0.055600992141225603 -1.0445427699784622 -0.20541675525436048 -0.59615537594136181 0.57001410219603144 -0.44662449543559773 -0.34671205792525261 0.06960634035095481 -1.048428818797964 -0.19957593183469768
36 0.64810820315411799 -0.55099849710000259 0.34441974419255172 0.39715419298833643 0.023221179260580545 -0.66679458918311529 -0.23052381661975849 -0.64593240401499086 0.55344841309075765 -0.34559983045535686 -0.39626624973616587 0.026350576039529505 -0.67111698876419712 -0.21739657354782427
35 0.64449416643225166 -0.49279103847449929 0.34819848697866529 0.46961907488920202 -0.11631227104284485 -0.38745223962321801 -0.16110482110804714 -0.64279623933080565 0.49494322818049075 -0.34942861593752872 -0.46876842677854413 -0.11645190426899327 -0.38847507684980787 -0.15281753515214125
34 0.6756661173130728 -0.38558950215411003 0.22039415566334614 0.58840670449363708 -0.69006025894109746 -0.13760734280136738 -0.37389483688912556 -0.67181763970152097 0.38651115633656519 -0.22552590004053419 -0.59026117390876698 -0.70601588567163898 -0.136252159312723 -0.37479397019410854
33 0.66799664934859693 -0.44694730190432086 0.25530439190671156 0.53743674348953829 -0.56738779613080303 -0.12731765718544086 -0.31677038030325444 -0.66617804243603584 0.44593663827890989 -0.25935935094353479 -0.53859080710196339 -0.58069580062369108 -0.1199551181738594 -0.31849452888689811
32 0.64788164183704156 -0.4786642992768485 0.27921344424345196 0.52265640656367285 -0.41105637429900777 -0.1719910625749736 -0.26338054885698831 -0.64680870900130971 0.47758792933131861 -0.28166735154580885 -0.5236523338917265 -0.42071371115061051 -0.16493534142743987 -0.26632501537570885
31 0.69004219603559613 -0.35773655650798564 0.16745663956880733 0.60648544722235798 -0.39502069290868685 0.0034516413229828593 -0.3513578954044575 -0.68752311170340974 0.35910061461922871 -0.17105864493943032 -0.60753408089196026 -0.40505163696642477 0.0094997913843274245 -0.35204432325546087
30 0.69896906091378508 -0.38875533359645703 0.18480400338292952 0.57110333812651726 -0.20899581721714777 0.042094801060885451 -0.49478022838135821 -0.69567198549480513 0.39117086656881506 -0.18763928517958184 -0.57255335157766174 -0.21450676704677063 0.044469563798213096 -0.495887894612971
29 0.68274858701471886 -0.42496630553901943 0.21955653855828136 0.55231597157988022 -0.029363457909265624 -0.083092998810602711 -0.73922603998587078 -0.67942592094273258 0.42894590428980917 -0.2227217629583606 -0.5520696019967386 -0.031340756650422463 -0.091765170172123489 -0.72985795332335002
28 0.70988321428538981 -0.42754737123201914 0.18453164213758089 0.52841001171291324 0.22076907519476596 -0.11607192232473573 -0.74336192307990989 -0.7067498923037413 0.43253976880744432 -0.18698745850323756 -0.52768326531277543 0.22367623217397359 -0.12377495415865936 -0.73269969575075677
27 0.70732151106030594 -0.40064099004574272 0.17962182798400023 0.55400277616472171 0.36468520403603388 -0.074910336533505845 -0.76994927172179151 -0.70492584284174131 0.40660632126837154 -0.18058790269103994 -0.55239375901625998 0.37014216931719801 -0.080814108043577804 -0.76062268185824955
26 0.70642983945834059 -0.40946456675427184 0.16951701726884422 0.55186921580377457 0.59657817789368939 0.002842638203244827 -0.64615357688640296 -0.70409359611475952 0.41473944397637419 -0.17059765905496588 -0.55058136569023064 0.59643927417336151 -0.0012380646840435272 -0.63833191121062249
25 0.7140383153872607 -0.44301169087895781 0.13251226512476352 0.52567140448667427 0.84476879448275821 0.074176805926470329 -0.25754325486254559 -0.71191531884310066 0.44861610323279183 -0.13273702217832953 -0.52373758091240807 0.84567115547578098 0.071829989479158307 -0.24995370922585636
24 0.74098006763590918 -0.47214653663844691 0.14969780302721572 0.4534498374411749 0.90908322036148925 0.079344817588654762 -0.13026319315025722 -0.73957465394281996 0.47529611988945131 -0.1489944213861383 -0.45268487058791834 0.90592987543668979 0.083011697297791009 -0.12228139478450828
23 0.73085999204628971 -0.46506840931180427 0.093359486503470118 0.49075355624395922 0.90152429770959097 0.54956479826415872 0.013089526813010068 -0.72991771619412305 0.46659682009894893 -0.091392769755056558 -0.49107524545226666 0.89560373888406097 0.55915349871308262 0.021740928220965294
22 0.71457454555747413 -0.48675149972386772 0.12919591732037419 0.48555598163923624 0.9196765678793456 0.58740898267512598 0.029775584639382624 -0.71516196615673255 0.48712765501445238 -0.12656844670821071 -0.48500560633958456 0.91721514985490593 0.59825146971726273 0.0408749493010232
21 0.71862856787607921 -0.47638265920145267 0.040046089999691489 0.50500381594624055 0.8395241027321062 0.9795163211299871 0.22618951525167119 -0.72094278699985304 0.47399209909127676 -0.035956744109418494 -0.50426193632375205 0.84100487467438612 0.99242252669103981 0.24438409591175159
20 0.70665611108150161 -0.48452355836915739 0.041278862470158814 0.51397482192188038 0.81968953785239251 1.1352463618889868 0.22855282095719281 -0.70835984240488503 0.4827136853819109 -0.036600767707417242 -0.51368688460614575 0.81923848361612883 1.1478656618945497 0.24702016382140002
19 0.69807926080619598 -0.43728446302597457 -0.046264845129969451 0.5650904424368367 0.61208633232735321 1.4720654186955553 0.44353341024549131 -0.69983401708831894 0.43384662341863561 0.05163493350491697 -0.56510467129215791 0.60694583677968694 1.4886323173263547 0.46698999912022643
18 0.69982880588030061 -0.40079453108370855 -0.081087309403480828 0.58568612290820665 0.37185185643182417 1.5244551045969914 0.61964867074541041 -0.70181244078731508 0.39597149304137064 0.084915630752070426 -0.58605051856364498 0.36602277811559247 1.5416782953272425 0.64215336994580952
17 0.6983472952220362 -0.32529432902317251 -0.083660858110629469 0.6320565762505943 0.079694855462386832 1.5749469915300831 0.89848819481824405 -0.69938277001607385 0.32092045890945059 0.086812998716020454 -0.63272213752319684 0.069726889875788345 1.5906192361641032 0.918894007948861
16 0.71622305704607381 -0.23761475224959236 -0.029722798013327788 0.65550005137085954 0.041608405196432142 1.4362463895763851 1.0490988476183565 -0.71706092173893632 0.23410503162705598 0.032450833134382864 -0.65571747888148191 0.032477456584850017 1.4517874607649306 1.0671237552625552
15 0.71635840116519278 -0.28109727372994531 -0.074707095831026818 0.63421905806600776 -0.26141929171503642 1.1764307442833937 1.0587292396790018 -0.71524104683206469 0.27871825251373766 0.073848825015319627 -0.6366260532574185 -0.27462543099439607 1.1923044764744 1.0602432454372659
14 0.71973995805883217 -0.37069447493185914 0.053244762849177084 0.58457248845425436 -0.055719113996882876 1.0965907582235641 0.71187654023234337 -0.71986255964678436 0.36824496991689115 -0.052873278392443344 -0.58600166704688061 -0.065598487271463668 1.1102006350342795 0.7153623606966244
13 0.69396726461471425 -0.45000394137267502 0.049197183981162233 0.55989778127846923 0.11394069646634106 0.95108263896590006 0.50483608703640404 -0.69464337201318638 0.44726014710839579 -0.049116212728428942 -0.56126334654415289 0.10525272915311312 0.9635582354382537 0.50823543262977822
12 0.68468569629222475 -0.49941889223145436 0.11166739939790742 0.51895728079182735 0.4825965705877982 0.67808390282961362 0.31597791329686831 -0.68451822495913672 0.49972531245067953 -0.10963005737317118 -0.51931749663882754 0.47625905459100792 0.68744826056876285 0.32159820796872474
11 0.68537852493572415 -0.53312982290693711 0.16185301299212718 0.46886295617111734 0.57564419697775171 0.34662734593545153 0.30349964778376987 -0.68526989910290159 0.53429662158211211 -0.16071564434971336 -0.46808414543829269 0.57275564864590667 0.35577390998164171 0.30885505881040753
10 0.70393476226976859 -0.50399945623619502 0.14432079859580479 0.47919923379998597 0.51537298081993366 0.14835561667830299 0.32106243947108742 -0.70252397369735997 0.50701816935957811 -0.14428359898130241 -0.47809505894198046 0.51457837507896276 0.15558448903893018 0.32704262005466234
9 0.667844841551815 -0.54178528121215663 0.1390529358691753 0.4910359026595289 0.44871054504509372 -0.15198702697331717 0.23183583396774649 -0.66533194188986766 0.54569275242902016 -0.14053809534169817 -0.48969569204274777 0.44853932002453045 -0.14459864490058139 0.23742724135663362
8 0.58919874075232614 -0.63357500928061838 0.26130794808790198 0.42795526375665333 0.3237667513298102 -0.52739776894270474 0.26569039541812284 -0.5869488210343915 0.63650950616210411 -0.26215802208132416 -0.42616886501716705 0.32755231497500059 -0.52218808113966775 0.27250543927547799
7 0.6903510037828815 -0.48907766698867305 0.32307703209970545 0.42407518031421115 0.17606316003098349 -0.74182307892077426 0.25146933709091446 -0.68573944871523296 0.49517438241086204 -0.32447025322385903 -0.42341798999640357 0.17443609098211699 -0.73283314793047616 0.25495154864404146
6 0.71783874835923367 -0.48962431255509015 0.28118580623662598 0.4073206430811771 0.12300325418108154 -0.58236206516558231 0.22765397146593652 -0.71234985560676645 0.49742685057312541 -0.28365735765913341 -0.40578653870201148 0.12482646897130245 -0.58354339462004479 0.23555313724714022
5 0.70673642564231376 -0.49962415013477662 0.29524266575381009 0.40463699978006573 0.15881758951367306 -0.422773175146542 0.28932516771417649 -0.70320394227109917 0.50483393663741338 -0.29697707748749408 -0.40305276012024005 0.15887737413301153 -0.42081540420275898 0.29641437732894005
4 0.67190994105557955 -0.55882109196918262 0.26163763295007691 0.40963614013577915 0.16074299271401038 -0.293021128097742 0.31360791525052717 -0.66970364482770028 0.56133426939631181 -0.26343760324317561 -0.40865816436637303 0.15996564220403009 -0.28713771101866981 0.31719412738955821
3 0.62960304595274852 -0.5855841371602819 0.27481939642905506 0.4303086359575416 0.18009668352320726 -0.10442768271797756 0.3142804411221049 -0.62843930289621797 0.58704280133188458 -0.27584773773788207 -0.42936326992958013 0.1781607695955848 -0.097472996486940744 0.31235446816089252
2 0.66045110431334453 -0.57374649521038146 0.21419951089407965 0.4344397168512843 0.16642737853622852 0.034192302619787819 0.26343063769029496 -0.65845466264612207 0.57550565413917754 -0.2155775211806765 -0.43446177237475575 0.16355014774083765 0.038970671669161461 0.26187591113206377
1 0.66115686834243637 -0.56136008905860613 0.19867152458869244 0.45637273272330975 0.16401511698498086 0.1627541215843539 0.2741707686445099 -0.66014637946117816 0.56222603874490595 -0.20009650495355583 -0.45614693657513633 0.16012532454824946 0.17041104399513074 0.26972584496550311
0 0.68197246901395669 -0.53557765516324596 0.16700119406748326 0.46923419310284942 0.15035949093898457 0.39203985158121485 0.21698277189158718 -0.68127048298469228 0.53542560178880816 -0.16779509270359202 -0.47014334072439007 0.14619499285618609 0.39783490643379776 0.21360921468630245
