20 0.081786856781715517 -0.49949328889010597 0.76745882499306417 -0.39347721198536662 0.2118645489219223 -0.48935924734599123 0.32533202250291443 -0.086603046123603297 0.49689853534766881 -0.76562605879090717 0.39925993547031091 0.25247099333635692 -0.51459615329506248 0.29750131479747122
19 0.051319132235356446 -0.56553025159008408 0.7495829710636801 -0.3400988837006268 -0.19802521604136802 -0.21115689556929332 0.22564318556291013 -0.051580362642164285 0.56390117090608538 -0.75245889986777115 0.33639342985592369 -0.19124254455415812 -0.21540773035092697 0.18580319419463942
18 0.24415112200900432 -0.63957932851415622 0.67154322538214417 -0.28347523454875756 -0.011229719484468806 -0.20248812018069395 0.24206247248326404 -0.24291208310817888 0.6400886540667905 -0.67186000694038961 0.2826382243948431 0.0086629676325846727 -0.18762237556345274 0.20888857091549362
17 0.37500188256770722 -0.66446624729426318 0.61343330453419009 -0.20385724212207429 0.16022634202052768 -0.017953058892048405 0.26431964096836541 -0.37496981107430605 0.66618660759929893 -0.61177133295666342 0.20329505850035856 0.18745059754891091 0.022620515263843233 0.2423554039038156
16 0.20681975722219434 -0.54072598016521656 0.70895581982809852 -0.40276872759536247 0.3545675605824552 -0.34462993142676834 0.429355411163232 -0.20969042979731672 0.53736121141129356 -0.707912177424325 0.40759440768532956 0.40975586159705824 -0.35411040438765262 0.41136470136837122
15 0.14327028969976691 -0.58025653928956455 0.68876793960794824 -0.41033486089932103 0.28644402338353403 -0.32776790752023882 0.33647425349862442 -0.14702604667217314 0.57740289608689022 -0.68789011935770539 0.41448331797608684 0.33261051640513806 -0.34142704026590998 0.30969000471037589
14 0.013420806078167933 -0.49657236349178357 0.80950197701843907 -0.31295737566581727 0.10296190601805101 -0.48929915777587923 0.26509727159765273 -0.016929277599467597 0.49336021812330455 -0.80857425391854887 0.3201824021293917 0.12570415477951347 -0.51211067570970847 0.22638421296693156
13 -0.0081992235129657101 -0.41592479700220425 0.77633860990125603 -0.47353743120163683 -0.22061877599466301 -0.42589281455619071 0.30375806295338204 0.0091348339591592886 0.41555338249364754 -0.77513300759273973 0.4758158904942757 -0.20703946306871934 -0.46508062831760366 0.27962068120020689
12 0.023581508515515055 -0.50578594640509811 0.75313453035335443 -0.42001531884523408 -0.23765205753533922 -0.33063651746975681 0.19796600506756803 -0.023246125774102865 0.50573866019548219 -0.75372150063459864 0.41903690135989441 -0.22698240111307122 -0.35288312755804352 0.1619357603120184
11 0.031108994456255409 -0.52133387771963924 0.76555134155289806 -0.37573176848954859 -0.2298314087329679 -0.27429025068888357 0.21374489514847794 -0.031585435749560402 0.52197220325984628 -0.76598617721492557 0.37391517164757671 -0.22114455434949165 -0.28783139426838633 0.17658004457287829
10 0.14026587525089765 -0.64571480137993609 0.70655983505882214 -0.25328063289683023 -0.16721928574572645 -0.21931876257477609 0.19938269663879582 -0.13855873048354533 0.64523534995885623 -0.70814866883517502 0.25099458997601987 -0.16399988177723035 -0.20964252100068212 0.15907574642270483
9 0.2086463581838095 -0.67738463046632513 0.68310695617736217 -0.17601603917465344 -0.16008040944987806 -0.1529912009678259 0.12661144478751368 -0.20599223507738479 0.67882051045042557 -0.68311759126967064 0.17355192357784494 -0.1599873054792765 -0.13080008183945371 0.084854970071716496
8 0.18887092691657742 -0.68891503404580545 0.67085842124162887 -0.19918038929705989 -0.097415573562750657 -0.17418588480125211 0.19953840024406957 -0.18795410620969358 0.68897122298060287 -0.67145883323134969 0.19782553712582715 -0.092484953702701461 -0.15537448948621443 0.16284059506430351
7 0.23795104654228078 -0.6327269164364131 0.6787379487288735 -0.28696819618491276 -0.092714796073014291 -0.17971760026276307 0.20882480236349615 -0.23701008835907286 0.63326379757376672 -0.67890512100668576 0.28616606606894041 -0.074612246308671692 -0.16444931634051443 0.17419903211041954
6 0.29316755244083298 -0.6468725095826513 0.65039647908705822 -0.26943118329779842 0.090764566108536948 -0.16513163808068204 0.26632313062692403 -0.29296627707891265 0.64790531150319342 -0.64942928058559313 0.26950153494655754 0.11834439491955362 -0.14374758853962194 0.23763459253671271
5 0.35694168215548333 -0.65451513930390204 0.62789306658437527 -0.22350137560488609 0.14976356341297814 -0.07178983653534618 0.25082639157848102 -0.35518421064034617 0.65689000349559679 -0.62638971106431762 0.22355229744314783 0.17585752107883151 -0.039313248860638916 0.22708449411952489
4 0.38361685701054099 -0.66275116810662393 0.6125475896820991 -0.19591949000880371 0.16069748054002345 -0.0014774603544313526 0.26934119978733473 -0.38281455714033452 0.66472417091102598 -0.61105481764602387 0.19546560126959231 0.18778533725431201 0.040274862487091251 0.24752859485433526
3 0.40687030120124629 -0.66729507135321386 0.60351027537841906 -0.15795313628029739 0.16295764460905915 0.081347882252623821 0.27824543714956196 -0.40807854647152619 0.66834836033063139 -0.60187246956260121 0.15662662460660678 0.18946735580606844 0.13180766298893154 0.26073846226953856
2 0.40989241382018743 -0.66159928591793071 0.61150294912894099 -0.14261394452210152 0.12377432785510167 0.14675892577626104 0.25531189097947526 -0.41283342931327111 0.66182134141276638 -0.60972021027665735 0.14072077626363419 0.1475698477013454 0.20422950134343232 0.23761921130549268
1 0.3875052042654239 -0.67739012883175564 0.61347757861175345 -0.12094457643552836 -0.033181096564449175 0.16319950734782895 0.13133704573358926 -0.38463534184398634 0.67872879805171771 -0.61397270835394691 0.12008491119349507 -0.023612669706568223 0.22380693219163023 0.10471007278955007
0 0.34180964056468677 -0.64673823478726111 0.6634273506309466 -0.15735302893843589 -0.031957612044593374 0.08086068439073156 0.10472724843170748 -0.3343255783868625 0.64999572854097842 -0.66410224931999839 0.15716285490818543 -0.021042888409987137 0.12821693777153773 0.073052097880070388
