100 0.44385453088831184 -0.55237143922862497 0.69454677355811667 0.12443362839049799 0.12982226106755701 -0.4999671525155272 0.57643558829187058 -0.44170402775557638 0.55470751190403167 -0.69464416681813879 -0.12110577858745374 0.13913879190874973 -0.52350058323209581 0.60762627957620374
99 0.27458553082360238 -0.65452757254135741 0.69884198368920558 0.08840998178246702 -0.040820710404256534 -0.24711730977457994 0.4831107272440377 -0.27481324321779116 0.65450698193586732 -0.69882508443220681 -0.087987461138735817 -0.037743158109375605 -0.2587682480053759 0.50255500009849063
98 0.46185930685213655 -0.57926086574479296 0.61910364233627002 0.26048706328073334 -0.053208125280796666 -0.53460743186712334 0.32750210602277458 -0.45879604247483108 0.5819107400931538 -0.61983969221677027 -0.25823407584261732 -0.049771670552711755 -0.5542184457209165 0.34772126738086628
96 0.42525403093258929 -0.69745867070210976 0.55201010417679763 0.16731783146082102 -0.56909560875763843 -0.35212817473118513 -0.052774768112038427 -0.42221574564024994 0.6964592736261852 -0.55496600428329745 -0.16938441015443373 -0.58010502940914188 -0.3564537382355274 -0.051654493101737309
95 0.45830184247987638 -0.70176207693501047 0.5050251669125847 0.20600725555263158 -0.62808259125589261 -0.33426155270908603 -0.088608985534068305 -0.45446249884607109 0.70098890067420583 -0.5084431021944219 -0.20871993221795043 -0.64153405091394089 -0.33772218363650358 -0.08738256628875396
94 0.40042832889712288 -0.65855194392728611 0.53954674725788354 0.33890381834628047 -0.59819182998245979 -0.17550768094427832 0.065275109045611263 -0.39807863269156429 0.6580773396985613 -0.54098771643003007 -0.34029385513332527 -0.61052649517182644 -0.17513495253252964 0.068690397428680772
93 0.33769842531797378 -0.59852217162307986 0.60296691105242883 0.40516896202602398 -0.41220200566772019 -0.093618615670211555 0.17895218263374441 -0.33644829923375974 0.59850120772194981 -0.60318320766105094 -0.40591731213857302 -0.42580991331661383 -0.091926057074250611 0.18009147856630792
92 0.58361557190611202 -0.59991751468352128 0.45185645679882419 0.30873545674875336 -0.39163427687522484 -0.029039115522446084 -0.10868089710911913 -0.5823779389756425 0.59873992601361792 -0.45272068888364653 -0.31207437422577122 -0.40034864024374328 -0.02052003058941354 -0.10430120624004746
91 0.58023502743921496 -0.54861805411369824 0.44183778766037701 0.40880914009901481 -0.63316392758921669 0.38791033145259796 0.067439715090912428 -0.57745277385493421 0.55196494499988613 -0.44121204611309844 -0.40891921429936279 -0.64100737650411332 0.41207460721057043 0.070674356540600836
90 0.43712467635123825 -0.61738337234694618 0.47271425557469438 0.45199670513268109 -0.57369029139193273 0.56042607663453214 0.080804897583596061 -0.44069486390453805 0.61727844657043729 -0.46889420617317479 -0.45265172013920019 -0.58366127485509978 0.58778276388657025 0.082298492696075032
88 0.4659402756009513 -0.62044810862833999 0.51899852279662739 0.35858658286018513 -0.5951938508396234 0.54906316080732476 0.01205555005001013 -0.46751648443492239 0.62015638043904153 -0.51643313713677619 -0.36073704474232415 -0.60313451266658813 0.57669909536589259 0.012849213728692632
87 0.44355236617419452 -0.65830013389848441 0.52181306751225009 0.31243136005203853 -0.47415240643150186 0.51958625548533255 -0.097251369871904747 -0.44570818024742725 0.65788828663367793 -0.51904994109780711 -0.31482436217213777 -0.48248774551958862 0.54832547588545677 -0.096117291122987503
86 0.47731451466632829 -0.58332870178148755 0.47363875423711704 0.45559281189619727 -0.5183786774764042 0.54885190692485808 0.15069741204383916 -0.47938524768285967 0.58309834899999569 -0.47065629547954052 -0.45680274870341808 -0.52918252217398187 0.57684277456636046 0.15841925278020463
85 0.54232753092232455 -0.62773729006597068 0.30186747487328247 0.46979013556901689 -0.58086784015332527 0.47161488504218885 0.16952921272503516 -0.54050593916542533 0.62769550908528338 -0.30302978716309054 -0.471194891412206 -0.5999035225782432 0.4931940952916567 0.18175281134144727
84 0.55597325538420983 -0.62799221350683343 0.30208699465026545 0.45305956201744896 -0.54884328658892678 0.44270843943389104 0.17699796834171933 -0.55384701447992679 0.62753241256418191 -0.3025051716744489 -0.45601225514591309 -0.56903329464888408 0.46392876736343647 0.19116853066954986
82 0.49200685110074166 -0.68441517851744671 0.47835906459513394 0.24632849450384953 -0.39900650116766118 0.3878597042575006 0.03512070772554398 -0.48977024196655489 0.68752819264741116 -0.47756418875856571 -0.24364428992771317 -0.40071352248328118 0.40619827624976867 0.026499652504700322
81 0.44469327543541814 -0.68524882558239097 0.54930782365413722 0.17590580630788991 -0.34732449676212607 0.43361997808700886 0.037855228071083359 -0.44011643894767355 0.68976721051857681 -0.54828121642671002 -0.17293473675085447 -0.34829043294244366 0.44452961160373428 0.021690137003222532
80 0.52689681513987274 -0.60590188350607566 0.47452455354006468 0.36067866841116458 -0.012458727770557905 0.21489075711746983 0.25952907892793309 -0.52507425823766674 0.60726150646721588 -0.47492860485934213 -0.36051810826321973 -0.011100846947132481 0.22697928498638015 0.2675143442819512
78 0.4565097091991519 -0.67210843566155221 0.55067447451188123 0.19138118831418641 0.34149471041527091 -0.26796932915117122 0.028831489616887404 -0.45524466173241651 0.67352233981097542 -0.55119765402094367 -0.18788587477906615 0.35847038939433196 -0.27862323464093963 0.030750026997496072
77 0.39172196096266848 -0.66959493375728318 0.63098847144351522 0.0070766440859044901 0.38368263453663809 -0.31643575000676849 0.14184134658199077 -0.39274570855197771 0.66896166828002357 -0.63104816478149617 -0.0043941451862959538 0.40293986092691325 -0.32909880118451174 0.15152964029969951
76 0.28654565068092525 -0.65284212369959238 0.69641482220017281 -0.081823878050074933 0.4068449806512594 -0.24996420093658864 0.16627418044775835 -0.287236629226923 0.65345902561740488 -0.69529355875332721 0.083983854553362977 0.42704068242796867 -0.26257478066487694 0.1812240669874248
75 0.33675746053698613 -0.71930358245470183 0.59118519905074485 -0.14034539345429919 0.23661100144256064 -0.15758137825942231 0.16826438584188738 -0.3371155858772108 0.71955435955510216 -0.59084600039151158 0.13962667805711673 0.25164978561431739 -0.16540058181211281 0.17668012798889898
74 0.4759435514415416 -0.72844406503519399 0.47173351474073216 -0.14252884278829595 0.2675377684809141 0.031093844045065409 0.18563986676460012 -0.47489138439824485 0.72842786203261556 -0.47369481632174676 0.13958597289419111 0.2818144889747134 0.032605250626313698 0.19331433132533871
72 0.54676298257088507 -0.63975800610220612 0.3748103279953221 0.38894363672177568 -0.17504438398572289 0.64415226911316514 0.18188133928445474 -0.54458434192345961 0.64287749344022704 -0.37435083794307111 -0.3872955887834561 -0.17704137138640297 0.66856567527970401 0.18611501943853259
70 0.38467360305424625 -0.75330141345528978 0.52683732836750563 -0.083699635830248642 0.15123233955508025 0.62544359326556731 -0.073466152726051295 -0.38982059643311179 0.75175308367605742 -0.52595073945816828 0.079265524936618662 0.15871087024377584 0.65400462267539616 -0.066600996491743558
69 0.31126315588112408 -0.72567892701555836 0.60307472360773562 -0.11316457229152579 0.41586528121461114 0.34908550349973055 -0.0027242890992052481 -0.31897759821638122 0.72260107269362306 -0.60284377374816389 0.11260713135146751 0.44142687224128863 0.36509655287798326 0.0076582232731259303
68 0.39298279798605584 -0.73058408000533781 0.55813337153537212 -0.017278949862863099 0.3605702645255221 0.25369196403277483 0.092361391518573338 -0.39595346737494674 0.72856222475538668 -0.55865291321316424 0.018023842311877675 0.3808166510627613 0.26254166259696188 0.10056019094769808
66 0.53906929398583148 -0.65371778127678493 0.50814353897476272 0.15442636602075879 0.2196765471987345 -0.16983703575010789 0.017749442844884947 -0.53710031231510869 0.65458403690607381 -0.50965077456942165 -0.15264036530206884 0.23290512644503103 -0.17525542092892077 0.021101534730028959
65 0.47675129532263871 -0.60884645283235228 0.53256541077619224 0.34407598365249792 0.59859616038216845 -0.034307241061087679 -0.060566421971483889 -0.47493378651160018 0.61260055090501198 -0.5325175914979372 -0.33997570237572211 0.62294920349749894 -0.037506056355832929 -0.052511230356647953
63 0.51401675225966048 -0.68769481292982804 0.51129642035297374 -0.037928791176029639 0.82830114653521392 0.11205171195880706 0.22837759169705621 -0.51482852029729331 0.68655334382885047 -0.51206849271970212 0.037174716269210102 0.85855173944573426 0.11922810170457243 0.24548746478422157
62 0.49052460991477048 -0.68977433866813409 0.52360977472039316 -0.097107016225194895 0.80969499318521232 0.18185307141663729 0.21401554817726628 -0.49425941551177288 0.68869888313945848 -0.521236705427368 0.098558487486601953 0.84699709836429138 0.19259633938378906 0.23771013361683369
60 0.60912181123574038 -0.66002140425690292 0.43541199978413525 0.06130868978878859 0.78400871268082295 -0.18791661077213681 0.30967029572357091 -0.60815381881595032 0.66061790024169642 -0.43622946202341634 -0.058624047988764652 0.81617655691141722 -0.192732225713522 0.33074453730713582
58 0.54638800503488982 -0.67233232665663589 0.47710133548053074 0.14766078074141079 0.63980162111620409 -0.14096549361137653 0.22568593453032423 -0.54518593596846188 0.67334055879733212 -0.47796329497854895 -0.14469234863646871 0.66602399370120702 -0.14543221063193634 0.24341591825663367
57 0.52650274152019017 -0.68588417815097269 0.49103341478208312 0.1060374598966569 0.60407405613974829 0.020440597320557811 0.2413011456756457 -0.52638675021271453 0.68582150873305525 -0.49146728844408588 -0.10500357969626888 0.62876578956355678 0.023658003208765654 0.25703665159196554
56 0.46222896087933285 -0.71593410672736546 0.52307759488398198 0.013136676873970583 0.65136270900576687 0.40619518801382098 0.22062436798673138 -0.45883042074103852 0.7159172401945173 -0.52597621362524238 -0.016916645510289045 0.66266762928301493 0.41426404611312317 0.22843288247949545
55 0.45669291824072367 -0.71046548862553305 0.53541341014296107 -0.0016876433094896641 0.66402563592074804 0.37641912562177199 0.24047180650999445 -0.46176716308507659 0.70748362329598546 -0.5350034547508502 0.0030517648991036711 0.69535220886147187 0.39306421435873551 0.26379433895889726
54 0.47467966673427775 -0.70533728381386662 0.52331822914151171 0.057589591935569014 0.66109697035188619 0.25910821630297293 0.2370011582042999 -0.47636826818678452 0.70495991909488098 -0.52242117450557723 -0.056399485482368936 0.68933908353747542 0.27012665952470394 0.25735889996368377
52 0.53507127864855786 -0.68210986699454079 0.45331845103472979 0.20718889464824339 0.50021315278850709 0.12490393360271794 0.26911026743862371 -0.53527070493216411 0.68221502952806545 -0.45289424931087058 -0.20725521674637759 0.52152574409142161 0.13441364156976887 0.27969970932845734
51 0.48386845733223766 -0.69621340015604816 0.52431720820949723 0.079054934175377414 0.5028185327415633 0.28003943576382212 0.30502404601085831 -0.48572331631428578 0.69605850516225742 -0.52274102252922894 -0.079481071614769486 0.52763200697438961 0.29230251736879986 0.32134646947103995
50 0.43872705468445156 -0.70006528047194905 0.55379154202679759 0.10364411486050958 0.39657248634697279 0.35625058827746231 0.25321618191537598 -0.44189127609306478 0.69920291219062725 -0.55216054766032396 -0.10471923082433295 0.41742798246885648 0.37208127938995406 0.26709981181634035
49 0.39526277404563426 -0.71029501301315079 0.56649835481440869 0.13538075171518016 0.14254473945396645 0.37940938731446644 0.13320986401514809 -0.39724439837595649 0.70895088455441302 -0.56630564441808917 -0.13741705988942091 0.15081026418160981 0.3953963441246684 0.13688361767001744
48 0.11581029060400255 -0.66114094199184792 0.73012752522735513 0.12804072913619016 -0.55745114538046547 -0.0400117602357664 0.25470027210602869 -0.11879594828077529 0.6601885835267236 -0.73010500122693955 -0.13032744928241483 -0.57139275969620351 -0.046572508550589031 0.24936501838029962
46 0.39327617034423545 -0.63163708341477476 0.61556095708916569 0.25971745571316307 -0.54393843539939424 -0.23745358705008757 -0.016932153733349276 -0.39344160650077248 0.63165649787644673 -0.61529043272825912 -0.26006048211449895 -0.55191287336224548 -0.24169131946417277 -0.021997503714905164
45 0.25306697255043215 -0.66385271786483191 0.68368335649647261 0.16683448215927249 -0.5556655222913025 -0.13960337114000779 0.10233639065580506 -0.2543670854723063 0.66428616984397326 -0.68283669265418068 -0.16659928435455115 -0.56365408443233334 -0.14771451269780522 0.094961093515083306
44 0.32884981042451217 -0.65908991437748943 0.66886712262834069 0.10037459447749077 -0.48956597900737731 -0.051104933891501704 0.020261824453219345 -0.32974253747073334 0.65894924767400531 -0.66849131482993718 -0.10087175010460751 -0.49540255583434689 -0.055255496851877695 0.014398288962956807
42 0.39807343541089141 -0.6620245764486703 0.60567407441350885 0.19084002667540415 -0.24636676512457742 0.043132380568516364 0.096691738885430242 -0.39814200241707198 0.66172646721772288 -0.60523763474435477 -0.19310213355614469 -0.2472866692546255 0.046400303648772567 0.1000397713401151
38 0.3835051531229226 -0.66647338065612882 0.61983896590776322 0.15664190610225406 -0.076076116846848618 0.50968778007568694 0.17857292583278347 -0.38538861428190352 0.66328497203116599 -0.62094516240323694 -0.16110793632688442 -0.07438434027492713 0.53101271114322646 0.18032846098837119
36 0.51228608230139505 -0.64801062658955855 0.5062886887686997 0.24762261878141767 -0.067351120560985481 0.40915962782731713 0.36901315216631314 -0.51127429762817023 0.64742770515156778 -0.50637554942589447 -0.25103737197998954 -0.069739735213314447 0.42994165256567696 0.37749223703988299
35 0.55286562806664408 -0.64214769088602985 0.40493000463764778 0.34353694377223715 -0.031055356367470911 0.39801915873468408 0.35353734085381144 -0.55147229249263741 0.64162010203401565 -0.40580898610400901 -0.34571812517716038 -0.031948766208752033 0.41999262871873577 0.36001285187767307
34 0.53709256905501246 -0.65813385059546126 0.36857490482300675 0.37754992583894109 0.031301237067185066 0.40682973409887735 0.36983868404928666 -0.53617113981089137 0.65810063244283812 -0.36877043938453885 -0.37872474100375386 0.032308071147204798 0.42916699420653304 0.37990773956709001
33 0.45026998677275215 -0.67748566972482327 0.46107650495023567 0.35451172464679953 0.10504088689355887 0.61389277093153582 0.32765018392848311 -0.45116047471409043 0.67654529199101765 -0.46007997798205102 -0.35646473570408166 0.10852781786110222 0.64267606891823537 0.33912184540395796
32 0.44098475138658766 -0.69757834125255536 0.54656268267329811 0.14207793906448202 0.27844424784540189 0.54381775165821755 0.18826179490208514 -0.4455946762533447 0.69488378457196198 -0.54565723645249142 -0.14436097374517046 0.29391190244293242 0.56954625982250406 0.19722688494846707
31 0.41419086436103059 -0.69912758617977167 0.57589793974992431 0.089488038944322765 0.45786236260619928 0.54814380422748477 0.16582356897965178 -0.42114939042130212 0.69689580645265004 -0.57353460108958443 -0.089596245733218643 0.48581235821862911 0.57304608802970236 0.18114672050169212
30 0.43598005710193605 -0.69431785803190693 0.56839666705317793 0.069060341080958501 0.51492480218670511 0.38800277441942832 0.18500172895714076 -0.44125225320149358 0.69212700961900031 -0.56699600654490268 -0.069080968164885639 0.5423415130411442 0.404676550814969 0.19846561540356511
29 0.43952938878573433 -0.70695234045121136 0.54904149135402613 0.074737845138459033 0.50610595675742498 0.22989992269896795 0.25042837075093527 -0.44137255708835899 0.70665673826797182 -0.54791803475766931 -0.074915601159225659 0.52939720904725451 0.23921992642486972 0.26613691530392458
28 0.46499634636480291 -0.691847188215443 0.53787789952744192 0.12575067087581071 0.54619630883000581 0.0018346604512427772 0.26049365865701352 -0.46463119484154536 0.69180286235262212 -0.5383004295424364 -0.12553605050050487 0.56698663181565401 0.0025315025858368978 0.27353041600261063
27 0.54872527564236828 -0.65189989582614538 0.49405892497436371 0.17272196254745281 0.52086050174880338 -0.18890275092671632 0.27137878478594057 -0.54773576019769921 0.65344357235200945 -0.49418208468839947 -0.16964993936197104 0.54542464029715276 -0.19497164596052574 0.2868159300480615
26 0.50681511363394083 -0.65184429536451804 0.52441422390707593 0.20791146422669848 0.33368511321158839 -0.27904933667159126 0.12387855860239017 -0.50545876194621786 0.65365908920123028 -0.52444603777185694 -0.20542051636050074 0.35134203235144668 -0.28774161992705527 0.13083431591681993
25 0.4750516843778147 -0.64830771623047223 0.54813955222240984 0.23144337003951371 0.11519612197312686 -0.32946299335932572 0.032698872930795139 -0.47326166108253831 0.65011218490089018 -0.54835822166889503 -0.22952300085375837 0.12637404544504527 -0.34025240797297029 0.034562634497333988
24 0.41785007695985871 -0.65144954207570693 0.58766888679101781 0.23592390046749831 -0.091261670506341999 -0.41427963017465691 0.027582671812335608 -0.41527740433080912 0.65298170496320451 -0.58847695942400569 -0.23421024457245568 -0.08879221610250343 -0.42946671557940502 0.028726677039617621
23 0.40124482244150761 -0.66007334060819789 0.54540490903450778 0.32532946789874162 -0.25839426516229913 -0.42943751540508862 -0.042365009147301791 -0.39844979426709015 0.66176550438190662 -0.54624874561849901 -0.32390814526481182 -0.26250190304256149 -0.44271213150939914 -0.045285393566199872
22 0.34980090089580723 -0.68849293148449275 0.58609766688917664 0.2451659395092142 -0.29425393457699794 -0.38704814921988473 0.025177596908384278 -0.34860451875600396 0.68963835566061782 -0.58662585881639728 -0.24237147041790738 -0.29363593957587542 -0.40165969487230013 0.018264959492046984
21 0.12145261438671999 -0.69568546179591728 0.70020746633090813 0.10478790387675042 -0.28325052283798297 -0.1903634540284771 0.26446611835098816 -0.12165136057140102 0.69605361197061533 -0.69993810878237583 -0.1039084193313429 -0.28798511461881782 -0.20762835844595628 0.26476978871053591
20 0.15959761147015764 -0.70937358614424895 0.68594957947643975 0.028122804091384269 -0.22369506620064566 -0.17075968918530476 0.21259370050859475 -0.16046006283670794 0.71023744818368872 -0.68491611859293777 -0.026556466699219385 -0.22251651280755241 -0.18874486018309622 0.2128512537288767
19 0.22825913554928146 -0.6918078963905484 0.68244240722431115 0.059765896227408931 -0.28186056485805377 -0.051847637966499036 0.081061791958343468 -0.22889417695804087 0.69146175621258021 -0.6826071131286835 -0.059461118020434467 -0.28415123487953831 -0.059449561016970187 0.081272740692335921
18 0.30880121398994675 -0.70485792814473125 0.61698099064320588 0.16477733022105909 -0.31974411141339187 -0.14405179731720824 0.10167040417137092 -0.30659484888777816 0.70534640372261903 -0.61764497366731852 -0.16431900649208533 -0.32519822765462614 -0.15302427161295507 0.10189561528801994
17 0.37934996137108351 -0.64716933019132883 0.58785729440159007 0.30280235515316833 -0.30470572194016504 -0.23018120462299693 0.087843380263203999 -0.37736627039493997 0.64842601299879921 -0.58817799146093142 -0.30196863081399516 -0.31144904589911004 -0.23756205012661435 0.088878779489918402
16 0.40160093827726601 -0.66334602067064186 0.56576280019566072 0.28035905041572851 -0.22545978446360532 -0.28356429387525234 0.10495256931515677 -0.39966506560688192 0.66497437391032166 -0.56595913591290814 -0.27886766369146637 -0.22693262110318008 -0.29330485095002579 0.1076563682295919
15 0.47129565763949877 -0.64896364273078411 0.50768850361466122 0.31460924462140416 -0.083690793538117175 -0.38167084446198052 0.13090422885019501 -0.4691238758778517 0.65110148855478389 -0.50822115296981341 -0.31257143240725027 -0.081394572254435971 -0.39174818613577245 0.13738925185145806
14 0.34885196036545046 -0.69467967288961507 0.60100337113951341 0.18578861564181062 -0.11341312617233337 -0.24640693583609119 0.30988136110696779 -0.34802355991769818 0.69539674179941435 -0.60088449538714228 -0.18504268815684261 -0.11230279069412796 -0.25576312897983433 0.31909953293356086
13 0.30074674116450889 -0.67665766854174747 0.66856797933419465 0.068575901682481552 -0.057679246623040185 -0.12241448052071689 0.37131904759221129 -0.30131243675942421 0.67652766189502977 -0.66842870053592529 -0.068732892015369237 -0.055279608627455512 -0.13060353028564109 0.38386558155827877
12 0.36036789194815022 -0.68862887331760203 0.62185761021334318 0.096012342466623615 0.039939262958854957 -0.17396469447838711 0.40512355714469489 -0.36076072149072358 0.68872880480413556 -0.62155150700489159 -0.095802188923363341 0.046949291819168959 -0.18090765403893838 0.42030174225496708
11 0.34572397579073771 -0.71356621228248795 0.60275036267146498 0.089387882577482258 0.062515148695131778 -0.0050547055941407319 0.38196691631768881 -0.34713442157081648 0.7132091102028757 -0.60226268201316746 -0.09005620655248231 0.071531670338622177 -0.0055557680655763386 0.39484339433358695
10 0.45960164107429102 -0.66833453056355707 0.56339258573437567 0.15711168358127672 0.042389279588811508 0.1662219944844541 0.37842881192251604 -0.45983056518189819 0.668267900495088 -0.56297134207878796 -0.15823126268342691 0.050592856180628143 0.17422460754998215 0.38870134630474773
9 0.4916946114643278 -0.63546313152125478 0.54269701296860107 0.24475083176386453 0.030821899626207246 0.26269091455691468 0.45909750825352286 -0.49416889731297592 0.63488876670456595 -0.5409830583941434 -0.24505241351872414 0.039172379586938977 0.27814871907063754 0.47177858125727923
8 0.3789130715543037 -0.65271166238172296 0.62974821768969336 0.18387374013933486 0.12669737492721675 0.4360256226620704 0.30111615801431191 -0.38389564707447932 0.65125024994596636 -0.62760367218908597 -0.18603998160975346 0.13760953908234086 0.45501211175130507 0.30754631715268399
7 0.31714171064704166 -0.63759513088411812 0.6572922231895405 0.24669924559123266 0.29555816772961468 0.43016745546286689 0.29912433394889182 -0.32386770762941791 0.63738787702177246 -0.65421378549869891 -0.24667939728320701 0.31011395847961554 0.44758714930495835 0.30766859005006597
6 0.45744348699887777 -0.72118723676483476 0.45689949362962101 0.24875143909293376 0.16291884459255623 0.49663922830093382 0.32281991084794964 -0.46014930829874129 0.7201181811533528 -0.45462992435555882 -0.25100607786473178 0.17272000470280302 0.52061863361566862 0.33082212732421201
5 0.47563820340654811 -0.70524506564911349 0.48710057974173837 0.19781486812934837 0.23085738411197423 0.33746316627240514 0.31918253017725595 -0.47786282231477334 0.70412277004195967 -0.48585598611821673 -0.19950490848821825 0.24340034677025235 0.3558024084289706 0.32547250026500407
4 0.49779723688903255 -0.68980076049866357 0.4739390096330871 0.22749645471769217 0.24049646067555996 0.15488058503759056 0.34728698051318613 -0.49934494552732328 0.6894169005104398 -0.47277927399542846 -0.22768118224229336 0.25332788364691017 0.16955822053407044 0.35442310520944775
3 0.47818417055325985 -0.69536178241284352 0.51314239234777403 0.15651445865327424 0.18049099956617382 -0.031439356996021295 0.34542696611735851 -0.47886953212105643 0.69529257524824417 -0.51255365359277472 -0.15665553995797096 0.192758731447773 -0.025366129848650054 0.3518938412671897
2 0.43241237177425434 -0.69740878542309925 0.54391290203699783 0.17549724142826639 0.049213893000110462 -0.063497794691024137 0.27195796585441867 -0.4333400704457584 0.69713945113808973 -0.54360912608717016 -0.17522011028329834 0.057276186782722949 -0.059454851161955036 0.27418992281921817
1 0.43455314215823099 -0.69937537076502343 0.54306688446677176 0.16466941550649017 0.026037979532772877 0.034259639432453901 0.25322769151066399 -0.43583454930895665 0.69912047987837422 -0.54207577600397194 -0.16562805714305215 0.031077920993992203 0.04090049376094651 0.25636738976676821
43 0.48430508611096151 -0.62507908192571726 0.5433304082584286 0.28198722022050288 -0.40277248328317633 -0.088876522185040177 0.078496059862019574 -0.4829901031178781 0.62508874915405988 -0.54400946548444706 -0.28291044066015075 -0.40917310534195206 -0.087390603432042746 0.079159629229886619
47 0.42201731715797997 -0.56385304589784024 0.643280261186288 0.30026926619055072 -0.50319008532122622 -0.23762661604739108 -0.017212465646040367 -0.42057088359504785 0.56462542273553296 -0.64367293574209705 -0.30000569272257399 -0.51383660104073337 -0.24314462452745911 -0.020988609496597865
53 0.53546961413732519 -0.66267328787166968 0.43820169964104766 0.28655832967944334 0.48960064936238101 -0.02011248355804313 0.23859198718607105 -0.5337058406935784 0.66500055013221304 -0.43866358212978696 -0.28373685986575403 0.51092836165490552 -0.019274540392061557 0.25804287103072499
59 0.56390138125029787 -0.6458237555689319 0.49480732795182553 0.14174842916950531 0.5928033133517413 -0.30725069076981976 0.19554461333538414 -0.56166013027896544 0.64754687430549052 -0.4960559744552005 -0.138381407130822 0.61574551086125773 -0.31945897170902571 0.212083771114155
61 0.56402676962443887 -0.68136949077068565 0.4664316818593035 0.0071348687316250131 0.80008347678463132 -0.046464558050784095 0.30596357073183938 -0.56291742969058745 0.68118975495938272 -0.4680532810222191 -0.005532740121691822 0.82951247741971557 -0.047725802911774196 0.32647102820968499
64 0.45168866155124271 -0.67163516492414943 0.56497497478228265 -0.16027113318722588 0.82252823016793708 0.2317217278244135 0.18222786212180228 -0.45733335629385158 0.66852605419546562 -0.56357508664187361 0.1621796466867749 0.86191655325106664 0.24121948454269804 0.20459963191711117
67 0.43738595240749284 -0.70657927059101677 0.55174742763020046 0.07080988003884317 0.27775257619542365 0.037956550665938095 0.020026201665670072 -0.43711364906962547 0.70620984161282307 -0.55238986922203037 -0.0711670554898539 0.29165211925820289 0.039788654616349811 0.021062300993149208
71 0.49017644886293027 -0.71548540140555772 0.42381163486638818 0.26113480715433729 -0.041799101078429352 0.64675028314439986 0.14298806497637198 -0.49141356840531547 0.71271972294734987 -0.42470600785215501 -0.2648926352379255 -0.043256749575120601 0.67617304453390448 0.14759469308126505
73 0.53968135035828046 -0.629261910002888 0.38805055320952486 0.40272851506785889 -0.22965374236444361 0.62261399306402487 0.19076756010040952 -0.53864499932497945 0.63573336484601717 -0.38400669370638602 -0.39779833171148876 -0.23050122782576121 0.64697105108506703 0.19091286987962808
79 0.50698639354473329 -0.61044986419662328 0.47636987876717124 0.37866541783767477 0.12313784527354753 0.26515420406066842 0.27948762965415952 -0.50612183181103521 0.61088568696025913 -0.47595527198021736 -0.37963923388603005 0.12747022497116101 0.27986943811316256 0.28694081237437574
83 0.5436545305921332 -0.65372881600817134 0.39165797949809472 0.35168510571628253 -0.4728728490813473 0.4128750741671473 0.10320374471985874 -0.54231318305227738 0.65631767397155238 -0.39253131650189321 -0.34794063845082623 -0.47799139008192093 0.43407637657222597 0.097281558807017721
89 0.45036562786868767 -0.63743155390343609 0.47146467129223923 0.41057627676960917 -0.63290369537890978 0.53787545543824888 0.035491091685774578 -0.45377703228828709 0.63720844313141234 -0.4678684696383702 -0.41127958870812692 -0.64040420215717075 0.56650330668420112 0.037054426782608729
97 0.4698686819727303 -0.66697349022063801 0.55477648624735565 0.16307309818344481 -0.48854223144729214 -0.41733941621175735 -0.082715482678168459 -0.46609734025750588 0.66703256899601393 -0.55752022262170819 -0.16429249122007306 -0.49603634679461983 -0.42591340373986841 -0.079847777035426226
0 0.51402752148056619 -0.66634245728771901 0.50091189515074575 0.20211558592250906 0.061695039374862641 0.077619773251411478 0.18605798763794612 -0.49839486671734495 0.6666691572587834 -0.51526928405447003 -0.20408908961445599 0.071060245355538454 0.070758438480593766 0.19306486131235934
