58 -0.051253022619538867 -0.65475764682324333 0.69916980032200271 -0.28253697442377729 -0.66685616414532578 -0.34906476755855803 -0.48479269329827679 0.053871871331401963 0.65353517256887683 -0.69970290329152074 0.28355854213907555 -0.62795143307816126 -0.34421722726945853 -0.46529435587243562
57 -0.11437313481360953 -0.6304373925976936 0.71707647342678871 -0.27435161983361739 -0.42648349163483334 -0.52783788800985132 -0.53556696233319767 0.11229011546251902 0.63037708439784257 -0.71622437178675857 0.27755776100507878 -0.39271888861885351 -0.51046152361692876 -0.51206855806789164
56 -0.1740309291336764 -0.60307640910631544 0.7319344108634438 -0.2651114834900315 -0.37531173420359332 -0.61707086273745759 -0.5161546859596724 0.17120222868857188 0.6040136887900871 -0.72862680615195297 0.27378867398609097 -0.3418384764835336 -0.60783657395294677 -0.49993891482266628
55 -0.089894664172778929 -0.51852988568695801 0.74271007479163886 -0.41403798353017324 0.0030785831239713577 -0.80219021501558574 -0.4696690054436537 0.087497446070470691 0.51711135486437154 -0.7390604642230254 0.42276432420903909 0.017180969286259895 -0.78365840884219828 -0.44499478252465252
54 -0.07568667334482776 -0.54944191463980163 0.72767377529649802 -0.40357897202491211 0.07772167364924476 -0.74423415511360314 -0.47861323955502344 0.075242372818808564 0.54721046269619855 -0.72642924194165881 0.4089007841768888 0.078664200802263995 -0.72055311635336761 -0.45564147684734468
53 0.048741304061932521 -0.62427638633510862 0.69899524360260878 -0.3454112449872615 0.22165810740469233 -0.47133945815492345 -0.51423057261132565 -0.052332932690272629 0.62357874956151071 -0.69635308146582919 0.35143021097279398 0.22715342665479277 -0.4589634195172213 -0.49073461062295554
52 0.14581800683701118 -0.69122013519016889 0.67209848540161266 -0.22189064764118541 0.27196941156738069 -0.13002158287938337 -0.60918062062688494 -0.15059609332856988 0.68956147962239922 -0.67126366428680206 0.22634238556531058 0.27443809443921796 -0.12321594604203101 -0.5835011002320929
51 0.46697022678923816 -0.60172496779068552 0.45858380124700249 0.45778463021769966 -0.69834018823885757 1.1313961225513951 0.3631731686062934 -0.4620723234110386 0.60563469220609623 -0.46024573829490611 -0.45592723971630444 -0.67398205177570425 1.0789941104679137 0.32932333893666499
50 0.48657218691532977 -0.64045215970435243 0.39068589119992647 0.44769752341037583 -0.76957097353615733 1.0792099423918862 0.32525289548752678 -0.48127314378409913 0.6440736352126144 -0.39294128837419118 -0.44625380377875618 -0.73889190319804499 1.0286276375820012 0.29788657322142154
49 0.48664514289996796 -0.68098949499458727 0.3392696340308341 0.42933195551166531 -0.76723045567779269 1.0694496994622427 0.27720528903629815 -0.48214359576226162 0.68444205968564775 -0.34118614284197296 -0.42739751512066843 -0.73697155037851036 1.0191327742829426 0.25080138675391117
48 0.5069567987642295 -0.68925449909682235 0.35874928574306797 0.37312463017114272 -0.6685239807727863 1.089443179740452 0.20237211351900225 -0.50122221949684709 0.69287828521664041 -0.36177078170560517 -0.37123829282822901 -0.64264678168645872 1.036622152883808 0.17956452041144377
47 0.51316895870460766 -0.72198556139281145 0.40043634215962803 0.23461714523911681 -0.4626015293603824 1.1092007006085558 -0.0022099443999530647 -0.51042678016885756 0.72283987585676479 -0.40267615453715994 -0.234134428320559 -0.44364329006484837 1.0589947664386645 -0.0091302100577514977
46 0.4760602651406497 -0.74439448512527562 0.44916503974369598 0.13226579883452089 -0.25883389276043078 0.90219978342896567 -0.028352700276200168 -0.47683982596978347 0.74301489623069117 -0.45019100757931862 -0.13371873856389691 -0.24971489008699388 0.86926695110864338 -0.026962415422706609
45 0.45627720731533744 -0.74780921180996907 0.47840147962170138 0.061028821981398869 -0.1867420122988917 0.83643916414866903 -0.11302424557452645 -0.45736543352048792 0.74666958484525225 -0.47905267997368017 -0.061724558302749366 -0.17659526704798578 0.80522565847911198 -0.10963644488914781
44 0.41690059322169065 -0.73001994033403117 0.54150373923845463 -0.0062034246083848858 0.0041937838206474306 0.7082700691024818 -0.19206600526735898 -0.41678176947769902 0.7294883571834635 -0.54231225227764557 0.0060921584317253563 0.0035353452475828107 0.68018314368108068 -0.18801082431554317
43 0.14123032127951757 -0.78317190764644606 0.60521544882743483 0.020248948745991313 -0.39215935456287054 0.52630847228523647 -0.28895366192647531 -0.14427569331509452 0.78114421578107618 -0.60693495560191379 -0.025063881158339643 -0.38121240210343466 0.51132557219527408 -0.27258511545065023
42 0.18136829945499075 -0.71263731416881682 0.64193198166046583 -0.21720250764787918 -0.28937492817276211 0.074554008128281835 -0.58152170281009108 -0.18393023175070178 0.71234521821750185 -0.64309910782507185 0.21250293514535132 -0.27771008002704234 0.079829431916990212 -0.56322118570912971
41 0.11865643614536044 -0.68613403043340426 0.69318485048390976 -0.18610616728656146 -0.40208617524050361 -0.19479328065584597 -0.55204140555735326 -0.11832062185190495 0.68701256143355849 -0.69191284770196892 0.18780463802055455 -0.38301051163185473 -0.18956775304356033 -0.52592116126368738
40 0.20362242278405882 -0.67809979292486311 0.70016648987506702 -0.092116590421247063 -0.68649901290718385 -0.11738553232035544 -0.71629193872274843 -0.2036896575334167 0.68005320608023767 -0.69872209928027473 0.088462355221162747 -0.65796771121773689 -0.10325329547019901 -0.69447874163516099
39 0.22429200795235688 -0.68032507310448087 0.69631594079632597 -0.044665430334999062 -0.77025758357256846 0.0563772999673968 -0.70219184034831694 -0.22238331731577504 0.68273948029499942 -0.69451628970873669 0.045382656988717018 -0.73312589970034614 0.051975983492330791 -0.68148180079458065
38 0.1538318418531246 -0.68701685673618063 0.70398695266464195 -0.093519909486514827 -0.77252628013375602 0.0714822558578663 -0.68728752065224996 -0.15689667756822664 0.68532159512433521 -0.70515499544395888 0.092055288955708775 -0.73245323006607133 0.081328931827692408 -0.6673338945545263
37 0.086517750240840824 -0.68484803650403547 0.70790994203926161 -0.14953715174431118 -0.76217730369180692 0.099704277927089344 -0.69951154297037133 -0.083010680207877663 0.68353155189881176 -0.70936876776744873 0.15063132425335365 -0.72910349300376076 0.088593917801823352 -0.67439084816084904
36 0.12024402388345479 -0.30379440997022905 0.82092516701561169 -0.46832915919420076 0.26324396346785778 -0.63015489812950043 0.031564501047489521 -0.12079857755121053 0.30387062529547904 -0.81808755824192603 0.47307831676573603 0.25488733628251303 -0.60855023927188334 0.02379047607358209
35 0.20664558676254632 -0.43309160098718547 0.77658621011547935 -0.40821945676853244 0.39430132066121998 -0.4679952829427052 0.012547244204715122 -0.20727611131132315 0.43287165442666392 -0.77457887194295305 0.41192998872764908 0.38067492203779185 -0.45006397046286661 0.0089493763928179537
34 0.26434017160339296 -0.55549979400523897 0.70365597894882126 -0.35554537801299246 0.5409218927320989 -0.25428196895096083 0.0064314622464937193 -0.26484952272031342 0.55561578777160792 -0.70186678899282307 0.3585091870547556 0.5194870835174823 -0.24592957112419933 0.0022141439089058967
33 0.30517547353454078 -0.61250361211922044 0.66254568175587836 -0.30453320850198734 0.57516738728597905 0.013100301388189428 0.02321171577269451 -0.30578356189099298 0.61170792261081919 -0.66129864219848755 0.30821086372619971 0.55514056350096586 0.0087887492699961767 0.015568036637098825
32 0.13827241769938042 -0.65791371883569782 0.72170803332456512 -0.16482655036776839 0.3742811750469574 -0.076376824971575358 0.15842499363567702 -0.14252383895538692 0.65623187384038517 -0.72083147859924612 0.1716061261895403 0.36939202128316717 -0.075821935529615914 0.15220893074334046
31 0.13527604746806937 -0.69733483027037679 0.69194538866925293 -0.12898102407934878 0.41073519221950094 0.35873099688601129 0.22905620874583241 -0.14246641706009081 0.69704466703632162 -0.69051841208121656 0.13044682726352128 0.39261601624914794 0.34719203195452419 0.21904587460663591
30 0.13955483365490032 -0.7262944151225591 0.66532762935798317 -0.10178416663813306 0.3894852952814718 0.53335317626137513 0.22971454931166133 -0.14694292277673968 0.72544708314615813 -0.66468994779695301 0.10159517851868906 0.3696070704253227 0.51441744637291054 0.22015235165431912
29 0.33622583859354765 -0.82892078653931545 0.44118353773031277 -0.072108259865805394 -0.1220907649277484 0.72916301893035507 0.28950618267751371 -0.33949953428653507 0.82775542983051253 -0.44172626230013162 0.066625248965272499 -0.12173625450551029 0.7023093161512719 0.28095478844821997
28 0.28881286212806856 -0.77279575608808382 0.54729630285462549 -0.14085668930973105 0.080742271427746912 0.65194371442309618 0.30200788920141619 -0.29253117551824531 0.77188781372477555 -0.54743543392425054 0.13758328407647263 0.075562093876102132 0.6258870201985447 0.29137454419593434
27 0.28323847372178196 -0.70462241604850084 0.62410478569649108 -0.18378366161458948 0.33775417994749951 0.25870184675518126 0.25622968787291811 -0.28420296753091739 0.70420075013822714 -0.62345394460425685 0.18610522751596922 0.32612402011912867 0.24214082121589298 0.24585990255317758
26 0.28162703798917965 -0.67050496833130924 0.65030442047208614 -0.21957563533082602 0.33627938704448307 0.076063121236759373 0.27684903099629632 -0.28260246954601526 0.67032801635422401 -0.64946640164196268 0.22133591627963523 0.32241381656802481 0.068234062104300525 0.26727086245042209
25 0.2630107202582691 -0.56252698578148164 0.7481515852537628 -0.23379041207694665 0.30733754271792918 -0.20808412548001667 0.28326964619380945 -0.2626097346395177 0.56416384784891915 -0.74748028569756875 0.23244032039718207 0.28573719703322342 -0.19700114984459699 0.27769565973724464
24 0.25571990562077918 -0.59705227139870409 0.73849983468749014 -0.18098041124248201 0.22705666506866387 -0.23847044995059113 0.43384850365712641 -0.25365681091076603 0.59964781612090023 -0.73771504587211556 0.17848593780440353 0.20396778112375125 -0.22755711883181107 0.42514729299089749
23 0.23035094257712335 -0.5800521919299253 0.77096211866001629 -0.1268672908293505 0.062731610321658207 -0.29166502960836438 0.3475186179272885 -0.2267468753235371 0.58366329162052366 -0.7698083389946293 0.12376646460183671 0.042927191826132471 -0.27992701324928904 0.34741849634134381
22 0.19859090622514297 -0.62560475220127532 0.73686642869509 -0.16188950629982335 0.06980576477533966 -0.15930404608215731 0.34162957834630647 -0.19739135919472997 0.62613675979820682 -0.73658287143362999 0.16258869227362716 0.062052821062412278 -0.1541307127725933 0.32877981913422305
21 0.22299940292121986 -0.68044048734127394 0.67455632259476128 -0.17957109213618166 0.068691759389952214 0.050248802883530848 0.33588693150948107 -0.22284431417456324 0.6808158919687185 -0.67399362558816145 0.18045144928603901 0.064343531294382583 0.044498404821523091 0.32274078563335279
20 0.24791261141672094 -0.683058081747145 0.6688915109566943 -0.15670079971245576 0.06195675441225517 0.25800421131755097 0.35016403359884435 -0.24822396735786681 0.68369591291201759 -0.66794517414891397 0.15746112227372408 0.058172116702885468 0.24256120247409629 0.33484412275570286
19 0.25705980064006834 -0.74700382366883478 0.59436872708351418 -0.15043723802353953 -0.014749408665588408 0.40033119896340946 0.26509674466985428 -0.25906727773204857 0.74699421770651131 -0.59363733643933714 0.14992830655600678 -0.011677398118155935 0.38100299552189432 0.25545415525560067
18 -0.008227491644415651 -0.729348983763771 0.68254779134643162 -0.045944322740727676 -1.113984843882849 0.25426615145760689 0.26409978176015592 0.01169647531243154 0.72903935085874305 -0.68319255782265964 0.040159012692796765 -1.0752011096306142 0.2389122702393216 0.2606231959982841
17 0.01212641031700794 -0.70535872606509253 0.70810588295591381 0.030134303706577624 -1.0851158933921494 0.20501370764126103 0.41506600471765803 -0.006821181774892683 0.70584512194719551 -0.70753675814476447 -0.033583793361378719 -1.0479049292293459 0.18815054447975446 0.40468664661879306
16 0.080085628871017903 -0.70271865230454245 0.70663516256653247 -0.02096508469315576 -1.0191287061872518 0.21435910744323428 0.212483789323794 -0.07378664060852598 0.70375934241178706 -0.70639856452510463 0.016714893739085225 -0.98763162576412666 0.19594131940062998 0.21509524673864622
15 0.090990878514771834 -0.72470102623184363 0.68300918810905609 -0.0052470529090754506 -0.8548228052842568 0.14934224963431139 0.22323837948273875 -0.085683489475719674 0.72567369541963844 -0.68267733298016953 0.0027724433903927878 -0.82524638326475275 0.13411393288250251 0.21681546114293426
14 0.14634940421547402 -0.70184539346643737 0.69403512569292147 -0.065651655425659511 -0.69154435728468711 0.20342938130640603 0.16955167819980058 -0.14332587279052145 0.70322714642687234 -0.6933006408957294 0.065295451991117734 -0.66759383677198991 0.18344978511884102 0.16452461715945454
13 0.15141219398019068 -0.69197418121687027 0.70049281248439099 -0.086924678320116966 -0.51835736846159453 0.23523186939671684 0.21250920856125841 -0.14979983008838901 0.69251081592271091 -0.70047756534775873 0.085556771678385352 -0.49941723128059673 0.21808103868446876 0.20602398883465245
12 0.17641841390665405 -0.70036701347577124 0.68040707504268427 -0.12413219526597155 -0.36475532211422679 0.21985068510336594 0.15939623393877625 -0.17544973547954856 0.70096551544712982 -0.68021705817442724 0.12316448450192138 -0.35016247683706914 0.20389223592471195 0.15487749526251504
11 0.13293530592050479 -0.70601526583040597 0.68158858535892552 -0.13895196710612492 0.13428545713850845 0.55164884670492853 0.14947620142165557 -0.14111897063505366 0.70541136422577722 -0.68112720379660641 0.13618360986641173 0.12823273792933709 0.53514039377548495 0.14950618071411442
10 0.26519806874206397 -0.84649626810097744 0.46080517040285279 -0.027796534974642954 -0.043637492092665181 0.49920522874625733 0.32041840197591015 -0.26716691486897798 0.84609006265405862 -0.46062966945956446 0.023953143656232953 -0.050168074590541067 0.47983182055961127 0.31144853074934442
9 0.26696964440854293 -0.8272882081672277 0.49399060331023859 0.017167219723059988 -0.2101236033852521 0.56140649550274591 0.31466300305247219 -0.26779677045443728 0.8267561649281201 -0.49423754815629156 -0.022099309490976049 -0.20901949051897073 0.53970341626504936 0.30671981348633492
8 0.30526897137135273 -0.7881597306751732 0.5322336076113735 0.048399183762726908 -0.35713997932222336 0.58335134241052833 0.3246220425895458 -0.30519671821941158 0.78863239895560888 -0.53124627036505689 -0.051877767192116168 -0.3479000593925955 0.55860757998229693 0.31388942089740823
7 0.29900647308016548 -0.74906518163655633 0.58947896533190813 -0.044844533080152231 -0.34084080307490289 0.53877029009665556 0.1958502269231765 -0.30009336407230425 0.74923780055789535 -0.58888353911623637 0.042460197984361479 -0.32661111405550081 0.51647814792240521 0.19321370560800588
6 0.29006667384109452 -0.7378080123290659 0.60793650620615469 -0.043747755275569622 -0.31777208326977341 0.432807012638392 0.22666296321525201 -0.28929768792505317 0.73850489800347996 -0.60751570057864923 0.042918957775339328 -0.30441076814225188 0.41182634974701493 0.21827933367344121
5 0.26912765424158736 -0.72093247640939817 0.63674740961366694 -0.048779160826296242 -0.34363189785564202 0.35985629543538067 0.19039712066737446 -0.26731940953202799 0.72247399523392364 -0.63581619888085095 0.048056432856450948 -0.3313384558190875 0.34033112602114257 0.18215112557900071
4 0.21785755042118124 -0.69624559641578054 0.68030214924367982 -0.070492148006335284 -0.33809246157299733 0.27445890634748121 0.17529315120229846 -0.21544419101012624 0.69809018113653165 -0.67934361569227475 0.068892317270531911 -0.32958486307611112 0.25737307578027468 0.16781743057065768
3 0.14918293023104989 -0.69583025920515151 0.69405212664436755 -0.10888686423348277 -0.41639820151746376 0.12398567523060296 0.13573109103179357 -0.14561075385600611 0.6979139677177828 -0.6929448181315383 0.10742942357918699 -0.40605178363491928 0.11086837866370469 0.13312700218122264
2 0.14419022024307268 -0.67407832645002141 0.71075913386326828 -0.14017504708944942 -0.28722524652983727 0.11710915397821266 0.10084279687222474 -0.14037581643688668 0.67646245988290743 -0.7095192615295205 0.1388365515541467 -0.28307216159856485 0.10356755577516648 0.098468246888337857
1 0.15102245936459163 -0.67835083395867068 0.69299294659356325 -0.19181537687739322 -0.11739716771403351 0.020702250847751853 0.034817316710994077 -0.14613839212560256 0.67994449134732504 -0.69320400911259106 0.18917521186350506 -0.12173357364182319 0.013922645872035608 0.034730590168609965
0 0.1842772287302227 -0.67750170450881209 0.68325605939350953 -0.20048566198413503 -0.00077989554626566168 0.030291489827081661 0.022192018719871635 -0.18441782002115706 0.67716764185233447 -0.68469793855133865 0.19652680588240407 -0.0094638437343994297 0.035313338959429209 0.027731416750083532
