19 0.3448192785250474 -0.67983553457883028 0.64384310762048047 -0.066252274308015793 0.089891459613701527 0.75783760121198585 0.12925875832695974 -0.3455141715154888 0.67993971828295352 -0.64372383193112492 0.062622400043212317 0.08884770624675653 0.75942713715206467 0.13475146247700831
18 0.46240405660305095 -0.66460984170619908 0.58681511153383548 0.011147718144804209 0.057055046439665705 0.90628024718843292 0.32865855450981757 -0.46310623896812075 0.66465895767183758 -0.58611045309575427 -0.015349859519812244 0.053779929121050785 0.90775064797071403 0.33695079718969545
17 0.45960306076924706 -0.6829670797006292 0.56491075219806985 0.056540575056720076 -0.027529092973089978 1.0200981126925903 0.36679629654479284 -0.45974908751070848 0.68349893983843302 -0.56375592198918556 -0.060326082211034623 -0.03106131139763324 1.0173305532317256 0.37149979113731213
16 -0.093597033108423391 -0.57954930289534612 0.70318971434053623 -0.40110650275518339 -0.02756756510249448 -0.45071202935001109 -0.1298786812257402 0.094879244382798572 0.57841897362861616 -0.70295918326629536 0.40283719613927221 -0.025670598316285709 -0.45615278318001146 -0.12828015795605419
15 0.39432725389137069 -0.66140265018793065 0.60636975352320266 -0.19841439760028076 0.48569201966053982 0.59781049055694335 0.17391376193902422 -0.39568848471143087 0.66247380342386009 -0.60455013130990443 0.19768212255303741 0.48511976739895601 0.59919865091886182 0.17990556980664429
14 0.18749333431367909 -0.62701206595499448 0.68287340705237221 -0.32463214362640475 0.53933878832151605 0.12471080446825972 -0.019682243341945932 -0.18886793573469787 0.62641578241606155 -0.6824484793951352 0.32587765091005416 0.54137181890511243 0.12144672799227754 -0.014407476283021303
13 0.14485370512018322 -0.62701574071960242 0.69098043564251821 -0.32926387983208766 0.47888580011235066 -0.10471412889416255 -0.15393569608669072 -0.14841893148242946 0.62726808692344194 -0.68911403246917136 0.3311018244575179 0.48759953618835716 -0.10154087088642549 -0.15131744928815927
12 -0.01150558467430327 -0.52165049218299497 0.73328516160968615 -0.43593721714209943 0.38016285455155108 -0.43044319188291619 -0.077872226184150697 0.010692140001366333 0.51908102728140271 -0.73286010535800172 0.43972335761627857 0.38282061579499094 -0.43775493848668257 -0.071050462195813902
11 -0.10910950519737674 -0.43495671080888609 0.76592621548529682 -0.46072205073153266 0.14001446388384181 -0.71484557091343692 -0.063960985335308501 0.1104526311833747 0.43328418572803107 -0.76355016035498569 0.46589288820987806 0.13844743826189188 -0.72426391534674472 -0.056455070263808693
10 -0.087004497582270968 -0.43607181023810365 0.77128636695792652 -0.45539975171376879 0.072399297672928839 -0.56599769148384815 -0.039767913331061541 0.086873047027736031 0.4348268213709619 -0.7704704690995885 0.45798904502400767 0.072598561917133431 -0.57228418256215008 -0.036989776665802054
9 -0.16818367801490175 -0.52124614436666827 0.71439896779859735 -0.43548917580183266 0.033599775193867337 -0.52737855208551765 -0.092126531637492751 0.1682703161045124 0.51841437432107607 -0.71485895215934603 0.43807341363408075 0.034411678784055599 -0.53325774955145011 -0.08953823067041855
8 0.007886808541491418 -0.58578505016476778 0.70677907774580162 -0.39655643799500118 -0.10669501336123124 -0.37145916253398026 -0.19260073854139681 -0.0018684200813329911 0.58772184316079712 -0.70689783501913628 0.39354160507287311 -0.11661742763588911 -0.37453983999457752 -0.18663445361049469
7 -0.0053271608085876648 -0.62050694241386362 0.72454340245155835 -0.2999660209721049 -0.20131100164740576 -0.25682381785943309 -0.22442196358930336 0.0087026298200712712 0.62122224638549461 -0.72443467003177109 0.29866635847703649 -0.20351161618106328 -0.25890340829548331 -0.22166014753506147
6 0.014865279828034775 -0.63166144602914909 0.73638764760225928 -0.24190095806922615 -0.23343136928352134 -0.053753331356710947 -0.24728010588213925 -0.01267819604065412 0.63211710262556187 -0.73654247073391721 0.24035894141595052 -0.23480197537309477 -0.05638212105196283 -0.24709099883687102
5 0.058975609383480225 -0.66707079681811932 0.73003777653210533 -0.13632048403063532 -0.27928947760422479 0.15188799099941086 -0.19161511680584192 -0.057748828671497963 0.66783662842933 -0.72962792863014736 0.13528634919346372 -0.27815430599257818 0.14914336463821126 -0.19633906125799605
4 0.072381988220086096 -0.69931192193059954 0.69794227583003898 -0.13638278203726439 -0.2954371266474467 0.2336008392974169 -0.17630489457276113 -0.072226345848900614 0.69928375491220851 -0.69815716217941159 0.13550705508861305 -0.29058683358723814 0.23222896755508146 -0.18074208943472203
3 0.1472492989754258 -0.6623055316684705 0.69814690154013259 -0.2286043099823416 0.073370418324948034 0.21837872723398333 -0.11056583553634552 -0.1474016690467905 0.66228792311825813 -0.69817456003715406 0.22847262105305086 0.075275550772796712 0.2147163676737891 -0.11099181272797887
2 0.21126473169544585 -0.6532409303802188 0.68852772735882428 -0.23360879408902863 0.22534114339096767 0.30654365888166685 -0.064844000948734992 -0.21225010573019784 0.65345498247889744 -0.68838921189220503 0.23252262565490822 0.22502363515589607 0.30707242363267512 -0.063410352567011774
1 0.28108641755582126 -0.69855931454111031 0.64252276614211223 -0.14202043839735395 0.15789680726109176 0.54360215964209302 0.00030774494768538935 -0.28223931423166987 0.69915530406820614 -0.64143159387683435 0.14173334354327027 0.15950220886651323 0.54261015579747451 -0.0034723364150845981
0 0.090572054241152888 -0.6559073410428371 0.71007731304403554 -0.23952551525216678 0.038295144617558563 0.089736328944163155 -0.28333947260675463 -0.091389040705733782 0.65625308202860899 -0.70932392412060552 0.24049845371017045 0.043845914778795514 0.085040295755635237 -0.28787095394253215
