199 0.15783069950111703 -0.69072291513871864 0.69005892054347218 -0.14768212815245269 0.18408047215605358 0.1905747572189565 0.24523872198228661 -0.15645911983737262 0.69227566188874523 -0.68818767471269671 0.15057448704792545 0.1853629551217516 0.19807145982628138 0.24106455074068001
198 0.14373863728523084 -0.69266932504499834 0.68644626223727301 -0.16834470396649481 0.49989904690082665 0.1083184970553194 0.24379185969780215 -0.1433315301258086 0.69306104279326286 -0.68509928823160382 0.17251501006770195 0.5043236334637633 0.11512974573403797 0.24321386604577358
197 -0.039805671469267181 -0.64307798185573362 0.72505404552810049 -0.24323414405583071 0.55432129660050966 -0.55688437254621637 -0.28516094834514444 0.040474830263667307 0.64450573154058999 -0.72191084355073243 0.24863403646791063 0.55732570629785183 -0.55328737658165172 -0.28327458075540779
196 -0.088660614479143932 -0.55626859701074716 0.71022088149535834 -0.42224500341369492 0.52161239253177405 -0.7697100745894988 -0.0064090630781743103 0.088414116716859337 0.55545083347398272 -0.70813864645183289 0.42684537359517166 0.5306934645852408 -0.76697423454475189 -0.0025749593871999821
195 -0.17748081307120966 -0.47686940508453135 0.68623711215516381 -0.51978337544293218 0.33206676369609039 -0.94119621083800231 0.24240174709177167 0.17648316174667186 0.47539963399325802 -0.68577001842062368 0.52208080165272508 0.34160469448884001 -0.93577823691631168 0.24150265664439985
194 -0.4726332850737277 -0.38057737421202259 0.51482025763368811 -0.60558958247998496 -0.12228660392674688 -1.1827268962575797 0.70530048725739758 0.47103521812957466 0.37868110562596935 -0.51669035849140932 0.60643014186758271 -0.11262725179218291 -1.1827442434998088 0.69257862035047824
193 -0.4816460781212108 -0.48445485438753072 0.51441178953080369 -0.51836383002918796 0.56615077960698501 -1.386439212472113 0.48991569016001241 0.47816946321999371 0.47979642783971976 -0.51652506966101785 0.52378545673570243 0.56938938622182822 -1.387604746849775 0.50031734481140688
192 -0.13030217258897572 -0.38164838496835968 0.69854582359683648 -0.59110031839363175 1.1721956880472133 -1.4330128667615143 0.088514531493222803 0.12724744625636208 0.37561090223970051 -0.69656330917504317 0.59793318510601634 1.1717471935182147 -1.4385234160877876 0.13350224462230464
191 -0.17005243304392018 -0.4127022258994219 0.68145378682945867 -0.57998256798743408 0.79069074519827509 -1.4423474730372225 0.37680143856487458 0.1670245035680232 0.40766307654546685 -0.67960827628386034 0.58655453457953988 0.80200891457055867 -1.4437521333300058 0.40260887830724457
190 -0.22134132380349972 -0.42685158442719456 0.6487825949835121 -0.58981936870144192 0.63381465135752102 -1.5413201635891223 0.54704911048865479 0.21891756976325727 0.42228373631330979 -0.64653087630813455 0.59644728993805984 0.64782168065321954 -1.5413698112387162 0.57075064308705414
189 -0.21803445208341352 -0.43209326181813323 0.65843314677829146 -0.57638718065176398 0.42708245179434118 -1.4934345339839752 0.6853032503284574 0.21733210082711529 0.42720938015470261 -0.65759866361200014 0.58122534448664465 0.43445603421415768 -1.4924255187531683 0.7021572766390598
188 -0.26751077597277373 -0.46628289897037328 0.63557165725306464 -0.55413618485244442 0.025387827091021102 -1.2489772921812214 0.6841055890183495 0.26863690738739088 0.46394177386995261 -0.6353397861792246 0.5558197536481384 0.024774931460489924 -1.2447182712576321 0.68608095753552689
187 -0.26483577907723604 -0.46684143585848809 0.67240038258254009 -0.50970462955420925 -0.03976925191284806 -1.5102106651873959 0.60169768215858732 0.26635788047520276 0.46393344159353339 -0.67075038300689416 0.51372479497883117 -0.036695616606515102 -1.5100209397271982 0.61300412404704474
186 -0.3715856796602276 -0.28074451148419788 0.61835696152907771 -0.63304128622979383 -0.39761708541209323 -1.5037067322908322 1.5877359982656873 0.37236774880591716 0.27628846532135193 -0.61693439858185772 0.6359236521989311 -0.40052664970614504 -1.5043028858729779 1.6012053131715858
185 -0.39530568732548815 -0.37649750433170642 0.58554132226122857 -0.59926989138842235 0.25000728483316947 -1.8943172202776428 0.67230552093779561 0.39187073739705536 0.3766727352485893 -0.58451866825782517 0.60240592805045723 0.2591378365393977 -1.8763400569449855 0.68252113304446027
184 -0.4710096255428004 -0.35195262508524999 0.57915270414495468 -0.56467816287086892 -0.031302207885984243 -2.1566181311796928 0.73026776635621393 0.47016238771012514 0.35096744193091545 -0.57776550156842577 0.56741185137831684 -0.026416833516195837 -2.1307254541079037 0.74954394711954286
183 -0.36622156424570418 -0.45944689005983308 0.60408830791722101 -0.53839357103654828 0.33583757221954696 -2.2954806469741182 -0.016083801331705241 0.3676800674282501 0.45690477044794847 -0.60070992188736405 0.54332033691363157 0.33663120784352962 -2.2746188600458503 0.026849979376544653
182 -0.29040912174243722 -0.5420473711845647 0.65005263864711815 -0.4464064923235414 0.32521799962651482 -2.2415341650385372 -0.98478469077601882 0.29302203854224951 0.53839977495739133 -0.64848712910875872 0.4513626154597376 0.32462255925853256 -2.229497492853616 -0.93065675449045537
181 -0.36326732502141806 -0.50225837595181289 0.61447353394705384 -0.4880529176602158 0.078270422398732664 -2.3467800151864884 -0.63763897054722007 0.3652428610862779 0.49988952175544149 -0.61088155410324385 0.49348945816605999 0.08973118432349525 -2.3304893984577215 -0.58681320754914323
180 -0.46380197090282221 -0.32778215659555782 0.52442318708045621 -0.63437127177749708 -0.10815590472852674 -2.2237684142528291 0.54803774902448277 0.46231855898725027 0.32616277892920592 -0.52315632510025345 0.63732789925181244 -0.095394032954806307 -2.1934360501859045 0.56627195787873363
179 -0.4548421858377053 -0.25597723275548123 0.53067397164111518 -0.66781687468636874 -0.33046391227983457 -2.1532903616878847 0.68208999966100126 0.45219141992829698 0.25561160737928335 -0.52795631708491098 0.67189861822029862 -0.30657489295175511 -2.124429968434387 0.69948022250166186
178 -0.63901171012170233 0.19380639857768314 0.21219967337753853 -0.71349450790889124 -1.2458245464319133 -0.047339795308613132 1.7817142737447031 0.63934416455930276 -0.19096141061443778 -0.21654947773632169 0.71265637062488785 -1.2287786433675625 -0.058817837527677941 1.7696098781960341
177 -0.65763804597136544 0.20086142946763463 0.28916657020290754 -0.66599518115394007 -1.2988632668410287 -0.14563617017006733 1.7096666680921009 0.6573474662975396 -0.19860572281397026 -0.29246382799552506 0.66551858331075131 -1.2856419402472454 -0.15479276736479086 1.6987803826505639
176 -0.60264189791335621 0.091023806803693277 0.36049601301626299 -0.70610199976613164 -1.2913992011548414 -0.45438062788390182 1.675290891538062 0.60291721360489181 -0.088841270914081533 -0.36399574194450601 0.70434733048940623 -1.2751929132452653 -0.46274561810028636 1.6659730686405987
175 -0.57076224310821344 -0.10578329123212787 0.40189730630359954 -0.70817999994640535 -0.99155298245243961 -1.0184805445109126 1.7863863167966367 0.57035967228423823 0.10575685373048359 -0.4039404655604274 0.70734534168514229 -0.97694772120889439 -1.0165800558414513 1.7703389327534174
174 -0.54625925279381082 -0.027187477914391852 0.44533758047350919 -0.70889781294612719 -1.1533195570407968 -0.90854246787075765 1.7495284051564757 0.54559725701847639 0.028230198565254976 -0.44726463461207222 0.70815325717545807 -1.1385580060794007 -0.91032380316713812 1.7382966410505958
173 -0.53161785691639207 -0.052418390882498979 0.45787712276872722 -0.71062177489149836 -1.0488152418468544 -0.86567466316738606 1.8425906557443952 0.53177118893708908 0.052958218440240686 -0.46028440499143281 0.70890979414714894 -1.0376904070457051 -0.86544762810945619 1.831864592935819
172 -0.49472437155400628 -0.16075356410146302 0.44265593059443842 -0.73038470337811856 -0.77342904998832207 -1.0877118524785971 1.9535390684347376 0.49548340233986887 0.1603481480308705 -0.44461613276352113 0.72876687899162162 -0.76614335792433774 -1.0814423626031318 1.9415701123669278
171 -0.46447724469469598 -0.12569727615888654 0.52651120671606122 -0.70089017194526027 -0.81414990277318477 -1.2635879027792911 1.8322739449763232 0.46474251368598535 0.12597919037648281 -0.52690248298912223 0.70036948319070524 -0.8055346034538502 -1.2539682311548961 1.830641653930428
170 -0.38340482860138331 -0.29794154274913665 0.6342688202984097 -0.60161003823629089 -0.39661915851241442 -2.0310841066612007 1.4106562329351844 0.38244293564168141 0.29668980180663296 -0.63106192125364458 0.60619585451021729 -0.38289065009938916 -2.0134524129189755 1.4175407083009692
169 -0.32372487168249225 -0.34120314166674137 0.64065416362456962 -0.60691421650955191 -0.18399226436161201 -2.0881552833346455 1.2939782235925255 0.32342304785296827 0.34030560006168503 -0.63636970913324908 0.612064722053001 -0.17083019521226861 -2.0691180998115017 1.3050000193384363
168 -0.30785435770819303 -0.34579888047693158 0.64909123905931776 -0.60359704445715812 -0.19875074777938437 -2.0387532145541645 1.2452923269341372 0.30802637167328922 0.3447047502386848 -0.64435720371804706 0.60918156860933825 -0.18511049420601156 -2.0226076350637903 1.2617713729634854
167 -0.2274848136189149 -0.31950030188621653 0.68984848139135579 -0.60850578418731927 -0.33757751103087763 -2.1709358710487647 0.74248888412620562 0.23057885688211768 0.31963927629249977 -0.68481746707769153 0.61293487467710461 -0.3283043113507933 -2.1552143874167604 0.7744612981768757
166 -0.32581892503106263 -0.30041784027403667 0.68200326640946352 -0.58177546694881332 -0.92652951337001344 -2.0359840854333906 0.63404795803458736 0.33122866296691511 0.29854283579975144 -0.67748425240088528 0.58495712301894909 -0.91846878616244076 -2.0187574058166868 0.65976173864835097
165 -0.35601324597765827 -0.37593042542358202 0.66397739411543499 -0.53950431326632797 -0.92339639965949794 -2.0873535103205296 0.59361187870037624 0.36023377505208604 0.3732504197495588 -0.66241884527963846 0.54047851473198416 -0.91714182510645514 -2.067628253081077 0.59573502089032271
164 -0.34138582907075643 -0.51308494393689874 0.64509853701222952 -0.45171609840653615 -0.68594079677063036 -2.1869781467347003 0.37498265648746659 0.3437625784642126 0.51315409600478823 -0.64451093767823353 0.45067262465593461 -0.68063877292838559 -2.1627527574640562 0.36963953089072543
163 -0.3060152983333897 -0.53079778111725595 0.66193799779835227 -0.43179444162429143 -0.65450257974260295 -2.0136383120484327 0.23489010277717831 0.30765544937272654 0.53145896715807361 -0.66180318445027264 0.43001864581668769 -0.64904297063665028 -1.9818262627471506 0.22715129277297574
162 -0.32562236342952094 -0.51917233267002394 0.64964233757721357 -0.44988331670751286 -0.65001925923774506 -1.8706839817662728 0.39932343685453342 0.32898377838428261 0.51864858401459402 -0.64802312901526937 0.4503768911932734 -0.64530886660123521 -1.8464348103543877 0.40280017157119286
161 -0.29338423492955934 -0.50618167054169738 0.6488872682166098 -0.4864680053701359 -0.49103513482993011 -1.676358030020483 0.42214482054752306 0.29705826391460216 0.5055603884633536 -0.64628349130790241 0.48834693642910693 -0.48646455076937833 -1.6605554523395489 0.43025256161612546
160 -0.32046669695140273 -0.51098120031323024 0.57980578416303796 -0.54774497872878192 -0.41591384717039842 -1.24586984498593 0.66856436026303945 0.3224839416940441 0.51067430152173143 -0.57681392243290908 0.55000142181845868 -0.40504623571664844 -1.2499944756436183 0.67572406280167652
159 -0.29420023794456551 -0.52777674449674428 0.65339361885399772 -0.45604243969465902 -0.49806358951137752 -1.722116146972265 0.4141946163171234 0.29775904494096067 0.52685079024470471 -0.65202600833284807 0.45676020013997476 -0.49698818015538127 -1.7006545285778856 0.41276733202568039
158 -0.27814484997732131 -0.4994954347991819 0.62700711276418819 -0.52915199478881847 -0.22169417823843388 -1.4166272610758899 0.52021098125259102 0.28065944676929644 0.49893196277370366 -0.62568457681038092 0.52992073162270836 -0.22552419613840957 -1.4073973393654418 0.52134351792190325
157 -0.20903501225598392 -0.43844930463052417 0.63066829314365935 -0.60524711890550453 0.13176916452340726 -1.1861739828844127 0.62920726971467456 0.20974823128195083 0.43684790508583021 -0.63058227065827432 0.60624713378924078 0.13467814347265339 -1.1795840687118433 0.62768542466869448
156 -0.35863595981788593 -0.50496615896046471 0.57843705839347037 -0.5308483739330162 -0.48494903262819539 -0.7354646419261518 0.40111443424824705 0.35591253133691247 0.50369016634429264 -0.58227277038767045 0.52969888354656502 -0.47663141792438868 -0.73037115640747308 0.39213625199886337
155 -0.34085992445497609 -0.50282207253495903 0.61896049956800003 -0.49786782909395683 -0.38339828547865751 -0.98792654322196727 0.39677719888858531 0.34199919008875934 0.50263704406796261 -0.61842157006049303 0.4979430867008483 -0.38666226790986968 -0.98708740672887352 0.39236991610310579
154 0.41803941181579862 -0.68167370907195279 0.57636727818955591 -0.1684184228674255 0.060820465260049736 0.48032262743906784 0.30900096585548803 -0.41357893725710265 0.68607386657899505 -0.57414851778699383 0.16914074546847352 0.05635287617986684 0.49521548956193362 0.31890226881524653
153 0.4040462203378985 -0.67223664576165187 0.58672286286683706 -0.20149646675592833 0.07252703013429096 0.6299230955921038 0.26853193026088917 -0.40034561043262118 0.67571385886664981 -0.58554310503125073 0.20068244889186235 0.068920820145056183 0.64420548207917083 0.27868837193696239
152 0.41054702113437042 -0.67358281263129449 0.57829133537392541 -0.2081260901397298 0.064537366470396526 0.82933820546910109 0.24480494717440771 -0.40675088196495218 0.6768976577675575 -0.57772276985469884 0.20639690433953392 0.059668617629942133 0.83958664710070408 0.25356882404027115
151 0.43480035386676713 -0.66736333380728063 0.56951120101784147 -0.20305621113913916 0.11277753429966264 1.373721193186759 0.25512500747948941 -0.43510550602962345 0.66969348968365572 -0.5684327393205536 0.19768168697824356 0.10394687741987241 1.3793186607497132 0.27370380342560452
150 0.48631160226142711 -0.64484264867191221 0.57541606072406526 0.12874525630295819 0.026717469212766694 1.3084164786983861 1.1722190942021717 -0.48656941375933388 0.64819593463377456 -0.57113071817682126 -0.13000745622068829 0.014135642117215852 1.3067892961105017 1.1712686413818574
149 0.4417124783406276 -0.72402492444347943 0.52247259991405282 0.087751795433737317 -0.0048881132943787544 1.6561671114022058 1.042740423114217 -0.44374024816448543 0.72565836089284563 -0.51816124868913416 -0.089573744937603672 -0.020669316621638956 1.6483895185829383 1.0472486935485996
148 0.41301024476906517 -0.77323257137722334 0.4787720711667553 0.048075275847979368 -0.27222666022933778 1.8801672201216275 0.89293650495117127 -0.4171702844544245 0.7729188471777857 -0.47519660409485809 -0.052474726319364791 -0.28465239063647907 1.8724474971339564 0.91375271417910042
147 0.33701676531755048 -0.79851809986352695 0.46603856678414529 -0.17775432021477389 -0.2418203276171591 2.2708928013179746 0.20006130852857101 -0.34268342253171591 0.79840617108903 -0.46527649431061807 0.16921418891725787 -0.25821862919946881 2.270354678492712 0.23927806340283997
146 0.31018668091729834 -0.7179353068673231 0.59998440542582665 -0.1684393997277642 0.43555143968709226 1.3849509871935994 0.29980724303666378 -0.31658892675898537 0.71962295290350076 -0.59549580789792644 0.16522408990227652 0.41142110041651492 1.4042295487270691 0.31697605717340949
145 0.0088048213699439947 -0.61794012592689651 0.67656693837934379 -0.40041185519674105 0.99996117788467864 0.43466695743685524 -0.27357808489459051 -0.015460887101244684 0.61986817484365886 -0.6763026532206331 0.39766710705408592 0.98809027121342652 0.46333374167230801 -0.26865001754995887
144 -0.30336053391133683 -0.51242237906101318 0.65356151376181615 -0.46717559828381849 0.26886790315726922 -0.34440914466875672 -0.87983689784914132 0.29432648666523376 0.51257022745911562 -0.65939733394649314 0.46458458557518634 0.29001644419158534 -0.31225788932330301 -0.88636729533434022
143 -0.074633170264554016 -0.56966659228679462 0.68639732596993497 -0.44583469406265008 0.38415982507440249 0.6213292745720429 -1.3876757913212625 0.067395776356575898 0.5706182895481583 -0.68937007508012482 0.44115924171035081 0.39918532838079912 0.64343755163024507 -1.379771526400388
142 0.009541627295268992 -0.6777773582665233 0.70485585873790968 -0.20905747624195209 -0.39194511430593304 1.2807667490927386 -1.0014915704934484 -0.015199487310421636 0.67802913243570662 -0.70749004982408215 0.19875437241454902 -0.38750726549974779 1.3113975336992967 -0.97795817551074293
141 0.15834476813654344 -0.71792766465552904 0.67172379545446459 -0.091071100500060662 -0.6375144777187659 1.7004346112023969 -0.51812682140583022 -0.16068094393476948 0.71840562337612213 -0.67201735196668688 0.08042184537474327 -0.64196721684646452 1.7163317576417323 -0.49364922123357236
140 0.11366943081876515 -0.7300624331205855 0.6692840675605749 -0.078402430784761584 -0.70066697758472152 1.5221742747260647 -0.29578019641481246 -0.11599646648099345 0.72983455233121364 -0.67019645363167646 0.068724519110320334 -0.70241671448052223 1.5395347830427064 -0.27175754105021532
139 0.17329958910041754 -0.73414483405811803 0.65291331102512673 -0.068577134160088371 -0.61825058355610651 1.3558109737443591 -0.13364865607886936 -0.17518515317547387 0.73470412280537623 -0.6525771127631339 0.060523763410751136 -0.62335489990550608 1.3696202410449401 -0.11131022117764555
138 0.18944275532171528 -0.71868283865365123 0.66422098457265055 -0.080105577422458121 -0.57747188150267881 1.0168868372171247 -0.024555510183460649 -0.18854723671756027 0.72057419930031663 -0.66310759944404429 0.07423661083614283 -0.58503034221612671 1.0280692913562957 -0.0091701406787276785
137 -0.1123117451277286 -0.60556964606522856 0.68517620175837379 -0.38885093315403818 0.24314397939349383 0.093258055716187296 -0.12055987222381603 0.11048621377203523 0.60441873430762971 -0.68706114766194215 0.38783729779088832 0.24729850789448982 0.098789325043584508 -0.11898023333184105
136 0.12975396802673142 -0.69587466589168023 0.69087831695264001 -0.14700172895631969 0.77072096622979147 0.13987238917189243 0.51650314296920108 -0.12888712438321992 0.69556050769690969 -0.69074251845985846 0.1498614776798026 0.76246921585119354 0.15205072217842758 0.52260197225536942
135 0.037666853968556929 -0.55779090923307872 0.7103286228296356 -0.42764910531649569 0.73070011788926781 0.27970630151256654 0.49449268024136145 -0.041403981775057615 0.55711624362909595 -0.71063068280435415 0.42768122946277853 0.73697638130358456 0.28977602211692188 0.50373692412075233
134 0.0029655435712489368 -0.69727595626229344 0.70921603870259431 -0.10397142307783423 0.25935530769055271 0.22833900609900867 0.072096367300806458 -0.0025141769984753154 0.69776860140164365 -0.70848856475843069 0.10562486174454133 0.25440603021021768 0.23549292994992188 0.073001131942489916
133 0.17002480775455187 -0.70071383308848378 0.67573014396774456 -0.15323335602864632 0.02563849397163389 0.1676784940494572 0.19221135933344319 -0.16731400138651922 0.7029123292384355 -0.67364991854626488 0.15529349499331832 0.025889666721241877 0.1740920414612834 0.18751917889580841
132 0.13606524031969264 -0.67994008757458757 0.70659797238174993 -0.14102139239067724 0.37423797303111128 0.1814122734667529 0.25331617764817255 -0.13578133788919933 0.68033025248260459 -0.70573437865333344 0.1437120823896442 0.37610305870943295 0.18956481240827025 0.25335745333947601
131 0.15442968854338218 -0.6642619641837274 0.69932811977203868 -0.21412074895085417 0.65738259614174233 -0.25111355465196705 -0.15470506609869089 -0.15258151042320875 0.66549668093801229 -0.69677171947405703 0.21986864551051366 0.6608933576276228 -0.24553407139897093 -0.14961273273999343
130 0.037657468971236882 -0.68773325890881187 0.71260490931422449 -0.13341335331446855 0.64687832980564708 -0.47706910352922721 -0.52994915713395208 -0.037087409228768235 0.68912507228207265 -0.70968984221641762 0.1416738743867843 0.65165217620774718 -0.47143476089900993 -0.52315824364052332
129 -0.11770114368677533 -0.66690708976905844 0.71495447448667082 -0.1738432449135659 0.51881205982529277 -0.58380317419826955 -0.37247364990944426 0.11650586413034443 0.66836954413386163 -0.71189603032566351 0.18141824082516522 0.52522698159038694 -0.58199446849033065 -0.37075067204708345
128 -0.335287356397453 -0.44865091554239322 0.61229859036907408 -0.55801897893801433 0.031338322301730066 -1.15528115784695 0.43595368694481262 0.33380748352459083 0.44639856654184429 -0.61391447189997117 0.55893640508035092 0.041012397722829164 -1.1481180223215142 0.42481557754790344
127 -0.45463305902835466 -0.35454223145803238 0.53626981159748066 -0.61646028008338294 -0.30720240139798333 -1.0971694540416688 0.96740359053099145 0.45323039787584379 0.35336667599714772 -0.53868201058857046 0.61606484253225025 -0.29827503880530815 -1.0951340974864434 0.95782182171312202
126 -0.49176420159387468 -0.4120012409664906 0.49172652940007455 -0.58875119342296622 0.11710150881828445 -1.2157701769674196 0.75707925126203424 0.48875169578562394 0.41009204065265209 -0.49359406770539593 0.59102554461381918 0.12717566721381535 -1.2156708619950303 0.74948284238236429
125 -0.50506639480872317 -0.40066086502511522 0.4909845501707093 -0.58592915917021104 0.3895199113935397 -1.193666056163176 0.75828208528937935 0.50172410298111769 0.39809258163402933 -0.49277042886875277 0.58904373807744703 0.38647397193153332 -1.1955028375009877 0.74660752428430754
124 -0.41513010711516607 -0.57220406310069827 0.57705949444508098 -0.40896435566977074 0.58137217491520043 -1.5582328062512198 -0.020546583042522815 0.41250399430290485 0.56698427716989996 -0.57768138304453165 0.41791566590645074 0.5952957866978944 -1.5615060379996979 -0.00076225885439601404
123 -0.1400420605578987 -0.64559512979073197 0.71469253271164213 -0.22980368437299592 1.0592536461454798 -0.81872139839561764 -1.3406837914149037 0.14513780722839403 0.64389197066014048 -0.71117987115691084 0.24199449971760509 1.0508100583274849 -0.87140923907328416 -1.2963768619615736
122 -0.22102508441848417 -0.64687388753692676 0.68824270835376589 -0.24294867786950108 0.7818286181452434 -1.049475690227812 -1.1060679847173878 0.22487059989171793 0.64441428272721857 -0.68465320812176267 0.2557604936851699 0.78798939686662117 -1.0978474559490479 -1.0602497412217429
121 -0.031299475611835062 -0.48026765216263673 0.73492219264305092 -0.47775798881164089 1.5693258166405828 -1.1439850186524136 -0.50102730089279401 0.030660368336061342 0.47440748223680201 -0.73267797234247012 0.48701177753249664 1.5674508382490835 -1.1648457195341013 -0.44934731253731464
120 -0.10189603916159426 -0.3672047646046554 0.71221853786107669 -0.58951048538753659 1.3437470774830107 -1.4126456374117513 0.021607903294996161 0.098955974774062538 0.36097242180609068 -0.71002838493609632 0.5964614977825472 1.3388334408862157 -1.420831740101959 0.074066415167116872
119 -0.19157091512640811 -0.41326155446186219 0.68186998953055478 -0.57233625558669432 0.98148131412913064 -1.4879847489200193 0.18003609549036712 0.18789268054214867 0.40729263831223605 -0.68075429083365335 0.57912230391076636 0.98891485983004124 -1.489775937171079 0.21817171761330201
118 -0.20261581400670123 -0.44940852977138696 0.66662549902086388 -0.55909681571111314 0.23145066241561096 -1.4925267615977917 0.6401673806766448 0.20392923739924068 0.4461082882963151 -0.66429283782207804 0.56401709802574806 0.23733775044228622 -1.4939028032238859 0.65803407377549306
117 -0.25489535464433227 -0.46689296669389507 0.6625863274763486 -0.52727476184046551 -0.043301898049980359 -1.386637632704069 0.58979787493010472 0.25736807777220272 0.46425187926222616 -0.66189457874062163 0.5292706602288737 -0.0465857525296407 -1.3835980046089484 0.59792085809841389
116 -0.40784226587095856 -0.23673466390673181 0.596075152775147 -0.64985829018201657 -0.43459500750791846 -1.2122838860563112 1.625327693324822 0.40825098163823931 0.23236365363730105 -0.59613426192872665 0.65112380559647087 -0.43997115587967883 -1.2124906003006826 1.6427634728780376
115 -0.37861277281777983 -0.4791766693526523 0.60802303046411743 -0.50729683838218653 0.4387515117095836 -1.9703533952402144 1.1678487408671658 0.38099969058495647 0.47467973170833605 -0.60499157847597718 0.51332599588625472 0.43134763421279421 -1.9692785286211274 1.1911215682409804
114 -0.31351299129463756 -0.567636704962872 0.64070145755234786 -0.41109587416888521 0.59410126759727633 -1.8102578790985713 0.40902215376525242 0.31432038004056762 0.56310137118584569 -0.63812706879480674 0.420610732781656 0.60253867015736517 -1.8164291883657282 0.43899691204610747
113 -0.29930684881512426 -0.48495665419476708 0.6468267375563741 -0.50680136679645471 0.043098192004302885 -1.6865222308048662 0.2951580521769262 0.30200006007181235 0.48171042442141432 -0.64354486462842275 0.51244613173556841 0.04933961070186399 -1.6920817648196473 0.31201966124839675
112 -0.30529627490022054 -0.45266537964819015 0.64048027842074418 -0.54006782125404851 0.32539592132548756 -1.8193311121377149 0.18586814098935167 0.3030426112835225 0.45116537642343257 -0.63930932650467753 0.54396559073833139 0.33578072741372633 -1.8073186416160814 0.20507462784327135
111 -0.37223668977234442 -0.4430720458391863 0.61603398733591086 -0.53444282709212454 0.13338889801335935 -2.3550810610738693 -0.33360673518585826 0.3733366301862584 0.44030376554128486 -0.61398398825956368 0.53830847733638221 0.13595516181763395 -2.3314434270450386 -0.29413059017430138
110 -0.54807022482622081 -0.063872192502328784 0.41819689207645339 -0.72156131488701392 -0.84611798151933371 -1.4696497236442316 1.3724983990414821 0.54738702498689684 0.063480138981904868 -0.41896423633785934 0.72166937409084131 -0.83262372688919872 -1.4512487997210817 1.3686435144817373
109 -0.64640655734968966 0.14498580595409732 0.33047160426090522 -0.67225456299261144 -1.3375533004825235 -0.24384528335080349 1.6631492063046485 0.64659702680481035 -0.14291649483685531 -0.33450918780999783 0.6705152971419982 -1.3239724753388771 -0.25467893555417564 1.654679559954463
108 -0.56734227217037358 0.093915109785646905 0.39070696604463934 -0.71878422704362444 -1.548002085788355 -0.48999768843902819 1.6671128043866212 0.56723323311623475 -0.092208555372776835 -0.39346409457730147 0.71758626508806134 -1.5265650962849104 -0.49751177380685274 1.6587391877628272
107 -0.55567343705748429 0.093497922532091882 0.43156100759807808 -0.70444323160339717 -1.5114695433929786 -0.63110718259929433 1.510580903890878 0.55598915697203288 -0.091352168981641654 -0.43360179220638001 0.70322139070657774 -1.491016792536199 -0.63612825150559604 1.5051193899276263
106 -0.56054753305670402 -0.094230780651233678 0.41599192655661704 -0.70982937400590596 -0.97163161638778917 -1.0213488913030921 1.7852513778182006 0.55997820496394735 0.094588593722066183 -0.41794323663913779 0.70908452165495695 -0.9569007434022746 -1.0198863613283951 1.7715163100795863
105 -0.55740831446714834 0.016276700352345731 0.47646692965180776 -0.67971339911517925 -1.2275573722438924 -0.79421469614593476 1.7093271341850633 0.5572962182281106 -0.015521140885279687 -0.47838816300241327 0.6784723906198703 -1.2167308229845695 -0.79552666191367694 1.7009905906072635
104 -0.50922257676943927 -0.13371693606018581 0.4398147364435197 -0.72758171082434853 -0.72333324161635204 -0.98242333366371626 2.0188538074429849 0.50918290751509943 0.13359143103210014 -0.44201941531170064 0.72629534814479402 -0.71711796827411689 -0.97935026968009753 2.00945617299422
103 -0.41211551118358769 -0.23450482319861979 0.58274755699780156 -0.65997998314461581 -0.52002661097151726 -1.7732607776397189 1.6641880316600492 0.41157112203626089 0.23349639021470592 -0.58150656192199557 0.66176942034531594 -0.51077145252762435 -1.7570112843189816 1.6604354339915233
102 -0.29896418772085553 -0.34647789350556096 0.65069237605204822 -0.60594794786359196 -0.17898421617619481 -2.0672443999838817 1.2206490070812881 0.2993705703192307 0.34576945061917919 -0.64567009269523568 0.61149887983885576 -0.16544269903005304 -2.0495707143366348 1.2368112447186705
101 -0.2878490377123597 -0.29815589218011451 0.69652045733040779 -0.5857518655254873 -0.71115209602539864 -2.1181713766382795 0.60833149538898112 0.29220398355787885 0.29741601504245624 -0.69275449050625648 0.5884316118909565 -0.70645499553408087 -2.0996408497674253 0.63470791266899163
100 -0.37828113257306079 -0.47410979317362051 0.65489735683735706 -0.45081342123272161 -0.80895437655256897 -2.1664972421835911 0.45820845110017477 0.38275587427715829 0.47238788717318209 -0.65291850418332065 0.45171346189083245 -0.80649822483059364 -2.1446376363829103 0.46496938759547923
99 -0.29147023649076526 -0.55654682388031929 0.63481641500533814 -0.44978756464415115 -0.4686353689322994 -2.1639908040161848 0.24721063604075286 0.29403459580201452 0.55697365925862774 -0.63498176376279014 0.44735015262353062 -0.4700013928215574 -2.1339803799509909 0.24035063472677098
98 -0.2801474682957481 -0.5277776908628401 0.6435348741604715 -0.4783628024567097 -0.40942014911548053 -1.8363686235350429 0.38041814082735659 0.28381199688871694 0.52689943894991553 -0.64232889252676495 0.47879152611720582 -0.40788354699120788 -1.80943090682426 0.38554072766395109
97 -0.34168485999370213 -0.51730496918727842 0.57758473736309468 -0.53107710972177713 -0.43716471603918844 -1.1048650068013781 0.68032855654444935 0.34370954273261561 0.51669309855613721 -0.57621666054400178 0.53185181418371874 -0.43054182920363093 -1.1021682243794104 0.68199644287059247
96 -0.313927214904131 -0.50922902229760869 0.63688750549697759 -0.48632274461944985 -0.570147323241045 -1.4847470620452359 0.51333815143521422 0.31710940628354189 0.50923850049115904 -0.6351444756404111 0.48652776809498 -0.56486939565197858 -1.4702670364664445 0.51330534567164676
95 -0.31129681519109126 -0.48562233425408269 0.6525539861935743 -0.49136395515786019 -0.39885618738588685 -1.5242564162902028 0.5206799112611713 0.3140402845894803 0.48554446234753051 -0.65090183688846703 0.49188624037863193 -0.40370730756413664 -1.5116898724713721 0.51608907726272335
94 -0.22586161707550451 -0.47403511822238664 0.60582715117315822 -0.59770452526757756 0.059113680208356695 -0.68438334965908132 0.25544789867673989 0.22636198071845698 0.47164382344092876 -0.60788751150731302 0.59731493439280881 0.066240270272825086 -0.68450605441803392 0.25904332367291394
93 -0.28150144603424249 -0.49768623356544023 0.60337736392452979 -0.55587867876323627 -0.18128432841277278 -0.63095282384896234 0.1784353596705279 0.28013426017220755 0.49608945034271457 -0.60637791823403675 0.55473045149386657 -0.17290238490938492 -0.62590183089450635 0.1757798497344556
92 -0.33778134136796639 -0.50058057843699744 0.56367937576950877 -0.56354983031444006 -0.42432512590714205 -0.54703886228729814 0.29044858329976292 0.33500984257041272 0.50051319335498523 -0.56828244122919247 0.56063358412525721 -0.4146596322051046 -0.53831555930325869 0.28433603551339148
91 -0.36324559722853994 -0.50889726298769955 0.56791569746501047 -0.53530175825466986 -0.48246797310095579 -0.63128710525306653 0.37380611359985139 0.36085040568911164 0.50772137143118667 -0.57202214672519036 0.53366343078942879 -0.47328961170246053 -0.62526817396051171 0.36866580180026354
90 -0.33030019315207115 -0.50288097549047661 0.62767993921528498 -0.49399433276116306 -0.55067926434662606 -0.97899002959823123 0.31112528561348568 0.33904132537374049 0.50674724294709839 -0.62538775071441499 0.48697882162440764 -0.56437518249904883 -0.97070855974491299 0.32006566892020949
89 -0.29018034840643592 -0.48849140865238311 0.63619184345646074 -0.52194965982458486 -0.20365163512793755 -0.96535747519541992 0.37454298947737225 0.28964460280979998 0.48755286562803313 -0.63739678407248446 0.52165462418644482 -0.20058995063870366 -0.9586951534302588 0.36825844046136225
88 0.43328237515565554 -0.68070039808337646 0.54809435702737364 -0.22024061211174781 0.051569653096918612 0.26745456339099527 0.25552466623031173 -0.42702807460440029 0.68560201590889414 -0.54652476309917941 0.22115058806321314 0.045507419288343676 0.28395660789085547 0.26380108998161511
87 -0.099966762206525631 -0.68468846314595599 0.69867691099087548 -0.18182114546174402 0.37240151329121801 -0.80641133850331026 -0.15096461544305526 0.10140218545036506 0.68392537027460587 -0.69778271268397163 0.18725108960972964 0.36683537099991148 -0.79418204700516826 -0.15280536673543055
86 -0.074200890475360326 -0.65962345381415854 0.70507324575786734 -0.24952523949975403 0.69510240125024236 -0.61336102701901407 -0.1464203607015436 0.074178501291599488 0.66043297943817814 -0.70247934217934505 0.25465388948103229 0.69157581130352153 -0.60562822724209653 -0.14334414539241358
85 -0.11738456685106573 -0.50271848729969248 0.70839356332367431 -0.48132478165359721 0.35387994449904625 -0.83810051918545414 0.39527434785180615 0.11730694510179365 0.50108040572476431 -0.70750233729243495 0.48435312567932498 0.35892081875103088 -0.83220842189734767 0.39606884959334465
84 -0.16640244348577593 -0.47335023312253272 0.70211521468259852 -0.50525637939170653 0.31026599229786356 -0.56208454330255531 0.45656650150202965 0.16478745327025712 0.47176882840049505 -0.70270786844882549 0.50643945286128256 0.31388174928486201 -0.55826600060816389 0.45887307028357327
83 0.0082111537664457789 -0.68245635363420831 0.70779241986173957 -0.18225200334807648 0.66960226844039672 0.33392425568101058 0.10331781223244527 -0.0094550732604878618 0.68243402049176805 -0.70740047165768738 0.18379059269603923 0.66130065480957179 0.34098598438736366 0.10779634794014359
82 0.0450567097017733 -0.68052629901083861 0.71629383595699769 -0.14757028777999362 0.62902475606749031 0.2052294717279311 0.1502238419250409 -0.045620102096885586 0.68084219458305484 -0.71548153559375971 0.14986288594710551 0.6229883791440155 0.21507916909355318 0.15730397504834581
81 0.040702213872515915 -0.70247666097533901 0.69993224035165924 -0.1223304111295401 0.67286240943156761 0.56588543297602178 0.052235428722040435 -0.041869956036613094 0.70293245187864195 -0.69927066188409281 0.12309921326131867 0.66129641578870202 0.57211771601463113 0.059636011530247446
80 0.2125747525634209 -0.71483875118470985 0.66478507188295899 -0.043339849778846723 0.53841684347257868 0.3716999260975456 0.27138779634417098 -0.21319295503074018 0.71452267650330203 -0.66476598458365133 0.04574160500405651 0.53567907264985637 0.38554425362352918 0.2847329745229672
79 0.41840682700793291 -0.66041765454210732 0.58082288551375794 -0.22677968239180452 0.11413468103730948 1.0232185946699188 0.24743414073086614 -0.41642072791597556 0.66339995072983104 -0.58028333961215428 0.22308188743632262 0.10917069010036151 1.0346196876692757 0.25697260843283498
78 0.42077296186157415 -0.69045688675619621 0.56683990479338109 -0.15783511786358145 -0.019999285012221778 1.6611389381227781 0.30048445690363179 -0.42055845635561628 0.69218026507268426 -0.56667816121567616 0.15130408795835601 -0.027938866214079816 1.6610141418101412 0.31815046872030361
77 0.56750282468563096 -0.658804435842956 0.45977873027748672 0.18033518367721832 -0.46389233296644233 0.96239937594398584 1.201527480290937 -0.56254988383498339 0.66397490907999401 -0.45760917681725527 -0.18239733989862511 -0.47160082054678121 0.96463106203015569 1.1979359556577469
76 0.4344813423238873 -0.68334831421936537 0.58638824185967864 0.020245355879794254 0.17968013001368568 1.6029374408999344 0.94535635921641814 -0.43692460956715229 0.68507314002000341 -0.58245538174788702 -0.022746574481611881 0.16479732873224329 1.5992788395000979 0.95545771321706852
75 0.3382851076734098 -0.80080172953554407 0.48355273591263581 -0.10225716351764685 -0.23131071781241416 2.1399438676296803 0.39370755848735384 -0.34410104064406849 0.79951487049803693 -0.48306033701767709 0.094990296770484581 -0.24029646515214509 2.1401707424953784 0.42888084528299153
74 0.25294069920436119 -0.73535536186353068 0.60921803474991987 -0.15532829941775281 0.49560334933605887 2.0493260738122752 -0.007067741857353255 -0.26138352793955177 0.73436821528291307 -0.6080728800461066 0.15043054296417255 0.49113358638472171 2.0574118488045006 0.040265790686269121
73 0.33059107113607772 -0.70544781246191113 0.5578152600612557 -0.2861731350434531 0.44124022420774212 2.2446578344958996 0.03129751294649203 -0.33712224857627776 0.70694199992560036 -0.55644071088069236 0.27740824344394815 0.4172134257560316 2.2493242703463832 0.07451407422206735
72 0.32711481188954389 -0.73982818504876513 0.57825133505067583 -0.10618639254645314 0.23785798771095698 2.367906644006287 0.22919186307887898 -0.33451870214260016 0.73828816338452874 -0.57715868889936583 0.099577475119099715 0.22971155580095726 2.364082093343379 0.27497392108199747
71 0.2327577607612959 -0.73174648018881294 0.61753985039486803 -0.17033921072657918 0.51228055374819026 2.3064588993332142 -0.19410488505640275 -0.24193968820484418 0.73128810696070112 -0.61681431359284133 0.16193515503487474 0.49841931706766474 2.3134035311785457 -0.1380215098040809
70 0.20737407240753822 -0.73513712404920295 0.61452198893896259 -0.19731226025841089 0.51899115835263143 2.3715034427069344 -0.36321761368023031 -0.21887902658086142 0.73575150660037925 -0.61319984555497675 0.18640719318105503 0.49715977273000433 2.3881063268747367 -0.29970474975795258
69 0.23387666782140856 -0.72557992349071843 0.62374401447538408 -0.17256559124602064 0.56806194676184507 2.224944706272395 -0.15074641881994411 -0.24286953781874254 0.72498378379208128 -0.62290177344699682 0.16554842637371578 0.55818279681380645 2.2308072816608098 -0.097269806205520837
68 0.24956892173899431 -0.72154223636945658 0.62028753906554801 -0.17982080890988625 0.59281986724593561 2.1120004112432351 -0.083025484299403873 -0.25877248188716151 0.72034959146485456 -0.6194786586512937 0.17429704578669647 0.58772865627376447 2.1207169356493019 -0.031125587992632653
67 0.27119607254778144 -0.74448979664703763 0.59475852400637386 -0.13583052324448894 0.43710075851826274 1.8539990458145319 0.077814278066037981 -0.27799184846523317 0.74427207709103438 -0.59247490952380832 0.13324071837931337 0.43264687786600575 1.8592585742761907 0.11448513072086541
66 0.28069345407244561 -0.72348288144370798 0.61157968618690828 -0.15412330304763019 0.48858800229353261 1.582761934616207 0.20653130190161489 -0.28562690510296146 0.72373389499880914 -0.60927111790642685 0.15302034242612872 0.4847281749234984 1.5882807914652108 0.23197306108750837
65 0.1701361161546362 -0.67075260769492129 0.63540036619926787 -0.3426529087635406 0.83767150694263504 0.92942517241528277 -0.15755295354710619 -0.17679650925117918 0.67230051156983639 -0.63430035673767482 0.33825740775627167 0.81985006525766035 0.95920631510329679 -0.14823715487870714
64 -0.062602982208167568 -0.59011844881580433 0.69211839920115314 -0.41086884096157206 0.94954507468889404 0.017435908115561366 -0.33009855262127202 0.056736166723027961 0.59195376578932113 -0.69206874161596377 0.40916085276027436 0.94060364693673826 0.048889159106941582 -0.32960997810071646
63 -0.26230503919368142 -0.57028481423862121 0.65511957071144089 -0.42046360738270866 0.31571686535510446 -0.58843826394725141 -0.84055952294665781 0.25744741656045073 0.57019410428692818 -0.65792676822029361 0.41920386305707824 0.32185921020295361 -0.55864657547146002 -0.8464850514909994
62 -0.24853286632735261 -0.56835744254451159 0.68093598340210026 -0.38926522881910047 0.28694455386686013 -0.68152368870749513 -0.87325976709816422 0.24438557240142583 0.56742653897415873 -0.68375178391162938 0.38831213329935926 0.29255656714927092 -0.64946829892866098 -0.87630827285305513
61 -0.25022110232213729 -0.57884581639459176 0.67860069168802761 -0.37660061342980228 0.25030490888798423 -0.35535484502544684 -0.88358441789050524 0.24419031657552306 0.5784399074509593 -0.68199315939978822 0.37505158750599465 0.26091008365785351 -0.32521162413054078 -0.88648714959061692
60 -0.2813880748217274 -0.52940399800225701 0.67173228833315224 -0.43511824951161954 0.2749427200063575 -0.36545035535635567 -0.85398272884046567 0.27347907723068465 0.52975215893226346 -0.67602963912108083 0.43307709643143255 0.29130484853051253 -0.33490590740509674 -0.8588443326276809
59 -0.2951492472388067 -0.54181258742943816 0.63980957075994049 -0.45822456843927906 0.26250130929673093 -0.15040421689712399 -0.90989278590495937 0.28716376196829074 0.5419672093787915 -0.64493547597013623 0.45592406122682094 0.2787718042261953 -0.12650686993243609 -0.9166486578964661
58 -0.067620140656843103 -0.5826562238467714 0.67710889460381918 -0.44436785014058278 0.61394753472999763 0.64386487461501229 -0.98150301738693857 0.059557502418917538 0.58234005812492284 -0.68134699037296975 0.43943058532421064 0.62587052103526553 0.67236460900745543 -0.97435495091721513
57 -0.21566030734645766 -0.51834650643753055 0.66800088622338039 -0.48844891964668874 0.60552921049237896 0.10287916637480546 -0.90641553098681871 0.2065936979377494 0.51754986766706246 -0.67288129864985369 0.48650995506515438 0.62570854649623087 0.12420608515862264 -0.90522344174313574
56 0.073714555266613455 -0.70798116847439485 0.6895457153675032 -0.1336246079350458 -0.64771202884013246 1.5592547294561889 -0.77563587367364328 -0.07788936039008261 0.70796661421492479 -0.69100206062209202 0.12342071508098779 -0.64456287157946646 1.5808738818279995 -0.75109734881072399
55 0.12958571511628003 -0.74123124635134374 0.64971832527355367 -0.10793460832357805 -0.50356399792167295 1.6784318480543521 -0.56972082651205691 -0.13392308708646558 0.74121589603000415 -0.65020671819537845 0.099472739136232308 -0.50562676122286554 1.6953459292221056 -0.54878751318380514
54 0.066848185973534063 -0.75211967561870252 0.64151319994316158 -0.13530753075106142 -0.66037662988944157 1.4920110099134472 -0.67393671509306019 -0.068862604950338982 0.75224916872603587 -0.64300864256151535 0.12617058049180518 -0.66338939620179715 1.5099987787928388 -0.65624034552716104
53 0.097022741640128835 -0.75187120649518735 0.64339696156750859 -0.10637963288996047 -0.75584303147551413 1.514558719040948 -0.45917161818424979 -0.099528249141052114 0.75173613097584424 -0.64469688626813249 0.096710091741036813 -0.7582550435038975 1.5327916975583447 -0.43538808097597048
52 0.1448304489576428 -0.72991269809560611 0.66517687386361168 -0.061573701290021036 -0.59142562860280434 1.4770396050857573 -0.16995834718135006 -0.14783789356943278 0.72960402341153574 -0.6656519374264197 0.052243893873886858 -0.59403833985069276 1.4947273510948551 -0.14448095287187623
51 0.15223027267038719 -0.7456476636236179 0.64385405645863425 -0.079293504129294867 -0.6974202603052474 1.1841489891052559 -0.15449648636502361 -0.15320412008198922 0.74589790813343271 -0.64424832968389478 0.071476555118333313 -0.70200640562141192 1.1997263929660555 -0.13162652720887369
50 0.14932818616998794 -0.71722646736642481 0.67807440177270129 -0.059181018788575887 -0.64172772514832821 1.0654516820152264 -0.015431009965421015 -0.14989308935411708 0.71852787747986513 -0.6770546120191796 0.053355443880796161 -0.64640855985379475 1.0787058940062515 0.0025744828036837752
49 0.18206038721569209 -0.7250277756354454 0.66208499615716576 -0.053218397453855273 -0.53814333234770684 0.93205004304032057 -0.067172090316714159 -0.1811161149336816 0.72684502652541405 -0.66074226848118223 0.04809277460222889 -0.54439922711915756 0.94207385483985318 -0.054967285503930263
48 0.14969772678890431 -0.71886625904595347 0.67789864034652692 -0.035711701385414976 -0.53236860564327915 0.80548102478891215 -0.019373367404725932 -0.14838073959464526 0.7201686642519699 -0.6769791696006886 0.032240581161663111 -0.53560321222307194 0.81553857850370159 -0.011381760776346894
47 0.22257384726607765 -0.70068935922648756 0.67450131763160126 -0.067403834410087571 -0.30658835113468891 0.82740878537165141 0.0050543912296142765 -0.2210871609639313 0.70267277356855595 -0.67322518398327613 0.064337331255390845 -0.31124712783878683 0.83726813484528517 0.01516501880863097
46 0.30701032779642473 -0.70215558709107062 0.63922797808739296 -0.064107582807564692 0.17161054053566702 0.65128180158827065 0.38525928889818667 -0.30505299859625917 0.70540650888361411 -0.63634140931403071 0.066437459797132364 0.16467038400218112 0.65675341674480947 0.38672275074643536
45 0.34822785398983064 -0.69684448758001771 0.62060274862123754 -0.089427905257504658 0.32445518057340816 0.65940399072516331 0.50321004086508736 -0.34673345981155956 0.70047118151776666 -0.61683414483706778 0.092906778403586215 0.31681588116453163 0.66416667064181079 0.50231233524912078
44 -0.049430456607189352 -0.55300585239173283 0.70829973818824077 -0.43595027017145765 0.66452115526407962 0.4571605113068028 0.18332499834200683 0.046759831346929258 0.55204480906783782 -0.71006643558634008 0.43458681987305059 0.66406739381939506 0.46451236215410763 0.19708830200666139
43 0.117507900577642 -0.67691733888425132 0.67482396632755881 -0.26942053390497195 0.52361942724888078 0.49968141719816644 0.37620392366071287 -0.11799324922923819 0.67678976393919643 -0.67431021205967179 0.27081164390678297 0.51869277928963342 0.50702981931225732 0.38314943141569557
42 0.26446093684414301 -0.72813256610247945 0.62109420751930833 -0.11885017648492915 0.41386709817485678 0.35562568107409126 0.55743880804628221 -0.26343758817739987 0.7303045695370064 -0.61825006704497321 0.12256723643587947 0.40639570168606642 0.36471421696020689 0.55866724546556235
41 0.3315736113458907 -0.70838178393724927 0.59828730888736836 -0.17408757701006075 0.28059664349186692 0.32361836431587709 0.53208006110391382 -0.32669934252370997 0.71212581741535741 -0.59551305009033384 0.17750652646365464 0.27067874474604192 0.32826683093830411 0.53013033378528363
40 0.23194898364705613 -0.77458136861546922 0.56524421268638481 -0.16346972931840786 0.45747621679404094 0.32969278304151484 0.30868742178569081 -0.23085106628720228 0.77564618093090654 -0.56356386523963409 0.16576054113547289 0.44765151176771423 0.34112373781910843 0.310016196976384
39 0.27721495757943232 -0.75697193654835337 0.55986922827009433 -0.19155104230653183 0.36940912101413981 0.42380339453008126 0.17637813393425594 -0.27474058152513797 0.75918211843630279 -0.557369719364607 0.19364689474715566 0.36007312242797962 0.43067562479848842 0.17412878848088759
38 0.24039951908520285 -0.74718560129226996 0.57243391626255269 -0.23715218733427201 0.27572293000798154 0.48737254835216914 0.061759513587242042 -0.2383067978427573 0.74839936287184439 -0.57144002254493043 0.23783305991555934 0.2696491324002559 0.49567460327063917 0.061259709740220991
37 0.28885073115308668 -0.7141119582278409 0.60614897032995407 -0.1979716949370838 -0.0030018738219060371 0.59288648656620535 -0.025347287990899876 -0.28589244847144485 0.71665963023681001 -0.60477159967029459 0.19727086588767684 -0.009040199214453537 0.59973161592508617 -0.018511898370813018
36 0.23948606830116859 -0.71959953682393796 0.65028102224967999 -0.044243889909612033 -0.23447993573892958 0.66394985157042274 0.0097628212571957678 -0.23637358433442127 0.72229528424402722 -0.64846272997618604 0.04373944237836578 -0.24044643101719321 0.66926896379368706 0.011955463436416292
35 0.14016746959215762 -0.75581967697461816 0.63927512803071507 -0.02042075041297968 -0.49834197097769006 0.65795128332768715 0.037774608396748198 -0.13794844802764181 0.75729965055642912 -0.63807489360166425 0.018107874229193362 -0.50414879074252805 0.66734719412755938 0.044015226020798881
34 0.14191451880546968 -0.74544334318526073 0.65085681456583033 0.023662172051884124 -0.51718730377370581 0.57277818584272877 0.081752541689755862 -0.14002174553654628 0.74719533486701006 -0.64922626161177466 -0.024460244550594333 -0.52015046358914352 0.5811414949938567 0.084364596128970959
33 0.13326635100042605 -0.75352531480987317 0.64376518674413796 0.0024625125375979905 -0.54543574517555482 0.49234572632158341 0.07085445190491968 -0.13080750648233408 0.75554387481955421 -0.64189869785395737 -0.00298515726922701 -0.54927792153536958 0.49977397194284962 0.072874219702632193
32 0.13798661197187378 -0.73951771390807541 0.65879927627624268 0.0075338775273564081 -0.57187711912705907 0.42888799354939167 0.071303558660869057 -0.13463410791038305 0.74166047206311947 -0.65707619619289914 -0.0080170794530596348 -0.57512017429252937 0.43618104489640963 0.072409493006553305
31 0.18092022095130089 -0.71960622999674628 0.67030157797150924 -0.011425496475298929 -0.61684944365807781 0.35918769729544253 0.029206655352763393 -0.17575282866818548 0.7223067793064778 -0.66879559764016672 0.0098136822939712196 -0.62127791536660393 0.36622165267262385 0.031964584135448781
30 0.15841518142683067 -0.69375290008176138 0.7025659408959295 -0.0035556454642156664 -0.60591759333117967 0.30990732713751501 0.042321061610096765 -0.15395175787350912 0.6965450545934414 -0.70079283903994749 0.0036386700051586418 -0.60719728168137665 0.3168360244913806 0.042485663829349818
29 0.17539833695522677 -0.69333860296460459 0.69846591609868347 0.025736532028570618 -0.52529228110363935 0.2758802499191072 0.072802128197240426 -0.17090446494232167 0.69656250452458424 -0.69637927572836722 -0.025460665530419289 -0.52845944672878886 0.28363138026439327 0.073072068907976018
28 0.1735459534445431 -0.70330307946930204 0.68934357773247112 0.0072119547292292651 -0.4435991570428674 0.28729744745011943 0.10540982803276037 -0.16974082596321288 0.70643026477724047 -0.68709482485084739 -0.0067107876786217232 -0.44724252563079225 0.29524201683711615 0.10433444236521972
27 0.22992166586877599 -0.68886886518524371 0.68742858180179023 0.0061366981757375932 -0.33275539988837693 0.2995880753746562 0.1653097155672327 -0.22523781535930476 0.69274727138364833 -0.68508616860254412 -0.0051074565259360133 -0.33891691060253459 0.30698425673835894 0.16656932370279431
26 0.20301232281377887 -0.71579679538620211 0.66711232845227264 -0.037176413592295579 -0.22878202062636077 0.33316980250687456 0.20129940685616615 -0.19936978085572385 0.71904596179897851 -0.66466715675271304 0.037975861232988746 -0.23554765590041793 0.34149825260289357 0.20044171719163995
25 0.1767889407686111 -0.73052978779428468 0.65567386945212325 -0.071858725878148566 -0.04176008457907663 0.32228698002048289 0.26524926165830603 -0.17517310216596918 0.73286240905295641 -0.65326051119031958 0.074012013849173441 -0.046798026174393215 0.33192147317970888 0.26032931518360125
24 0.18990919291758904 -0.69579498519578042 0.68165127661303115 -0.12310716515954338 0.050713280823209271 0.2107748773401619 0.21894217841675692 -0.18727279397222879 0.69847904311138298 -0.67907832542714075 0.12612911998072607 0.047561595611871343 0.21877834657551096 0.21092276977763635
23 -0.046447589048661024 -0.63074676210667435 0.69989714267947911 -0.33188120349398126 0.10060122257567009 0.10530328316477226 0.094047428048942672 0.04603883622745869 0.62981382304621691 -0.70045988291704175 0.33252206886547253 0.10468069873848784 0.11084168528427665 0.090174949881657973
22 -0.17160958109445079 -0.55554768020901846 0.65215503566672284 -0.48642649613841976 0.055894110134936816 -0.1431951687387151 0.090962939533978021 0.17013703731410906 0.55445191647062142 -0.65411332216820228 0.48556381930505316 0.061425080323640024 -0.14121830737679764 0.090955783413575908
21 -0.21698278622767059 -0.51132537363002706 0.65875588497261717 -0.50745001406733081 0.15507755305430773 -0.30339734398249862 0.17011377641242287 0.21447144418064834 0.50963308311796451 -0.6613447108805165 0.50685233906248373 0.15945984028132898 -0.29868880403394338 0.16964825062970856
20 -0.22421658849420656 -0.47584327935298254 0.66340386489803371 -0.53216107239911015 0.3090466980284205 -0.40123753961796893 0.18787123486661408 0.22102028432636742 0.47350982976454015 -0.66631669139823024 0.53194035548805985 0.31508129978057298 -0.39639577477565846 0.18625480778257941
19 -0.14588904827495811 -0.5001461730026171 0.72346598226558712 -0.45295382074638824 0.36430223574736487 -0.65745994433012356 0.21823385402646328 0.1447053213163341 0.49838931282924653 -0.7229518044463743 0.45608020269253019 0.36814760811964131 -0.65242169173286935 0.21530295181715431
18 -0.089614243689730533 -0.32553067503111621 0.83179734165309749 -0.44058171700666815 0.25036015439091158 -0.62659205675285146 0.16871253800310118 0.089314957659904867 0.32491715516483427 -0.8308415757297728 0.44289271461231883 0.25471588893723496 -0.62428697734533856 0.16545752639744915
17 0.086624782521264654 -0.49876816518969214 0.79585081822914239 -0.33218660353851526 0.58766877224941549 -0.41750433652600649 0.0035445657600153006 -0.084995632569598412 0.49954833189762887 -0.79334895290033425 0.33737908274570549 0.59010631477663367 -0.41337044164136527 0.0079287746839601381
16 0.21616254710433708 -0.57971335745831221 0.69579338698341375 -0.36479821688698699 0.7213976824558983 -0.066377041086532404 0.16347239967043864 -0.21269586009501965 0.58162814824866649 -0.69342220180548286 0.36828632652666238 0.71879865032399404 -0.060970186277741867 0.15884581166551026
15 0.22040164988053984 -0.56252894846525769 0.70205779302345339 -0.37696040922561791 0.55478316922861703 -0.031978385813589708 0.15326678640634561 -0.21604811198298224 0.56418543748760064 -0.70097702361668857 0.37901084126579021 0.55313115968646009 -0.026213557057951586 0.14751591592682756
14 0.24221531406145078 -0.57996820362850054 0.68664505948129773 -0.36535898333552547 0.40463207673821588 -0.029734382505105253 0.074491543590637088 -0.23669020240651389 0.58255423091120884 -0.68525428384406151 0.36747092756512834 0.40381515168335658 -0.026106560100747966 0.070258582703314615
13 0.26914239351773611 -0.63149208266462498 0.6394638949935415 -0.34621676525426548 0.21569794424409894 -0.035574764835522438 0.055151104606727529 -0.26322954893382727 0.63388875602521144 -0.63827436852531394 0.3485700504009423 0.21817221466508829 -0.029722403374757622 0.05022049780203347
12 -0.23384847826548141 -0.49629535852752887 0.67498198249366048 -0.49336105402218178 -0.17571912851117497 -0.89979536994939857 0.18994514834100398 0.23940855258770685 0.49416265311499624 -0.67352100902435963 0.49482953389729639 -0.17629278791630165 -0.89652103871687316 0.18400434143290112
11 -0.24157884874716143 -0.50175580678493403 0.65994945531962157 -0.50432874855487808 -0.16141515093231346 -0.80508194707477831 0.23585228793084079 0.24649085866412351 0.49974029442129808 -0.65874678425159894 0.5055240537945892 -0.16053938759693498 -0.80377996799504592 0.22864836914932862
10 -0.23293479295716843 -0.51157715716568419 0.65995632488009859 -0.49848555018880158 -0.15359814552539941 -0.71719669238328898 0.23183628880513488 0.23688173835936277 0.50983445686860107 -0.6591792168374847 0.4994383132188252 -0.15176363237162782 -0.7167424513135825 0.22944195823916935
9 -0.22584855309966945 -0.50456804848133652 0.66022771488339416 -0.50843178501581865 -0.16986531766786669 -0.58296522915605276 0.25977365754119613 0.22972471964320981 0.50333209433003701 -0.65948136618910547 0.50888867510639124 -0.16770221871261315 -0.58408237172703126 0.25569057779176863
8 -0.19534446940012065 -0.52149512034306966 0.69337258685548497 -0.457294033998352 -0.1262124853070575 -0.50209911930004103 0.22729397180450128 0.19875225720844589 0.52055665198849055 -0.69270239309312021 0.45791015158887421 -0.12443198469951267 -0.5017803430729777 0.22177288681101798
7 -0.19078841221107187 -0.53221875539931707 0.69400934733277952 -0.44575105606370624 -0.11850478225460825 -0.40586997429397481 0.2449891442377731 0.19371942018604588 0.53141696156663798 -0.69388026017150517 0.44564445889788534 -0.11675423480556057 -0.40509768912361765 0.23811848947148206
6 -0.15907042861871978 -0.54433102554189083 0.69134234126668159 -0.44771207326078982 -0.11559809868529333 -0.30800464396534472 0.22668521664150729 0.16198973931507379 0.54398505249069884 -0.69091431893938149 0.44774656995655104 -0.11214768875482317 -0.31025481603169969 0.22092275864872335
5 -0.094943125430103373 -0.58902976525081518 0.68795109950783273 -0.41322272840212559 -0.11816625053884428 -0.24135303342835679 0.19778354333378312 0.098423398906739124 0.58991250205114243 -0.68690875623652903 0.41288307676264802 -0.11604116364057304 -0.24184902875723996 0.19282871281881969
4 -0.0040699298880513815 -0.66881754952930839 0.6755149588138929 -0.31039661971577936 -0.10383443306590992 -0.22208306763647478 0.060343589866358925 0.0083500469859570103 0.67054306288351284 -0.67359645722108996 0.31075728527795804 -0.10158302597655833 -0.21886528674683403 0.050316160168136781
3 0.1286554688927028 -0.67116020520611064 0.69973318833895759 -0.2082431617333135 -0.15111966800850732 -0.1346982445193754 -0.030449841289465422 -0.12238946129356248 0.674552872404658 -0.6977581505610112 0.20768438896694688 -0.15291819608690027 -0.12686249264678098 -0.03647564142137516
2 0.10315150981385847 -0.70722924901662332 0.68264798382299552 -0.15224416422609988 -0.23906145984942892 -0.02419102510561796 -0.020258082050801578 -0.096844622560967639 0.71001913951128415 -0.68081993399970142 0.1515854810901148 -0.24372877815670083 -0.017113592260151494 -0.025589774075439178
1 0.1670498948011217 -0.67989664992330845 0.6863299602762275 -0.19694177742984711 -0.11362134359494895 -0.035816059116214757 -0.051157316953952592 -0.15937918595918665 0.68299091538103174 -0.6848753334869282 0.19765490677222317 -0.11638081175108528 -0.030269071973322605 -0.057326323881881192
0 0.17720613589761605 -0.6664876511256258 0.68987821851697173 -0.22013686631986754 -0.0029554642301176065 -0.010522886782159522 0.0084465617671119035 -0.16695837684610207 0.66966220587022085 -0.68773887396964062 0.22515033124762598 -0.0042401174063938299 -0.0032989967222692069 0.005012785157807384
