202 -0.2610577213087209 -0.44518214828968744 0.67881273364572359 -0.52237438071721853 0.62213048122773884 -0.3482110228189646 0.40585327687757955 0.26014766334643108 0.44233675870431777 -0.67873296774978198 0.52534078810227902 0.75893175945930014 -0.38644284185009425 0.39676728897736169
201 -0.33322395035998004 -0.28492063902599868 0.66438362877138246 -0.60529036187938423 0.45884320864644657 -0.2667559187798651 0.58845981557827309 0.33062562192843048 0.28276726576823119 -0.66421529227504228 0.60790411829693758 0.58368143839460263 -0.33274423852735036 0.60688404816855201
200 -0.5336441872511557 -0.33159124757634889 0.48193702841394037 -0.61074366684179016 0.61960780716851194 -0.95197602307839413 -0.030968997218116519 0.53224261652735738 0.32764106228675738 -0.4811150931319409 0.61473359971321018 0.72895641340890682 -1.1434690099699343 -0.087441279635489977
198 0.74153781732907131 -0.079783761226543182 -0.10343405247627632 0.65807113118850447 -0.32920102717340138 -2.033549484011103 0.65505148060775042 -0.74011710838682532 0.088361394878556765 0.10059275848633722 -0.65901443588767417 -0.38244851217191211 -2.4107071791578796 0.79542602087209602
196 0.74049460095011743 -0.25232673551155277 -0.012185783999847799 0.62277642150142343 -0.73386982387364541 -1.3694345250235398 1.2814727619663826 -0.73968936126853568 0.25661268109524188 0.01147813788842587 -0.62199504264734451 -0.86281137749832193 -1.6385032737536083 1.5219802127273956
195 0.70118618563503698 -0.17098135992556973 -0.072394313710493943 0.68837662000897215 -0.3324310617786651 -1.569983017797602 1.0430492781656286 -0.69942800117472193 0.17717319477028093 0.07203463444216103 -0.68863716256705876 -0.38279150683503005 -1.8765239814142447 1.2434345696657918
194 0.71019755066364765 0.33944500297559399 -0.26787280546225051 0.55555439794860584 -0.060180609282698527 -1.8097722739889357 -0.51940326243284851 -0.70899150994188165 -0.33480318878373355 0.26356866600060158 -0.56193364547181013 -0.07810708832562932 -2.1544600876233968 -0.62342186732929328
192 -0.63504203553724614 -0.19426007415883481 0.38672001467034589 -0.63986894513007986 -0.066025038857618248 -1.9117805850398069 -0.62758989450855396 0.63558825279589193 0.18571588842278552 -0.38103426065529844 0.64525194606608594 -0.051686505432645635 -2.2817040942020146 -0.72302381424621309
190 -0.65962536385622716 -0.10704766514057856 0.32725247691885445 -0.66808756394350266 -0.082283320395610079 -1.8596104930008726 -0.19949412797847485 0.6595585704901018 0.10047427833249192 -0.32457166430274981 0.67047792373676385 -0.078308177453220162 -2.2151992112205683 -0.23653150842800441
189 0.71945336004902349 -0.018121114088035899 -0.20399608365753752 0.66365961591072109 -0.33749259782279595 -1.7240811302680819 0.41342271252409157 -0.7184466703688589 0.024551625471671629 0.20274424679713732 -0.66492583790469495 -0.38562806990907583 -2.0616521357469075 0.48589519800346204
188 0.7189740728050722 -0.20409342647110673 -0.072968614278777072 0.66037696600926699 -0.56986180715446011 -1.3077522708397515 1.1012136080117902 -0.71854417869742027 0.20757866416981463 0.07343957296490923 -0.65970598797059343 -0.66386133571040773 -1.5814146001525689 1.2992081447853638
187 0.7867405054920229 -0.46862970215885874 0.00077281414824759663 0.4017772791372704 -1.1708326797305448 -0.23477455176268291 1.2227042325778938 -0.78734009350993384 0.46834727648439434 0.0013722071959939273 -0.40092957337770729 -1.4078200095215507 -0.32229271248978186 1.4491058042131364
186 0.71907172913398598 -0.36108602869904549 -0.056828731971372268 0.59103572096882329 -1.1548734509627112 -0.51880251464452221 1.5035800571877058 -0.72061695063483822 0.3591467585757821 0.060004833305829217 -0.59002053883080696 -1.3553780919107405 -0.67560938261350056 1.7666902802919642
185 0.72880685937022627 -0.52265200277109791 0.17891849212432859 0.40455360449540406 -1.0471023971241127 0.41499780613924558 1.3577391739586664 -0.73136948011807545 0.52279039000494076 -0.17251384878471326 -0.4025268483564583 -1.2659340403540682 0.43787166978543901 1.6204845931068803
184 0.73571169275082571 -0.42151975832565286 -0.013434256578845904 0.52997067771808926 -1.2260594380816674 -0.27426930780362868 1.3210697294678302 -0.73716924634196279 0.42046128453519327 0.016900786348039851 -0.5286853259505655 -1.4505244131125856 -0.38557151651771138 1.5614919237014817
183 0.73776408231184121 -0.44617329863891547 -0.036742592486890692 0.50525590380477314 -1.2325077710200427 -0.23629961192595267 1.2930432986999019 -0.73974831260598073 0.44468491939251298 0.03970119344006575 -0.50343973989039947 -1.4636479048392719 -0.33855005477731814 1.5292764818319724
182 0.72390379545836847 -0.41368093511793563 -0.13962926813743193 0.53416762005977436 -1.009101341142564 -0.47693277034022696 1.3924198281016396 -0.72450958872551385 0.41272880927394445 0.1423633794746233 -0.53336052912140308 -1.2008959265642964 -0.62584205548014227 1.6362078273202414
180 -0.5806975486287711 -0.015068669889169708 0.40519004592028046 -0.70596339769950345 -0.009288851176293177 -1.0626751396718892 1.0374458550214476 0.57875301578715732 0.011476127708336713 -0.40519231715961446 0.70762449881622591 0.023492404320384352 -1.2956244239571959 1.1743416050342335
178 0.68502079175276409 0.0097876670579095867 -0.28143343091018286 0.67189726923548665 0.11209505347852834 -1.5101091382085723 1.0501819128421048 -0.68345166388247169 -0.0049765215327370119 0.27910948829812854 -0.67451238010259829 0.13516564467250625 -1.8205284146919833 1.2035638057007816
177 -0.61879189067417417 -0.23557732858926886 0.37692933967454006 -0.64770687134161198 0.48815278545659252 -1.9020119786762613 0.33067614526404143 0.6170061833099304 0.22786737048046055 -0.37454676288338518 0.65352471540195811 0.58971788216925347 -2.2516765631278961 0.36076447418784952
176 -0.52671662077402615 -0.10983000474905241 0.48085517382303244 -0.69230432128135277 0.24270376437768354 -1.9357420103490246 0.38630495784516167 0.52535751204213865 0.10311139107885736 -0.47585330735812625 0.69780452524113779 0.32766124986929412 -2.2918579014078997 0.44246341387579946
175 -0.47945192185099189 -0.011987722921762121 0.54259071720530838 -0.6896212458554124 0.082186864797646003 -1.93928043388948 0.34238899882707685 0.48046472172098253 0.0059149290264362267 -0.53597603224723356 0.69415297856647085 0.13784253999792639 -2.2987720088279313 0.40622442611248033
174 -0.48947289466038679 0.0070452660491791309 0.52475753985879225 -0.69641666693182058 0.033379023125501679 -1.8441284585453575 0.44424817073092676 0.49034271496821114 -0.012488135913138777 -0.51823775901123537 0.70059809696717801 0.08093439831909599 -2.1915120397166667 0.51983511600409571
172 -0.48219536084590647 -0.011380504108978819 0.54732115592288533 -0.68395736006285413 0.069416115783473717 -1.5625864783592966 0.35912508450016162 0.4831294916190258 0.0077353517790809687 -0.54150000956669286 0.68797078302793302 0.12536941675480051 -1.8659198532296877 0.40503405317464569
171 -0.48179557017894692 0.019553208489915375 0.52625389708154302 -0.70039098823455936 0.044390552297554765 -1.471548076756569 0.47484865106543683 0.48293285697370997 -0.021954022269764256 -0.5207595856611329 0.70363579393279463 0.095880066966168798 -1.7621655414747337 0.53554652646964129
170 -0.47217476881333664 0.0092141457658133814 0.55587086277643927 -0.68408601150005666 0.080943358877482927 -1.264914653412142 0.3647626431373524 0.47337846168261788 -0.011352453977098588 -0.55192169748294007 0.68641561291337649 0.13890827085807977 -1.5205867468689287 0.40061816097806435
169 -0.46497385569734095 0.043551242018122202 0.54717113912449755 -0.69462676837696669 0.041509020501655225 -1.0685134568791712 0.41552874162288167 0.46571217392515379 -0.044273059346505321 -0.54540321152319626 0.69547638646771603 0.095669468410822134 -1.2947601974991831 0.46147972219156408
168 -0.43758065868850421 0.033657360647345681 0.57628650332154274 -0.68940859822417311 0.11232281435470103 -0.87215069061669825 0.33818969696322115 0.43774438653703834 -0.034275958318076789 -0.57515489212453497 0.69021870505072802 0.18419747500386663 -1.0687637451696554 0.36964000638436012
166 -0.44186277318922662 0.06586748587310301 0.56232838614907177 -0.69584879830697632 0.094813045653442327 -0.45560873334109731 0.402939641937479 0.43970212570394401 -0.065032750230050382 -0.5627550916006121 0.69695013374454251 0.16887279055512217 -0.59641045994567676 0.44982276636690788
165 -0.43137468961472436 -0.32451324636478901 0.55909591911920509 -0.62930023305083704 0.23670850504531435 0.050939279155144637 0.10391796750894385 0.43046435744175815 0.32280626364598064 -0.56017681591162516 0.6298400495667843 0.31333195506913203 0.03767693890355267 0.043300915031878606
164 -0.37302215564044461 -0.48320677402050372 0.55196197742330133 -0.56807011928195217 -0.39013118890823123 1.0825278706881125 -0.73876860050195581 0.36909389614345223 0.49061179087887524 -0.5574459860595502 0.55885931960231738 -0.41125739390658822 1.2679505766387029 -0.92747442417710246
162 -0.19350690172686955 -0.5714394086867246 0.66634209655378851 -0.43817837868171472 -0.44034670896364231 0.93271855787227897 -0.029031811180947362 0.19235996998975724 0.57571658660951586 -0.66327798422912088 0.43773321725130904 -0.46383000382415673 1.1156947376477038 -0.10628955913127314
161 -0.23117745599037487 -0.57690186211555727 0.65229991324614212 -0.43387330928336348 -0.47026023046794135 0.66716616445992927 -0.020367796118834065 0.23255466580002415 0.57978938828449533 -0.64863178194535731 0.43478661904170934 -0.50436814446423783 0.80254577034093255 -0.10984695742110695
160 0.058023075764130821 -0.73344470466511735 0.57142277647083883 -0.36354944424098168 -0.70941677799673364 1.5129490502776677 0.71133235541793804 -0.061606034159917021 0.73561016783249933 -0.57459365735695567 0.35344661048266823 -0.8065404519609034 1.8342722161449982 0.78830066146077904
159 -0.24583216955297699 -0.50697738612474896 0.65937935665524261 -0.4977542951978523 0.26118593450321498 1.7321012592894993 -0.18675537565858677 0.23677237288250555 0.51016257823953237 -0.66820935205393228 0.4870002556788291 0.35993307936739605 2.047977647825217 -0.24374742333633392
158 -0.14853018184822131 -0.48167258425764359 0.68264058985541709 -0.52908612884533701 0.35608129122357296 1.7449951210150818 0.038552604651047373 0.13860084309721185 0.48611335940156541 -0.68943459852133138 0.51880973628662497 0.46696545796962852 2.0675682089581029 0.028015621976631877
156 -0.15027155566498496 -0.54332086515523825 0.66141375489668586 -0.49472491536049984 0.39912553499103465 1.7452492743691712 0.054870949051037746 0.14033899137528624 0.54569630250974777 -0.66792540161500769 0.48620589342827586 0.51047196872068312 2.0716264386930199 0.041662648648959077
155 -0.15588508163636833 -0.54737844495246235 0.62822758018814795 -0.53047788532189577 0.36458490223555262 1.5577699869553265 -0.073881719621957873 0.14619427637926885 0.54961922208431457 -0.63407891783156722 0.52391780865983506 0.47234468069093793 1.8552066872562509 -0.11178318655974095
154 -0.13292233392241029 -0.49272585490934034 0.6397467567552152 -0.57469728750853144 0.39650515429685668 1.4871427628809744 -0.074065887726087923 0.12429816574814141 0.49416516913226455 -0.64838267228629543 0.56564181412534409 0.52285618798628164 1.7764443710775595 -0.10331450974626222
153 -0.11620000574391809 -0.51885766989389648 0.6149468068269951 -0.58234414381074795 0.29978089188664936 0.94745530822201229 0.10369826131683414 0.11117421217853363 0.5196355137336004 -0.61824246298868535 0.57913339082717696 0.40335776875280871 1.1440362795777332 0.072779969568234293
152 -0.50867915269688313 -0.16239396514855559 0.54224076555190881 -0.64872850397418891 0.53863978449365757 -0.12229401757387641 0.52493400753570107 0.50421046875351561 0.1630736427865864 -0.54616978233719082 0.64875061394145794 0.65101691129692529 -0.20876199226098158 0.55016426841844934
150 -0.44875695912147645 -0.25043218452883315 0.59527617241855402 -0.61769506323337076 0.55792863427645178 -0.20503818166661394 0.49790805715569109 0.44526406305133143 0.24968620735166991 -0.59689987988474724 0.61895657796563808 0.67886678335357242 -0.28181965561581013 0.5074362154386769
148 -0.488686235262698 -0.17962731506577906 0.52772437038870423 -0.6711384209273652 0.48360194911866555 -0.41178324718369463 0.15957973239640838 0.48634964692266941 0.1765575026525566 -0.52931435999956633 0.67239703858177191 0.59467400343862664 -0.53015983934922262 0.15041386279336422
147 -0.54496605070193105 -0.11591799362475474 0.48664374689372264 -0.67286914474182125 0.37586182623301273 -0.95749029728516577 0.37932205225506693 0.54267338882990113 0.1124967082469146 -0.48691940975389131 0.67509967567345319 0.46125719107686081 -1.1677207565529293 0.4083163641646621
146 0.70488865377947818 -0.51602324467533278 0.30916143108128497 0.37586062078843413 -0.94541668614095686 0.38076926164019903 1.6272763128691137 -0.70676490048036178 0.51512968975047557 -0.31003322643513936 -0.37283263898535091 -1.1289268385934796 0.43026341549199643 1.9516929813399857
145 0.62892648420588249 -0.57789244803164785 0.4076219638289118 0.3230110378557966 -0.69561629904775579 0.92293157418422123 1.4137549643588831 -0.63487957492765357 0.57408128351250987 -0.40720364973044082 -0.31865936814492024 -0.8282516698794069 1.0725875741546926 1.6960482028831603
144 0.74116041055977266 -0.13820996209273428 -0.044398752160808276 0.6554448893719117 -0.51543385126582142 -1.8888915620149502 0.95676127625679031 -0.74124644255615957 0.14324663708877736 0.043207846477212104 -0.65434485889582406 -0.60652634352517998 -2.2354189943643905 1.1351068426224726
143 0.7495008689280942 -0.019453517656650925 -0.095779750712179756 0.65474899578412993 -0.43932837072325226 -2.0062441293676572 0.52937860629633238 -0.74890884482814812 0.027374706097119568 0.091732822245174692 -0.65572193567639669 -0.51004365776294591 -2.380669087055292 0.63993328795499527
142 0.7149673104848655 -0.39530252749852413 -0.034191556856042235 0.57566361195673754 -0.93503245772053933 -0.7224360019519559 1.3391396693124049 -0.71510900247281028 0.39671714419454213 0.035579375656637859 -0.57442904706530362 -1.1075010036104844 -0.89769235801446134 1.5867215411286049
141 -0.60969709691580254 -0.13934459513283576 0.36983699961962174 -0.68707578005054459 -0.19650495926777434 -1.9408510936489893 0.35322920176555755 0.60800097870491543 0.13500928337212856 -0.36506243519911918 0.69198028996763927 -0.18942648157934838 -2.3016844869595854 0.39259751022526479
140 -0.64472377215142618 -0.18148945993873697 0.3235814588144954 -0.66834712018939968 -0.32475028992642146 -1.9218147393891714 0.41617168369281116 0.64312179712832107 0.17747536994013596 -0.31965931639378942 0.67284081963396503 -0.34873120763632937 -2.2785592289338554 0.45795657049491179
138 0.71676613183236604 -0.31178838549099103 -0.011691363140492485 0.62361657046530217 -0.98993441596986698 -0.57655658530541198 1.6049109131369721 -0.71866599892648053 0.31030614587279964 0.014571927210723619 -0.6221068531674746 -1.1602643605191094 -0.74121061537263677 1.882507842160468
136 0.75878020965937854 -0.45693885878514323 0.083931705902656806 0.45652485310842639 -1.1158009944381038 0.061990533781911078 1.3268469149397566 -0.76072387191408231 0.45622333936230619 -0.079503297747758175 -0.45479520772363496 -1.3367689672829537 0.015780128170361563 1.5756709797490245
135 0.73369515696669807 -0.38493982959860534 -0.055841426394878414 0.55713057655310383 -0.98101964701442712 -0.4443901011932912 1.4262315725887442 -0.73462286706909186 0.38461748447363492 0.058910805861059519 -0.55581305379521384 -1.1657592526810827 -0.58570661579654315 1.6776287159076917
134 -0.56386687311396255 -0.037968751967610417 0.37731763929644702 -0.73365109033822096 0.1632784999715492 -0.53837604736020661 0.89141565756931418 0.56168434122570166 0.036852070277675064 -0.38202631307461898 0.73294510152992498 0.2176957746626349 -0.6948730899511415 1.0115189652102443
133 0.69651247881525546 -0.32486181956072141 -0.18822562975653606 0.61147876279481861 -0.76510433639990161 -0.91462556460277689 1.3282537470383098 -0.69606578006829967 0.32567431325157359 0.18958551699343865 -0.61113501229462874 -0.90042856244862435 -1.1322229234236105 1.5577234946419409
130 -0.54907430570768601 -0.050286342113275623 0.35754825280665137 -0.75375588722304543 0.19124826284107094 -0.35670728883800246 0.80716451927687782 0.54723057451628365 0.049724129431230252 -0.36176791742811237 0.75312029795153645 0.25066811683785462 -0.48548042511275824 0.9186733770333726
129 -0.53245748975052509 -0.065332136594879298 0.35838083545745664 -0.76405753076148208 0.17678102245515326 -0.27591863266471112 0.74530764498297886 0.53107926594929189 0.065521114885369727 -0.36240983389578252 0.76309954074063691 0.23702467448268361 -0.38930669244161492 0.84656993790506063
126 -0.52709356112348216 -0.091660739335104172 0.46116872494681532 -0.70787999958865633 0.19765322305569294 -1.8528657894368492 0.83458870221396919 0.52640865760063771 0.085118526858365004 -0.4563597700104981 0.71230928809367755 0.26826341821272592 -2.1955480603990862 0.95051619818273991
125 -0.54181441860747459 -0.055163710253125199 0.44087805597468616 -0.71345682463631588 0.11132711902666965 -1.7222603633062983 0.95981063320828031 0.54042880134027416 0.048712198089427255 -0.4373935775852098 0.71711274617484111 0.1679082412782904 -2.0481827466798936 1.0940154656976624
124 -0.53882174551602879 -0.048804631818076448 0.45230314562682838 -0.70902122600683604 0.02862786949419838 -1.2603330100905827 1.0111708183309736 0.53759762549403567 0.04446787072415654 -0.45077405096817313 0.71120612800381378 0.070480074700810746 -1.5151748268187719 1.1398646322917756
123 -0.62848107630737426 -0.17525435457280858 0.34752073043440779 -0.67344397676802215 -0.67044071922313553 -1.694196768286429 0.70485630424861956 0.62958253314057266 0.1740938923750503 -0.34403510899855816 0.67450499952065168 -0.75830193428518911 -2.0149544625826641 0.76155780408349649
122 -0.63437995550279247 -0.15150244257288559 0.2947465295620485 -0.69837924171745958 -0.51748309776059576 -1.0519486613843843 0.7662567816126904 0.63458117527045832 0.14775097657473749 -0.29285563911356599 0.6997942237207736 -0.56221218421268127 -1.3079394020990687 0.85616049230147784
120 -0.62776297025987604 -0.18972403268578397 0.36039206241135963 -0.66335209801645179 -0.54009081438211815 -0.77666277572476627 0.49188309013945491 0.62728375197496911 0.1888758710193329 -0.36088461157552559 0.66377955450802784 -0.58661443025613424 -0.98134874442336617 0.51792753849609685
119 -0.61466445772929612 -0.18628421301714512 0.34262150938450564 -0.68563568875315684 -0.48488684772608315 -0.72998189249077028 0.45696260528221916 0.61414394865291466 0.18524853350101506 -0.34378097083445225 0.68580232958254883 -0.51848423321560766 -0.92690912676289616 0.4814547515657579
118 -0.63898426618247361 -0.16186086201036329 0.29220381551802205 -0.69290482688260846 -0.4916386340117308 -0.83888495051772449 0.6958661298167157 0.63768302367318785 0.15935422834769328 -0.29112152997944224 0.69513656644515598 -0.52759233852596088 -1.0544259359283508 0.7699722998650147
117 -0.63433682506265987 -0.14327876911316209 0.28843670798908427 -0.70277468094351669 -0.51160459865181107 -0.92358770494897391 0.73716612868869946 0.63348754799955187 0.13959768599344477 -0.28655017685007855 0.705049649841754 -0.55171440311349285 -1.1700908826931737 0.82654829628184601
116 -0.62643388565780589 -0.16934644964958612 0.34720422139032475 -0.67701668778508184 -0.5702158583529342 -1.2499273429874622 0.62086204169053794 0.62700015666688635 0.16545170276831045 -0.34474338882411704 0.678710935121006 -0.62601806082294686 -1.5141304221448388 0.68265401495316702
115 -0.61523254516971349 -0.15070668058900685 0.32950923487237527 -0.70014289678869168 -0.54413897433953784 -1.4096908214506132 0.70297725547413659 0.61801697562222702 0.1484497068710959 -0.32461475221943487 0.70045911016572282 -0.61201979601506018 -1.6918580887757835 0.76947143911663218
114 -0.58807659486259478 -0.17146848965163661 0.34185395247137162 -0.71267127822798026 -0.48225535187977903 -1.5985535349073594 0.70958125266876515 0.58964170902319746 0.16987723950795577 -0.33702990738385635 0.71405547403978975 -0.53253938302542814 -1.9080642448718039 0.77292900582768986
112 -0.62755204822775645 -0.057690611089484006 0.36289626744982417 -0.68640842013210679 -0.46253888492014228 -1.6770238014764765 0.95149245343116651 0.62734257169765595 0.052866892624243489 -0.35844885379353103 0.6893190905626595 -0.5066935274547566 -2.0051058180382308 1.0783485596572477
111 0.70138489689485162 -0.14775170661994355 -0.24608493329850903 0.65243456775538855 -0.37949428394612678 -1.2639663581655187 1.3093249779399794 -0.70032260777504551 0.15168027578122353 0.24515339093084548 -0.65302461966850822 -0.44077145078764834 -1.5409055899721311 1.5178700830961809
110 -0.69237488989182228 0.094670595126085291 0.15218085304270706 -0.69892451540416967 -0.5297834200994046 -0.89797204216023674 1.6633325341657141 0.69283778813928687 -0.097037714711559211 -0.15286372267605144 0.69799152110855756 -0.6112662849683802 -1.1209648851311464 1.9245616638988099
108 0.70338732016511873 -0.15295014324161649 -0.10025156784878979 0.686878558885893 -0.55503380327511309 -0.82405217410601583 1.6436184029673599 -0.70425722820259007 0.15517680170243253 0.10138006878998919 -0.68532036186731393 -0.64522561456374161 -1.0343814343969155 1.9127061297076571
106 0.73953548456939022 -0.21882237944570948 -0.022835079595640843 0.63614667526938695 -0.30828934761771709 -0.73564639687941202 1.7317656067043345 -0.73953977471340215 0.22318296243238347 0.025084620625925702 -0.63454002923756447 -0.37955967477961217 -0.92847761977301513 2.0288782429606105
105 0.72023199993894604 -0.37883465940075423 -0.10620322548490979 0.57137644508437879 -0.85451381629725676 -0.45638131640827329 1.5566126523118302 -0.72138672706530582 0.37991522631815011 0.10772597175294786 -0.56891187879628391 -1.0190315063367379 -0.60446922804417724 1.8295462101871323
104 0.70052507640459571 -0.27686441237787435 -0.21074046051609918 0.62305631590447086 -0.65968143969208526 -0.87446537567854843 1.3701834968991791 -0.70061927971103555 0.27881334685198128 0.21089326929868732 -0.62202875454346795 -0.77559813700518809 -1.0932200403760364 1.5988630300728741
102 -0.57699574518468055 -0.15042460354310996 0.43536852258649955 -0.67446467530073251 0.34923734027627173 -1.930399225049976 0.40657149958685623 0.57556877879303259 0.14358794904303479 -0.43262507464379168 0.67892461036389418 0.43897206692547996 -2.2850574785503746 0.45524775827985309
100 -0.23734361904552848 -0.57546393090250081 0.69082573998390395 -0.36778943392150876 0.062163678079791285 -0.020112386685480706 0.01385376705462768 0.23980466332475112 0.57363472879727984 -0.68796574687252365 0.37435284491440013 0.096648636156124124 0.02627773868669156 -0.055718198098631433
99 -0.5031792769627792 -0.44214853025447548 0.50148081402882649 -0.5475694344921096 0.071111575119592985 0.074145718737677974 0.031539077251224963 0.50226804068716568 0.44039149830625457 -0.50107472917770646 0.55018747650536004 0.095513308503498068 0.064869794306198186 -0.052599103123519786
98 -0.43295520006309651 -0.27649621629931392 0.56782433539293087 -0.64317584006713469 0.477513510762333 0.043637058571674284 0.025467439452676162 0.42990046868898785 0.27589095066092578 -0.57037832166949665 0.64322495328919527 0.61216002054503726 0.015498250998627783 -0.031350267730608117
96 -0.51416519402224203 -0.24726412646262849 0.47469887446755005 -0.6701907068887073 0.13928186486569474 0.35437465549794323 -0.91675862434775901 0.51262120736770234 0.2524750007843134 -0.47908329005068512 0.66629953694269617 0.20495517901474791 0.35461527086540173 -1.1178345288092144
95 -0.42467994386212621 -0.4109681534172725 0.52912339666525499 -0.60891752582716885 -0.19126666324094299 0.81801488362774855 -0.81957090567293744 0.42168111334576308 0.41963200947244056 -0.53494912257532468 0.59993620621653554 -0.18155583905538775 0.94346076559010772 -1.0137944770156455
94 -0.21767530293831974 -0.55608456403923801 0.63808941447036904 -0.48603427787437398 -0.59343724059549574 1.3085864628623534 -0.30844096506338164 0.2154698053165765 0.56494009013615343 -0.63827757140278318 0.47646321935481695 -0.65258734846059419 1.5547699729176694 -0.41838736124280196
93 -0.19433169279491827 -0.56690474287300741 0.67725435095630582 -0.42682636960982562 -0.55891895752078513 1.249193012965673 -0.095750068137333069 0.19027840826091888 0.57385826095425396 -0.67841404998657018 0.41741490206396542 -0.60421081780322261 1.4983419023366642 -0.1624424439968486
92 -0.15735186346816316 -0.57518440584841135 0.67463412907493447 -0.43505411412744011 -0.47316375633540436 1.1244842931842911 -0.031222175071884767 0.15398058023572114 0.58289836589813415 -0.6745673407665721 0.42600279190947904 -0.50810051681415302 1.3537404810502713 -0.083446551248457013
91 -0.22446988704290682 -0.5651853543259201 0.66377795599400491 -0.43540511044640867 -0.43357119276684158 0.79676058438424602 -0.059468802497363277 0.22480629494384541 0.5688687437254919 -0.66062128674725762 0.4352355657137858 -0.46130731422658844 0.95659287950915306 -0.14686608140145907
90 -0.13198629334075596 -0.56369164459992194 0.6675769026636863 -0.46815854922062722 -0.4452783425473899 0.57955020548309111 0.036690460077969667 0.1345149001798063 0.56576950312152996 -0.66364061832006083 0.47052283757858249 -0.46103535674990059 0.71252525012441525 -0.031784962118997839
88 -0.55271793006842063 -0.365495074263047 0.47145992522850599 -0.58192935943623014 -0.077489947047759328 0.39421440466698293 -0.71267209227372819 0.54947286001450291 0.36784735130218826 -0.47633869225445497 0.579542364723031 -0.053764736641393363 0.41605939898967126 -0.89686284156681495
87 -0.5031496600258728 -0.37562666794848182 0.52774686524830972 -0.57203869813357322 -0.40149254324037087 0.49681720148365832 -0.78633444279894127 0.50283088298155554 0.37843328612343774 -0.5279165902392583 0.57030993751114001 -0.42108771439432946 0.53390252199341504 -0.98971576095404323
86 -0.53991014392775638 -0.37486560967717991 0.48912679164595496 -0.57334788118506252 -0.33218744591439742 0.44581939334542564 -0.76111541286452578 0.53874278798106523 0.37774733416240031 -0.48986202736576212 0.57192512978246923 -0.34689876645753115 0.4673800469160545 -0.95739037552728767
85 -0.53288555926399261 -0.28681417968819672 0.48955095213422045 -0.62778218541319475 0.26219373622643688 0.24096029938303476 -0.62001832356613451 0.52916814997176975 0.28682288779610643 -0.49490089701347817 0.62672705560475972 0.3554466712586688 0.22690288690296745 -0.77622259504841828
84 -0.41174516492641738 -0.46537445276169076 0.56961797266888414 -0.53798503983759993 0.32201912288324391 0.8136551320800578 -0.60037817280639527 0.4059209896450891 0.46686977521187523 -0.57562798311083652 0.53470850771136547 0.41959315675158804 0.94630833026721883 -0.7644633335946267
82 -0.38356320165825364 -0.55836967531537451 0.58103225117392299 -0.45111428609348725 0.14330594026341614 1.2727460921526099 -0.63696950583359535 0.37546755705415624 0.55948014875451457 -0.59040043742683757 0.4443347839586827 0.21102599197881355 1.5061923353257696 -0.79864247296266377
81 0.091529952119779309 -0.70711482798884384 0.67661377798770084 -0.1838604996742596 -0.39051248904796243 1.1821466220026755 1.0278785687686072 -0.093191371033869777 0.71029692471521633 -0.67477035573638766 0.17742213538429435 -0.43884261523356827 1.455454668193302 1.178610914858278
80 -0.16523931890343405 -0.58010117365889791 0.74177935156668362 -0.29315864203057024 0.059004029104323528 1.5554107824065151 0.30148975118471427 0.15994825398419346 0.58243959291984981 -0.74381334480096351 0.28622086706382976 0.11300597881837149 1.8525400878075686 0.30017391746638822
78 0.24409187772572949 -0.78143865597444517 0.54281399760457216 -0.18741863883222015 -0.87448946693267893 0.86137500990504001 1.1886748428989233 -0.24260899607501227 0.78571190624947651 -0.53923217620026431 0.18173149300992306 -1.0312449285190013 1.0863450517908735 1.3648655500083038
77 0.17303296482381647 -0.76650243114139649 0.56215872012810297 -0.25789763380562686 -0.8150450277765352 1.1364084675252577 1.065556614302499 -0.17417371537753298 0.77012186452683806 -0.55998481382240295 0.25098374237703425 -0.95305868293505824 1.4008981212396314 1.2115623762284109
76 -0.061057873076747239 -0.61619685272755387 0.66312405659072249 -0.42052331730198278 -0.28642232517025518 1.7740814461259544 0.3949518338045731 0.055085993941537278 0.62046428583872637 -0.66588938422848565 0.41058608262083146 -0.29858855169064036 2.1146984191981764 0.42967351450614011
75 -0.24476227057244512 -0.49980823407763358 0.67496677239797198 -0.48446157351340308 0.23716320423958251 1.7361487032126461 -0.16283739324710883 0.23526597869775379 0.5029363314647276 -0.6835824743022596 0.47372984557339265 0.3341902162499153 2.0503995527360193 -0.21164646905821982
74 -0.23494235151967024 -0.54132877324240014 0.63872269181571584 -0.49375963148274155 0.21789147985338 1.738098988470399 -0.14927212010837412 0.22523299775580252 0.54421180806481018 -0.64736967694694802 0.48375211219628717 0.30394570821840716 2.0601096436492683 -0.19960516541764406
72 -0.13201866801474055 -0.56323747215920028 0.65089172616769198 -0.49160409076590328 0.32980816673049912 1.6731890733391881 0.076786028951329174 0.12238103119763954 0.56483991650936782 -0.65704296474592705 0.48401786578449263 0.43239065144186384 1.9935956255668001 0.067925959361348376
70 -0.11048931337760899 -0.53368979646421033 0.64406624960982606 -0.53679230517292997 0.29378561483275761 1.1761307281751843 0.15832666561057426 0.10440258635709601 0.53451929878887672 -0.64820429585345618 0.53218456386983037 0.39566770265821916 1.4137156554085397 0.14082168619368574
69 -0.097559488972057309 -0.51891843946384653 0.63581429470635797 -0.56297955730467941 0.26240269779015862 0.84178652395807774 0.22641825488032152 0.093742209472439081 0.51992098966086886 -0.63746587724148762 0.5608313632688785 0.35871694120064745 1.0232088824831429 0.21149261205907877
68 -0.10764753004672931 -0.52700116547620612 0.64629213644418959 -0.5412838952268606 0.26951630117814473 0.73099133465984867 0.30220487943956637 0.10446375041260771 0.52729848877195151 -0.64723168112964125 0.54049493941261562 0.36596775285040195 0.89372401269179491 0.29191360892878038
66 -0.098936192480398477 -0.54515482277961957 0.68165935993320681 -0.47786856564651042 0.30144954074660563 0.3974036440393246 0.42094549749302973 0.098546865493402691 0.54510244288977716 -0.6802463098100533 0.48001749972977825 0.39725640923669481 0.51299115111578075 0.42717147229738117
65 0.0061633347368244169 -0.49883926358489883 0.70567961720647832 -0.50312789653359113 0.23051719491128678 0.2595271119673086 0.32137383628446814 -0.0023049804085635396 0.49948281639906905 -0.70129788744878263 0.50861859604938231 0.30771865683661392 0.35866179151313321 0.30603529197467338
64 -0.36153465541264634 -0.50697289797110345 0.60030963178093066 -0.5018959251174322 0.066267425430518168 -0.43912272129717533 -0.27708747490087549 0.3616632569553761 0.50623838431760915 -0.59699806632348063 0.50647378571644897 0.1242018043194853 -0.51068013270991308 -0.39025000929327858
63 -0.28072966650289805 -0.50800128219466034 0.63822225122401466 -0.50576467816199233 0.26685559508115814 -0.42126108229355386 -0.30984023337287603 0.28156343721161281 0.50581854727747422 -0.63516553969195411 0.51130652767544094 0.36802956633080353 -0.48427682494560997 -0.41160986225847784
62 -0.31966256865545767 -0.54266932918310729 0.6361569727061267 -0.44567942227786 0.51738707478440149 -0.41781111223062722 -0.33555581613793484 0.32030179378485135 0.53979155007115542 -0.63372998183806351 0.45212625834993642 0.65037865638809311 -0.47843468626177899 -0.44386268863070111
60 -0.49237134174530078 -0.4191265972316377 0.56219802324447354 -0.51559358023637902 0.74141116547440633 -0.59391586279047626 -0.42507400252154448 0.48885518056658694 0.41527589466255471 -0.56032291414916691 0.52402745693790698 0.9096364556517611 -0.73260407486998069 -0.54380188954094044
58 -0.44658558769509343 -0.04069226109768441 0.59913614177279362 -0.66328073722323377 0.79271105023895616 -0.81187663827814271 0.26878210938429253 0.44399960562783286 0.038247130397565672 -0.59919165646732864 0.66510966467088661 0.9701094523919167 -1.0041995635479051 0.31176357379075981
57 -0.48253593459527133 -0.074957578088043958 0.55523709714399994 -0.67324007550542297 0.49422306852729414 -0.74045815403545612 0.43482156172132452 0.4802894189701104 0.073105274804270926 -0.55533170999234005 0.67496991392070904 0.62366895812552059 -0.92476814443033106 0.49714124557563721
56 -0.49274595040495622 -0.10475994785647752 0.5133208091929512 -0.69478667843742992 0.39669185961921938 -0.66129419359015251 0.43609995608402197 0.49128802042322223 0.10357850099744204 -0.51331635084567639 0.69599849071261133 0.51335738263064989 -0.83114454679603866 0.49228787981844491
55 -0.52737142421572902 -0.091686201958738375 0.52460419176841921 -0.66201470019181463 0.093748276171200587 -0.82277128867277483 0.36532126826007949 0.52601295417692284 0.09103501552324246 -0.52319169024556988 0.66429921966289662 0.16135315171221798 -1.0228522987094613 0.40956914779533271
54 -0.5674425389867418 -0.093980321362222966 0.44695925462075747 -0.68513070932033882 -0.15101152180357405 -0.81524359533526736 0.44136672128342969 0.56776127326098635 0.094745200852399847 -0.44647303003897154 0.68507832906049637 -0.12643619181348154 -1.0149439625774506 0.49552528223787107
52 -0.61466319056788798 -0.19727918551137713 0.42068584312826146 -0.63741156760474338 -0.49947887716790945 -0.95098684675232537 0.37573230531255253 0.61374333342764076 0.19752799011451483 -0.42066643042335089 0.63823316124228768 -0.52405026509744168 -1.1688484880326673 0.40698266936362337
51 -0.58201297209169645 -0.14212663224045205 0.47889665173158569 -0.64165326905210496 -0.42541913615282878 -0.94656469931953613 0.3124770142801836 0.58240947143794142 0.14246942296655382 -0.47729194919482948 0.64241269160311221 -0.44434642480226394 -1.1646719758563604 0.3303942968791338
50 -0.57201138624016379 -0.14420794555467378 0.4643272746485303 -0.66061125063684312 -0.30948292807555361 -0.88712978760390548 0.29022911876287649 0.5724699258768311 0.14401354049311871 -0.46325031963547714 0.66101242460247356 -0.30850958117600658 -1.0986068541420251 0.30557325662410584
49 -0.55531991789099944 -0.11115516601386519 0.48174287484884298 -0.66872125762109347 -0.31334808813677967 -0.7456264097731915 0.26825899760406435 0.55571238750104601 0.11159856752992209 -0.4818230153963784 0.66826348391745771 -0.30988693013034574 -0.93344577001276674 0.28624686715391157
48 -0.54618740727037218 -0.11288461014502701 0.49281674208978532 -0.66788325300735318 -0.30127727405938509 -0.64269196649763305 0.27053653121811383 0.54570678564636699 0.11391778482023045 -0.4926111331184399 0.66825228314531671 -0.29365119341438461 -0.81440485021707831 0.28880397385765066
47 -0.54536905476942055 -0.13873863516237814 0.45138174209495974 -0.69251621505673633 -0.2432502942457237 -0.32229025886939933 0.34453132860220687 0.54452853326197403 0.14075231463030896 -0.4522655132706091 0.69219460261970145 -0.22542606174644886 -0.44433176406785857 0.36789056497611733
45 -0.55862769058414341 -0.082414739995239142 0.47491996764420025 -0.67497699092411589 -0.33062709236381771 -0.46867501048430171 0.3030925180730758 0.55907440805127695 0.083916928899571461 -0.47472199390573266 0.6745611786994149 -0.33253136187340915 -0.62089301323282209 0.33344624147920121
44 -0.55064201586163097 -0.07191059659368168 0.53253059136013059 -0.63877492572189321 -0.2822129817600465 -0.45006626434228092 0.26627324758263005 0.5505308979418625 0.074427620811113093 -0.53153168654506633 0.63941404885276121 -0.279371928111247 -0.59805576179432052 0.28077051177548373
43 -0.50046475715830685 -0.050229614531266911 0.58170641013111568 -0.63924147634433748 -0.1360443758992585 -0.47266565681409672 0.258128167518268 0.50131781781777263 0.052258158946489788 -0.58121775098533135 0.63885480064057076 -0.1027574310136341 -0.61816439232438181 0.28048630779094186
42 0.024659974731775662 -0.48759239128561999 0.69203521316939354 -0.53172625413853047 0.39119862802378991 -0.067747126089702153 0.17842715068753848 -0.02039795443337376 0.48964453851343898 -0.68607759331393159 0.5377078066305705 0.52450725696885847 -0.025544806379317331 0.17692228811388677
41 -0.011022791456514408 -0.5033185601626341 0.66576842732258945 -0.55072799660515193 0.40696620214500856 0.068301791026234376 0.17082424915843347 0.013993046159637935 0.50544605433169731 -0.66017125915423003 0.55542991403633613 0.54120511426210527 0.13166861586544698 0.15960986562660828
40 -0.060921879819191116 -0.5165292376930597 0.619044547683407 -0.58844704022619421 0.40758923189603513 0.26766815336158223 0.19943986822342061 0.062793553187715956 0.51834394925496119 -0.6154872638669413 0.59038288251474391 0.53719331755390698 0.35802773955216582 0.17867430389043548
39 -0.070263496956631533 -0.55106601915614106 0.59301365980240617 -0.58285854442959406 0.28784755680546176 0.33068749522850277 0.207770488330977 0.07128733090951786 0.55298643052300511 -0.58987604397950932 0.58409791717511428 0.39380004666433521 0.43530960666332597 0.1869660538802056
38 -0.074917131199629478 -0.56614944617027196 0.58065703929581969 -0.58025824489629119 0.1974551540739504 0.39461142446908826 0.15070002786354789 0.076464628106332019 0.56839763750001282 -0.57772286805539774 0.58078702986448461 0.28541710406009102 0.50939286945838269 0.11722327089097107
37 -0.10643025307173046 -0.555868080811601 0.60563127873600664 -0.55936931644710763 0.079460664341687165 0.43582433084362404 0.067934743587185153 0.10909628737752997 0.55880628999979753 -0.60277153075924328 0.559017005146767 0.14939375705651514 0.55051938481971341 0.015273793722155204
36 -0.11351391282616397 -0.55880603892113889 0.61498232854936452 -0.54465322732190147 0.068009154488599441 0.33472992099328419 0.06554016745026621 0.11678329157194625 0.56165799928168147 -0.6115762414716478 0.5448637036176418 0.13603509125570934 0.43425227041989034 0.010705370688544491
35 -0.12892936301096902 -0.55878821612350693 0.6252728899291714 -0.52930781403141602 -0.080168311229884229 0.39818655680599979 0.041814000839604612 0.13290217339325061 0.56251423164832237 -0.6221671382548104 0.52803674453229843 -0.03704251962228744 0.50740142979494063 -0.016314646030231028
34 -0.12206767517984701 -0.56678286162892577 0.66060865008607461 -0.47692020493093751 -0.24090525065660953 0.45511001273847557 0.01437388809549902 0.12663585765288637 0.5712309129986598 -0.6567753737802472 0.47571494824847804 -0.22222147454024288 0.57638249924728924 -0.050067426446290142
33 -0.19586781866939101 -0.56868506559201792 0.66835391415687384 -0.43764841964010753 -0.40803768126473128 0.4970552593528077 0.049345396950643043 0.19888919052527573 0.57302399862884645 -0.66380241170967014 0.43755336256968019 -0.4170121412273966 0.61186431507321259 -0.01881141051261892
32 -0.2092480159431809 -0.56726741857937235 0.66292720014163953 -0.44153195915415222 -0.48531485314315281 0.40875154911027722 0.024545801831320053 0.2128622393133191 0.5715743701186351 -0.65782227956448347 0.44188488886427379 -0.50690792694215947 0.50845376391239161 -0.05161541735614783
31 -0.20032987946162323 -0.58651678834925058 0.63884839719225961 -0.45578363483593032 -0.53248803764742858 0.30273717481635432 0.0059900049616680414 0.20454553148194921 0.59014054556578077 -0.63368336335460917 0.45644348723328304 -0.56126061915597258 0.38995112480266902 -0.074858218740613935
30 -0.20661086845369162 -0.5591521536172307 0.66245225167770372 -0.45367150272985179 -0.5650545718146085 0.24020251121113781 -0.019865878410685319 0.21052070402447579 0.56236789394180076 -0.6575011488813548 0.45509957620305602 -0.5928926480293768 0.31526465308748275 -0.10446188046904004
29 -0.20568530839539026 -0.58588165599726283 0.65145432970414985 -0.43593978412839746 -0.5061330227464057 0.16017697872834993 0.024699893234344086 0.21035206244700272 0.58832395661242076 -0.64666106345765717 0.43755731156959399 -0.531353024651672 0.22997551781996695 -0.05457190733069206
28 -0.1899510652031775 -0.57771775197149045 0.66887189150781112 -0.4275174670536257 -0.51869332979116201 0.080659138763478938 0.005913190858525025 0.19544904608027749 0.57961606531395482 -0.66414803968288738 0.42982818497820346 -0.54358474760990161 0.14356375848939562 -0.070914900727462982
27 -0.19603662672095473 -0.60459738806902696 0.6662080829739393 -0.39012617126279531 -0.49879565041606611 -0.0091957437791356858 0.053191209666355058 0.20182910861221176 0.60572227739180018 -0.66191162832130301 0.39273213502479309 -0.52794267370053694 0.047818192204728271 -0.014620217398433777
26 -0.14468069405754125 -0.61401155585222655 0.67409405928317423 -0.38425838349486741 -0.42566821156745754 -0.072775291451739638 -0.058116677927657588 0.15136915580523749 0.61551092372575023 -0.66934129457211267 0.38757697664542945 -0.44407040755501492 -0.017337410795582042 -0.13437356226077979
25 -0.28345488897169469 -0.54091740586267434 0.66327739899584581 -0.43257921579075587 -0.33815899081382794 -0.050390757524443969 -0.048205777031383415 0.28754301305934965 0.54309314783275509 -0.65745331416633812 0.43603209527460052 -0.3405920160815773 -0.023267296275924776 -0.12914103747408223
24 -0.54831540500415521 -0.29440095281774226 0.40493094268453067 -0.66985761716334302 -0.34758591981964482 -0.026712021478584144 -0.011242684400914563 0.54996799393058038 0.29695218298075604 -0.40393758854327511 0.66797382526322135 -0.35240375277604591 -0.084288979956908872 -0.073572865571637003
23 -0.52510273021753096 -0.27357195007378377 0.43382774690074188 -0.67913106015698366 -0.1562661043038025 -0.025295671372474172 0.010299684005347766 0.5260330342363253 0.2751659092098715 -0.43313631102349359 0.67820786295485336 -0.13305429884196418 -0.080896558706049948 -0.048218588318164279
22 -0.56096781750467339 -0.24215809518209322 0.47111091906495123 -0.63618320207279955 0.12823099988602829 0.027103831428245437 0.17847036841418792 0.56070234347897363 0.24201307818207418 -0.47175472563369247 0.63599530725336639 0.17083185595209605 -0.027458494030661029 0.13293128559894285
21 -0.44344188933888629 -0.47610210660610253 0.5876168578828459 -0.48103274649100791 0.39891554060740519 -0.27815656247759241 0.15110588248239978 0.44457648843474018 0.47555117230768579 -0.58418151804376117 0.4847007142803772 0.44774511955650198 -0.30035256838892443 0.081433443316199394
20 -0.36480922217209422 -0.47621326781185314 0.64181724848946609 -0.47770888051150889 0.37176564966025916 -0.31202456258284339 0.11020172238567469 0.36707742165674828 0.47462402699612755 -0.63742768835787977 0.48339646422221855 0.43474771559778225 -0.3311984856058614 0.042790671591680152
19 -0.47602176710728145 -0.30838525189515503 0.58427446289543938 -0.58045255246390992 0.31746289680010847 -0.21547134982786739 0.23493193336696469 0.47727831783957675 0.30675388553656163 -0.58095762256990646 0.58360577602210906 0.38051005078642586 -0.26837553674011971 0.18619792471516106
18 -0.52469368222868473 -0.18319013684476512 0.53965908904853233 -0.63238119927731007 0.28866870830059349 -0.11340818687009631 0.27247962749287735 0.52582222291782543 0.18269893239509769 -0.53831041288392234 0.6327353233131443 0.34850575569923548 -0.1805444771487299 0.24523436505324936
17 -0.51805711718366032 -0.17262043621062922 0.48400938484195483 -0.68377914835326759 0.17962555228194221 -0.14322612440907467 0.25000650495294074 0.51956936618985183 0.17352480122902111 -0.48325350072056344 0.68293694519832848 0.23529082856542427 -0.21484311413616897 0.22001346348800688
16 -0.54197206642831797 -0.17074292648804107 0.49949648457356288 -0.65392384431550687 0.11311467268575277 -0.1735176688712779 0.25197265445363248 0.54328585522533035 0.17094935634997555 -0.49836453573646444 0.65364331756378324 0.15931026765727374 -0.24906044867536314 0.21616845576403954
15 -0.53825527613107094 -0.18461479764323097 0.51238594518047909 -0.64316349195964295 0.048592151845175124 -0.21380667975272455 0.25912086869359696 0.53942438956990812 0.18481502856779461 -0.51058221300038853 0.64356082612309717 0.090077932737825162 -0.29068865901869678 0.22562549150573075
14 -0.57634134075740606 -0.18285928665236109 0.45381989270384582 -0.65455377564048656 -0.085630040879493344 -0.26585543476321294 0.29577732593099387 0.5778779198335412 0.18283247047957704 -0.45241163488171032 0.65418125174209341 -0.062479998656289837 -0.35433127855385332 0.26103576261397055
13 -0.57979022735234254 -0.19712325908505379 0.4288006496083111 -0.66416542810499757 -0.1752654630754428 -0.29441231118416644 0.3464104774848954 0.58204624379297421 0.19729384384430032 -0.42703291777551455 0.66327987788245257 -0.16304241454753982 -0.38581013678094433 0.32418655413000019
12 -0.55169931791148663 -0.2264052526831998 0.45299323174970474 -0.66269574931669484 -0.17317662864608424 -0.26571378130691065 0.34298862965554944 0.55296492706720501 0.22742918182239166 -0.4512911477364438 0.66245155042756243 -0.15625098761445022 -0.34807088793080498 0.31862782452174665
11 -0.47884609401834094 -0.28177811351944676 0.52426871162134736 -0.64532924232494937 -0.17422210534534344 -0.26399191447504944 0.27332218290255805 0.48228849830502779 0.28311459360215363 -0.5199422262891098 0.64568104557412309 -0.15220705928916822 -0.33074276549330095 0.22624742308509516
10 -0.44229753442130876 -0.33982316632862269 0.56996483966176936 -0.60335162900298278 -0.17193117308992048 -0.26015231582125597 0.21334679464821626 0.44556214800006522 0.34070485967250042 -0.56512062472108693 0.60500681845741056 -0.1482201984202427 -0.31421102559492875 0.15633662131150672
9 -0.39059339511100999 -0.37845653849463118 0.59190052767393164 -0.59486234836778551 -0.22298451447925649 -0.2325873985529994 0.14534895237386444 0.39475797188414391 0.38030137265091352 -0.58584687422852488 0.59692583253735576 -0.20160407199761793 -0.27253850082168618 0.080546211345773167
8 -0.35332367531378756 -0.52921849107164409 0.608048494796951 -0.47472855101180861 -0.24809092543746028 -0.30554408631648705 0.17059234743900367 0.35752747595497258 0.53014136112491761 -0.60161750324128327 0.47872812843576534 -0.24107286398373517 -0.32058936527608473 0.10534372058191721
7 -0.32114431526472442 -0.4600717050783335 0.64017873715184259 -0.52475855348735123 -0.16326382165323419 -0.31430764702590663 0.16789356650995063 0.32718213791594769 0.46092948448051874 -0.63289270767463868 0.52909609669467184 -0.1409523226852194 -0.33796604205170361 0.11256043984983943
6 -0.32088764359115202 -0.47635969784606946 0.64279275365471222 -0.50688266325404285 -0.17341798640545167 -0.25959035735943087 0.19466328746327735 0.32589792308483778 0.47782648705475766 -0.6364313591764057 0.51032099413484022 -0.15136426206436004 -0.27303488612457999 0.1337475992724888
5 -0.31404816209011233 -0.47155837981678284 0.66205425079144697 -0.49060229852841986 -0.20268194104222417 -0.19290561493404965 0.18714403183014824 0.31742085095709144 0.47510185202466676 -0.65611073845933809 0.49299181784158419 -0.17963160178703097 -0.20026018842585647 0.1276833150186989
4 -0.28396660532488377 -0.50842463676343219 0.65917150091309673 -0.47577335799328691 -0.16304630246847396 -0.14825309834875625 0.17305432239300703 0.28838165628188778 0.51172383547065181 -0.65285315450692272 0.47828599726699145 -0.14559333879106506 -0.1503528457045113 0.11894545100124709
3 -0.24132507659716335 -0.53046595539415409 0.66029330159665212 -0.47368854054086257 -0.073367097052163599 -0.14414367681993095 0.20790127500160338 0.24568793519175969 0.53291271830138776 -0.65523754507152854 0.47571549554589038 -0.059066982596717693 -0.13848712149550002 0.14601265179688344
2 -0.31167737391288519 -0.45547550885151827 0.65766521855190285 -0.51271408770804749 0.026375827772205575 -0.25121034273848492 0.34172011132346891 0.31511526088896152 0.4554142209993039 -0.65258389962088914 0.51714070969328296 0.040376754451738606 -0.25803865003530863 0.2851320599060494
1 -0.27012538043649531 -0.46163718166901174 0.68110332293279852 -0.50002165436571933 0.010627766101163613 -0.22203946731200247 0.26716968380278722 0.27681745421689746 0.46495582955662734 -0.67402803669884537 0.5028661644474447 0.024309826067856144 -0.22591611674872908 0.21120277149758504
53 -0.58842126352578394 -0.16622728682985838 0.39358798837068981 -0.68645276687782253 -0.40006885643821877 -0.87772279520130314 0.48613004917473945 0.58717637476649576 0.16799969473562296 -0.39353375698382381 0.68711803178130182 -0.39871162899402357 -1.0802094228778667 0.53898865940505569
59 -0.42257806045939933 -0.011232430416545952 0.63848025774565909 -0.6431520627303835 0.90842074497925629 -0.80179234252328546 0.24421664698278719 0.41932868974267762 0.0080425972027670361 -0.63929173262237415 0.64451908209889808 1.1055811279185246 -0.99457183240371094 0.29726230735495029
61 -0.53004524503841444 -0.3771554264799456 0.4895598099395197 -0.58063501012329521 0.43944165855007367 -0.73031988259456881 -0.078262883818880497 0.52939355800850996 0.37595800507202726 -0.48767967956343411 0.58358081642756043 0.54500835825003069 -0.89008187652923576 -0.14819731065617603
67 -0.10984419421652251 -0.50746193833114472 0.67783203939316305 -0.52053852932729794 0.30283768432387709 0.5747831936977793 0.3631271806140724 0.10853014489102734 0.50787516984091974 -0.67728264755763345 0.52112592991167883 0.40497590748735135 0.71109124543897817 0.36275911010413608
71 -0.1170188044129897 -0.51434274283601134 0.65416333494625323 -0.54205947415175815 0.32382014757019723 1.3141153255905389 0.14179050897211928 0.10973050620881394 0.51628795089811264 -0.66009484894308723 0.53449112075261684 0.43062679649855085 1.5750282140944925 0.12812389879695019
73 -0.11404196550473093 -0.50829314561196726 0.65831504360784965 -0.54337262682923704 0.30268429354713344 1.764088155710311 0.013423415683582175 0.10395818909270046 0.51220719949370808 -0.66487148149346897 0.53365006587094044 0.40152732180946771 2.0952319258789167 0.0039632825237134739
79 -0.027668020768371712 -0.62389428315456197 0.75422500865104058 -0.20281775168646959 -0.067722736607641651 1.3638650726450257 0.81476674852969877 0.023399661630088858 0.62681260308440379 -0.75382822041704189 0.19570751276593049 -0.04544939159603345 1.6530614237866295 0.92044232333608234
83 -0.38787567783013133 -0.61230504103991223 0.56439564316338697 -0.39508550118058472 0.067693574522782338 1.0791107844064143 -0.43995858125707094 0.38242386469650508 0.61144857580336054 -0.57071699011451826 0.39263818466019845 0.10979739708275504 1.2771075268553527 -0.58325116019666312
89 -0.52919265963604178 -0.28965977594235071 0.4818960577400207 -0.63547504492543716 0.45211808500653317 0.23950243757122833 -0.71120581040845687 0.52389149552754399 0.28960901606018841 -0.48833451884832668 0.63497536679129241 0.57721020829769909 0.22999652398095694 -0.8798786820582416
97 -0.59196887176502166 -0.16937400668602628 0.43931264662031694 -0.65413278410413123 0.26489162729085458 0.040448677605991377 -0.75162660953213012 0.59099597041186747 0.17062206254788648 -0.44302759472412434 0.65217974902767195 0.34065858843122321 -0.035791097085002832 -0.91602957090630421
101 -0.37115554569000053 -0.52998663821206005 0.61882439990890004 -0.44543696108161723 0.067859790342095466 0.012631161539452842 0.03854586110325868 0.37100086294280693 0.52879453844095958 -0.61757694539296515 0.44870191924015629 0.095452914675577982 0.040558261188457734 -0.044610660262575763
103 -0.63131990048882058 -0.21045077806125279 0.35229140846506429 -0.65805502564899598 0.51233710405347377 -1.6876961428525268 0.45320623511333202 0.62891103561577277 0.20358968142007111 -0.35095087975442452 0.66321612683918174 0.61429206997906505 -2.0087090075525027 0.49676795642666782
107 0.70787421091365899 -0.14269229564312 -0.089289381514856658 0.68598864176905638 -0.47300192721598278 -0.88155201657125171 1.5294303915645935 -0.70830197365673486 0.1456107500624593 0.089713240364416955 -0.68487762270608488 -0.54885855003742767 -1.1005971957795961 1.7775807789826712
109 0.7035252789583849 -0.22989362736918911 -0.081026327745978288 0.66755961244937856 -0.55107153632836658 -0.79223729871828563 1.5745218055168768 -0.70319477833700372 0.23270661906892881 0.081469107026666626 -0.66687893786005736 -0.64159386934252716 -0.99683514695959419 1.8420349206638509
113 -0.62395686992560118 -0.16296931495078565 0.37212937517500894 -0.66756164883026026 -0.62705950616305828 -1.710828164827783 0.67882059185078247 0.6260845392494222 0.16185120099816694 -0.36806470786552736 0.66809483553770554 -0.71165365460244345 -2.0297644574044957 0.732109424524098
127 -0.52397119475814546 -0.016427999677582673 0.41340174454679463 -0.74450205204282804 0.092118981157948449 -0.71675677037846586 0.89062853047032509 0.52179851675996791 0.016752942996350415 -0.41681083073876751 0.74411986815762221 0.14703949276622996 -0.89342387264147227 1.0068050712827006
128 -0.5193603543073736 -0.049862762953913405 0.38255129612408179 -0.76251756247191183 0.16601734688250161 -0.36194032621478345 0.78574497142345712 0.51821224208415129 0.049895504101265344 -0.3855990014285765 0.76176106550668654 0.22443066959546631 -0.48830640475798237 0.8934777000556009
131 0.71529588728986782 -0.44568519700112891 -0.090083558143038589 0.53066133395278992 -1.0422514364084527 -0.36748102268637789 1.4328203202071612 -0.71645240961828383 0.44478910734726623 0.093517731788263073 -0.52925705340463391 -1.2419880380078823 -0.49509512127770039 1.6891526420803036
139 -0.60678459308222432 -0.0052144548344802361 0.32516069114687096 -0.72529703707633297 -0.35439237127524115 -1.867686863888695 0.6009329760449752 0.6041222066922517 0.0014509790817580713 -0.32071280627480447 0.72950500336346458 -0.36729919195690819 -2.2179455356705748 0.70813331394232559
149 -0.35477375360959512 -0.3146582304588636 0.61705807151761838 -0.62798496648344349 0.47947631828061271 -0.19766367170174473 0.2773473405742361 0.3522995141375791 0.31195474490246855 -0.61672151106184792 0.63104981361605084 0.60491440315244649 -0.25650601859338495 0.26658908954893962
151 -0.54273808738301255 -0.10747461409660386 0.50718669313911446 -0.66079212626303685 0.52797956722314632 -0.073415412500043506 0.54726258184637011 0.53864553843341834 0.11044765441608802 -0.51236913805425444 0.65965154887205235 0.6342881686623475 -0.16268767682811669 0.58029035652682071
157 -0.27684786151068103 -0.38372798966538446 0.67850784920694973 -0.56190318569027864 0.80728653538683448 1.3452147086390112 -0.27592687259006643 0.26457962503821936 0.38681374031505633 -0.6881092318208738 0.55396609770002925 1.0037376403353839 1.5876638404377719 -0.33688359494514586
163 -0.15276828468393874 -0.57515823394345067 0.68409955943022693 -0.42173765531328444 -0.4820924861000348 1.258166895725547 -0.0027790736638124815 0.14817415343961049 0.58207265041493084 -0.68400753734221065 0.41396804073555854 -0.51633893733905367 1.5093239865473065 -0.050392159562775873
167 -0.45354218156829762 0.060028731971898341 0.56126097879643477 -0.68969714698306761 0.07636957263416122 -0.67130621805438506 0.37404643027970835 0.45248440540763191 -0.059801458998963899 -0.56083219228537629 0.69075965462733557 0.14405673313645551 -0.84125918809154032 0.41336013515923842
173 -0.48416775692354402 0.027587275984543049 0.52996533069878926 -0.69567037713036139 0.0032356372968922803 -1.7045080127764798 0.44934659459258369 0.48577315668501297 -0.031483022440483864 -0.5236451321929757 0.6991630961892159 0.044417231801428869 -2.029966243984199 0.51813826409541797
179 -0.5317485134984169 -0.04170794389696534 0.46894665380960177 -0.70398366578272964 0.023080606821556739 -1.5202245685948419 0.92206050986318733 0.5318914923022553 0.037567328506484657 -0.46472504102181394 0.70690223687058673 0.063092793241374068 -1.8146803861132854 1.0304457180512472
181 -0.56904641204319251 -0.0047622369633694671 0.37283811374403608 -0.73290875487993967 0.065962823112595673 -0.82542446593599095 1.0472627852551533 0.56770455513449014 0.0024619962791729119 -0.37474032639169386 0.73299056230603599 0.10936744889110095 -1.0250630074955698 1.1882259068019358
191 -0.63597800121371428 -0.16771212480149789 0.35394856242196776 -0.66492483810292324 -0.041908037627289361 -1.8820755676178662 -0.45762311771056802 0.63647965013463614 0.1597467096017218 -0.34964750205037964 0.66867127054019915 -0.025960927395137556 -2.2426736856853982 -0.52862935682020251
193 0.71390386732228706 0.34186439786378292 -0.26455591975461962 0.5508903402840738 -0.088010503861093908 -1.8109493700332127 -0.52808807244394151 -0.71280190249825048 -0.33733329593334804 0.26035188109235591 -0.5570786239493406 -0.11151943136745446 -2.1535246533441361 -0.63310494925055361
197 0.75626787109808691 -0.22900146643109834 0.037958567966664462 0.61169958528275414 -0.74025506705024391 -1.3895693732233869 1.346506999983861 -0.75480229243482799 0.23456203751905225 -0.039012080043707591 -0.61133641107061709 -0.86902100626628043 -1.6573245164509851 1.6017248299193874
199 0.74384402610436573 -0.41107580197215282 0.13066052967586961 0.51052970123844921 -1.1049015659462358 -0.67486797439598623 1.6334335912305979 -0.74345369249540838 0.41359563805209787 -0.1307461652058714 -0.50903899220313165 -1.3072053741809899 -0.81567005690507877 1.9402437002816413
0 -0.26171576769618726 -0.46418432891338945 0.67366546671507488 -0.51206699238086217 -0.0020150753228272331 -0.15404459810400045 0.1945296543355218 0.27531857719485275 0.47153043195466143 -0.66501257629388688 0.50952625659824413 0.010831837712801384 -0.15334444876446965 0.12794062166176534
