19 0.27182738735642215 -0.72561826774420712 0.59292691279699794 0.21914761481681638 -0.46492307360112423 0.36751275716753812 0.21019176379392226 -0.26913751046202722 0.72410864092110649 -0.59505370487584641 -0.22168167474831887 -0.45312403550608854 0.36316274125107784 0.20839149701498183
18 0.22790517175188971 -0.74615612395402109 0.60328327105185664 0.16540727385343609 -0.47964256749521761 0.17148595643344475 0.22513694198162418 -0.22504767986504906 0.74679590860139233 -0.60359345468497971 -0.16530079898485217 -0.46514263152258251 0.16888282741796523 0.22172712010915685
17 0.17311512693207079 -0.73922510315468792 0.64639581810514668 0.075827739181727513 -0.37381512964271912 0.033869193798009026 0.27115939029996389 -0.17098613856212885 0.73960760801664038 -0.646509720937126 -0.075957272971821213 -0.36174693850008754 0.033585373445974342 0.27041488302451766
16 0.12930947649775107 -0.75008403336219109 0.64525161929830099 -0.065599923596798448 -0.23279167170979284 -0.082714683883929802 0.30200808332722845 -0.12866464035583336 0.75023948876019475 -0.64497238769003462 0.067799254747833396 -0.21984843270790033 -0.081984683237627864 0.30154147891620336
15 0.095312168800157832 -0.71783939112679651 0.65520151124344972 -0.21525143133001512 -0.1541757849288905 -0.22696500753798773 0.12955057125221947 -0.092987170624873799 0.71819374501829158 -0.65470212860581523 0.21660160090543285 -0.1436586525967809 -0.22618669793503088 0.13405775172018708
14 -0.031035083426066389 -0.63485344638368868 0.68871296439916319 -0.34881567894807708 -0.14219452555893136 -0.35522633630807798 0.1479215157898098 0.032785699626865887 0.6338344137110844 -0.68746989164609873 0.3529365126699196 -0.12907665888266173 -0.35643143329998939 0.15299385123825893
13 -0.12346399092161678 -0.53248693157787663 0.72963022414103074 -0.41091854018089041 -0.26766096277448448 -0.49989967240689892 0.29245118149294941 0.12463224852370509 0.53200509572537424 -0.72748049161746731 0.41498134303383916 -0.25466814512888503 -0.50067750095086561 0.29927141877486552
12 -0.15213213302819989 -0.43520930454528989 0.761148341422485 -0.4561818471698495 -0.26038917902063674 -0.5726828680245869 0.42512512958953685 0.15341755734461898 0.43394729778829649 -0.75875808745204631 0.46091101154860553 -0.25181401018799909 -0.57235840771607549 0.43141533822925648
11 -0.0030618876347460479 -0.49978681059948249 0.73306103834906255 -0.4613299067364951 0.11343915766633564 -0.52057301866557815 0.4798220407412504 0.0041021438494591401 0.49865936337820732 -0.73094135528669879 0.46588276085590813 0.11932278874210667 -0.51985369749923738 0.49108956359454936
10 0.1169105380400763 -0.5491464089006336 0.72823754283536346 -0.39298884067086515 0.2009490431998896 -0.31199408974236942 0.3625793325397631 -0.11717695642759564 0.54916416988151662 -0.72617816673087254 0.39667813850034528 0.20706225176880722 -0.31170662865938414 0.37165181770268418
9 0.2343738077058527 -0.60996864441133203 0.69038499234287121 -0.31044441280879453 0.32058131550461233 -0.06240313433944699 0.23174721932771838 -0.23552941679192047 0.60991825552212675 -0.68896665348358443 0.31281075076495396 0.32506023401699569 -0.061291181393690053 0.23725360123701128
8 0.40664703970224036 -0.70044119287405082 0.56408283998768471 -0.16071984960797028 0.27749028393488956 0.27466575760563655 0.19140670196757148 -0.40701494577216801 0.70115143767292487 -0.56308781472029368 0.16017992471216172 0.27838310109914044 0.27728565197361132 0.1952426065323718
7 0.56114046398500028 -0.74523519068732458 0.34179162608618152 0.1136854193698105 0.013221427215767894 0.5408742182751286 0.29819812339653612 -0.56110647653307233 0.74543662194546578 -0.340312327722188 -0.11692426717957043 0.011961210436210123 0.54163191178221437 0.30325247444589998
6 0.63651540446846799 -0.67564280916959252 0.24717340942008756 0.27795726284343342 -0.16521547067069733 0.60113639301079291 0.47777703857373621 -0.63553284244472119 0.6761536835853067 -0.24503524724497158 -0.2808414676570215 -0.16643174686696582 0.60145831145920714 0.47945491702108001
5 0.62951011491758313 -0.62116248772898419 0.32003006619303731 0.33978660330753419 -0.21071067511911898 0.69871508806748628 0.51680148093572709 -0.62865305724456444 0.62120782881752612 -0.31803924241261661 -0.34314312949334497 -0.2116830370150955 0.69822001351230223 0.51906677915131372
4 0.56296793265153833 -0.70133181153889923 0.36237592255834544 0.24471307214696708 -0.27022960404698942 0.65438784053405807 0.37933976453368751 -0.56368793322842703 0.70068299773556597 -0.35961014628530819 -0.24895741263441962 -0.27013729166972844 0.65338244903092768 0.38630430134905502
3 0.51483055912190323 -0.73870989406874765 0.40491854499471208 0.15905395222544269 -0.13091265126717425 0.52788214672919387 0.3024380907811518 -0.51535511088320274 0.73836704915048146 -0.40332509306665881 -0.16294808902881722 -0.13171368391347649 0.52834440489702761 0.30575488104049953
2 0.44787967588019173 -0.72270703654416046 0.52477554522064707 0.041339598466654991 -0.05256593683125961 0.40209160232741337 0.16179441395687214 -0.4493921172400121 0.72272804977185023 -0.52331587399646251 -0.043027747545460293 -0.05101805388900793 0.40520623428214175 0.1637548958257331
1 0.33005770433172116 -0.71010294638881111 0.61770505798029596 -0.072499508182903141 0.032872978039924533 0.20809447708531556 0.074898005830151271 -0.33097278491326221 0.70983732134507893 -0.61748681270127892 0.072787560835752343 0.035793165366299728 0.20846055313316314 0.073810517720665825
0 0.20598482575698626 -0.6724914270663892 0.68493720968767569 -0.19022762907983795 -0.0073034148960357198 -0.002817215234237377 0.00072385790291924583 -0.20400878711478018 0.67424269892202371 -0.68529631123754264 0.18478680562886174 0.00026228022284797634 -0.00056830258459863786 0.00061156581767658758
