19 0.22641593685383768 -0.68163353171191987 0.67658721838352365 -0.16229999354460631 -0.050393504394032548 0.12511058613948303 0.16290087084259061 -0.22643947228554398 0.68093539861819941 -0.67787670239437181 0.1597977617197773 -0.051242861523435934 0.11829560644986914 0.15156060954699413
18 0.30322628746245539 -0.68857486632330522 0.64316279347765393 -0.14233795398838228 0.32856668267958983 0.11828109234581777 0.25650165343861281 -0.30330313351464339 0.68844273320600602 -0.64307854896051375 0.143191452827613 0.3283343634353475 0.1112324599013885 0.24759487835667127
17 0.29086470104486795 -0.67855765770515286 0.65552231007813377 -0.15889534872236785 0.33033770776836785 0.090695338542231912 0.24685363861040435 -0.29127434103369715 0.67826639019240276 -0.65540529374642731 0.1598682680206184 0.32999806338376669 0.08406403310434063 0.23830983882158385
16 0.26891063712088448 -0.66566434738326941 0.6719376643320919 -0.18187309069232574 0.32939789929870766 0.050230750854283655 0.2255049496639662 -0.26930061123664478 0.66534030876752026 -0.67187533169018332 0.18271013377182047 0.32898052153331209 0.044178408312198103 0.21775248416398685
15 0.2066975180842317 -0.64395886237304789 0.69382439250905836 -0.24738801900752017 0.3102003362765362 -0.13175842869431811 0.21671927850209793 -0.20620801051763479 0.64384895985775781 -0.6937358793289462 0.24832902170333668 0.30951080013228971 -0.13892603782992818 0.2113297651088355
14 0.17077672789480994 -0.63790351015469293 0.69330025543325469 -0.28852933431117173 0.22099022863952353 -0.29115741797499056 0.19344930914187666 -0.16855313512026426 0.63856164430268869 -0.69232590895000201 0.29071240576062451 0.22015420529022212 -0.2999799905260716 0.18904724840390408
13 0.17348502223553441 -0.68259381579821576 0.69908920064539815 -0.12346221784394826 0.11670268102197102 0.1256479463689332 0.18047390058045418 -0.17524132369124609 0.68130184113949266 -0.70031469132504442 0.12115119828208595 0.11424479219358163 0.11935364633078299 0.16751805530474417
12 0.13133299587597616 -0.68981287321661322 0.68571575229325343 -0.19158223089780088 0.2717156585239951 -7.7235224528942329e-05 0.36648441391263575 -0.13525694826409415 0.68801340511692588 -0.68626446512292449 0.19334993207974832 0.27073769672121706 -0.0089437005265818881 0.35615435900542769
11 0.15835756327218253 -0.69196727939816993 0.68264194122538668 -0.17350546526500896 0.38302193715398947 0.054519860948233335 0.39229999227963003 -0.16200744916337584 0.69056587169637706 -0.68315778199947652 0.17368882565483321 0.37962294750788117 0.046630671525544287 0.37923774151713885
10 0.3366577785074169 -0.69537529548775745 0.62629238273206944 -0.10427171201986089 0.31555519545714777 0.19093028341406393 0.27025403228616163 -0.33646947476700778 0.69572627598636105 -0.62590677701823338 0.10485202875868084 0.31564939901178946 0.18447595529609306 0.2601208167185618
9 0.2767762129499855 -0.6964274693714021 0.65799597355358885 -0.073654644370016925 0.34552911395675839 0.10404968096578854 0.39579307923449941 -0.27880646994976344 0.69571679248482499 -0.65772301419345169 0.075136765761238858 0.3454583015161603 0.098733061295849245 0.38467686365049047
8 0.33995067440932492 -0.69883563450333452 0.62691978219779276 -0.055080682694019882 0.30963914537317372 0.18801313289042729 0.34353409455762268 -0.33942385704348538 0.69960378108659116 -0.62624255622655667 0.056269490222470388 0.30789382718762948 0.18258380955855563 0.32992949591938192
7 0.34280359572194458 -0.69476195623059323 0.6251760161282649 -0.094585769504384923 0.31096920881597856 0.20762108111302349 0.27469512403280427 -0.34286799420172054 0.69510689848696539 -0.62470756842585118 0.094912550167936982 0.31114090047257692 0.20141996839851239 0.26444944243885704
6 0.32141361087131132 -0.69378139730050059 0.63223645669273842 -0.12505089497897029 0.3221354099926807 0.15900546003989888 0.2656922192960407 -0.32129369011428222 0.69399738657974175 -0.63192841572944569 0.12571582838652051 0.32223073426391213 0.15248060832958465 0.25593107735835474
5 0.24265815861767817 -0.65241654142456251 0.68791863462137726 -0.20551794732468043 0.32755936436753524 -0.016642843307242573 0.21329547963840387 -0.24377873980724329 0.65198895467426199 -0.68761851817135133 0.20655048406767457 0.32793965949563131 -0.023958775539186128 0.20558868309508371
4 0.1926531076634887 -0.63760263564429032 0.69480438665270361 -0.2712831056575673 0.27682373184179171 -0.22046015899208821 0.21528094489304048 -0.19136825987069328 0.6383189373731103 -0.69413262407121656 0.27222605221567886 0.27626801092913134 -0.22804038780357827 0.21021370292759656
3 0.12329707761990183 -0.6506387021509642 0.69364512792113331 -0.28341409002548823 0.16575900944004054 -0.30591175748509869 0.15187643955515737 -0.1220254795653877 0.65085568309819053 -0.69311182266922244 0.28476773586867815 0.16481589365858884 -0.31414388979551122 0.14955454796110335
2 0.11309387991308958 -0.63098745371442255 0.70757647898193898 -0.29732160024578602 0.056776171285986277 -0.27459154824921389 0.091285008791323979 -0.11077151551667701 0.63162474455076623 -0.70796327802103887 0.29591865503043752 0.052882247922895864 -0.28247772248051362 0.08851893107947939
1 0.14718858567194101 -0.63941817459041628 0.6972642262245532 -0.2886217543409183 0.050463794493258884 -0.17087027134630894 0.020866126982676154 -0.14530639059782158 0.64031609840534431 -0.69865365235342669 0.28419081798609908 0.046558025480824661 -0.17374666312246609 0.015883265615244113
0 0.16156871819054164 -0.64060088912185331 0.69516466860720516 -0.28332337298357735 0.048932317748346374 -0.13652798105281705 0.004761421223387987 -0.15879653236740682 0.64149574290609634 -0.69686349958325211 0.27865415139564237 0.044781472032761727 -0.14082745837395499 -0.00086284418198290247
