189 -0.57776540167832058 0.02873381987145484 0.41058510401400344 -0.70482719909272373 0.74256938165735886 -1.2261280146667159 0.36567268902954325 0.57689150065751726 -0.033870601363469741 -0.4090989764275656 0.70617774413975476 0.82251578701883687 -1.463679847443613 0.53829446867112196
188 -0.62963672490489286 0.0014190352530971252 0.32913932682681918 -0.7037207432824325 0.66429518726297443 -1.5614946945831329 -0.082282914120053341 0.62851234495948027 -0.0080098813839805869 -0.32610745071058733 0.70608923276367253 0.74724388766803784 -1.8507163045409833 0.021192328822250417
187 -0.65588397568152712 0.048867969729448527 0.295677152059315 -0.69282259903153354 0.59654711187632858 -1.7235096360397917 -0.099137776889259746 0.65519879825370375 -0.055752490444319451 -0.29284414128256131 0.69415308361530592 0.6629000598615562 -2.0269231349561156 0.0070952809337043732
186 -0.66450211400768633 0.096318800313848957 0.20869216267326735 -0.71106062359279243 0.60820845681572577 -1.8798880881015216 -0.0032683453346455198 0.66461182446047684 -0.1032475763297023 -0.20514072413887438 0.71101922904316506 0.67425892675468901 -2.1875721560528403 0.11662403443889247
185 0.70398935127343509 -0.13250735604313402 -0.12971881245233319 0.68557554185080416 0.2387023562561344 -2.1233538125884213 0.058873504987735373 -0.70333523330921011 0.13970378894132893 0.12611444709001202 -0.68549073456648291 0.25736868654615586 -2.4522918649772394 0.1890345428237421
184 0.73555299713226063 0.076925146246956955 -0.16478664482628552 0.65260223105006987 -0.13160133536449456 -2.1540760043790725 -0.96630786784182354 -0.73569026574765672 -0.067668680404523646 0.16016340627834508 -0.6546208565771261 -0.14148579835840636 -2.5356245297608604 -0.99304355372731035
183 0.72729656565884604 -0.027949839268030276 -0.11661614147739999 0.67576563068320039 -0.072593295163023097 -2.3092494684317497 -0.48638713019257818 -0.7261638137308194 0.036413288278125046 0.11130161210059364 -0.67747482551641369 -0.079569797622868643 -2.6877466855897421 -0.43162372279651917
182 0.73685319338278787 -0.13262480935988116 -0.099210905133313473 0.65545040059982607 0.022017976527110177 -2.3895600636786694 -0.036574319134395052 -0.73610990163419088 0.14051564016696677 0.093368228161619743 -0.65549976472499893 0.0084411150351693109 -2.7601722923153416 0.086127661110588782
180 0.78516398066504101 -0.28444573435490561 -0.05002556129077522 0.54781893987983665 -0.73277773154691539 -2.0089367259442295 0.53374970183686721 -0.78430696215146389 0.2880508918663815 0.045769277799470501 -0.54753488110387938 -0.86933682476715379 -2.2846126488161955 0.71936780608688289
178 0.77351481480189777 -0.32180516584440638 -0.020118243977505171 0.54562947388965488 -0.73779185964273386 -1.778227915340441 0.77257499530200613 -0.77397471133779794 0.32399114769346171 0.018216502470256846 -0.54374722202839509 -0.88087105988958569 -2.0084475795381462 0.97743890784408372
177 0.71323543904533471 -0.08224997082341258 -0.1358681060319373 0.68269320236300302 -0.023651880034121775 -1.9679364651904425 0.02419445233633042 -0.71252438945421714 0.088083154671976929 0.13274933847199605 -0.68332127541236054 -0.040050359990525752 -2.2784076576758339 0.14483892322825831
176 0.75071813052578085 -0.44628382615321432 0.14013136039414337 0.46649355499086104 -0.94551441375005696 -0.84997069921154622 1.3431526727667367 -0.75200088275441479 0.4474060578519809 -0.13780548456186725 -0.46403894250224298 -1.1093673391905128 -0.91089373239645965 1.6046077729433712
175 0.74375083186978685 -0.46136463913915732 -0.055527898303159851 0.48051433106103014 -0.95208795147229641 -1.252422311688298 0.92785435698270158 -0.74393896387633385 0.4622775654011177 0.05542357435008783 -0.47935633714355169 -1.1388243518644421 -1.3883848257172788 1.1382675704799956
174 0.74089051072965939 -0.13549476904273147 -0.10853364561880477 0.64880109929121832 -0.23329212078717959 -1.8202874348251838 0.52074813382960239 -0.74099586250038274 0.13983997235255125 0.1074046532490574 -0.64794610451039925 -0.29274037432199229 -2.0935402690251337 0.71124961391224328
172 0.71612395449807131 -0.41555715978653812 0.01887523772118558 0.56046628279064059 -0.78508781263942762 -1.1183712102119834 1.2515824990175053 -0.71762146613189526 0.41596902215931808 -0.017615091638455413 -0.55828210834406899 -0.94407496569868066 -1.2325502553086392 1.5125287314650961
171 0.71777109072992518 -0.45212870042604536 -0.00078192010409850257 0.5295126893327291 -0.78713701852525597 -1.0501852157263072 1.31966562712449 -0.71918974644968492 0.45210903832498495 0.0011223579515970746 -0.52760047988901959 -0.95005027338216053 -1.1495111967039469 1.5915862854915712
170 0.75135710930829103 -0.43101275643964093 -0.069851076591167433 0.49478411977067971 -0.87256685922395161 -1.1796363391048628 1.143409028569258 -0.75203127054392405 0.43138282250454457 0.069513308253553729 -0.49348326065607356 -1.0506776419825634 -1.3058500052867092 1.4004611696873752
169 0.74736518001876229 -0.41203283619553033 -0.11481317065864316 0.50842124801732946 -0.73387623895602594 -1.2523518208479083 1.1477058945205578 -0.74807944260391068 0.41245826925135859 0.11412721747954475 -0.50717876721129873 -0.89574818561713343 -1.3955329294499048 1.4127332826721286
168 0.75026782191607 -0.3260503486466752 -0.12401613114028669 0.56161318072289945 -0.46024885983815056 -1.360853765823719 1.1315593744373662 -0.75108989244375213 0.32663210139429671 0.12414516659259227 -0.56014589297724615 -0.57679556489593864 -1.5328348282714614 1.4066379890971721
166 -0.65265068325779441 0.10986816160845615 0.32339094185760164 -0.6763093755319125 0.26921221761257313 -1.6930081489772828 0.83801388773049501 0.65164271876965885 -0.11513962912324842 -0.31993617938306812 0.6780453332938835 0.26615934233852645 -1.9819915815863371 1.0900065596145438
165 -0.59856790141203975 -0.13455864372995852 0.42203244329076522 -0.66745715638291547 0.42553694777413498 -1.3465709656022422 -0.52842419502628346 0.59857938472804861 0.12997631356738557 -0.41728042294484685 0.67133145816131179 0.47792098460746679 -1.6328088679207227 -0.51708618785805349
164 -0.63410344613330194 -0.091960908131465638 0.34021553352736073 -0.68826550234934791 0.36585883123446566 -1.048495681747571 -0.26935312822699226 0.63278490520672692 0.088967549602253893 -0.33997554181807127 0.68998889108868489 0.41663208131202012 -1.259899203286946 -0.21373781351767285
162 -0.57725112476683638 0.046814527046994923 0.36711071980322263 -0.72788684451523677 0.7085196953009345 -0.2541014994340165 0.21699207053176084 0.5765987534805328 -0.046325679662834067 -0.37109528564676592 0.72641317296647212 0.79408298734718863 -0.29588714058143262 0.35252421928813021
161 -0.56584631088314952 -0.002473364425039135 0.43709591141211884 -0.6991130088584816 0.71769248203395353 -0.46344660568284224 0.18546009614443074 0.56451304557210746 0.0016218619626081484 -0.43907484096357874 0.69895327095270532 0.80533587112372729 -0.5631161733879233 0.31724789702801104
160 -0.57567159637209542 0.022212576509135724 0.39180800878143762 -0.71735298063781239 0.57755266763871593 -0.7672962756738344 0.27165343468527742 0.57229475852939393 -0.019829245896602302 -0.39562891407071293 0.71802734816870539 0.6375213310869805 -0.90632932940346222 0.40067674011515386
159 -0.58870042537401146 -0.0067069503452667776 0.41333115578600538 -0.69465400138351552 0.57809484448651449 -1.026513513131198 0.22753042467477125 0.58575510627946448 0.0061977273402810344 -0.41510993459489248 0.69608640688062073 0.63792584326825086 -1.2249052622970218 0.35479321597392754
158 0.68028170251195363 -0.17795113133941451 -0.21212720026493243 0.67864000102427058 0.26327320275442245 -1.02018590992185 0.75063655539543217 -0.67890920804426091 0.17706971126440166 0.21748900449973899 -0.67854781519592899 0.26646313687797862 -1.1710666048001683 0.95984888453634731
156 -0.57772127686403352 -0.1088429277367714 0.47079677755880384 -0.65783108590315509 0.65235806193561263 -1.489409599992104 0.027427598091314301 0.57607594661913597 0.10442026727916137 -0.46899439330361309 0.66126936308738116 0.72649335282500971 -1.8002917591567771 0.14113904376277198
155 0.74713472843564499 -0.072123055764305 -0.31921725524834788 0.57852252017041206 -0.29473302526335637 -1.7272163573169323 0.36829128745647299 -0.74635272284383503 0.07335142410700099 0.31529865508620125 -0.58151864955984089 -0.38599136001262124 -2.0231418315747547 0.52916603362591985
154 -0.61913883475481712 -0.10898931797490963 0.35668464597299543 -0.69106041356232473 -0.11749099084260479 -1.6095887261914443 -0.33553392890741246 0.62529565798983278 0.11036727305058708 -0.35120768838280186 0.68809706056576647 -0.11571269947506035 -1.6185454056252433 -0.29673259754825221
153 -0.61850852829181291 -0.13213602073860176 0.38857762519429129 -0.67007066914768665 -0.18575819262261983 -1.0243004025489502 -0.52077895130443108 0.61933901266984559 0.14027246849583605 -0.38838503808991792 0.66775735425011862 -0.10005285825237564 -1.036364380310002 -0.39528199304011302
152 -0.55406775921023699 -0.051996828601959984 0.42713337980894572 -0.71264459857075513 0.22680454783871543 -0.67120062648955681 -0.18242380129198074 0.55517642533724532 0.05258967976433053 -0.42688686164025824 0.71188557345332848 0.2227316512655082 -0.81351538799338152 -0.12914121398347556
150 -0.51920861670626484 0.00962788852561677 0.56521027155189163 -0.64098913019858761 0.48328931596021862 -0.26101660455537223 0.09330901624609915 0.51927706637140569 -0.0090429119960316242 -0.56405698033170215 0.64195737944385423 0.50706259280574528 -0.34068176509685966 0.18675252387278896
148 -0.046955955691698949 -0.49857998317994956 0.71715265606380385 -0.48467020384792825 0.32808257809774555 1.6869721286918378 0.56772832123931316 0.046498518372145893 0.49844275758288592 -0.71667211592202096 0.48556542655157936 0.39908735025465347 1.9132925336547697 0.65888654509554456
147 -0.030203211245736838 -0.45700510881037992 0.7128826492506174 -0.53106725087231554 0.54155287862978907 1.9784405356008483 0.5630391715324462 0.027745489662950065 0.45578548217084103 -0.71535607483742647 0.52891915094733299 0.65124847900505856 2.2560890406641341 0.67888320507470823
146 0.044766478499048253 -0.4825378134228443 0.72618888531248604 -0.4876504115332046 -0.10818164846810426 1.8518337972858763 0.66977181053950363 -0.042511693121908362 0.48530888733971705 -0.72592865032448484 0.48548494771214723 -0.10937607175233666 2.1101926903198382 0.7769231019739955
145 0.0060294516932851228 -0.64963945801734069 0.6922655994204896 -0.31416645294843976 0.052460660900754436 1.83770184871262 1.2584812065228856 -0.0067384250005174621 0.64932278410947786 -0.69253186529937649 0.31421987717169525 0.082129539905494653 2.1059462378327556 1.4497191437742032
144 -0.15166010043376157 -0.57698657452582391 0.6805272166276195 -0.42540382483287803 0.4289809112586922 2.2692519120725154 0.56191087287567576 0.14868348710223817 0.57769458682863806 -0.67982106493540195 0.42662103169218435 0.50760951471650984 2.5941760105273035 0.66913240050680223
143 -0.33432018599705887 -0.6040718913978097 0.62440849623794037 -0.36529603485917977 0.28199073876337982 2.1226914653453939 0.071798787028689234 0.33118050333587518 0.60341987521906404 -0.62764131774795373 0.36368984678764082 0.34841284807826556 2.4252887423269147 0.10961985747743019
142 -0.14070436576244413 -0.50153087534045038 0.62820526963095857 -0.57795086447164834 0.31558886485414117 2.4485766598162235 0.14379931735624443 0.13595034005783757 0.49935320969485902 -0.635161919260396 0.57335260819765255 0.40380263612746248 2.8216250360719037 0.23741518652489546
141 -0.12165756255110853 -0.49089854135199884 0.64645348797723523 -0.57124070885631784 0.37369537322536384 1.9477045843632614 0.29787733006514078 0.11958274164322427 0.48944779655755205 -0.64875529658605346 0.57031341164099314 0.45778711685324325 2.218998771922287 0.37665353365390786
140 0.7458262163527003 -0.10974859798821861 -0.06332998281301698 0.65397845034644553 -0.16469260724836315 -2.3700274611516217 -0.038145542580581761 -0.74470606696670416 0.11740529797785615 0.057646340027126333 -0.65445073864362824 -0.19683930755947276 -2.7359066320902605 0.08326285910196507
139 0.80303573240347936 -0.25526494122400439 -0.061004134069576922 0.53502515631653635 -0.649251028594789 -2.1259207424938773 0.45012581939297569 -0.80104954832973307 0.2619947048289617 0.05661992923102064 -0.53523133258077316 -0.76765351615095379 -2.428732336182482 0.63709939986744391
138 0.6884751804742828 0.043028150604983093 -0.2345461142664253 0.68493694922156145 0.14185943278556831 -1.9434227629388086 -0.62127155542128898 -0.68837983216324417 -0.036530842420852749 0.23022199947131675 -0.68687446828540355 0.15867971919055357 -2.2884758327598362 -0.59938335886607508
137 0.77707009411075345 -0.42020976710738156 0.10077252300570429 0.45763601155648692 -1.0219471697677542 -1.0846483782930685 1.2372985550679394 -0.77778932650072707 0.42155829745222029 -0.099104745062371727 -0.45553333021509335 -1.1967443328723557 -1.1878538460396797 1.491513635017629
136 0.75795789936007463 -0.46465518159972968 -0.12943304397670785 0.43913832915962714 -0.92618283407689506 -1.2530957366737634 0.81538125842591691 -0.75780154452448067 0.46525157685632673 0.12704308457292721 -0.43947450894358953 -1.1149168134357801 -1.3922602092993399 1.0221706246605677
135 0.71822443688141813 0.23735090055801808 -0.17240826580625693 0.63094658898542844 0.20757845803080308 -1.8128097153755311 -0.67159697726292122 -0.71789428774278863 -0.22844816182975816 0.17095272778896706 -0.63499164864145274 0.28255457561553099 -2.1602829363248661 -0.66010533425646134
134 -0.64561570571807447 -0.12713504514007387 0.32451084173956274 -0.67949227693982361 0.30888288371065153 -1.825976950799262 -0.72775419402169372 0.64590754872399214 0.11991012809283834 -0.31995516934525958 0.68268125013901548 0.35455630504744917 -2.1817439457075074 -0.72344748360596656
133 0.71018740374800871 -0.0020000794766353589 -0.22073050336915925 0.66851170230755674 0.011537560909234561 -1.9434312056919598 -0.12385343656513048 -0.70996522116233796 0.0076501053623011803 0.21797694811256405 -0.66960952107880811 -0.0010028637118844053 -2.2727599962536513 -0.026236843578093527
132 0.71271315874112129 -0.43273347125778494 0.010522256690672081 0.55197008825168914 -0.75740313706056195 -1.0915149241020745 1.2877280513132512 -0.7142326851366364 0.4329078216711042 -0.0098843864075189702 -0.54987706655564073 -0.91372025816498503 -1.1990974603129867 1.5552411346234276
131 0.76728434303734572 -0.42962908947686773 -0.10065431095222704 0.46536253834162378 -0.90129557532696014 -1.2331622196592793 1.0871118967603861 -0.76771462787262279 0.43013447736166294 0.09969561147534757 -0.46439139374859861 -1.0847436380044897 -1.3703209467767925 1.3397503362015577
130 0.711554847837084 -0.25390224053395954 -0.17046400272529999 0.63258625858158513 -0.19770546440141434 -1.4218823959642368 1.1309821379203031 -0.71175233252280989 0.25544695802772699 0.17066412482887389 -0.63168760101739752 -0.27356393165423221 -1.6206468828319456 1.4160889742631841
129 0.68160844491250128 -0.20311918523680347 -0.22251329490131916 0.66681358564808568 0.08788352989561582 -1.4435676810909177 1.2071000602338557 -0.68097704344460797 0.20614184601073299 0.22162101944592527 -0.66682826077219948 0.055121158725147668 -1.6611088991414689 1.5128412118182513
128 -0.66664253366255255 0.12229406252978502 0.27068472106524327 -0.68363855681475838 0.19237477218641225 -1.6838032836248027 0.660358868782563 0.66525245323424809 -0.1268283137996514 -0.26762460011352684 0.68536911638811582 0.18606503104916605 -1.9592066247186302 0.88701277220363295
127 -0.60392254265370249 -0.051716948560349557 0.35550764207601321 -0.71148944906572364 0.50620266759353993 -1.7900141810909693 -0.087405056972778936 0.60407743177683415 0.045616388896972768 -0.35072658005217594 0.71414317018844975 0.56331228739633588 -2.1270056223921316 0.017158910611222211
126 -0.61239060072522067 -0.10883766061018989 0.39204289968128037 -0.6778159636551786 0.41591729258666416 -1.5965379565898885 -0.40671919329415229 0.6122764547624211 0.10290877113557143 -0.38707695750514304 0.6816881667855833 0.46596964923186235 -1.9164926848056192 -0.36181598496659273
125 -0.63637510307105283 -0.16026174822175712 0.34926543696320983 -0.66884718343662819 0.29508993657066429 -1.1413975741584643 -0.4432993058954473 0.63582651295707426 0.15734030880181582 -0.34833773346678903 0.67054417907414354 0.33841130539321007 -1.3785410091005841 -0.42322976012186242
124 -0.62304657391234697 0.081283088057541864 0.31165927923640846 -0.71279346237024277 0.57034977590822766 -0.85735350896521523 0.26658554036449533 0.62255627078778519 -0.08195946585310937 -0.31440624064901052 0.71193753342609722 0.63482214967481188 -1.0021940497667885 0.41295191053460201
123 -0.57934658084220181 0.028978757466742285 0.41900034764360072 -0.69853881750170166 0.68262598314137013 -0.37927839906446975 0.22191533948696604 0.57820901281857051 -0.02900352516251975 -0.4211543614161497 0.69818488732117112 0.75904200836466984 -0.45622639023852685 0.35734172231846362
122 -0.57080888523732265 0.047165491327777538 0.36997227095852159 -0.73148694566870398 0.59369270367037597 -0.63897141562029214 0.30189981297536989 0.56812077857148446 -0.044011299713605762 -0.37440721166044721 0.73151966912004396 0.65529595219878889 -0.75134828618306049 0.43973362553350093
121 -0.59075489012275462 0.0034803512698793814 0.40521872807572873 -0.69770647794597651 0.56478235269397437 -0.91238432223084009 0.22829777069744547 0.587757860622515 -0.0032045056339234162 -0.40719630219056813 0.69908626070207802 0.62362140909702823 -1.0870373991098869 0.35875113320982699
120 -0.57043607870874624 -0.006948464345463895 0.4149715676379685 -0.7087686484338287 0.59425423454023896 -1.1517084837773652 0.20861444890019887 0.56813951736242951 0.0055935755600857832 -0.41547329920785964 0.71032959840413223 0.65113401872286758 -1.3756826789319909 0.32797876587353159
119 -0.6878001760113972 0.053576410616014418 0.17795618023051835 -0.70170655121778558 0.53911581968987488 -1.1484159831341469 0.63889051934237961 0.68688740849328667 -0.053902879823043273 -0.18274990312735517 0.70134345402741283 0.59941554765799854 -1.3311963191238734 0.84236224565326978
118 0.65128904864917336 0.24029345435860755 -0.36220958310310075 0.62200148618017104 0.65095264739632031 -1.4388970661549636 -0.19685688382764191 -0.64830239092555775 -0.23459633125068532 0.36246745875923653 -0.62712511720114139 0.76590237268567973 -1.7438325487222643 -0.11256445062935949
117 -0.59017676099225858 -0.041472762878685274 0.43267340571931451 -0.68026842107152363 0.56482951500725875 -1.3958175534690114 0.23929219822520048 0.58785212144066312 0.037929641599464846 -0.43203828494249313 0.68288662744982576 0.61929991850141519 -1.6704334230899089 0.37733981212726775
116 -0.64578306285969733 0.096647543477461656 0.28232375090646755 -0.70279213693482878 0.2298265934945917 -1.5595515140116309 0.6406819500397819 0.64448309427891359 -0.098239286586603344 -0.28177450295839512 0.70398417115882772 0.22300814972277294 -1.8201381443793405 0.84606893597048582
115 0.73062129515247509 -0.066724236771823403 -0.27372256823165975 0.62194562056308578 -0.37118096069540163 -1.7639533074269187 0.32319974084778413 -0.73060357604615023 0.066674921017541397 0.26947410927354837 -0.62382415311296613 -0.47340635131499909 -2.0576984781317575 0.47146002400112108
114 0.72735879148881422 -0.050082900594468155 -0.21769445379115229 0.64888366931257258 -0.46579464429234335 -1.7789164271722093 0.41224385619350701 -0.72822324749935563 0.050961927293016414 0.2141112985067643 -0.64903785376495648 -0.57234073769351157 -2.0701820947357441 0.58938846666674616
113 -0.64749152092989226 -0.061469523664378391 0.34790254616251631 -0.67523332734544994 -0.18151221116704599 -1.8174016859094266 -0.21232338657244038 0.64699846425341911 0.067022776568549478 -0.3491259445727013 0.67454578013725552 -0.23872598393147015 -2.1411735742802716 -0.19035326506717176
112 -0.64013751483559034 -0.068608963468806392 0.33571993364111014 -0.68761100804732556 -0.14166706458701753 -1.75482308899872 -0.17683739301093038 0.63859330506694745 0.067281080021461451 -0.33281939256443821 0.690581710536745 -0.18220883852434255 -2.0750206458230274 -0.11293351744795332
111 -0.63880984842146726 -0.069093724030667866 0.3326825469828904 -0.69026832303988306 -0.19579470360452936 -1.8058873289480677 -0.17225360790624134 0.64609692924252415 0.072839753286158326 -0.32821375418118043 0.68522175967411314 -0.20174161882140496 -1.844525719434758 -0.13529921589774574
110 -0.61463318612468754 -0.11239384228588895 0.36438003651960882 -0.69052216453666382 -0.083967826309032059 -1.3558303835079482 -0.3207540684073128 0.61877878736310743 0.1182121755661048 -0.3623316984372692 0.68691661369116308 -0.083900042267641695 -1.3747092752143972 -0.30624651083977028
108 -0.63558835115233259 -0.074485533902246645 0.35647890818053307 -0.68073646967176071 -0.084479065971519302 -0.78167645900719263 -0.29809780531579633 0.63601098563957192 0.087245694822799855 -0.35638208279256484 0.67887408695950424 -0.13747764977824328 -0.92176421202870551 -0.27376361401796423
107 -0.61501311268835834 -0.13278278037880548 0.41531125397784924 -0.65699632173673306 0.051501849393864471 -0.72095601426222966 -0.33980959869754795 0.61534901182240787 0.13427533720100415 -0.41525962554358908 0.65641082476002877 0.022670809392928315 -0.87491865802880187 -0.32227443522379251
106 -0.56875650894123619 -0.024467781396179319 0.40569311810108499 -0.71507374104769361 0.23887708711545486 -0.49669772682752933 -0.13282860763016002 0.56943273622164969 0.024487925267645719 -0.40449193767623376 0.71521533316207453 0.23801096220817808 -0.60751899833203904 -0.065460738978824651
105 -0.59573713225162261 -0.027224271969701067 0.40456079624199287 -0.69331570760828443 0.2009690172345612 -0.57262763930268468 -0.14441865777076526 0.59648339653972637 0.028138265921758176 -0.40410730134058614 0.69290193003525169 0.19261161093721135 -0.69046146735682334 -0.081579490057325899
104 -0.56718105687016862 -0.043321168764866184 0.46894186834669499 -0.67566445013482601 0.3143914811952101 -0.33894057558904866 -0.097069758677493581 0.56792315843442032 0.043840941472641129 -0.46836258455075874 0.67540931838226681 0.32109502105477983 -0.42934308210053684 -0.027260988547535447
103 -0.5431403218878843 -0.059066130566912282 0.54428983797084363 -0.63659905375444237 0.36857242648905497 -0.25483107191441351 -0.043937602572909462 0.54331107400836509 0.059364599391386066 -0.54271478852654387 0.63776922120275281 0.3800504638187796 -0.34094644899223026 0.028530246915559943
102 -0.4919122191756084 0.064314418382006952 0.57764058508657645 -0.64824175943450946 0.62985335345689319 -0.22502086846136632 0.14298047321247803 0.49186796917327164 -0.063488608554809964 -0.57738219740813601 0.64858684507264563 0.6766103543620714 -0.29196178463508549 0.2383415621278302
101 -0.44434720936646521 0.027314489499818701 0.60137045325759986 -0.66344785336931122 0.75639914379177586 -0.29747547526897794 0.17897306101731858 0.44521655165957419 -0.026559196836129867 -0.59973515791778953 0.66437532430780522 0.82559899163665929 -0.39004268671651676 0.27564847448973984
100 -0.084568523604434204 -0.47594298522985562 0.71134259486314788 -0.51021383003523368 0.37007953490451528 0.84679374530242568 0.49086631324062652 0.087629331854350387 0.47408537988160115 -0.70627090376432322 0.51840675466008768 0.44649430917240096 0.91209196559897165 0.5551652419031079
99 -0.13421216587713791 -0.49012109412695004 0.69938597887408038 -0.50262079162795559 0.58302794305543426 0.84796626244563855 0.55592778822208511 0.13554480440361666 0.48742407905737584 -0.69475174953723173 0.5112390631291881 0.69328243933816047 0.91149981975700778 0.64067756402761411
98 -0.098874697928115096 -0.47974350731573706 0.70428763574061348 -0.51385687447081607 0.66273315595857862 0.88212084312288819 0.56718927845794476 0.099634528673288841 0.47701248109723071 -0.69949349045958253 0.5227245071528458 0.78902117146940043 0.95258614709013056 0.65426626997842874
97 -0.074291824281524935 -0.49277518389072444 0.70497359667939685 -0.50464400419632482 0.3291471297974517 0.75962573200536732 0.50606416278429966 0.077983914791857706 0.49055715855204401 -0.69933523234906869 0.51400624122899063 0.40162964758382813 0.80826226300843684 0.5700463468754613
96 -0.11546740653995355 -0.49023103931562384 0.7010053272082668 -0.50490824646077193 0.43027734308976739 1.1402641931082553 0.43024877449503834 0.11607624011999715 0.48907309217921463 -0.69738714424651971 0.51086689854163603 0.51389801110313194 1.2635129359615422 0.49241976227055417
95 -0.089098197019804773 -0.47543588592712266 0.7058639510278697 -0.51747300634896742 0.38826098464814546 0.95076669456107066 0.45181018957060504 0.091130472650659905 0.47406427848542027 -0.70103034021866717 0.5248949979867068 0.46608287821516825 1.0383685995603709 0.51258857237247213
94 -0.062540068641244714 -0.49635494319212387 0.72939037005609231 -0.46659425441439834 0.39575210778061026 1.2848671369923879 0.57201645988476024 0.062905684791665514 0.49601433676217793 -0.72562140849564172 0.47274329617676164 0.47310580517118694 1.4387514994531307 0.64813339432046746
93 -0.095730110932507786 -0.48329340392688347 0.70861262694218574 -0.50510531230597056 0.44575876593327229 1.4623617677322662 0.40153266015884098 0.096255411285669987 0.48226460985808239 -0.70694825528253724 0.50831083623077966 0.53378704975399671 1.6449230333940883 0.46133391341212615
92 0.17161087856777898 -0.5665941734817721 0.77760287078680923 -0.2117888672187834 -0.41830881719353802 1.2944855462148579 1.8958165065219292 -0.16796093714413723 0.57219115001472531 -0.77349408906278638 0.21469351555978511 -0.47839673026523499 1.4950960255980377 2.160887220894534
91 0.10883835548212059 -0.55907178640358812 0.79294815605912639 -0.21639355772730559 -0.27198711321662877 1.4731730070043834 1.6970633480986468 -0.10548026475956637 0.56388296202810495 -0.78979116136373007 0.21711711197506545 -0.30961176975423044 1.6953666497499196 1.9340281271406408
90 0.042218594706052541 -0.53830149615538403 0.78949311342848527 -0.29180423805510092 -0.06905592014049243 1.7633035232722041 1.6083488645832145 -0.041528406930153881 0.54164814359413138 -0.78738409204829363 0.2914085989605647 -0.0776896668571041 2.0207712167304575 1.8445168518460733
89 0.021304358173885787 -0.59811969384414332 0.71943295056117007 -0.35244174810234369 -0.20280714077326825 1.989896749317186 1.4519015668924551 -0.022783447710013387 0.59931924940221859 -0.71898970370402171 0.35121383482717383 -0.22175700955126842 2.2783616906889295 1.6789242453287621
88 -0.1297967784359908 -0.42884815519818137 0.68169394896276503 -0.57839036648124209 0.50753649204928997 2.3731895475070428 0.24393869919403982 0.12531238802217343 0.42881838044076187 -0.68723085072016743 0.57282227594846324 0.60499363452694865 2.7252128611198598 0.34129395844306032
87 -0.020091317302015268 -0.53237596872676651 0.71131935807105295 -0.45847239581537769 -0.077475558247513815 2.29516020665843 1.0215025998825022 0.018498162274547817 0.53342988366231592 -0.71411230894977151 0.45293927563736258 -0.073338056588156064 2.6307129818982116 1.2114307412390417
86 -0.20574558608232654 -0.55386817090325724 0.64200452278330622 -0.48859901329587097 0.26976363187527203 2.4881667509610601 0.30125052215769493 0.20114424632989869 0.55371486471137821 -0.6462615217536043 0.48506379607918887 0.33564617544206143 2.8606402173686654 0.39943759156963488
85 -0.11475808949386675 -0.45888804095028207 0.68800975000258924 -0.55035891077541788 0.34830014586919772 2.3983392199287468 0.43263512099867096 0.11137777188975594 0.45874893971995795 -0.69378748023924453 0.54387805112724275 0.42504022067905112 2.753676906810409 0.55814875927371332
84 -0.011974584603784862 -0.42267853661830584 0.71368584336317042 -0.55843708776260137 0.71717275225420185 2.0067941164210983 0.59758408272545693 0.0084154690191231719 0.42096300872516978 -0.71684570242308954 0.55574415344094119 0.85482711758771046 2.2896297044803648 0.73078504487012452
83 0.0090755697792964801 -0.38670457193069097 0.69224276802890194 -0.60924310270430349 0.94925079075783803 1.922570717750703 0.45510324055755841 -0.013953356765629976 0.38355089056365865 -0.69471238383037537 0.60833273949008571 1.1277619071936584 2.1911396062155641 0.5728541881469873
82 -0.036269006504613552 -0.47320148041755 0.71306624493537063 -0.51604403729873516 0.34405589164366102 1.9437053754026175 0.54775211711374949 0.035331858179040949 0.47339642092971906 -0.7147904333837285 0.51353882500902515 0.41824076511449704 2.2155210598466173 0.65574407741456042
81 -0.019701173093549452 -0.60220387075443882 0.71234815314697875 -0.35989230407886935 0.052131967198731442 1.8075725355242818 0.97809137091671772 0.018708607305064306 0.60253507858222599 -0.71192259013450709 0.36023283130052219 0.07657477592051265 2.0640324682530475 1.1256088201629879
80 0.15091094621716228 -0.62841267705432091 0.71593119397385507 -0.26413238938916916 -0.32627408300616584 1.2422174199401541 1.4651990470385015 -0.14709667022080417 0.63369493352783357 -0.71078596146509743 0.26753806797396862 -0.37048784750309416 1.4296369718679394 1.6557010840667967
79 -0.32509636507130879 -0.5967331143862733 0.64748973747335725 -0.34493330294270624 0.56726214031003486 2.119665842488919 0.16720535601017575 0.32144928576708937 0.59590227704365939 -0.6503447969580497 0.34441614068391618 0.67121589925404967 2.4192093337936651 0.21396682561064218
78 -0.32463414606651242 -0.63509758489669532 0.59923789152031071 -0.36356248188219809 0.51965892180356188 2.2117380660578352 0.12860160130144516 0.32094588442214927 0.6320717514962586 -0.60429713508205152 0.36373618566835109 0.63373050411816501 2.5278898207472715 0.16456083262536869
77 -0.25077241808605344 -0.5325482900799986 0.64540934190380517 -0.48677745884894885 0.55920831623365064 2.2480868298926211 0.094400608800887187 0.24778988455254961 0.53129847768729599 -0.64861408690600408 0.48540896879609335 0.6729616921392072 2.5715687938875247 0.14292508636314949
76 -0.12519960575577449 -0.57024832553569349 0.6293677446094339 -0.51287244806829957 0.18974092864454176 2.4807025483870371 0.340459151759537 0.12104355697821449 0.56909052325278642 -0.63355303170723698 0.50999508789056014 0.25077309979403495 2.8518410897420488 0.43792024483398251
75 -0.15393355201270106 -0.50611059683850745 0.63128049438026934 -0.56713443093108351 0.34658603424595563 2.533051827613412 0.13150979224596807 0.14784361216854605 0.50513756293612311 -0.6374266101512609 0.5627305087899388 0.4311622844377645 2.9202345254328854 0.22456289727396239
74 -0.13332768647215443 -0.50240005104157914 0.63473241408772407 -0.57178027181756941 0.31310484540533151 2.3363121459198588 0.19813390987972529 0.12828934687468402 0.50006654766243352 -0.64097645681175086 0.56800041654957945 0.39941654034666385 2.6880037537033692 0.29239900363585747
73 -0.12696802726616471 -0.47752571787340692 0.63540880717069437 -0.59338348189980961 0.39169895166670532 2.1485781652212936 0.13348764178653752 0.12367410102039308 0.47539804440062439 -0.64064489309824646 0.59014874147455076 0.48581806989281517 2.463196186468009 0.20735197491170254
72 -0.12086992949577105 -0.48331351694929708 0.64588181361086827 -0.57847660914208321 0.3753178213023361 1.7313785162491733 0.3062469301318354 0.12039616266548096 0.48154173940964862 -0.64728382692211828 0.5784859243117455 0.45843447920494285 1.9663455735172573 0.37662566583205503
71 -0.11065266710540397 -0.48885373277159394 0.67564732511163483 -0.54062806742457681 0.39382107964297525 1.4532722382178924 0.4548525196526268 0.11007549813254884 0.4875011608562107 -0.67430453562840331 0.54363535214855341 0.47479116100691954 1.6361578819415499 0.53157766848227084
70 -0.41877184027888825 -0.26586316828692419 0.52581032713205655 -0.69099234541284993 0.92455054869361697 0.96477770175472355 -0.65018558323832787 0.4184457342279575 0.26646876326733299 -0.5264258849402238 0.69048776482578311 1.0627158895694606 1.0853961015595601 -0.71358982039402363
69 -0.60093498949804436 -0.1539748571018113 0.35130732490194144 -0.70125034420505106 0.71770256080734252 0.03656738373429385 -1.2776397027212212 0.59803685474887447 0.15554857340522399 -0.35722368154185979 0.70039117857048527 0.83198022186667586 0.041249906073713927 -1.4284861446931387
68 -0.66403227112153251 -0.15611252650102575 0.24291396487028791 -0.68969763494566361 -0.10224148133131507 -0.22871878619988301 -1.3974689765999053 0.66300434450473944 0.15787905079782491 -0.25072419746206082 0.68748586988681026 -0.10760432960977351 -0.25367654396791206 -1.5677768879109308
67 -0.6653257249573955 -0.10935673273298172 0.24900257373679302 -0.69525571050393864 0.18341753565974017 -0.34189107919693817 -1.4245358238724086 0.66373136043245418 0.11136475528089582 -0.25590799081843441 0.6939522121118874 0.21787270267660741 -0.38648927700769686 -1.596748736390277
66 -0.65846334274195317 -0.15648385144200216 0.27379458282374025 -0.68335595184306797 0.081672904601310103 -0.12172008611586878 -1.3818351997390566 0.65736550984466535 0.15824636506272616 -0.28003558282201413 0.68147541904652176 0.098287472448853386 -0.13764808384722305 -1.5465526185538145
65 -0.63465488244341028 -0.18366976788744546 0.3190609902583223 -0.67946941141621042 0.22165467334842293 0.20357031086743044 -1.3625746602729139 0.63298489262213475 0.18483013193828299 -0.32605928183981298 0.67738710702664473 0.26467681918375874 0.23568344098499738 -1.52609632984368
64 -0.61284999806516438 -0.20041870322225655 0.38664426570747479 -0.65935835102451368 0.31351778503733352 0.53367849083979302 -1.4529813999147883 0.60920070735002596 0.20588949600698242 -0.39496332294457698 0.65611583361994608 0.35937883015281447 0.63392323490986657 -1.6280097409174843
63 -0.51183552689573319 -0.35753286142357971 0.40001759679462406 -0.67095496768731699 -0.125952161305389 1.036156721766029 -1.3532449813146319 0.50879896998738738 0.36563120131618854 -0.40855555601111238 0.66371664919324225 -0.15209743701480072 1.2193688960787696 -1.5067850546507877
62 -0.26426120916966628 -0.54212924442951449 0.64210100078910615 -0.47325278704736418 -0.38964308358483313 1.6955097339295135 -0.081530136543374654 0.26873729991248985 0.55078008204325024 -0.63545730606626261 0.46969732490954569 -0.48763582873099232 1.9153410657103578 -0.089334815600196293
61 -0.47103843941887258 -0.39012642200574926 0.46305961176206872 -0.64148262595146543 8650664.9693298414 -15129983.586643785 3899335.403179225 0.45496774099331455 0.41241579839924647 -0.49565783288365939 0.61419937853047935 -0.18445802609898987 1.6458918572958838 -1.3173133641197188
60 -0.41940861184602485 -0.39820970229972752 0.52050352185026549 -0.62817317122368677 4907671.0029217172 -1710856.2266295205 -43085.64808612359 0.40128469782187387 0.41971606530809613 -0.54975006162105933 0.60048637417008799 -0.14480350338819736 1.9242500069685211 -1.1268114799524716
59 -0.23523858417227769 -0.52922040634701684 0.62862422480150104 -0.51905698532553557 -0.44668894894180916 1.4484975480302968 -0.15112837376180097 0.22077753145329038 0.54803417016488343 -0.64257992008215181 0.48785948411842373 -0.57205636370728641 2.2768475198684932 -0.082281489913011541
58 -0.25329885106175926 -0.51971064204719963 0.6406959203355812 -0.50522200888225555 -0.38817826952362311 1.3768293539918421 -0.14291888298207453 0.23395424065438117 0.53888175126479942 -0.65853382231704349 0.47032443727507861 -0.47138378970659822 2.2015450963327021 -0.036937581503412531
57 -0.23508897825887323 -0.52797136497650177 0.68755164477355935 -0.43960453345617462 -0.29233537298374401 1.8821258336948532 0.077959928430762507 0.24164770560468224 0.53443816803236277 -0.67040364066774893 0.45446802913475959 -0.39605425754390566 2.1104620612679148 0.01476932120111929
56 -0.23445632041050996 -0.55953298639620586 0.66619513344831749 -0.43374775518022823 -0.44352925462039067 1.5719350755131041 0.096024291065762379 0.230723691830683 0.56563218009083527 -0.664571081054109 0.43031627101503117 -0.53724074445413805 1.7779536638160689 0.13009796752301828
55 -0.20904554001790035 -0.5305935712440214 0.68562978932547236 -0.45241818745785162 -0.31124491660466658 1.5484073129092939 0.11344606670220181 0.20462107611090391 0.53588873985694019 -0.68404976707873366 0.45058782702741385 -0.38027806329171554 1.7510353239761549 0.15015063511602023
54 -0.22313876652292161 -0.52290967391699861 0.68183284586332571 -0.46030265489193678 -0.28254357175081263 1.4554287869283571 0.072262609831767022 0.21985168576101283 0.52869626648717682 -0.67986168601883923 0.45818509573553601 -0.35104329623824526 1.6432605698650424 0.1030276202511855
53 -0.24058956846704069 -0.52233983442696041 0.67314071244366691 -0.46492939051698068 -0.31691951609459257 1.3315661817357558 0.039670922407574562 0.23790649134276132 0.52681848430345224 -0.67063197061911783 0.46488229258244362 -0.3867032521590712 1.4941932697908418 0.057191392705477462
52 -0.26457752829013559 -0.51267577542979703 0.65067153955801516 -0.49374976295745326 -0.26641245243876494 1.2321129752270801 0.01550004061253191 0.26324814485442438 0.51592258287794002 -0.6474341577704219 0.49533151934776348 -0.32514370771547707 1.3722781062210547 0.034927376723508985
51 -0.60395791868850202 -0.11873525663714661 0.38608367805936011 -0.6870779903482005 0.50945038684437394 0.082204143917390463 -0.68116974276423037 0.60236595921033909 0.12023959135476456 -0.39069611951641053 0.68560501314551814 0.58177339687572704 0.087973612997865658 -0.70476761554975553
50 -0.559547918648998 -0.11485977570414392 0.46022040225163763 -0.67964000766001753 0.88272906701973408 0.11387856404000364 -0.44528134179165729 0.55666107434696221 0.1135632670630085 -0.46323202849393202 0.6801822700263942 1.0222802607306214 0.10499935177576436 -0.41949639470745481
49 -0.41819076401404415 -0.071383167056284558 0.59424788673571094 -0.68329377098324817 1.5535508340497488 0.19633921551813327 -0.095511532522539036 0.41492841139543857 0.068864398909007807 -0.59473747055650283 0.68511272729078065 1.7868167080870521 0.18073250878015523 -0.02758551704905976
48 -0.50198438186827854 0.033987350052623329 0.51991084305984558 -0.69032547082193285 1.5510220919177564 -0.065169627104936581 -0.091683707630125538 0.49942237024852215 -0.03487707471286286 -0.5216916756943708 0.69079568706385319 1.7739999901341008 -0.099340350978670777 -0.014292140825295618
47 -0.55019059103408663 -0.023507802911967239 0.463025904309185 -0.69451040933774033 1.3311706480952408 -0.11612878402475235 -0.26577514189400386 0.54768212234951796 0.021818472558117162 -0.46496743653459094 0.69525069584748311 1.5331646638140253 -0.15979600605789468 -0.20943476028323715
46 -0.497705567341168 -0.078739088342541966 0.50601596576307284 -0.70002654706622136 1.3446519123835927 -0.0052846545437869518 -0.25855442096881182 0.49575472204324039 0.077908372767942907 -0.50652414058042916 0.70113539065842223 1.5454426723221104 -0.041986110089335948 -0.21132523660410563
45 -0.39068470511091646 -0.1880190483014488 0.57571110065226616 -0.69323230396020252 1.3187778706848121 0.24409378046243857 -0.20057448744933687 0.38886105272817545 0.18627447110959414 -0.57457464228796151 0.69566722182638263 1.5226322413905322 0.22526192922678634 -0.16130066240871344
44 -0.11153108976386437 -0.46053006965998633 0.67928627996809721 -0.56039541468694898 1.0451704498090049 0.63912829945361149 0.11277248336857447 0.11183692781100367 0.45766144617465188 -0.67613689969882973 0.56646040914504991 1.2438346156283235 0.66436969540616975 0.145298844815545
43 -0.2105165147915411 -0.36131189920475792 0.6638587446665678 -0.62002264121788575 1.1918834209847611 0.56064170613036324 0.025794962423333574 0.20870059838920166 0.36002157458179646 -0.65983398515111502 0.62565776436261977 1.3949143394863768 0.57728773305522108 0.063279799662782743
42 -0.33418917874889081 -0.21842903655734416 0.64680558728707604 -0.64980680286527637 1.3952642834823261 0.29247451462898849 -0.0063395470571381337 0.33174955211292545 0.21655249804057516 -0.6442841266841407 0.65417521687091928 1.613289582111193 0.27309836009730404 0.051162448324688192
41 -0.32775506500395019 -0.23269629317970261 0.65340278141316055 -0.64147787003623835 1.1954004213525065 0.34983624659164031 0.11956115452920964 0.32611676981052662 0.2308471061745013 -0.65000804177228111 0.64641086906902412 1.3770648869652451 0.33564348469882432 0.19114791201654224
40 -0.35883938583685043 -0.2397405691154873 0.61399868510837396 -0.66088150933249845 0.97880224613197664 0.33237808705887267 0.01108608822085695 0.35784049436556981 0.23802582015561169 -0.61213946163928545 0.66376137959014969 1.127887198400467 0.31979141709058512 0.075178696017038416
39 -0.35711166500233782 -0.26307030925782093 0.61627378761810703 -0.65074717809690408 0.7542009187748403 0.3846721312281291 -0.064627963203577124 0.35741549046420373 0.26230908771548928 -0.61367017714952199 0.6533429599799595 0.86358918253880179 0.37849687948940591 -0.024866690188896312
38 -0.41717432286471479 -0.30763511543689959 0.56858077875880964 -0.6387817452921758 0.58343857433118551 0.34736004136291382 -0.24035813335977818 0.41643837182207333 0.30629615651999265 -0.56612530273361428 0.64207779013140953 0.67031987043563035 0.33563392536614367 -0.22875790691095288
37 -0.56912893469500836 -0.24276843750183333 0.40909337956366848 -0.67067007406251544 0.31861924676593323 0.18618658703582919 -0.50810212268274257 0.56795443474145157 0.2427890892828807 -0.41183317324065882 0.66998108600261042 0.37076749662718722 0.18658360623478049 -0.5044616394802719
36 -0.55351589669724355 -0.39068458335721401 0.41455837949660573 -0.6075582757395338 0.28727798522462389 0.29230370530535671 -0.37318610711309269 0.55374427537618953 0.38914898344015453 -0.41435739981925096 0.60847209581921058 0.34480927923704285 0.28369449209682696 -0.36613483318145068
35 -0.46561000310254519 -0.5490887900400212 0.57254319136772192 -0.3923048810322094 0.25531742691575771 0.63483691423928768 -0.1193094341737032 0.46648905457222306 0.54633120424940262 -0.57232086676673533 0.39542256219275584 0.30356820103206683 0.66092072866545459 -0.11976849217350893
34 -0.43126565243498827 -0.51345625922715243 0.59747718585557819 -0.43976541391107837 0.38966276128963329 0.65095994856054518 -0.099233873634637204 0.43130635632355685 0.51174919145666831 -0.59659764852399255 0.4428982251194804 0.45876075874342392 0.68070799452951802 -0.089828559931707685
33 -0.47018836670915465 -0.45545685823430221 0.52535755967102971 -0.54358199436259635 0.44761653463733508 0.7459968051048097 -0.21877863435969006 0.46994882255367509 0.45495572479129437 -0.52460579200356916 0.54493316622898869 0.52538189612732999 0.80177738245606589 -0.20879324131099319
32 -0.5293346863862628 -0.29825655307801463 0.45355440182054602 -0.6520247103627167 0.49791404334045181 0.7196551566126399 -0.49861319555368638 0.5284487691075187 0.29837712291280494 -0.45716929882878654 0.65016092097220124 0.58317605413921836 0.80124253224352115 -0.50244247242424223
31 -0.40878677825875803 -0.37013550816432467 0.5402447590293481 -0.63563250063073551 0.42039211027192996 0.86126508853674533 -0.25329004359068896 0.40734182773205002 0.36997201951585412 -0.54114752731976346 0.63588732793709568 0.4927675048228437 0.94500946642141148 -0.23510960570164929
30 -0.13188447645438109 -0.50581584989032502 0.6459089626869895 -0.55637974692713299 0.11955990950748689 0.90510029255993207 0.24319013955025398 0.13580407327577049 0.50661596846492274 -0.64157517914746176 0.55971314410147632 0.15461502172489716 0.97923939748940469 0.27729839305600379
29 -0.19997720464217877 -0.47203395596073383 0.66653188225311755 -0.54122852103679409 0.135803244700509 0.912515597803642 0.13071191156721829 0.20321646767409474 0.47337783199979439 -0.66182459005412997 0.54461427399299855 0.15933511390350663 0.9851709043165584 0.1500696675578439
28 -0.19156733144342641 -0.48093560648316469 0.65379516097081702 -0.55186482713745966 -0.048348317194463281 0.9593695259110373 0.019682418655232917 0.19492136029957458 0.48237528714364286 -0.64996569071459342 0.55395337939753853 -0.052187744130158364 1.0403276457907369 0.026402148959294269
27 -0.26223623978478078 -0.53468471617740032 0.61638428057661943 -0.51518426556706332 -0.44506188379692996 0.95563333856672128 0.019540841029989337 0.26502447893632514 0.53591562859787201 -0.61243360835196514 0.51718617532767541 -0.51742736444255399 1.0367254581074881 0.025669790716755791
26 -0.27834240798701043 -0.54423000976123714 0.617381179145708 -0.49515621780195018 -0.35637521279385376 1.0959109873541368 0.017718110411821832 0.28089618297994023 0.545861975102929 -0.61344319107550227 0.49680930934024797 -0.41637926292587091 1.2010180121221961 0.023040008712332138
25 -0.19220905117584822 -0.52004090836442429 0.65814075904046954 -0.5093759668096024 -0.24615083197474566 1.1764241843087988 0.14884054857433571 0.19493619917194543 0.52220602799810389 -0.65416058416158163 0.5112481517856251 -0.28358556855462469 1.296419225104289 0.16858607303101936
24 -0.26314406030916188 -0.50084092669277502 0.63670026797310519 -0.52395261086906131 -0.20386926119597559 1.1174762311915787 0.038434467126323285 0.26602070348063622 0.50244542289496197 -0.63326121472008645 0.52513028503678116 -0.23921224582194078 1.2275916656250982 0.052780984574722467
23 -0.22625256897677612 -0.5340558092012635 0.59802619916959843 -0.55313545610144821 -0.35112145014986251 0.96681030260442424 0.0095836127191407279 0.22944541386880385 0.5353255598755422 -0.59416531945673734 0.55475122366100638 -0.40098358209506291 1.0499037623716874 0.01998796576275419
22 -0.27682462535786012 -0.58669725437006137 0.59131762980968394 -0.47905941091514842 -0.40089356540846349 0.88435585538952732 0.069080262340093207 0.27916788641545137 0.58734517034639155 -0.58785724572570008 0.4811598494397592 -0.45828783570486342 0.95130498220130777 0.0773761769848198
21 -0.30880437514081438 -0.5857323912477167 0.6037252769800292 -0.4439292890455751 -0.37033288392317482 0.80136318280951324 0.095389535046025486 0.31014892709372016 0.58706045159458697 -0.6006597184124155 0.4453937268001108 -0.42964091729432841 0.85502255594103049 0.10580294639626064
20 -0.31416412611191391 -0.59303492791798329 0.63338077155038486 -0.38527817789733337 -0.32842536225133556 0.71794548850497864 0.17502996894185766 0.3171872238202138 0.59458500472870934 -0.62846924460460496 0.38844220391597972 -0.3890119756723398 0.75643053025434992 0.18163037703557183
19 -0.29691104328631662 -0.58060803903515801 0.63084841646721856 -0.42043835793512335 -0.27842559052482579 0.72235335149517343 0.13953770824800069 0.29968050154640874 0.58163114225136159 -0.62642217041417569 0.42366505139067451 -0.32350332010154448 0.76072309057207743 0.14323374582436044
18 -0.29533573790217121 -0.58140765288263474 0.62753400224941613 -0.42537397558867629 -0.28536996970218459 0.72138818202730004 0.13432091198817767 0.29791813369310222 0.58222130221715229 -0.62289466279498762 0.42926143540143596 -0.3309941383891073 0.75853001804804232 0.13706237297612489
17 -0.22795174100888957 -0.55256256002988413 0.65031081950766212 -0.46883734818752532 -0.21441125241868655 0.73373599451194405 0.12231138298397375 0.2313411358077655 0.55330948783627432 -0.64547996616841341 0.47295401766847989 -0.24462434206684591 0.77283000352445996 0.12907812138072927
16 -0.2987395352893174 -0.41269219542424546 0.6386019726506349 -0.576738556382142 0.032382919439041334 0.6151381053148699 -0.16567146984207246 0.30209622053748553 0.413445080612654 -0.63529454243090144 0.57810196610258502 0.032499209909336191 0.63694088392318748 -0.17897516984246054
15 -0.61813144462435554 -0.20806024004372603 0.34471684891324827 -0.67512572736852072 -0.013460457520470639 0.19536120618206931 -0.57407641097568918 0.61894432956790324 0.20974185334180789 -0.34712802633612994 0.67262055067063298 -0.019740738615038556 0.19897527679466553 -0.58885618666064055
14 -0.58125948393843929 -0.21773703977660142 0.38853619282247731 -0.68100486100170987 0.15698203154377458 0.26985115018041506 -0.4954573879417119 0.58124616042246935 0.21763287943400586 -0.3905483824349596 0.67989763329551101 0.17357112358393656 0.27277725572241684 -0.50109077788387735
13 -0.58125692613556501 -0.2507883309981368 0.4066580355931837 -0.65869176474440227 0.24770804119880868 0.35775942839372055 -0.36417165864760964 0.58159748240249642 0.24936750188969722 -0.40813488189064778 0.65801682018659435 0.27522202752601954 0.36494108168910555 -0.35741486352936502
12 -0.47559612084340736 -0.49329061970709637 0.51563547723017633 -0.51438579779120819 0.13644195550055147 0.51138352822290833 -0.12866138620692968 0.47658266882135403 0.49067825588049757 -0.51407710482314728 0.51752153508993182 0.15894070018260131 0.51651128661770462 -0.1332933086636946
11 -0.45067466225702957 -0.4698748609355487 0.53094699960025538 -0.54240690212772658 0.073001349449616518 0.49304212371477296 -0.033073541183211513 0.45023976560527462 0.46784464809037485 -0.52789286774895838 0.54748028174600194 0.08167728948575903 0.49526261258702808 -0.036201340554742417
10 -0.4466431098885294 -0.41936851410475218 0.54386217599825526 -0.57345785833408691 0.20846621994699288 0.49543831450903386 -0.040901458797882671 0.4451138483432539 0.41741365975112255 -0.54144966088385249 0.57833533818624139 0.23409816277348683 0.4991415369663309 -0.033390520149460867
9 -0.53594459708828712 -0.17381975672577485 0.46963803989940994 -0.67969860416445371 0.40979201457680886 0.12008553472869475 -0.04597390420384237 0.53822538530470554 0.17265523878499023 -0.46802863970270814 0.67930316910178756 0.43894509114269908 0.094904210639342568 -0.010002836264956905
8 -0.60125541838087504 -0.10049432497007507 0.39142975888410375 -0.68932978782030019 0.27808685530058719 -0.13798808250523509 -0.071994395967037966 0.60395105723130948 0.1011306746670253 -0.38953162821743625 0.68795408111940803 0.28344273098183614 -0.19579021939772609 -0.056502901572741349
7 -0.54233647175432975 -0.17470996194955857 0.44698511586511375 -0.68960270213775965 0.253195496714197 -0.020040449691728687 -0.079290613861988699 0.54521792296937777 0.17572265769015891 -0.44525764409018187 0.68818935942553339 0.2593063659732826 -0.064072767788089582 -0.072203171398081523
6 -0.54927327152619654 -0.20812218909898877 0.47244524736005039 -0.65709931961496826 0.29400896272279137 0.038701238185685598 -0.052478158868858371 0.55278917017226759 0.20857289088951597 -0.46948862966332489 0.65612644295371847 0.30547889334652134 -0.0018437473091164058 -0.038095051365631516
5 -0.5756138154454441 -0.19992230693391191 0.5403633953869541 -0.58026477368908413 0.33096684274092042 0.077188820537335737 0.0041093008049509034 0.57737109160843991 0.20161429444538892 -0.53742929822184993 0.58065828872318392 0.33950515005577186 0.043944625521446401 0.017839021695896573
4 -0.42874099823298617 -0.30138031405334814 0.58812919939636021 -0.61599927561051993 0.34868079609988761 0.21028690865381974 0.084632054330767648 0.43207785732216658 0.30242471514431374 -0.5837084175122863 0.61735929587807181 0.37118287019358043 0.18299572695456312 0.10054044532408835
3 -0.35096782226949697 -0.40033275677443791 0.61804850073916784 -0.57842140548120502 0.28226617888021233 0.3181403151630296 0.17180766014280638 0.35303565126673953 0.40206208607144261 -0.61319241576653549 0.58112560529110169 0.30588274515715885 0.3036104008772601 0.17702791072576496
2 -0.35983337899399259 -0.40091514985169963 0.63260522089135041 -0.55641496788113143 0.26253200014781924 0.38011254369354341 0.15539915138831206 0.36237824243129951 0.40321450808791931 -0.62768497405260337 0.55866952953280202 0.28218524894897895 0.36916046603979669 0.16008288537341908
1 -0.34019123584689021 -0.40951602535077197 0.63243215529458752 -0.56266874534073252 0.20461957245075621 0.43493258069360186 0.10948363549870996 0.34434643133972148 0.41296271780033278 -0.62708169659246438 0.56360968296266656 0.21898609948797443 0.42963779503858091 0.11448690851413512
149 -0.46010243680950935 -0.1583199480858262 0.55125701844403818 -0.67775824694078213 0.83455147884090397 0.10512767117391782 0.1488599207480629 0.45859631777849513 0.1564662723935086 -0.55123899694987677 0.67922256379259049 0.95129356566208223 0.070572799947673293 0.26149099333823322
151 -0.54815049958426232 -0.036390836492145792 0.45099839275673298 -0.7034253240790872 0.2719321881156912 -0.38417445685094198 -0.14505931442522715 0.54846846754079548 0.037066160428693463 -0.44980636324915069 0.7039053028959924 0.27268287092337307 -0.48030203403436511 -0.085101330742723746
157 -0.67605606862445689 -0.073930539449876487 0.22814727366849621 -0.69672899245712927 0.67076137548521997 -1.2875613978707585 0.36897775444000752 0.67438303503216923 0.071780936325349279 -0.23036617492083136 0.69784414068859324 0.76262111683063161 -1.5183834054068539 0.53729747461586541
163 -0.64888850846843393 0.0092414787009044812 0.29817063385063419 -0.69996612186458207 0.40312657128176227 -0.94518112570520652 0.014752868950184527 0.64835551847512152 -0.010049095854746826 -0.30024361346091843 0.69956265617261837 0.44788951449091652 -1.1133727696177484 0.11207836767454182
167 0.70230611589694314 -0.26654546318732092 -0.16869281070354442 0.63817111439248231 -0.05889356273421472 -1.2456453660477966 1.3386104996162209 -0.7019489980305923 0.26866582834945391 0.16872285459825648 -0.63766674303852866 -0.11546474517060901 -1.4161444526068285 1.6608289771678564
173 0.72422382148778208 -0.36172406557601405 -0.10567559504400305 0.57748439406176932 -0.78178748397268616 -1.4739882722651809 0.94881476710909385 -0.72418738533207172 0.36290453995516303 0.10440174253878341 -0.57702097185517831 -0.94752497131658053 -1.6611151761877694 1.1818877530296996
179 0.78196090738286117 -0.30695760423323765 -0.022705434934379203 0.54203194716990988 -0.81214885071231191 -1.839121008939373 0.68488755216864372 -0.78239694040787677 0.3087428951518783 0.019563971755362564 -0.54050911494884624 -0.96526936766165816 -2.0808261313915244 0.88024360946575886
181 0.75890992278257541 -0.14781271283313591 -0.10016701007652018 0.62623773530456039 -0.038449681240140907 -2.3580207397893069 0.11343294339146533 -0.75808947951296224 0.15548779384318687 0.095418468084669167 -0.62611436891826677 -0.062860074218839546 -2.7200648946371673 0.25634416167548024
0 -0.32153372538577574 -0.39537404769542261 0.62531777979688108 -0.59099331647522169 0.17834573278590465 0.46467625423496106 0.014988046624781438 0.32839406019656847 0.40067987825646834 -0.62161458323143581 0.58754428454543139 0.18578133298341948 0.4614770718134798 0.011658936382419105
