20 0.079268264837218078 -0.69370259895772768 0.69563646973176485 -0.16906551501745692 -0.59810905622499511 -0.044683299389136309 -0.024468485208385432 -0.079906286704384738 0.69153478767359799 -0.6979772879291507 0.16799502468054231 -0.57879099612108975 -0.025014288416656538 0.041172278759025294
19 2.9004930568567145e-05 -0.65942607247285911 0.71323381364941607 -0.23760214891461762 -0.43569352978874082 -0.19886297269298742 -0.049539020888896543 -0.0015515915940233977 0.65921369139273567 -0.71274445470427816 0.23964608056922113 -0.3960373623582687 -0.19837701727862567 0.003725569764241321
18 -0.12207715384840857 -0.62405889325923203 0.70349393082438383 -0.31740188333655467 -0.4296589708776174 -0.36910357850587755 0.018563812001837147 0.120223061298634 0.62292009311666474 -0.70358110936008311 0.32014152444683835 -0.38636177404761252 -0.37433430990869276 0.066030025175993767
17 -0.14712538298064068 -0.49215466310748157 0.71671011715390698 -0.47166144344603134 -0.38108924325646604 -0.48782297628940918 -0.021935878190847469 0.14570317187772056 0.49082619040724906 -0.71500596458849019 0.47605326079963073 -0.33861026658197613 -0.50717402364714381 0.038946313815618083
16 -0.11969680802910238 -0.34000449423028756 0.74624215223217683 -0.55963583541687056 -0.32745153966247809 -0.58087858114299784 0.076478266579618204 0.12122989589814291 0.3404795409145584 -0.74364499725527078 0.56246698802360406 -0.30280948370595606 -0.6140519952519824 0.16814256975868869
15 -0.097088445045674848 -0.26774069702518866 0.82750217607004117 -0.48386868217980966 -0.24719189304518679 -0.61421304340474092 0.036910600236348935 0.097164058548353971 0.26848003256317021 -0.82505397824838167 0.48761003970161437 -0.21821875802339719 -0.67367937351961871 0.12910916880655687
14 -0.095547049895733607 -0.23678006395053852 0.81528796663013436 -0.51972251638725675 -0.21574391526109862 -0.56437635000803843 -0.0095550481568215141 0.095172069191555991 0.23607450053276369 -0.8133276046627077 0.52317235681716412 -0.18954752414230569 -0.60792371485102192 0.077468957990172171
13 -0.078954046523377952 -0.24410186387890564 0.81867787332076258 -0.51375780122877091 -0.16268879781158449 -0.52857515080016459 -0.055244282263927712 0.078365841078527315 0.24315106317358284 -0.81702624253970957 0.51691824733806324 -0.13034926820380077 -0.57588659359300287 0.028353411207691082
12 -0.038774986766710387 -0.22465803430684242 0.82215119229801159 -0.52162504255986919 -0.090280036710820438 -0.50072616124728009 -0.062615992896516995 0.039298021393341105 0.22478594548354661 -0.8204928559065775 0.52413587707187614 -0.063195572709988657 -0.54471918930015839 0.02246753081622721
11 0.052497365913310952 -0.27697870123285279 0.82065896623849155 -0.49703690684686208 0.11661555683099062 -0.41085398848401244 -0.00785093791834926 -0.054058259004555728 0.27601633678831689 -0.82005757947656099 0.49839567895638787 0.15918785486500564 -0.4411764473121278 0.086609729330227703
10 0.24756178285940816 -0.55529198078260245 0.73543012485512715 -0.29917638810838448 0.32394931763151646 -0.02576134668676414 0.03953567186652792 -0.24863793206509371 0.55488843189709125 -0.73488716535694076 0.30036454697387566 0.38779474315234985 -0.026389088551104667 0.13685593364216619
9 0.37086727844978101 -0.6648874588426632 0.62017241914175403 -0.18912508925275712 0.19463564606268513 0.25878995519669473 0.12183753847556229 -0.37155689269470399 0.66508014261917359 -0.62010558729111132 0.18730440463337145 0.23798625644428917 0.28511105948173299 0.22523330911401462
8 0.3281832408073021 -0.68821843282253281 0.62941187971602131 -0.1499727803598305 0.012473426523927444 0.30363917321833139 0.021248717839743473 -0.32897190463060355 0.68813305461104657 -0.62969645793017737 0.1474203377610156 0.049606223507562941 0.33798697038790843 0.11041770700533382
7 0.30570740725290096 -0.68217772833269041 0.65899314882153015 -0.083093669577434207 -0.22196934849488575 0.32545104080534148 0.015149790109251163 -0.30494914197708589 0.68291873980619466 -0.65894108587185451 0.080153982926486719 -0.19395014919389575 0.35258500122330672 0.099831369704082462
6 0.24350615291562541 -0.7284065352709268 0.63066737297094433 -0.11129841659594297 -0.23340136247496518 0.11336148673508777 -0.0096801381169258835 -0.24213141299894866 0.72973682018229924 -0.62994966157816168 0.10963565107627572 -0.20249810628772313 0.13509922721493162 0.071376299452217795
5 0.14381568063733546 -0.68494428976599797 0.68994441158575603 -0.18478387062013224 -0.26040555049894676 -0.01359487265195939 -0.035556615158500372 -0.14156778512464452 0.6856191838687542 -0.69009995184536066 0.18343105895424794 -0.22531430717304274 -0.00097248203183789017 0.038428412989360936
4 0.10575902672204872 -0.65187623603289224 0.70956290895455709 -0.24574962746328044 -0.15803633090973895 -0.15766750075625846 -0.035100418372818014 -0.099562820503625762 0.65329144254065152 -0.71595000580304968 0.22519574833271319 -0.13958006540108459 -0.13476738598039928 0.050040989797946356
3 0.099505116184128758 -0.64298097765428941 0.72533356103427338 -0.2248675598330212 -0.16768116259042196 -0.14922140001696318 -0.03789049011556829 -0.098030612294698199 0.64364106627680007 -0.72418649598147233 0.2273105714507522 -0.11662690502168194 -0.15601050224155893 0.028872690451144045
2 0.056234737084920966 -0.5881151313519617 0.71151716688800304 -0.38039659283900623 -0.091963400950864332 -0.31549650360007803 -0.17341591446981691 -0.055278576541296968 0.58831684269261364 -0.71108860870858104 0.38102567124100306 -0.046395406272312201 -0.31995726433552057 -0.11050447795233254
1 0.13240289588731821 -0.59547215057933844 0.72560594125076272 -0.31839976298148343 0.032365945423524133 -0.17802333526270051 -0.087605188961593874 -0.13258736753691766 0.59589939858062224 -0.72443922084337053 0.32017543947769234 0.083299435522986798 -0.178278946076324 -0.012572798605664737
0 0.20457295580301674 -0.6636111066710958 0.67735020362422771 -0.24283102459734812 -0.033984829381820778 -0.0050624382570587639 -0.060585861598959283 -0.19884295214255668 0.66837706597567192 -0.67420276530797574 0.24327804938395878 0.0095310572355986056 0.002490035847885097 0.017679161311767
