19 -0.13330217324844335 -0.41586208324125795 0.76826478190088321 -0.46803683959734493 -0.072089967239240146 -0.70751582586525086 0.18910598108597368 0.13372456444984265 0.41406140131118263 -0.7661178932340702 0.4730055712922519 -0.076946005494261893 -0.70736824585554503 0.19480567250994696
18 0.01675938742468518 -0.46301474867341114 0.78527937118282443 -0.41069791165618952 0.088407343811216163 -0.58427266506798292 0.072850504746292177 -0.016450242950199336 0.4622418945521683 -0.78373866150940508 0.41450637013578917 0.081996925293423395 -0.58785378252624798 0.075473373357109352
17 0.012299602988222304 -0.48715990937285036 0.78380079106081779 -0.38494189483427771 0.12293940123008427 -0.45418312470576983 0.16619669247900104 -0.01162659213753338 0.48630651257926027 -0.78236464092363456 0.38894262663109769 0.11375557386656698 -0.46061673052777152 0.16658575779160056
16 0.014386946258950248 -0.58053929986655817 0.7690111768379998 -0.26718710108465732 0.32135447378900633 -0.29286400987108785 0.17701980669794418 -0.012473413559080744 0.58036321361387244 -0.76722331691296453 0.27274775200362644 0.30815782087558463 -0.30661190194806642 0.1741196319031828
15 0.1485301776750888 -0.64414931908982187 0.72232489732587712 -0.20311864448909539 0.36744350061763437 -0.066200866252846421 0.29168924298644594 -0.14868116591451724 0.6441647284450035 -0.72126858600497501 0.20668173690981695 0.35793943216659618 -0.075811709629517499 0.28126651506069378
14 0.23727028325458466 -0.70647909564294087 0.63880959050849095 -0.19108220005588292 0.38168415399834088 0.20757958239479787 0.31471461469575623 -0.23745231427921082 0.70546204808594237 -0.63930927233488533 0.1929335415641196 0.37414869615426105 0.19471936052169117 0.3036816512978282
13 0.41402083610118084 -0.7708465531613391 0.48308887859841804 -0.03174073294498448 0.16819753887734187 0.49852339815565966 0.36224779872681517 -0.41294158556814231 0.77180321771977645 -0.48255830264806143 0.030602688955219001 0.16414302696214023 0.48949879658953632 0.34446641576092407
12 0.44199265801536719 -0.78846091636636928 0.42344298840926192 0.060563266013728093 -0.028674823363554196 0.65331141067523901 0.40897577676285479 -0.44071644548544597 0.78849178884064386 -0.42432919544648212 -0.063201641602862471 -0.031927946489421544 0.6445032673048976 0.38975208998965272
11 0.45563225088255349 -0.7400381090047371 0.4886401783576928 0.077289231274175613 -0.10195257322490753 0.6647703260258494 0.2455669941720193 -0.4533708266932448 0.74087587625191043 -0.48912339502615626 -0.07947410854822097 -0.10527427979869985 0.6567526940144377 0.22225992985596754
10 0.39115314665646844 -0.72508158414730628 0.55682375768604808 0.10584524111912282 -0.23396009174769314 0.7532824980731514 0.17320828372614083 -0.39055781978616472 0.72454035105354075 -0.55725128063903184 -0.10943892966055793 -0.23080744932792818 0.74366364203305779 0.15804282318957608
9 0.34768656620199428 -0.71992030079212788 0.59579157670115912 0.076558535265413813 -0.17093841419620734 0.63770970764767843 0.16806812496836343 -0.34905074434937478 0.71877631745163828 -0.59568119407849374 -0.08178079457323012 -0.17241926323151535 0.63248529782151408 0.15812409723428278
8 0.29390377680762697 -0.73325032925663858 0.61212970414881596 0.035521119378845049 -0.12109487782644164 0.50861377025989352 0.15686727146760251 -0.29427390035048528 0.73242633021593595 -0.6127257122445755 -0.039009536440555583 -0.12131125976681689 0.49855155276784852 0.14407455400100194
7 0.24854997774265364 -0.72570688216039891 0.64055558213923325 -0.035510223027005808 -0.10235375539973304 0.33243904972362193 0.17256473727760599 -0.24755690787623211 0.72622810672943261 -0.64046721343052715 0.033317606148676626 -0.10495777784050375 0.32528823298681458 0.15953123391181867
6 0.1540795412543097 -0.72493620638087086 0.66408363041849261 -0.098589672152662511 -0.09382173433439292 0.11264855844160601 0.15584498243460104 -0.15376631688235495 0.72537946570520273 -0.66404187642429036 0.096067355957044562 -0.098368594274930887 0.10643476706170074 0.14520049669577767
5 0.10186443885941714 -0.70435743832683473 0.67432886740046927 -0.19693860403667757 -0.10891434428663915 -0.1030548878823932 0.028238829439580036 -0.10143004346414201 0.70556141412673923 -0.67372669075721392 0.1949035231586945 -0.11100409896576527 -0.10593237315641379 0.021114392213519073
4 0.02008022808823785 -0.6560967151680337 0.69312047343672711 -0.29785549195623018 -0.052783645233270858 -0.29620271416343397 0.098843214626526454 -0.020645618644715698 0.6577612494112014 -0.69262650020627703 0.29528364061660495 -0.055553796798856581 -0.29761693079934126 0.094152797206224936
3 -0.068385478337433053 -0.61749041764285229 0.6893628895204269 -0.37256921105193719 -0.081673635053466628 -0.4499580579660063 0.14977038630607226 0.070077612820415247 0.6188585256218212 -0.68875770200476494 0.37110117404246118 -0.086434022494472185 -0.45381812423208784 0.14950332335800054
2 0.0003939109348861877 -0.66141103427286374 0.67622835981447704 -0.32442332523864409 0.054892408170023999 -0.34769934163124377 0.093705592335230389 -0.00061720701830211789 0.66227560685316811 -0.67588662866472082 0.3233696102218056 0.048191642697215986 -0.35203309559647011 0.089175550943813686
1 0.046539779956839666 -0.6594140381179987 0.69462297941293438 -0.28373595416510339 0.013192553781514774 -0.21000003175214074 0.016758000333198679 -0.046424857249293676 0.65970471314876755 -0.69382490731167734 0.28502880919764467 0.010924865130869876 -0.21799787287627856 0.012988620007424012
0 0.12683394246382701 -0.673089750754579 0.70452106772243095 -0.18577783399390646 0.038928261746306106 -5.8558416388889979e-05 0.0097818082766699069 -0.12632545740710971 0.67350798065952044 -0.70354914677258418 0.18827500331798827 0.032106896159813547 -0.0084814492603246527 0.0053667059787039229
