35 0.10170258922893523 -0.68688806344575293 0.71718027185921784 -0.059108622854987691 -0.33225633336043869 -0.028414859111977497 -0.1861879106886774 -0.10207604273789743 0.68756756329898727 -0.71663726910425496 0.05711700209972323 -0.32749185486547089 -0.037211967023548904 -0.17682542257397935
34 0.10453079261412777 -0.71510400158764298 0.68954769961115125 -0.047154536046622973 -0.3875698256839451 0.04269146213321711 -0.18949168339109135 -0.1038844296313249 0.71469360421188599 -0.69030450010881339 0.043597872749935263 -0.38353060814708734 0.034161487333878693 -0.17948138177483303
33 0.14676327387818486 -0.73018768983890681 0.66417749244124458 0.064457253918690866 -0.3967814398523713 0.13637015648051651 -0.039639186862640105 -0.14569272458495974 0.72973861727173261 -0.66471631024648015 -0.066388307386588019 -0.39151569638937567 0.12542481411824138 -0.034448303706427659
32 0.21705681878097705 -0.66721545257901727 0.70151079306869046 -0.12486987013926307 -0.043798076530112452 0.29017631759173562 0.27880661381172478 -0.21837630599257915 0.6670856078927293 -0.70179588936140502 0.12161870908235287 -0.049891083864672517 0.28087458778196944 0.28842710926646969
31 0.2685934358824561 -0.72118369462281706 0.63742422387912068 0.03797372279804398 -0.42085378753921704 0.28117158690708766 0.079951746205327856 -0.26614115468678989 0.72208212166564001 -0.6371789535429474 -0.042062768747961395 -0.41855830410187977 0.26707758567370055 0.084248888329099714
30 0.29468831300929937 -0.67612036195870706 0.67265007174006919 -0.059681951280439412 -0.19398268685013367 0.35552599778617661 0.13258565769138622 -0.29436371765388136 0.67626984852087946 -0.67299508889655701 0.05555811400369879 -0.19747770607130211 0.3443003070979167 0.13953041481337994
29 0.14674616744772687 -0.67352530045685721 0.70768430008519034 -0.15495858607008153 -0.036466829511961604 0.19225163010344876 0.43306935680596564 -0.14690768025829817 0.67327823539389986 -0.70832408847820827 0.15294292042300489 -0.043891252981326151 0.1839686794292878 0.44424040407794546
28 0.10388485790740089 -0.6801061524712263 0.71181771507825653 -0.14134743778758319 0.061930737785211333 0.15486763090821043 0.60487486176834937 -0.10522862451562605 0.67929162188711834 -0.71237124275442321 0.14148159425535367 0.054768118231483948 0.1468428176775598 0.61417595874283315
27 0.086556212508459587 -0.68422886139747496 0.71043016280028304 -0.14009950424776155 0.26978251791775576 0.17259897335312596 0.75089037930186386 -0.088326792198610296 0.68332129008730547 -0.71093892340734455 0.14084118530362452 0.25778121840861534 0.16417200625314937 0.75931010437934932
26 0.08857398893995147 -0.69804796747702502 0.68255588569246262 -0.197487079301504 0.31841755370151248 0.12174619831582477 0.79860871812852163 -0.090816173092101105 0.69698196418500036 -0.68301725612269371 0.19863532451291538 0.3070262709035963 0.11432098066761689 0.80792838783634435
25 0.12660530460306726 -0.68826139943376297 0.6769483926029024 -0.22805310050115393 0.29889487631803935 -0.051820768769679094 0.82019367261289533 -0.12738862599641781 0.68763732984922388 -0.67676060018240936 0.23004810498093547 0.28834865356005318 -0.057582209723648983 0.83171926799416107
24 0.09821811829997408 -0.67031435116284499 0.69833931607863442 -0.23098500272003047 0.39783711334018695 -0.25483572454318426 0.81482131809140135 -0.099327490117710332 0.66949918335040026 -0.6980548710046367 0.2337183995041113 0.38365628900481175 -0.25593099319048102 0.82161351023629114
23 0.080317842019260469 -0.68758342455263877 0.70299123226565963 -0.16303805044051753 0.35398173148287648 -0.54917439997712014 0.31515654839456703 -0.080077449183401678 0.68809499681643116 -0.70121052083847091 0.16857248575587785 0.34582254355962139 -0.55180959915853556 0.32826891563408783
22 0.032423356562117971 -0.61293510905950777 0.70185293158061013 -0.36147163161603596 0.12685874419603996 -0.63356599110685496 0.55387818225248064 -0.03172984677353724 0.61243561864224871 -0.69961187249444934 0.36668659330117909 0.1202540338602177 -0.63150429956122967 0.56491000223366927
21 -0.015827213725528196 -0.52238502505420126 0.74669793631314918 -0.41146758901582048 0.024977343892533348 -0.70489319662287386 0.55165565920814019 0.015230615130593374 0.52141002096054179 -0.74387628744869327 0.41778904650100662 0.020312076948557453 -0.70187834711344355 0.55955445460441977
20 -0.065539884648421282 -0.36798702401561006 0.75718752234645104 -0.53568379635681418 -0.13291390839742295 -0.66359751492345187 0.55104140504455668 0.06522017812314268 0.36773992527724697 -0.75430481692105755 0.53994251443312025 -0.1406597010687895 -0.65828174125564209 0.55811959900932706
19 0.058828250256512012 -0.45783351113121956 0.76209976671800472 -0.45401724485461969 0.12554677179476267 -0.63697465210166671 0.50664422310347157 -0.059522095406681463 0.45687409196907147 -0.76016783583910641 0.45811357281958359 0.11574332170023283 -0.63193125478192624 0.51429522933195937
18 0.17356384406359215 -0.59053427393221436 0.68575210632746408 -0.38844421995013451 0.17585767914062625 -0.4220743083456639 0.4348310760158775 -0.17311283736727651 0.59062008255411935 -0.68480431524378238 0.39018317934773994 0.16763575632627226 -0.42134349572653373 0.44433207825756749
17 0.034674340725403499 -0.61034825058457842 0.69220239329443101 -0.38357339561166687 0.10139656697850795 -0.34421339935589762 0.43432428549858149 -0.036219972777931368 0.60961195800465195 -0.69135496852093525 0.38612133032392437 0.096328837856016508 -0.34353785278630639 0.44240599248830503
16 -0.053812292899599677 -0.54699008210632449 0.73345069887117376 -0.39994519566509501 0.037008266924753605 -0.4775333808359295 0.46828803943807684 0.05278546900382812 0.54552150072199734 -0.73214301733866272 0.40445838929895411 0.032956689687600516 -0.47595402675090809 0.47777489621447405
15 0.27303133620705489 -0.74490423203198486 0.60312136043495945 -0.082560275780260359 0.0025787226072793764 0.30687274440801948 -0.077684442668097126 -0.273354170420821 0.74553131507086001 -0.60241263441559001 0.080991194945669864 0.0029352728527031746 0.29575465901348441 -0.073998653531401781
14 0.38430864387465852 -0.73825891219533712 0.55335334151830096 -0.032874370532525191 0.058744921521751134 0.39108781959548627 0.033959027629471165 -0.38609442163247343 0.73813717417200064 -0.55241979673927544 0.030281642296893917 0.060050994262341284 0.38450428760113547 0.038678197116263746
13 0.42657242772477089 -0.72283095852118062 0.54337810235006923 0.01707651002940078 -0.031897033789841711 0.48498671872850496 0.10846510170096405 -0.42934586940313207 0.72186661810654662 -0.54234402307084129 -0.020824762404900884 -0.028505823581545187 0.48076462127073238 0.11074057518106351
12 0.31150583072764615 -0.71163073301245139 0.62893335026644515 -0.031442935255248279 -0.008632573412946886 0.31778142295565931 0.13257616859748408 -0.31099974351503218 0.71205300328480892 -0.62882948621858503 0.02886446446304914 -0.010214741441945202 0.30760193509030553 0.13698079425470056
11 0.20838688762150831 -0.69155059592593426 0.6755837201141629 -0.14805173237289448 -0.079606054921152233 0.12671050931918673 0.18730191500374854 -0.20653386348800418 0.69231192625824589 -0.67602867846142112 0.14502822446344715 -0.084403094973279025 0.11923723271358444 0.19362967975089185
10 0.26536731202616498 -0.71173693257337611 0.63517250500910427 -0.1398807256183249 0.02412358023217551 0.11800425492321354 0.29610706294911426 -0.26341059525903021 0.71226888635728169 -0.63577535722212009 0.13812163835448277 0.020317336548526965 0.1089882941690824 0.30312524934013596
9 0.36222691959783909 -0.73646588336704588 0.54791869498043966 -0.16184796892760117 0.19197367155915535 0.24246386629587949 0.41989402969512146 -0.35944184303925919 0.73710074396049463 -0.54975505504909716 0.15891329136793436 0.18067741164884055 0.23218395667103398 0.42372773668712505
8 0.29175330595086008 -0.7363212395526989 0.57617216771941659 -0.20183328218069022 0.24792652669016382 0.15068755787796534 0.57589822870717577 -0.29170234573284309 0.73649558715073904 -0.57625303320224475 0.20103838769413623 0.23941079823159095 0.14305418136781478 0.57861537003311736
7 0.24681972620814227 -0.69601275589245204 0.63383813128624389 -0.22999019482815763 0.21959330778609923 -0.061159701952560513 0.63821965463288277 -0.24551741521131398 0.69662671251714581 -0.63368724952696209 0.22994106206257062 0.21017464986062306 -0.066839274685953187 0.64095979735163311
6 0.18163218357328906 -0.62364871727394566 0.72020955219763627 -0.24366006701189588 0.11116594485345575 -0.33972861525879033 0.50908294811733734 -0.17993883535216776 0.62471745607849927 -0.71949883015306026 0.24427760644662386 0.10154889173254311 -0.34026568573274707 0.51290934969014479
5 0.19333348226496291 -0.62035466645713122 0.7072384809354183 -0.27856055629669979 0.0264534715735119 -0.12437526262212686 0.43902997401006139 -0.18937591015920477 0.62219621578011441 -0.70834254496422044 0.27433459992113529 0.012003147086476318 -0.12646460999376918 0.44382568330789951
4 0.1288584998154948 -0.719788567786386 0.67120951670822249 -0.12156351997880506 0.087508415160984759 -0.0042955548203449812 0.33421242372258109 -0.12837445922354726 0.72004108768037089 -0.67108105474522073 0.12128911011781797 0.084444138420114445 -0.012071066654505413 0.33632920181555637
3 0.10641292637827809 -0.69537691240870592 0.69592520781157285 -0.14427523668656753 -0.12507142927021964 -0.08179538561892187 0.11374870786721886 -0.10699871674279283 0.69604469104355904 -0.69504524615438368 0.14486258483012188 -0.12182591925476505 -0.088676407272073099 0.11495832460745548
2 0.03915832215102362 -0.71586899491990974 0.65290671830115776 -0.24435839481361871 -0.1832839335574076 -0.30649481942960105 0.080598749944533615 -0.037701289485422125 0.71672673150921384 -0.65171815310954184 0.24524447805963692 -0.17842935303493612 -0.31011648516875878 0.089628152534609651
1 -0.041484085937182898 -0.65239668630310643 0.68452448959885137 -0.32262029919723789 -0.15092338951669984 -0.46270622675752943 0.22869033847591153 0.043984230702915489 0.65161550085980624 -0.68466892207515873 0.32356003095737379 -0.15163891603651924 -0.45872179946260105 0.23679194164441109
0 0.16900932413628506 -0.6783958310614715 0.6964850528991986 -0.16162770753002945 -0.073607272523351891 -0.0070694189117211908 -0.091608075328836885 -0.16584991870390645 0.68086756114208491 -0.69508409369123525 0.16053433074508103 -0.074267649757280063 -0.015503468491763081 -0.088571697245980616
