19 -0.29772803190216213 -0.42637679811235163 0.63210361260620862 -0.57446137205325132 -0.25004285280591043 -0.97016532513704412 0.20659992741977909 0.30134514850828698 0.42460880149615687 -0.62915920169663342 0.5771110517768403 -0.26251454675421027 -0.98160008898816098 0.29012936870441375
18 -0.2242843025237839 -0.41944938277010352 0.74817937875127194 -0.46258662339778034 0.050097591949554474 -0.88444598204282454 0.21555165661599274 0.22574485548119366 0.41821157045657287 -0.74621731589683993 0.46615239998925012 0.036840262090712894 -0.91194086246212747 0.29729596784529555
17 -0.1310640084125988 -0.46681973856976294 0.74162446655189052 -0.46356737157839767 0.19750384731414766 -0.55668212962440855 0.12603707163287275 0.13227966866785615 0.46599480190914128 -0.7403502869134595 0.46608195257694834 0.18235681316024177 -0.58235009903857193 0.20086969380111874
16 -0.05672082589673718 -0.57286615849682754 0.71828414040036692 -0.39073649177928732 0.27049104180552913 -0.098793896066068518 0.16571243643532835 0.057633662203921125 0.57155499323662839 -0.71788289028071361 0.39325234459498276 0.26639103990330459 -0.12654002147607224 0.23394393810082736
15 0.056505346625634813 -0.66773430037180248 0.66892438929291032 -0.32168029364386586 0.27736534916113692 0.43795166961182364 0.13435130399133718 -0.05596543018440478 0.66680665686795315 -0.66991469811271809 0.32163807335793432 0.28174581723846792 0.40854922480719025 0.19203047674649643
14 -0.25505829234739136 -0.44406750321919414 0.64131074007073618 -0.57137540615555737 -0.30829402544199797 -0.71859857601036448 0.14661138423126821 0.25877763864347969 0.4435633692597396 -0.63916050754380827 0.57250285308057125 -0.32738563110523344 -0.73087345336012577 0.22822034018897952
13 -0.31625065685093234 -0.38123466773736114 0.66782906781918339 -0.55556276543006189 -0.17070380639182228 -0.95080278086425718 0.2553223389992384 0.31993123091271281 0.3796081321971817 -0.66464521647408048 0.55838016590363082 -0.18805265888274195 -0.96003286473736082 0.33934905806772608
12 -0.19615025320959723 -0.48625158607579511 0.71050442136107395 -0.46932711452775738 0.29178699498303884 -0.72380319861620701 0.34630314574227311 0.19578169035865961 0.48556171614690991 -0.70925332224625603 0.47207952128367353 0.28618609086314351 -0.74157426123128856 0.42438672392700916
11 -0.06437464542613236 -0.5379881034623214 0.72493535797471298 -0.42531568548238297 0.24151806100856729 -0.29513236385067171 0.18891759116580192 0.064868356784358497 0.53678710527482143 -0.72435563718375295 0.42773895167367465 0.23225947710708006 -0.32643990962606517 0.26107343166070152
10 -0.010265925399584824 -0.59566766929755088 0.70166022167972453 -0.39082933851193102 0.2713758462203768 0.12884338444675814 0.14403407106601274 0.011139042473536247 0.59460734934768367 -0.70136351941071018 0.39294686087856312 0.26641899175780592 0.10687657218006447 0.20652381322282198
9 0.12846117591796538 -0.6833450237025086 0.65318513877705842 -0.29981073920656282 0.30605152548877484 0.72667421339795579 0.13538915178646971 -0.13258362531638268 0.68355588317762128 -0.65463418350764302 0.29432468916913646 0.301813124318561 0.7153900426982247 0.19115215379744965
8 0.22537147405205904 -0.70347376103331161 0.61860981494100142 -0.26768313932690863 0.19226859785327446 0.89764354208146879 0.1611301915665988 -0.22504115468782426 0.70589011336595076 -0.61919641779254742 0.26013731516615052 0.18120363186730959 0.87752234140786523 0.21077823995956679
7 0.36190399408515306 -0.76692448019676629 0.52406417932174232 -0.078797694712228097 -0.21867388875444016 1.0785817929470292 0.36881501031167496 -0.36122872700820507 0.7680972307331424 -0.52341216378701483 0.074700453304546471 -0.21118756369022762 1.0450769282591423 0.40117547494099171
6 0.34248716795533712 -0.74246875007247382 0.5756688264312545 -0.0069352164359351813 -0.31205968888303393 1.0117333784890099 0.38480676051994145 -0.34167102031567886 0.74285217944861459 -0.57568950797975083 0.0036254333422192867 -0.29609303701446543 0.97513822615836543 0.41221973068282414
5 0.26012598101039319 -0.7499743061969858 0.60642217127440357 -0.046099503626034967 -0.21877888866043702 0.92009923567229324 0.31003750154041637 -0.26061953334448462 0.74994810096353082 -0.60636421744695379 0.044471794436924048 -0.20195671048916797 0.88055020189936073 0.34350078207594548
4 0.19026732989632325 -0.72991616869662812 0.6354687334178527 -0.16492488804807454 -0.13520246409501477 0.79838297966551597 0.13223880890346476 -0.18930152723862592 0.72973788774578419 -0.63626886590835019 0.16373599863544652 -0.12736989806826404 0.74791040068785308 0.17568855624400248
3 0.10462556096014689 -0.69927442622296632 0.6671599653749356 -0.23444903374770007 -0.04863820007689415 0.61791663255468077 0.014057422276248229 -0.10419919045884998 0.69888332721356106 -0.66837688490766489 0.23232942855296901 -0.046017946298792314 0.58038757939534147 0.066018974247439077
2 0.035021967290631874 -0.66101820402881761 0.69720563417614301 -0.27519574746469805 -0.014451981182917378 0.39351570858424045 -0.042285519203652804 -0.033697533053012312 0.6624417209365222 -0.69603886617036703 0.27489150479611058 -0.017922506789725734 0.35252478792372877 0.012787412067647663
1 0.012912423700657876 -0.64145555648213703 0.70962338539664149 -0.29120901303114805 -0.029900197887628575 0.28924217835764915 -0.053683983916230603 -0.01292274953086431 0.64333539902552783 -0.70827369824277353 0.29034623345711236 -0.033633423948961072 0.24020009504999074 0.0091888550531654123
0 -0.06422829922849832 -0.6339449370130964 0.68138625229557126 -0.36014069139195004 -0.0052325822909185995 0.015693256593288209 -0.054568088286156821 0.055247450389405602 0.63797748240090835 -0.68024190638254967 0.35665585650021714 -0.0093313647541062306 -0.0014638231284049286 0.0089715406460377789
