21 0.031201199365137988 -0.59731402387418508 0.76179076552242575 -0.24883181389477171 -0.15213663544264225 -0.21880998210272018 -0.049706493123999745 -0.035494965408493069 0.5963527609160495 -0.76150013145167972 0.25143794816520726 -0.15240924382989718 -0.22941614527673138 -0.049942653223030931
20 -0.059757147417729056 -0.52523762550656183 0.78852906791513444 -0.31428717622202401 -0.43997466169508453 -0.34756501547207497 -0.10379118473446849 0.058745467768026728 0.5250027150556994 -0.78766080357132984 0.31703560954288229 -0.44910840446907985 -0.36406253628028207 -0.10157175505739868
19 -0.14449884425964729 -0.53900533015323637 0.73930434887276431 -0.37685861780227947 -0.60781035729375166 -0.40615675389794259 -0.016986624579172178 0.14627051956022835 0.53850336991041281 -0.73894465681917598 0.37759747067624816 -0.62562084061902912 -0.42221714903250351 -0.0067070305594540969
18 -0.082831690347863585 -0.61861204663447322 0.72713925466528195 -0.28587856015735535 -0.42834489622862892 -0.36085157286456482 -0.0036912997961080622 0.082107512337514205 0.61886282266762827 -0.72607564886011045 0.28823829598089507 -0.43860986262646262 -0.37921384995439 0.00019933337353883473
17 -0.10029915085222212 -0.52830294299224012 0.73231963094826369 -0.41778468005883146 -0.32720751576231988 -0.39350029712405887 0.057469934351210367 0.10047747867397086 0.52796225457435531 -0.73168612545285994 0.41927979660826403 -0.34077607377649688 -0.40996572166675671 0.066918489231250433
16 0.0039248127365971389 -0.5253195993341363 0.7365338860799453 -0.42607716326550499 -0.10607713069349943 -0.35677934580233767 0.078359975203436086 -0.0063581986707716143 0.52413273541059813 -0.73549776524896882 0.42928718393918991 -0.10866396335014383 -0.37227641157040686 0.088171238673945052
15 0.057394976040847104 -0.42108586734366804 0.7876699898263112 -0.44605884833250475 0.022645098703507366 -0.39225334127197597 -0.025113279832411614 -0.061674481987878171 0.41882511504691988 -0.78617228033584285 0.45023874434460004 0.024129029374641231 -0.40775054148476253 -0.021056628653286946
14 0.23971461764840687 -0.50347603967018983 0.75237619835096947 -0.35068338386448028 0.23705452732258223 -0.17828583923762895 0.052443411263659666 -0.24075591909214716 0.50379151594003146 -0.75108129494797915 0.35228906350922573 0.23856013445846802 -0.18853112937514993 0.058309903122985229
13 0.34744357140081178 -0.55673842266416074 0.70139027158202893 -0.27816718057987744 0.2008463154940604 0.073753689381145848 0.18810784695570673 -0.34747235647117869 0.55808636598534589 -0.70007974723233413 0.27873090446656229 0.20250371242101539 0.066997503332741667 0.1974328035534676
12 0.3481211095111893 -0.5598082919882118 0.69732332424904808 -0.28136551102115487 -0.02904516545357206 0.0053575677559482022 0.18574622549867628 -0.34638140715629567 0.56205758526919203 -0.69653086090484984 0.28099101662675696 -0.034470903453717838 -0.0034511840733805199 0.19434158523856837
11 0.33119583283248005 -0.62136843073670589 0.68797815634190551 -0.17577442929674233 -0.07477669260756177 0.13974312325349103 0.081912080458344971 -0.32957197762576418 0.62277121168664018 -0.6877333623256312 0.17481748139839701 -0.079682110959276742 0.13469249818103435 0.086899484445151831
10 0.3483221903839025 -0.63775382574027917 0.66967879019499044 -0.15320583344889821 -0.16378043198525288 0.21922142113629753 -0.0071979624395128207 -0.34529583528782726 0.63936287096359179 -0.67034167527156474 0.15042587463660417 -0.17089594996944679 0.21569534225540776 -0.0044326562947345494
9 0.29749239514238418 -0.71860557444372897 0.62848838428530651 0.010327343767448613 -0.56014566533389798 0.3383033040051403 -0.0025448803388878009 -0.29553836531691613 0.71849154248383729 -0.62949606410470882 -0.01271547410368544 -0.56683539529646465 0.33707646620314224 -0.0077844615594186983
8 0.28127755012969641 -0.70060953182297192 0.65518774851858708 -0.027536119969521624 -0.34145708807915864 0.29627471476071521 0.011205449182659973 -0.27956762161753368 0.70166420983239119 -0.65486666073986299 0.025669792262947733 -0.35053880880941524 0.29390077840726192 0.0095082269028754496
7 0.17709288559471992 -0.69519894606542076 0.69048326986565856 -0.092570995980878798 -0.42297004900246415 0.16552801498489297 -0.040374233080807412 -0.17611926647814946 0.69471445861080927 -0.69152110256198851 0.090290584690435577 -0.43327905437697606 0.16189788258278603 -0.038424133967170926
6 0.078064748777433843 -0.68703131073455714 0.71104381451945742 -0.12771282982649734 -0.46452460818696562 -0.017064296975643101 -0.0015783531359038563 -0.076102746162504717 0.68719544411017897 -0.71122942655088051 0.12697833054834512 -0.4767096304826326 -0.027415673430491672 0.0018451925935428215
5 0.12387674359611121 -0.69512382488046465 0.69235538929384655 -0.1486655151517719 -0.28195452665369225 -0.12725289591064967 0.083465013536989666 -0.121003134518554 0.69576866197093323 -0.69239992811458606 0.14780578474057812 -0.29222294965230017 -0.13849229309327221 0.090476675955837305
4 0.13400874189443512 -0.65251870288749914 0.70399160360091284 -0.24628605631927672 -0.093089743507595871 -0.10752237862232147 0.050334378488669354 -0.13439268168574831 0.65261492248249886 -0.70366182565610669 0.24676386521691171 -0.096556516602647413 -0.11832049548042736 0.055948444009451537
3 0.13701370982579991 -0.58347327289524997 0.75420227193066225 -0.26826314721053951 0.11504503207476482 -0.075708353645822443 0.06697874030712582 -0.13878502007261984 0.58310105172485449 -0.75378579427847936 0.2693303882312077 0.11430162808472022 -0.082828676258153988 0.070246567069290666
2 0.34630585874556136 -0.63850882064169245 0.65119710503449979 -0.21982053715688393 0.22054092009501305 0.16719150440880412 0.086886808736164375 -0.34640668078666925 0.63982850262058344 -0.65032053863636952 0.21841496232714208 0.22259874446531902 0.16483999814903671 0.091007341215245674
1 0.36665743466907308 -0.68398159784610246 0.62880850531993726 -0.04828419044669334 0.067709374422397078 0.37445916999833234 0.20149323744917214 -0.36677907717597502 0.68364886591965002 -0.62925862351827699 0.046161904213323328 0.06473011672263973 0.37983506614625484 0.20106136591295654
0 0.33907626631174265 -0.67114361782561505 0.65162649200642464 -0.099882154519381289 -0.051415964635168732 0.24320644679505402 0.03071869898652408 -0.33698502934692104 0.6726642105781625 -0.6514049314809639 0.098160914042162553 -0.055206246303996842 0.23998978316455782 0.030567835671603705
