19 0.224212747358257 -0.75268738629066256 0.61375837971368896 0.080566703868414136 -0.39634803803431046 0.31667858985907654 -0.0023794719744851716 -0.21963336096034564 0.75629893727264175 -0.61053459633958151 -0.083789085840576732 -0.41397652241306276 0.3255647400227914 -0.0014540782229894855
18 0.1447038130083016 -0.69973087591867833 0.6864801849763652 -0.13484236508513298 -0.081016783780617774 0.14366999231477459 0.0042224462587580822 -0.14298807617998305 0.69874174761416397 -0.68758111850496662 0.13618584980426679 -0.09012050962220533 0.14133664980276689 0.0085513492088626006
17 0.25756183444295166 -0.65253005256447005 0.67379857560996248 -0.23208169131703943 0.18155347901369165 0.045691780478914049 -0.013779752260164837 -0.25502640554013495 0.65108591906769597 -0.67525867561204189 0.23467931199772069 0.18033363873990868 0.040313535157454117 -0.013016374790088381
16 0.46560342054450521 -0.73415168651782825 0.48540206379144829 0.092841760147506044 -0.086358086253516375 0.68169919035630211 0.11518460338432722 -0.46321262878164493 0.73416850132686129 -0.48729435971867807 -0.094735838957767812 -0.098219625842661529 0.70746397486759882 0.11457242065052808
15 0.28037708548974832 -0.72627004190377698 0.61309418449482989 -0.13429831385382393 0.12686695926925318 0.26020053178537722 0.0061581807866056158 -0.2782737568522291 0.72558919359806529 -0.61455919084614807 0.13565043062070864 0.12539078726692177 0.26531595530765295 0.0063880380526839531
14 -0.038522786034807951 -0.45945753522011801 0.74979632470659663 -0.47457374531472996 0.10602360927412299 -0.52412376796270399 0.089660282292698595 0.040138904928474294 0.45597247129232849 -0.74724418797359782 0.48177183113418748 0.10207797151425524 -0.56391000137802427 0.10554414630800224
13 -0.17281892333111004 -0.47471039371084461 0.71707260711912946 -0.48019843602509316 -0.15065187141536621 -0.74043476369160388 0.16367556516387038 0.17612992244476455 0.47232431747662573 -0.71177630545839266 0.48914464172455335 -0.16844892882854878 -0.79201483393625627 0.18388266684428556
12 -0.092369062350634884 -0.51755236499335255 0.69856060409609422 -0.48540765158282423 -0.067294359164185399 -0.688738480198821 0.03240297832479988 0.09586490532843521 0.51524787847392672 -0.69427357931730826 0.49326842663647258 -0.080152608705721828 -0.73987779844396862 0.043511124926705058
11 0.32288574458965796 -0.73176875332655511 0.54717751008936544 0.24669021068555586 -0.5927099293133995 0.66265773564411945 0.11954083785841964 -0.31961194119475261 0.73441375466414505 -0.54366879893923903 -0.25081642901891454 -0.6176347916418421 0.69014317297908878 0.12200507131986188
10 0.16104419263120109 -0.74636849139648898 0.64571896035864429 -0.0067725404129828047 -0.25734248836771761 0.20724017075150741 0.0034575639192638949 -0.15592564258081487 0.7496228764944487 -0.64320310623516175 0.0065192907120280273 -0.26852512936540168 0.20880368783414111 0.0022640626259924565
9 0.41136367269827706 -0.68126031666220199 0.58654927169753435 -0.15041363500890936 0.32307847413511259 0.39156354908580898 0.097272855433982897 -0.40952014052182001 0.68016849163662363 -0.58925328439270852 0.14981536744992063 0.32792742115360163 0.40531670308998557 0.10088029922750863
8 0.53268134726221239 -0.73017628407140167 0.41872485092802719 0.088106047884889668 -0.077606675539654821 0.78971739788677142 0.15309244971787131 -0.53128326554008398 0.72974790517072485 -0.42045562382631874 -0.09177774811371503 -0.087699651764764575 0.82222998323907481 0.15649934085549599
7 0.33533434197512674 -0.74279175547736986 0.57505748228086728 -0.071555427185823611 0.029804433626430881 0.43997953847485011 0.014813199020116744 -0.33464757726126004 0.74218534681775483 -0.57626042423893742 0.071385106696971165 0.025872561738029098 0.45621349014029478 0.012820689601028334
6 0.22468215472124686 -0.66662411519266129 0.65614028339845409 -0.27314858025480226 0.23383983410493339 0.01707919550745057 0.055882962001627186 -0.22418263456258827 0.66447049214745801 -0.65701337317603836 0.27668490904589604 0.23920179208207965 0.013353456853415768 0.060271716736490344
5 -0.012211389067354101 -0.53906538599295295 0.72618207175334937 -0.42651962471301119 0.17110346773102403 -0.5078913913627886 -0.048626276640977406 -0.032903050223916361 0.56438864898520036 -0.72504889835979613 0.39330260254652361 0.14239712819202843 -0.41746832259013211 0.037314623663652569
4 0.11908377934244044 -0.64891417910704008 0.69750433617022867 -0.27967327844305101 0.24794838495779017 -0.14113621929833539 0.097116278219006757 -0.11628189816699883 0.64733398343520887 -0.69767632288628123 0.28405102100232288 0.24973312137952441 -0.1566527912199937 0.10531515250791124
3 0.10643814451799992 -0.66418672222271746 0.71901184509478544 -0.17478239621883918 0.33789647114716143 -0.048897665025662437 0.041692183826252734 -0.10390953616025966 0.66363845482568429 -0.71888953563449798 0.17884251487483008 0.34285007628081188 -0.059499667987552241 0.047764571775324199
2 0.15193628867376852 -0.65822973722466427 0.71559182173497338 -0.17770008971076273 0.31828126124634998 -0.0099480498097587119 -0.067814179292882706 -0.15034476362414365 0.65710514959114752 -0.71584983980568773 0.18212161124305673 0.32047994666345347 -0.01543789128635642 -0.068908665801269087
1 0.24847533382621939 -0.67500836784712959 0.660220194683663 -0.21617818194297231 0.21761268059056896 0.1212076149666115 -0.19475114920532638 -0.24504500485737635 0.67414124543277121 -0.66151210978383268 0.21883385343712974 0.22048430451519541 0.11719698927542192 -0.20249286891695678
0 0.13461840641868322 -0.69267898597765976 0.6826363397074231 -0.18995087456789109 0.034135365240850861 -0.03691746593547035 -0.17361106964150372 -0.1310239965645921 0.69316320499271344 -0.68217362042461505 0.19234509394638782 0.02857321327954189 -0.047090528405270615 -0.18122391313042766
