40 0.55473762437193219 -0.40888673237465362 -0.3836172792224336 0.61474839672514747 -0.64653905791640454 -0.18117090269129388 0.34257527686056183 0.54205729775871403 -0.38863246339055757 -0.38081118958447957 0.64040731744161183 -0.63485550955770975 -0.21271095946541907 0.37322147217880164
39 0.6981407569024477 -0.25924144246667447 0.03964689590613385 0.6661992807745184 -0.33063838108173271 0.13104959755164727 0.85108845964690005 -0.6985663827285945 0.2227579523478041 -0.030522910450893351 -0.67930277161579955 -0.31289794274307381 0.09122627535686767 0.87718858386008858
38 0.6850353681584036 -0.36349169724665786 0.12998365133573744 0.61782245086291199 -0.33655404536937389 0.29630787419759419 0.75539345486264409 -0.69046561217425129 0.33388957655081358 -0.12304525661759248 -0.62978953143051342 -0.32594662560918275 0.2695839622100637 0.78676619606521969
37 -0.18912861296216604 0.70897336094784857 -0.67677987241800608 0.059633426156703258 0.091208632279580398 0.29692235825464813 -0.46557416909311639 -0.21881833974322737 0.70025194756488318 -0.67607771564523556 0.06844462383215992 0.12661453245567134 0.31438422974427205 -0.44930797506260367
36 -0.011138432775653953 -0.67404048976096242 0.70817882439344515 -0.20982875436608348 0.071286874674751061 -0.040294465880918375 -0.50187904753106005 -0.025059826634433985 0.66925400764967868 -0.70992249030187993 0.21790166611908501 0.11416837602646668 -0.016899515274496943 -0.49413108897681801
35 -0.049979136091190077 -0.087566677295650264 0.78204134428853433 -0.61501666547042466 0.19185550290128869 -0.66452746617399683 -0.068607974938378558 0.03289691593667602 0.10558773568545343 -0.76651286314197664 0.63263500822556729 0.21905502438359914 -0.67202803743010309 -0.040794619282117139
34 0.23294754957504737 -0.44567258925305531 0.68965509484354248 -0.52104436710495472 0.58512912730636468 -0.18367976690433391 -0.15446300322519413 -0.25898770151118639 0.4525038902345544 -0.66949694015314742 0.52909304183113215 0.6099545667427928 -0.16503798196937564 -0.12501896384890054
33 -0.46329106067284437 0.64277145826261239 -0.54931749297995258 0.26543650361208043 0.48329971897650442 0.37548628290201991 -0.15439996901350692 -0.49148844698856076 0.63590586524528336 -0.53364868634774754 0.26321458276992138 0.49110044267141939 0.40090947940015992 -0.12004146794270354
32 0.64611390365327492 -0.70035656776558963 0.29332473423192384 0.077447413005863552 -0.0016991019102783062 0.69900386618210597 0.089730088906549155 -0.67710091690331764 0.67136566029212974 -0.28598996254818038 -0.094932817459978197 -0.0084783100715455362 0.71352163161465221 0.15452544325676598
31 0.73045579349384016 -0.57048893471564266 -0.11477432885395999 0.35749624131509433 -0.54158401617271779 0.41381344038454887 0.36074861513153372 -0.73494931843609379 0.54646419646044331 0.11945607581871943 -0.38334922364230201 -0.55489281631089282 0.38965146457850641 0.40106029941962262
30 0.4991194976872621 -0.21910861762221803 -0.47121898628551562 0.693414600131946 -0.5281002985993819 -0.44524776172655905 0.39771882734790709 0.48406613666427795 -0.19566880477195173 -0.46596022219229721 0.7143351912852548 -0.50375042360807476 -0.47345355458622351 0.4230582207444632
29 0.27963948370129388 0.077509507704248318 -0.66966512554822566 0.6836246448126333 -0.10726900097856035 -0.68249282019973256 0.097572602726657326 0.25245696142200641 0.09229046812729727 -0.66279774375483314 0.69888990763632741 -0.066759344903196682 -0.69202846714846444 0.11198952144063945
28 0.41985297597374049 0.20717235295844483 -0.61885013419105461 0.63073576571126067 -0.23745564490197174 -0.64903686386570081 0.13147571976516673 0.38883218738308245 0.22998436356799443 -0.62032429556482616 0.64118210432069489 -0.19267842354296438 -0.66002498587412572 0.12239988002797519
27 0.50179968459918478 0.087640992184884969 -0.56220036309807264 0.65149588237946854 -0.36027843646913604 -0.60253726049918965 0.27253429709748078 0.47767706707574514 0.11129536776835139 -0.56296741667346584 0.66521098041690929 -0.32270818802686163 -0.62383278501528339 0.27197762810726811
26 0.54240293201785394 0.024573636107147759 -0.47148874978113797 0.69490542851292292 -0.37683874668262629 -0.56772665829431856 0.41943797845944231 0.52296102069723338 0.053820953453552658 -0.47083452767541034 0.70847012876290805 -0.33876212231239894 -0.59378792262113511 0.421819503742627
25 0.58974046803176683 -0.033068312623961239 -0.41192868624488954 0.69384971320483757 -0.44062967489577065 -0.5088959277984646 0.50752271300870377 0.57328791022796421 -0.0037140056663395758 -0.41020184143313304 0.70926837475897009 -0.40588542663720772 -0.53813511811574677 0.51609255779068408
24 0.64808011430428203 -0.14969590996322346 -0.32596386518424186 0.67181162432469299 -0.54942131676614836 -0.3425369633020518 0.61073626284762761 0.63515270221532394 -0.11915411431897083 -0.32449573537613641 0.69071402159803741 -0.52085985416805514 -0.37761262260122958 0.63023434053337479
23 0.68197001111328914 -0.5260805968747494 -0.14074099987886809 0.48820905408149146 -0.64179581297181043 0.24691005458762827 0.43427941247790947 -0.68471074470745652 0.49877973687898342 0.14502706310244726 -0.51123098608062789 -0.6453916479735633 0.21783650651227285 0.47341854087686563
22 0.66101701239880573 -0.40276131622997413 -0.23583833684053057 0.58755434671556017 -0.65159232781326393 0.020950646382069418 0.54084974477272862 -0.65655282035056439 0.37201122987447893 0.2382438675098853 -0.61138032232885076 -0.64164009740919314 -0.016824396431075445 0.57725671815478785
21 0.69416964847133988 -0.27308849381678207 -0.172744549082922 0.64320330724289254 -0.57361097749992174 -0.061999687188635542 0.7092494417300913 -0.68818236880047889 0.24367675834787983 0.1713034901298286 -0.66157522549032188 -0.55397920672546119 -0.092892221766800509 0.73803638699276641
20 -0.19693373480200219 -0.27964852125896389 0.75057965362462564 -0.56537066798636293 0.073895754972909192 -0.58959964443622948 -0.20686529788968935 0.1655470151887784 0.2864084725855906 -0.74727818861022499 0.57631560921139058 0.11508214264301353 -0.58661692830788226 -0.19758491806519607
19 -0.3169609240306982 -0.3528035911975041 0.67034907385648335 -0.57069914828699886 -0.039529263989411499 -0.62702337784935513 -0.13237217773379756 0.28622282418033274 0.36865247137136781 -0.67079530352588324 0.57637271885268415 0.0020410284208861595 -0.62048480468954437 -0.14151608221142786
18 -0.17094809639421438 -0.47568553461356694 0.70260834844494513 -0.50084082221207238 0.10499729773627685 -0.48160316764350936 -0.30270993504703203 0.13845793926835764 0.48373881185052187 -0.70097799080302814 0.50542656971389521 0.14427758189014128 -0.46498351236401214 -0.30430161203971318
17 -0.10176619258516217 -0.4834582394908426 0.72637191100259368 -0.47780290876215425 0.20849979624289924 -0.41839545002988865 -0.3279749463814351 0.065274042135873969 0.48767848414585868 -0.72548631148821574 0.4812261499208717 0.24895881579472706 -0.3978470603410284 -0.32553252396217996
16 0.10182391761507206 -0.55083491272310203 0.73297654208069407 -0.3859510039969824 0.34655041297564076 -0.1311621050387442 -0.40689683617191547 -0.13289882273526951 0.54969310393861248 -0.72575099415385491 0.3917408440316178 0.37805978101942567 -0.1130637699078704 -0.38802637581386001
15 -0.27306167243762908 0.6903917474958271 -0.64711662451696139 0.17331079686215775 0.2689615664788198 0.26758429541866352 -0.38915621021287933 -0.30106396735086743 0.68340426864004555 -0.64167871850553915 0.1748356810968783 0.29080821161027948 0.28871294628256416 -0.36691054191144423
14 -0.41159601206335045 0.70691092808086631 -0.56139098615694938 0.12532287610457943 0.26196470579483944 0.45119236386377004 -0.27945080455155957 -0.43931467104284366 0.69631031372622809 -0.55441779586934914 0.12155440933332134 0.27399420657667928 0.47457230660655791 -0.24849693761499475
13 0.52693230056651197 -0.72512244887386545 0.44315638206128743 0.012337171361478482 0.10225077683098575 0.63443119354322342 -0.11947450431568832 -0.55406704198851597 0.70883528119431216 -0.43592444084324888 -0.023068138021466709 0.10386292898003324 0.6563413779356988 -0.077630840836935666
12 0.61032525490681111 -0.70969209791324872 0.23708028122332592 0.26006374148945921 -0.26796444790604085 0.65390338141129856 0.15385128906573767 -0.63125065448214035 0.6855085377239265 -0.23341394450202235 -0.27770233422764085 -0.2734286155074126 0.66029678815724901 0.20457503323539372
11 0.63572400375997751 -0.65830562479321408 -0.024397396042921564 0.40235986687954373 -0.57038841452962619 0.43552222389772377 0.26452413798528657 -0.64632636589480563 0.63192582377350204 0.026558255529529225 -0.42688012493043398 -0.58090136262542735 0.42268353479750154 0.31264276470592245
10 0.68749119970416284 -0.43584229837870697 0.0071790163055194004 0.5808147751204189 -0.53770012934927902 0.27672339492832271 0.64100115289858051 -0.69091814889349978 0.40185502814580798 -0.0053251864279514798 -0.60092952188507043 -0.52552499670216513 0.2483631362311704 0.68361204274966436
9 0.65318951100883249 -0.55508215426349372 0.19847939254494038 0.47521910258451633 -0.40496172222999732 0.56906597174057916 0.50695949957926822 -0.6672414386952904 0.5214819017940403 -0.19690183208475329 -0.49403963111351462 -0.39547060725291283 0.55620676474109099 0.56057217944518078
8 0.61196216433605832 -0.61076050510206858 0.31310198928965344 0.39298989698394859 -0.29408994702687247 0.67836601199402524 0.36324694947058639 -0.63114278300582893 0.57630656700939564 -0.3141594885261455 -0.41331990521930217 -0.28215899199423822 0.6762026960741222 0.42348041333267195
7 0.58425520494995442 -0.63056603046128645 0.38971917715948812 0.33038053767029857 -0.19311874292512529 0.69381981117639102 0.24403525885527969 -0.60551531543645776 0.60000468691361597 -0.38937508125893555 -0.34890202714827873 -0.18306518335147626 0.69791957520386216 0.30018740020508872
6 0.5474281737349409 -0.67392216232574409 0.44994815586877129 0.20904059595617452 -0.092301536549829949 0.69205005192724611 0.059698463340202824 -0.56864561028632798 0.64878126210528941 -0.45116699756499556 -0.22841493854681383 -0.087598686829795103 0.70553259127806145 0.11088708152940896
5 -0.45534096319763095 0.71781111423029598 -0.51519162621161796 -0.10949611775374853 -0.019069097633244957 0.62522250301304572 -0.13519567512180844 -0.47744663128784909 0.69909337588351372 -0.51761670660287029 -0.12404076391765401 -0.012522798942899538 0.6470862616721138 -0.096488433802723428
4 -0.37844821570915488 0.71920252848137745 -0.5817111814485203 -0.033716055972164968 0.054370687983302246 0.52727884526040369 -0.24726995655290857 -0.40137074361474845 0.70454569618947149 -0.58370142413999315 -0.042538636649294512 0.066088557783957169 0.55008719286505892 -0.21847574327580976
3 -0.010633302691104435 -0.60907751650501385 0.70654722544943804 -0.36014237458491977 0.18390023527757002 -0.19938356881165031 -0.43024473399703417 -0.021799129670202075 0.61117115890356399 -0.70302968817097911 0.3629653840524083 0.21804992604782991 -0.1744154303551258 -0.42103405614434286
2 0.10372621871843091 -0.65752230015846613 0.70854513636485794 -0.23424151228678528 0.1734386628511026 0.031839983991879039 -0.4478127691572325 -0.13840995802743727 0.65433842757140548 -0.70536112101426784 0.23483950835351147 0.20514006208933688 0.06198267172048344 -0.4308001899997258
1 -0.15815974010546366 0.69427378855759503 -0.68982103051687493 0.13082946529086545 0.12670860064274464 0.20111945380766028 -0.42437183499885495 -0.18550404905499482 0.68871141777755218 -0.68864720465056983 0.13049849935532751 0.15075538107908246 0.22491354692878235 -0.40875924754963477
0 -0.26849687322773735 0.70789247460203664 -0.6531598315457976 0.013412975948627715 0.089331196560976822 0.40443223710594972 -0.33819729631606738 -0.29213055607455624 0.69863515932250353 -0.65306421099317224 0.0087056697534567684 0.10566617505229869 0.42725596332719928 -0.32050766845655643
