169 -0.64576446224752626 0.15541230806860024 0.26669692754396662 -0.69836095440507129 0.42185262826500519 -0.33717731664082717 0.45897478594347679 0.64591537049032011 -0.15677793734804849 -0.26981174928409413 0.69671775668020763 0.4327777462621003 -0.33334619119878695 0.46771527350708553
168 -0.64296686392869951 0.10956341396461017 0.27887701484514249 -0.70485252415038913 0.3932296587245232 -0.96275965193062718 0.62581568052149017 0.64191866806437381 -0.11280606788567352 -0.27773125423553785 0.70574823064559522 0.40414338413016715 -0.93902484012555076 0.61468083874585666
167 -0.63269727740708903 0.10924792877383831 0.33136131377357492 -0.69134559010276175 0.32512429096823037 -1.537903173189874 0.61324475827294922 0.62947660518910198 -0.1153561552278735 -0.32534892899639634 0.69613234041491279 0.34267702756689467 -1.4937753497006772 0.62593233409895532
166 -0.6442621724013784 0.1164079852538013 0.28374547493161029 -0.70061682797206759 0.35937073809460252 -1.2905706982722966 0.7107990457157265 0.6419242747831122 -0.12215650872251042 -0.28036406892714427 0.70314081212479651 0.37354031569613966 -1.2556590596497641 0.70950431466219399
165 -0.65358118171194668 0.11181309328602522 0.26065987534302126 -0.70170214512140883 0.16411061542364772 -1.2976386519122705 0.63578065905431025 0.65138984212974904 -0.11641264369752097 -0.25680151269870577 0.70440922270594308 0.18834742807131732 -1.262033379604107 0.63309676968226825
164 0.70496108255062362 -0.29013369612579404 0.072746895253904501 0.64308646362083788 -0.3047983708341177 -1.0789383193392652 1.220382502961731 -0.70407642905484225 0.29159054367900827 -0.072975067505860122 -0.64337079231876637 -0.26440309109704785 -1.0455256842867968 1.2046254245739201
163 0.702484846175918 -0.25745201451481964 0.10444999264117524 0.6552279757097651 -0.017200194671194057 -1.1162576617920732 1.2663483994308771 -0.7002880199791266 0.25974299524889899 -0.10455169111535562 -0.65665760437062182 0.014646567794550869 -1.0851763552255913 1.2404290885318794
162 0.71286384411337722 -0.32079803325142736 0.071639535024543927 0.61950104006319673 0.053017102461925245 -1.0439605138792178 1.3187401891431421 -0.71005189343196395 0.32367356541808961 -0.071863303567608852 -0.62120640473483091 0.080830243540109592 -1.0158725473557881 1.302260405382377
161 0.72872651880238948 -0.35452845126496524 0.091075292724388732 0.57876811340379097 0.08352813230557303 -1.08054761686489 1.2200009192250811 -0.72605008721680886 0.35797297793137545 -0.090680857846166779 -0.58007206444000614 0.10582715267392784 -1.0513860383098068 1.2128300681705584
160 0.75725275678756521 -0.56312322672214876 0.28883519377178513 0.16135279576903064 -1.0540248700222081 -0.29242261607406683 0.97926420599259245 -0.75729553527091631 0.56495476219799212 -0.2873772783966379 -0.15730190332569985 -1.0099465961584642 -0.28358199697842679 0.9752781786319682
159 0.73046620373212867 -0.59553159154661361 0.2440116587450096 0.22851599303252093 -1.0772061011172895 -0.28449011067039115 0.93974633901157523 -0.73162038308633393 0.5953335749995019 -0.24358453213051584 -0.22577893001269234 -1.0298482374661442 -0.27590431820718653 0.93801795492299855
158 0.72715863117205071 -0.36054342948650231 0.074625835035914898 0.57937875807738504 -0.48817668381268486 -1.1273916559944959 0.81108508434220294 -0.72761926474117089 0.361690298579115 -0.077094828453551534 -0.57776008941167445 -0.44602993417586534 -1.090300231960309 0.80899672358179464
157 0.733200185892249 -0.10439204397378538 -0.032964442969968977 0.67114315467136032 -0.24089148149503195 -1.6093997452461803 0.2648505586844398 -0.73119994305319969 0.11031937231393858 0.029419151073673797 -0.67254055113529077 -0.19186454276797393 -1.5598649577074957 0.28483268460462768
156 0.72360640864586934 -0.14078758818047021 -0.06316870429079452 0.67274239882675568 -0.14049697266920649 -1.6148460546653574 0.26899990182026262 -0.72143810807446429 0.14632939026609512 0.058888087099075136 -0.67427513594978594 -0.097938747029290063 -1.564752789852365 0.2936743702707838
155 0.71077445534342687 -0.18077488916673204 -0.10356066195146202 0.67185958531093826 0.045661806147841828 -1.5529953294305936 0.21005410307257633 -0.70879376942257755 0.18629880500341942 0.1003379269871383 -0.67293123578115743 0.076279563959722352 -1.5049574973668913 0.23955746593620719
154 0.70842521107868817 -0.26585270021226454 -0.12442706165123235 0.64185198326935533 0.23442407674347934 -1.6083339805645933 0.62823841081756016 -0.70662900565345343 0.27129785602792394 0.12040653782626447 -0.64232015952526045 0.24374886806653917 -1.5608877252905025 0.63964142221975595
153 0.736642724042467 -0.32438041667832107 -0.054996564066314084 0.59085549868964671 0.098382460927703336 -1.7135896174076404 0.64598665229961783 -0.73475112734033665 0.32988745106734507 0.05108987306663644 -0.59051238375704651 0.10727984416203462 -1.6584733413636332 0.66408285289781688
152 0.80278529102884255 -0.35016914247241931 0.0086777855954648271 0.48253709101480124 -0.50491614947889185 -2.2984155005498446 0.41018594652737994 -0.79926995566019277 0.35754676504374744 -0.016289764296115873 -0.48276546310282159 -0.47279846505202272 -2.2175286493003004 0.45900553570020008
151 0.73143682186926984 -0.23479333661982207 -0.022673797255573759 0.63981103742490009 0.26913691081735314 -2.172572673896787 0.010107006292920358 -0.72804067495433822 0.24471028395377903 0.016524393292304811 -0.64015669719656443 0.28269725168151538 -2.1003691767530164 0.073483204733383545
150 0.72958364622100624 0.03214471655540338 -0.12346678752663862 0.67188568428140005 0.075385660054416839 -1.9882579703981786 -1.2808872865437968 -0.72750081698662539 -0.016544846527859407 0.11690306098508342 -0.67587166212934247 0.12324821585791135 -1.9574844754539429 -1.1719958288730399
149 0.77802343895713455 -0.13673647776930373 -0.00052938759994998995 0.61317402409864741 -0.27813802338864191 -2.3200205712845943 -0.45555286993457694 -0.77476388621959535 0.1476617454245773 -0.0058169261682164538 -0.61473823121555649 -0.23222573513369493 -2.2525977692497223 -0.38172278345445232
148 0.75469961010385145 -0.30539459839457994 0.095069323134427064 0.57282149189714282 -0.4157328013883797 -2.2790074472214266 0.39398244205009653 -0.75033915404352225 0.31444915760846281 -0.10054692564822658 -0.5727156335663186 -0.36763973211857426 -2.1947079290592102 0.43778865347350404
147 0.73677354014608032 -0.33616039133698156 0.15152287346247387 0.56674664591372359 -0.48427937104110103 -2.0947231476185371 0.77569510819888943 -0.73196776820745701 0.34414403833988089 -0.15532318096032915 -0.56715322148153047 -0.42723362050526426 -2.014636033756485 0.79661195094154236
146 0.74242885700601158 -0.27675297472313676 0.075415035988138826 0.6054087508564362 -0.35254936604444098 -2.1347298000952502 0.34603291288746296 -0.73805450108981174 0.28575974076371652 -0.079365923907963959 -0.60606763162369759 -0.29893614939543078 -2.0589686689006914 0.38648026252829815
145 0.70752910721281392 -0.28248191677210871 0.10530690730169409 0.63915333404273689 -0.1899285684815106 -1.9455348337504241 0.45530974315502759 -0.70361383798934707 0.28973369955707945 -0.10812000210597089 -0.6397593418430666 -0.14229358390509106 -1.8736587108574918 0.47902087975716312
144 0.70409646520790636 -0.26764477069749038 0.050000073400258575 0.65583110406566436 -0.047404111321434489 -2.0433719824585865 0.3054317516440862 -0.70036284689506356 0.27577218647798901 -0.053491944441077563 -0.65618609840052533 -0.0086981907149610294 -1.968170643988429 0.34097228657452661
143 0.68293547147070077 0.11903300682002456 -0.25896164745941636 0.67258393546053408 0.29439967199469746 -1.5313690400971385 -1.4566797744048605 -0.68352055033765557 -0.10458318007156621 0.25457946531784653 -0.67605570151482797 0.33415832160160175 -1.5183461544275008 -1.3509622349284631
142 0.69223521658802611 0.020438867195565952 -0.22042711201093923 0.68688029955270036 0.29950858964289689 -1.7446262855074806 -1.1022028049682777 -0.69198550495814803 -0.0086678218065055594 0.21484743973942413 -0.68914549075675002 0.32571951221735418 -1.7114441969010021 -1.0120902824818323
141 0.70970977520380174 -0.081943782439335117 -0.14320806835420277 0.68490050420331994 0.17386962290961624 -1.88302088461179 -0.63836590749852684 -0.70806866405286917 0.091593247455024715 0.1385704704136092 -0.68632912566521531 0.20187695082945467 -1.8314083987964389 -0.56943789096146613
140 0.70170620449989607 -0.21393305358252779 -0.046361637460182591 0.67800564136533226 0.076282165465229632 -1.9450652962532644 -0.014838737891688348 -0.698595242647438 0.22250136188220521 0.042410341697918533 -0.67871878847428191 0.10911764791169087 -1.8793134466696704 0.034568353815144892
139 0.70798037560544413 -0.43469155349110761 0.086588300227085802 0.54982679758706254 -0.47137412842537318 -1.645759464263663 0.84303502326760038 -0.70642730915016239 0.43912216637051849 -0.090636290144938583 -0.54764700565025104 -0.43721833972138491 -1.5807500129490235 0.84960534182599901
138 0.64981415515194807 -0.5993988668460557 0.23627115769070342 0.40328464170027434 -0.92687807884410001 -0.85801774290778876 1.4030016627539466 -0.64887035647109392 0.60109432612520475 -0.23855949242300023 -0.40092672668212354 -0.875614523162207 -0.81878872670604519 1.382037204401934
137 0.67962890031045042 -0.58278192160170239 0.24788940160430439 0.37016298341311238 -0.91737253123112483 -0.78216804760920455 1.4092430146613837 -0.67977095113912978 0.58387010955492968 -0.24884986163712097 -0.36753352978864784 -0.87113326186620377 -0.75169228260313359 1.3843272901661585
136 0.74042649854014164 -0.58796142816825925 0.19085798257891756 0.2638999615987716 -1.1050988227627223 -0.59478942842714666 1.2692501295580536 -0.74010918434736461 0.58901665406784842 -0.19180682923631756 -0.26174017027140783 -1.0608582337272532 -0.57663396299070335 1.2553818850448177
135 0.73196128661939686 -0.57757057062208927 0.12622807851036755 0.33869068932778912 -1.1315090811198099 -0.75169240549311367 1.1347618675117088 -0.73186609744185571 0.57824073429273481 -0.12839970640514195 -0.3369320169038561 -1.0811166615070238 -0.72789342296183324 1.1289395650735967
134 0.74346006155850575 -0.49286221602629399 0.11856061174104032 0.43623084969390252 -1.0156303163949267 -0.98657946276784125 1.1404745230487743 -0.74279950885102208 0.49358126004886532 -0.12138699223556572 -0.43576556483418616 -0.95894234789284827 -0.95951265589450685 1.1318719165337199
133 0.69631496024180128 -0.50712580212651626 0.14354377082716652 0.48720024919709809 -0.76344801907576476 -0.8972323646308088 1.2429875000218746 -0.69688528132701133 0.50729529048575739 -0.14567438634635541 -0.48557323452117512 -0.71680759200708466 -0.87071748951129813 1.2269239315833829
132 0.7224390769301432 -0.53362487453801011 0.074981218103927369 0.43324830101255585 -0.83408670385793637 -0.92657513084619902 1.10915787103376 -0.72310580091557397 0.5335470722208806 -0.077277213606857117 -0.43182606992159811 -0.79281843724221757 -0.89990393614661968 1.1020102567804488
131 0.7195736117174717 -0.47731771198437245 0.058332270919961862 0.50097800881395715 -0.67351582615450423 -1.0473360365285334 1.1102160147774509 -0.72021645166651971 0.47757232168274655 -0.060816150018636717 -0.49951410010964603 -0.63424246942804507 -1.0175389490245363 1.0995263668429618
130 0.7191701894343 -0.39667948429932554 0.00037309890287260446 0.57047303719129738 -0.48635566025292692 -1.234521845806315 0.94156350685598766 -0.71926487633182579 0.3975553267960687 -0.0034310184174250117 -0.56973329543221674 -0.44854178914122311 -1.200034594880627 0.93607232182005262
129 0.72554204061028538 -0.28533504490466444 -0.030573631054490586 0.62549013784428176 -0.301975188968577 -1.5169874300066046 0.75868228842384466 -0.72387712438470719 0.28923774825559279 0.028054331888270938 -0.62574466696797681 -0.26209097935095649 -1.4731638161447946 0.75922937381576361
128 0.72854529179501859 -0.28077101384007697 -0.066661165961681146 0.62124526923201262 -0.24835326401737806 -1.5759626934168736 0.76111614699682772 -0.72660153469600142 0.28464316439847986 0.063605850538568223 -0.62207939566899406 -0.21169084896577761 -1.529962434976339 0.76407613520000961
127 0.72712370755387168 -0.18853384828887948 -0.13679150909606114 0.64578184009905348 -0.0048683412613663886 -1.7301164651657424 0.47624503045121663 -0.72466053054014479 0.19450413171393918 0.13251459766451179 -0.64766900468471944 0.024523072747630881 -1.6812166835213735 0.49461860065697483
126 0.68334746187619666 -0.23947456180035667 -0.27111584359452862 0.63418008479446453 0.094562026041524486 -1.7850057974030891 0.37788145294397851 -0.68092863332200881 0.24485946029691874 0.26442748624781681 -0.63754070108659222 0.11514191330429657 -1.7357140701691864 0.41049502504725144
125 -0.58330647477910147 0.22755883584464531 0.40284413107754347 -0.66759803682020002 0.5008505999781887 -1.6639620449210326 0.32902188573677488 0.58223376769455448 -0.23311412477082219 -0.39515385136124831 0.67120420018270854 0.49912293260535456 -1.6182717880067654 0.36285256496135965
124 -0.61061488608292736 0.21879081732692238 0.38243150569822254 -0.65804724951688742 0.44163641239702006 -1.5420832011778787 0.32323037094880253 0.60933884145112227 -0.22426408395511876 -0.37449714993893224 0.66193933380211845 0.44396855507551258 -1.5046193360694977 0.35608402404299166
123 -0.59368957100464137 0.21915639754177124 0.42486661686835003 -0.64729554653780852 0.49560146444290165 -1.217573996451331 0.31681837336227409 0.59303488595354337 -0.22296304032277978 -0.41891514318204143 0.65046691653370059 0.49453216162829605 -1.1922599561451881 0.34214759717761112
122 -0.58176767543073493 0.22255328078878966 0.41955595919231259 -0.66029478730358304 0.54319108560546958 -0.96297186808982616 0.35533304060563031 0.58143481891453719 -0.22481473748210273 -0.4150472470108883 0.66266708678895114 0.53999630337995552 -0.94448512188313805 0.37282887223962446
121 -0.56698734581806143 0.1863157654346817 0.43040096093818192 -0.6771756035594968 0.65585529048150815 -0.58794013860369743 0.37425079958461549 0.56703175722370314 -0.1879453144328613 -0.42827532796496343 0.67803524136952897 0.65370729699165175 -0.58269934862765149 0.38545220607575215
120 -0.58182663552440805 0.20630657306664818 0.36402713518467988 -0.69742355061546235 0.67085664284557145 -0.43992869063472112 0.45450762941950895 0.58158041496968238 -0.20765076048317804 -0.36430359123989003 0.69708555859676857 0.67206551386704039 -0.43687332248431232 0.46508280362274457
119 -0.62034291348683424 0.15325637308571594 0.3167566124443818 -0.70096533599603739 0.58687043557792351 -0.17123088935239753 0.43260007340386986 0.62000995694734384 -0.15446822569113455 -0.31934017794386188 0.69982074225387769 0.59309078601627019 -0.17057488470036408 0.44592368945579364
118 -0.63427687057128679 0.1420203065950216 0.31330872847076086 -0.69235881205989369 0.55736130791825289 -0.26375247620037429 0.49042791590895124 0.63437438515412836 -0.14519061153281435 -0.31441092335643822 0.6911111322046557 0.54610933525988958 -0.28928937475385219 0.47851276891585925
117 -0.62258466048409455 0.15644467771499099 0.31433290522598356 -0.69936272994544857 0.56269879447940618 -0.48074507294362773 0.50243629462945172 0.62303747823330613 -0.15992353901039419 -0.31409399269456278 0.69827911764584605 0.54853365074573013 -0.50225967233965352 0.4885270883517272
116 -0.6218337559771826 0.16468018153713421 0.29056560619524435 -0.70836067524432578 0.5036486866139106 -0.79393647214297214 0.59177411836910243 0.6217576159581536 -0.16910440908135982 -0.28849409054823583 0.70823183036772908 0.49055601936351056 -0.80501781289175556 0.57608169545012888
115 -0.63742779025094187 0.15222961622628065 0.30842058218374552 -0.68948437302439247 0.38024389577974416 -0.95133866828780056 0.58429168832572442 0.63745409301032485 -0.15750597486936416 -0.3045393712321251 0.68999994098143036 0.36928390598542915 -0.9574378102131943 0.56603467475786573
114 -0.63966267036322821 0.16399014113343066 0.29060254651591194 -0.69245148690235969 0.35140871567673071 -1.0689946149960199 0.6622421163986576 0.63934691840495372 -0.16879416073133122 -0.28668314631286751 0.69322205883053811 0.34126750004547546 -1.0693429270026413 0.64024469302368203
113 -0.62801748108759969 0.13712710277953705 0.31807950070451896 -0.69686127196396774 0.3982803709948598 -1.2308050484126558 0.63463048449647907 0.62657541753482626 -0.14370801279857606 -0.31274176952531269 0.6992451921842 0.39136819956019409 -1.225941803498551 0.61806695163356551
112 -0.63169686243822765 0.10856449932456079 0.34828147062607279 -0.68401231033560017 0.4156653042828849 -1.3848755339951251 0.47777390442362755 0.62979304764508048 -0.11645977858191271 -0.34185516192018667 0.68770115993729153 0.41014657230519092 -1.3760264389719628 0.47179416705898092
111 -0.6174562164982611 0.16694822822313901 0.33148719589859521 -0.69353611928730452 0.204641257929641 -1.5837525867632112 0.44594394849960362 0.61593724126583937 -0.17259980977066941 -0.32302240026897061 0.69748630768885256 0.20734677824605008 -1.5641376129831417 0.44635883634787099
110 0.69693696529612315 -0.46884259267228329 -0.066686645226135863 0.53853354681825183 -0.44071316487805101 -0.82865325592642158 0.88572969703776616 -0.69716047008678494 0.4694174449383941 0.06529940056897203 -0.53791312460397889 -0.43853584447496274 -0.83380426242995709 0.87462201443425869
109 0.70780308836146433 -0.35374331136103487 0.11401667126230312 0.60073343210409624 -0.67994632610514871 -0.90497259611855785 1.1501739857619075 -0.70889684239138717 0.35914399246955175 -0.1098051950257861 -0.59701229356345775 -0.66448855533943618 -0.90266580693276821 1.1148404751007459
108 0.69953228055632743 -0.31914269829097403 0.07967162054809511 0.63439337911619176 -0.64567722086974044 -1.0887965461391818 1.1986526675608125 -0.69834304127511648 0.32070902312634614 -0.080841864048713588 -0.63476555688308656 -0.61692128442575545 -1.0797148254747801 1.173535215706206
107 0.7506776615508558 -0.2167826351040324 -0.015932986072674508 0.62388659027158022 -0.73059497067066714 -1.4606929146250047 1.0020279919685335 -0.74847960778358136 0.219417997404314 0.01193666275626503 -0.6256928441571471 -0.70008293239179853 -1.4401167482603823 0.98511865929904774
106 0.74923782167155362 -0.14760058196398482 -0.11595170135116625 0.6351471937547456 -0.73136376025420002 -1.7425844679154205 0.72058384908054141 -0.74750830321233674 0.15100979087227265 0.11133086685919615 -0.63720704466735612 -0.69812366346055477 -1.7099365326630447 0.70866049962209132
105 0.69985780924434771 -0.058824771191673765 -0.19527417918080009 0.68454852865170523 -0.43204792902229738 -1.8398177500913169 0.3273628645357966 -0.7000624187413248 0.06193997800240187 0.19032914985077359 -0.68545668259065795 -0.41415621986186535 -1.7979124394687518 0.31795206358734518
104 0.68862881406606502 0.0026968256310607487 -0.2522387207852318 0.6798225586916854 -0.34143418354495159 -1.7136195608226652 0.015493365826333034 -0.69001242923541584 0.00068035525080732239 0.2475820845200469 -0.68013638047238834 -0.3299418251145827 -1.6709290605850191 0.011514620983168022
103 -0.68737618791731325 -0.0047210327106656253 0.23429218140560765 -0.68745826190875681 -0.29454175514927255 -1.5456160729870458 0.094086393330059401 0.6876550090251059 0.001218652179300081 -0.22880130599615792 0.68904213646481749 -0.27958278922066349 -1.5106673146021667 0.094270827212877606
102 -0.68943337390234505 -0.0087379296116137234 0.21502633217426187 -0.69164221097863587 -0.32542945484474101 -1.4447815589058361 0.011376877194083855 0.68990158428902959 0.0055974390396054813 -0.21050531550645157 0.69259799654288223 -0.31076455673818515 -1.4120632719732831 0.0078161778823808703
101 0.70791136741758653 -0.0098868622440957104 -0.20629238538196337 0.67543111978154269 -0.42535520157865819 -1.2456411127942482 0.078266899708603482 -0.70816828707715584 0.012378132430782911 0.20187329389057793 -0.67645519602520721 -0.40996878344827525 -1.2239119712237381 0.074081561128577889
100 -0.6494986866460728 -0.012186928705858562 0.222565652925165 -0.72695767755196095 -0.15336622071833755 -1.1900063050643612 0.035213793792740276 0.65009843740119955 0.0090760240243722822 -0.21777592735531398 0.72791709207914657 -0.14171391261676902 -1.1696817126167449 0.028024322596504447
99 -0.6703408983678304 -0.0021746266690587518 0.24401389484468658 -0.7007821131400167 -0.26269275818736082 -1.0330640835947515 -0.033904415000758414 0.67073570346100242 -0.0003646811891334081 -0.23936816342542916 0.70200880724435466 -0.24804738674981852 -1.0234107757094959 -0.039770674659937555
98 -0.6576444455289967 -0.018495974892261086 0.25784732294297708 -0.7075849349928125 -0.23090631153679395 -0.93011213557609207 -0.074496167839391322 0.65836524528221618 0.016051878338656657 -0.25392052642807589 0.70839389273537434 -0.216476213740604 -0.92119077673803484 -0.082958089612894526
97 -0.67748708667696966 0.0012874720154177879 0.24934535069795505 -0.69198011957503236 -0.29665130872387874 -0.78899189399844216 0.00092944973881390052 0.67714370471824781 -0.0039455666211204695 -0.24508435809965656 0.6938259818422513 -0.27935946857722849 -0.79035040232951093 -0.003637132676718835
96 -0.66796230258986267 -0.0043633111867051001 0.24016715940356675 -0.7043628747871078 -0.28010217067972026 -0.68535866006032731 0.045400253458085377 0.66780828888316779 0.0021129624242852748 -0.23583671152097557 0.7059806443435267 -0.26469906703843504 -0.68823151545564243 0.040990117198600018
95 -0.65489054774824562 -0.0064700415127948857 0.30205233521218522 -0.69270548996358594 -0.14205455933243766 -0.5691951060882372 0.045252399308680663 0.65519110722450347 0.0042699490062829996 -0.29772505452012737 0.69430985335108153 -0.12989374816713806 -0.57185512570482999 0.046067470006495803
94 -0.62969267401326257 0.015921818094255726 0.31759140239006256 -0.70878017264206361 -0.033833348096628864 -0.47557190152811474 0.085242216618678798 0.62998095897802131 -0.018419641486993873 -0.31386435588984229 0.71012243608724113 -0.022563571211136502 -0.4809394103392659 0.087420763541154467
93 -0.23419979015158857 -0.39200853794681806 0.65540093930784282 -0.60160566255990933 0.11143234034972258 0.65197303352922864 0.88705604384741132 0.23273528797958026 0.39359685008460943 -0.65308050423244013 0.60365690613463296 0.10688183195048495 0.65782953403146216 0.88539665113309951
92 -0.23543501184711904 -0.40511780653559071 0.65143555439253997 -0.59672576322597481 0.11990422778176693 0.8669273569013155 0.89620142628082688 0.2338441137435282 0.4068253543185551 -0.6496584319396066 0.59812539100163398 0.11469685108518846 0.87024718936431844 0.89451194856676963
91 -0.22878336805323118 -0.42458376106288709 0.67079447711029938 -0.56340178365198068 0.1718596738542125 1.1152359750256742 0.96037401108511744 0.22585520979100984 0.42689383011774379 -0.66978091058596656 0.5640430957225655 0.1653226072570515 1.1195112465286847 0.95860132628629025
90 -0.20064127781433527 -0.42078927793385978 0.68335617116401648 -0.56187525710337771 0.15845837684419461 1.2446256056778104 0.95103361083885329 0.19755124590755005 0.42403224412525131 -0.68198686658961438 0.56219576215207945 0.14996289211679059 1.2447866071260509 0.95099127919728943
89 -0.26214316833718493 -0.37799372918720092 0.60402825352246736 -0.65080839648539623 0.35985532790803682 2.3263785381910358 0.26680117866588993 0.25496946244041974 0.38277486366641467 -0.60931559781393041 0.64591677422765059 0.35107951368211054 2.312467438031323 0.31155636596579583
88 -0.19256521191123882 -0.40231024762562556 0.63905105069738855 -0.62664093260778186 0.15044239929955272 2.1945585095198052 0.57865484454186966 0.18590397624163366 0.40748161356732643 -0.64314483518119414 0.62109835549764014 0.13971673183369759 2.1783235960963694 0.61702865045174704
87 -0.13367253667285786 -0.38974514939659655 0.66822811194178555 -0.6194364873592646 0.0046547439520594949 2.0420629311085015 0.63091441539169357 0.12884191992345126 0.3953123481791827 -0.67093131578479426 0.61398621853164137 -0.0051338808117638024 2.0257933255027405 0.66188565529410859
86 -0.12795361925794005 -0.37704527237889102 0.66701483899605851 -0.62972687607770417 -0.0023348621513176429 1.892014939670398 0.60440630935348394 0.12410106354380189 0.3826526326731271 -0.66896212248111309 0.62503245309438649 -0.012314235794075756 1.878450816441942 0.62965917598293686
85 -0.15311913460569504 -0.36404396323315236 0.65473906944911886 -0.64447131385966572 0.079151660525058593 1.7082453810814091 0.50749785653174939 0.15011133725872139 0.36920702102961966 -0.65672750120983259 0.64020446046831136 0.06931176672769368 1.701251834855118 0.53046307888804201
84 -0.17242681913326766 -0.39340363856207272 0.65746406634081156 -0.61906669324097086 0.096562173700806067 1.4605875449325372 0.65664987823136634 0.16930758461583831 0.39704000499864311 -0.6573489495474153 0.61772690952486264 0.088448809554275698 1.4568355345672703 0.66344360919356404
83 -0.37984423377605231 -0.30771610344893663 0.57791515291362849 -0.65348545031860017 0.33059368159463265 1.3628655284080611 0.22762754889372921 0.37559020514329416 0.31086736670072662 -0.58113822110662161 0.65159177871578888 0.33065718256101828 1.3670366091585895 0.23946024069464933
82 -0.49702354858635328 -0.18196644744644763 0.49747237116671422 -0.68729691115275238 0.729766753902377 1.2596397952195015 -0.33674980032666446 0.49342148709059697 0.18517921769724677 -0.50362214951596573 0.68454994260992952 0.7337530670975716 1.2659873575756453 -0.31520983058130803
81 -0.52192655010794975 -0.14089157694282001 0.47682014474051299 -0.69309796523191103 0.81966275776064168 1.2196063480931969 -0.44708980546827964 0.51763584072335012 0.14396959154173763 -0.48418537730392214 0.69057252589065132 0.82651720020628927 1.2265475348877755 -0.42210642346606964
80 -0.58969018315028399 -0.030657023217233709 0.4104489487048596 -0.69487933868457896 1.0797933993738347 1.0357402349005358 -0.73241456516172376 0.58532022798391981 0.032980623806098078 -0.42094403280493653 0.6921839570606424 1.0967834093612565 1.04591768511512 -0.69959680732132679
79 -0.57399439426088794 -0.050957556293271415 0.41095707803637149 -0.70643332510966705 1.2559842618539763 1.2419801830914574 -0.97238217637868529 0.56979950131833956 0.056266933722092516 -0.42206320337956088 0.70286927150066003 1.2600443807714865 1.2603445260687169 -0.93303117437011762
78 -0.22998106115879133 -0.37102143375985852 0.66111682607046951 -0.61022647393042873 -0.16853165462668079 2.5405910098642384 0.62038048925988121 0.22404139675612061 0.37949345758958875 -0.66734842494661506 0.60036342985523161 -0.1712382357305593 2.5238057978849886 0.66992450337801834
77 -0.094371165552191022 -0.48273770935116372 0.66578602116757368 -0.56105914224844666 -0.84181399978047078 2.342112072164714 1.1412763677768418 0.090165304900686277 0.4908724214342291 -0.66838286047859763 0.55152410236172855 -0.83834838450206339 2.3176579699562074 1.1716614139662003
76 0.014030938065501604 -0.51446441493581885 0.65357775457117417 -0.55494649946769603 -1.1905757815488351 2.1038201796669189 1.2506895433928893 -0.018097285204962892 0.52338831189581358 -0.65415837165732516 0.54572336218059947 -1.1903465327698481 2.0753066137892859 1.2780746103870797
75 -0.11988952033716592 -0.44230225315452332 0.65534552330748985 -0.60043106585901218 -0.58858860259821455 2.4754697194100674 0.88488281310830463 0.11432336606160201 0.45134311919398323 -0.65854304009050979 0.59121960478060964 -0.59696332046426903 2.4506469420364736 0.92365406550610984
74 -0.18285947508477673 -0.3680034390896717 0.65520992157427005 -0.63390522939989591 -0.14926950111545656 2.5644016854146821 0.55726492804609462 0.17667109671121486 0.37707777751895738 -0.65985311474137809 0.62545466682591966 -0.16329803589025893 2.5455909255179838 0.60346698031630908
73 0.0087447225324260129 -0.4562281432968297 0.77832408448733614 -0.43126677428096422 -0.31350666754076861 0.99979038876134541 1.2863721886212611 -0.011975567262939024 0.46285504020301887 -0.774402449866196 0.43118748032454102 -0.32853039912240334 0.99623351784406156 1.2946030164304325
72 0.21896375162174603 -0.58190872341258004 0.68308032059504509 -0.38319497479461123 -1.0796422745204752 0.77422519506821752 1.5085950402835591 -0.2199878344840627 0.59042414982254365 -0.67701388303599319 0.38033784739605625 -1.0849581231565035 0.75845296712787624 1.5139330017807624
71 0.14838247428927473 -0.5784821587954555 0.70392686187334552 -0.38448407822988739 -0.85521523408950983 1.0372706825311706 1.5960392791881464 -0.1502808977719719 0.58595389354523919 -0.69887346019857655 0.38164063336349996 -0.86388663506825658 1.0172296592525427 1.5975799720963302
70 0.01314573916945239 -0.55862307987893745 0.69894837689996736 -0.44636152454838668 -0.55739715593680905 1.6382050170277971 1.4971087013251521 -0.018032368605853735 0.56405665354178469 -0.69820835220498378 0.44047703934360433 -0.56438866236010199 1.6118293632590359 1.5101108205409517
69 -0.10175972062706284 -0.54493996556474256 0.67792810811656434 -0.48280314147040815 -0.28530105479325812 2.0771598615122411 1.3000118456088199 0.095241334355059187 0.55048964089918329 -0.67940090746063397 0.47571488355381858 -0.29425433460766737 2.0481140705022618 1.3273885969942825
68 -0.21692688943582789 -0.4652662158043892 0.64423869502239162 -0.56694495050807781 0.028731784138215723 2.515437635236109 0.7153250574690494 0.20956599861825992 0.47098803630905389 -0.64922911749182599 0.55924405663150112 0.021608013045812946 2.490771130017162 0.76043131870172864
67 -0.2990653954105843 -0.43029835327306082 0.59332901590969445 -0.61103510154330509 0.20295682645816907 2.7145334036068336 0.20637312148977538 0.29261376983825665 0.43618332867201387 -0.60229140718587582 0.60113754359522698 0.20551559228700711 2.6962243607538419 0.26448448262149249
66 -0.28694473873747539 -0.41044524355750955 0.59628767081601963 -0.62740611455795081 0.21795642224701375 2.5947876910344485 0.19284081030442726 0.27960062697038052 0.41636325348048142 -0.60423656377574164 0.61916339163859058 0.21514352023737615 2.5807544845278478 0.25121509818649201
65 -0.2751356909994942 -0.40005875045871903 0.59528194450717065 -0.64022867341552225 0.20611810531718022 2.4854082876122376 0.182043607052807 0.2675938871310839 0.40621084558811804 -0.60269756986174916 0.63256770371194659 0.20118904874819954 2.4745325698183489 0.23873731074617055
64 -0.27902339861375258 -0.39172183490883156 0.58906183331615602 -0.64938902332261428 0.21712326832703141 2.2908346139644009 0.1648123859448784 0.27194570947172991 0.39727830134711556 -0.59503026284947302 0.64354834214063128 0.21018239297079688 2.2816562871447643 0.21162648676709139
63 -0.27862372102344612 -0.39329067478955143 0.60093564979006731 -0.6376265458856134 0.1839850448391053 2.0349688906655845 0.3990309331116918 0.2721293807738 0.39901908735860819 -0.60649818333081684 0.63157685332791469 0.17583463618047901 2.0304889246645228 0.43774075944633095
62 -0.17629349555158028 -0.36972079274882458 0.64620718580138614 -0.6439281107810384 -0.04855640271840108 1.9438791891542246 0.46780137672909317 0.17170280960369 0.37650830535114566 -0.65021920116373555 0.63716138584647541 -0.057897686500188783 1.9365329974906174 0.50205512533881524
61 -0.16867100051609538 -0.35998537093917821 0.6812713538055456 -0.61467875250299586 -0.048588532277248409 1.704692432651044 0.60738845979017497 0.16548957757525415 0.36668760334463329 -0.68260588543789458 0.61008409783642203 -0.058095104755235383 1.6994603260389645 0.62846192063240025
60 -0.63124114560608524 -0.10111800719930622 0.32673337135611324 -0.69609989854634169 0.72630266207966676 1.0240554595153781 -1.0887149195659125 0.62864444479598725 0.10437168934701145 -0.33705062714777717 0.69304371235102202 0.74270251894564709 1.0359418824225322 -1.0617722490316899
59 -0.57890809858955672 -0.044585275107807507 0.39530207260200512 -0.71176810691934234 1.0144511893083643 1.2024828405666244 -1.1685107500454472 0.57522961985601873 0.050074357130168591 -0.40756471232038027 0.70745632265851299 1.0274191802414783 1.2256052100122898 -1.1302980216665857
58 -0.47175242761152286 -0.24691799053487942 0.44388578682436941 -0.72072641220380051 0.023871187435922373 1.852622151377423 -1.0600138154279537 0.46976428369122669 0.25803947354938578 -0.45360840922923107 0.71202286405350135 0.024948830133459943 1.877614624274579 -1.0151827531951687
57 -0.30349133667984995 -0.45722980031203669 0.58022932515003145 -0.60180382892005047 -0.73518274939341033 2.1238980104245231 0.059048461447195416 0.29763143882153476 0.46085691757598912 -0.58444731927117433 0.59786934956068705 -0.7132927687985422 2.1140625531960762 0.076017769461043549
56 -0.26727646722960757 -0.46034593582085331 0.6040859327507665 -0.59306415782031563 -0.86909001095611615 1.9808555965359391 0.15882692587060571 0.26417680988950848 0.46735410909997188 -0.60613576593220697 0.58684766599327209 -0.85333895757867673 1.9724017039005077 0.18559422906817868
55 -0.35129472661976413 -0.46356434080475623 0.57617919948684237 -0.57421045537511717 -0.67515417245874942 1.9020395353605632 0.20196542100052464 0.35069486230577968 0.46787510888510581 -0.5764334637481362 0.57081560762597117 -0.659153913357724 1.8898995159875891 0.20403425702050804
54 -0.35092757681002484 -0.46678425572036064 0.58042401775964614 -0.56751233823907743 -0.67758734964000655 1.7350942273723289 0.30463746501244998 0.34946363172975131 0.4725440980991315 -0.58024346584245945 0.56382157266023591 -0.66695936170113779 1.7216704112458174 0.31221561079377835
53 -0.36861568111153448 -0.48056015086278847 0.57406311602750626 -0.55103172309605153 -0.64602533270602602 1.5722278919075059 0.38833926880013547 0.36682078938626589 0.48604003693803471 -0.57367340509725406 0.54781969228153227 -0.6366920735781747 1.5620246141800394 0.39203958371366454
52 -0.35161120295354958 -0.49216262461119642 0.56035818244493341 -0.56581288449485501 -0.74185502629184452 1.348766946800932 0.37607272190789887 0.35062106263857601 0.49723413746250622 -0.55957327264808243 0.56276179286979677 -0.72721314022515315 1.3409290711977655 0.38108253630887479
51 -0.32770167681564194 -0.48636133022079875 0.58341996021275933 -0.56185889465542316 -0.65806672141553568 1.2465148597674796 0.47442613792125726 0.32655528559866187 0.49246685455044498 -0.58151083417249883 0.55918082259388324 -0.65175218382968403 1.2398805022352331 0.47917201078626803
50 -0.37081972441736277 -0.43071983614089859 0.59555273300230971 -0.56770599516939158 -0.48116030420322586 1.2284106208539383 0.42400006391345429 0.36992511848877935 0.43560764827523407 -0.59424519314879365 0.56592758714762748 -0.47405268163453851 1.2226694379879315 0.42719392329294514
49 -0.60383164780726606 -0.015417642110215674 0.36961293288737018 -0.70607075938642228 0.84426775970913803 0.84162340032346528 -0.31390084747154479 0.60262301368384952 0.016852519790398375 -0.37642821774802709 0.70346520371540278 0.85158765045702811 0.84329213967300598 -0.28346803982531199
48 -0.54243344775440816 -0.042896165797514721 0.46096742221100134 -0.70102418601449312 0.86241044618305329 1.0920450353303603 0.098859831480490212 0.54091998590798762 0.0452326325943763 -0.46660343735039767 0.69831283107693098 0.86053336369257583 1.0886584240026527 0.12061187914471461
47 -0.49905071311480537 -0.12332730839587622 0.49439539653664533 -0.70093648259083075 0.69753819277114404 1.1270441568272536 0.26451808672476962 0.49754575155796404 0.1258561215556078 -0.49846613538195805 0.69867014652908721 0.69420789781240799 1.1248724565685424 0.28067405659184175
46 -0.3928758319318143 -0.24922863932728218 0.56922948185088584 -0.6778727483936271 0.38100306979422116 1.0074906166564748 0.65064986414766146 0.39059258711749434 0.25108441173027468 -0.57069496767964134 0.67727490942752167 0.37759108444904932 1.0084081258965123 0.65842746171595579
45 -0.29991586645111645 -0.35657733354534993 0.61880746515286855 -0.63244003614860189 0.17476733951393969 0.74365259601494105 0.95752899081532949 0.29755374429601661 0.35872542648759692 -0.61730505810171676 0.63380778071016819 0.16776378378938617 0.74897741669135076 0.9572467915635583
44 -0.23110068511579024 -0.28779364183777995 0.64977823407666957 -0.66449645565417714 -0.13918304621656585 0.71743185407861287 0.77718616197360013 0.23140675533402544 0.29186334477436887 -0.64735800836561463 0.66497692483860016 -0.14127758014308256 0.72416617962588625 0.78005774367931791
43 -0.56440612812732993 -0.13775443298182846 0.36485560208688345 -0.7275643121758989 -0.023637817464996078 0.23833805546490333 0.016548091136430756 0.56397880627646257 0.13865449890927767 -0.36356329361587969 0.72837117429121756 -0.015628725778388253 0.23724273767526288 0.011832106173197854
42 -0.61090393208772609 -0.07395957047894168 0.32640737858611457 -0.71748490639097384 -0.003952999937708028 0.37517142240764523 -0.047335896925655499 0.61105146132448251 0.076671010959740868 -0.32802526153530359 0.71633588175263241 0.0056258052342808007 0.37691839631054569 -0.043164097470380636
41 -0.60050749885735177 -0.059057778840421161 0.35308153572529982 -0.71500793821074959 0.19711633992346617 0.41202103778150284 0.067272324267995801 0.59982486252770451 0.06100676069497498 -0.35550515470650551 0.71421592982810878 0.20415666560990076 0.41287016859308467 0.072347749628136615
40 -0.5957653062381375 -0.068858344134921812 0.3794671708876507 -0.70450471577165241 0.26614024522800633 0.53472450170692098 0.071293048636682746 0.59534276932570185 0.070883859350419243 -0.38206854553555392 0.70325393138434755 0.27276405005416215 0.53554151135123895 0.077945391524462337
39 -0.55414936537866821 -0.13411184567079759 0.43279251058152729 -0.69830017648983256 0.19167909005471762 0.47269025163903128 0.21034228941513292 0.55302255726129956 0.13586260467390776 -0.43339308682122757 0.69848252383789955 0.19646784155661923 0.47402308172367735 0.21365418187994045
38 -0.46286633814490857 -0.23062560123812059 0.53357699615740928 -0.66922505499832763 -0.009655190831670192 0.42500034861145203 0.33836485946404399 0.46208988706200838 0.23307043752208595 -0.53057150172140366 0.6713009675170879 -0.0069682771141654776 0.42622896683215161 0.335234159769211
37 -0.42443419634824547 -0.14601568752027552 0.5821807514546492 -0.67793849618081048 0.14990987948174278 0.44857252515935636 0.25643091256640227 0.42576008978530988 0.1475455537049517 -0.57868439543813222 0.67976689092975673 0.15294187349237021 0.44868655612842101 0.25842326668997728
36 -0.14840491531128538 -0.36412150282833933 0.59526253626299963 -0.70075247071360569 0.038209644991004911 0.75169360577162503 0.43338020550721629 0.14944900039998971 0.36520033825423998 -0.59122096936468038 0.70338572248938924 0.035725222199250339 0.75390458120379455 0.43352660970148782
35 -0.17609727330778219 -0.35977703871734268 0.58777811760130172 -0.7028990803909293 -0.067067571343634114 0.82688359925795063 0.35713204676536486 0.17704015007644253 0.36136780633227489 -0.58413545844370918 0.70488003234328322 -0.067719034994601301 0.82752025216199598 0.35926799280229993
34 -0.20719444316546945 -0.3842014768185959 0.58497633522392545 -0.68356592597915933 -0.18396625506469541 0.87084030809399449 0.30977443208899513 0.20844112103939527 0.38666719921238696 -0.58172902234499579 0.68456710458115355 -0.18370372061358609 0.8716902797983197 0.31222028879201535
33 -0.23711095712554747 -0.43087182426320386 0.5894378300743276 -0.64085170635988209 -0.32348589263087746 0.92007871237688921 0.32474455674247105 0.23829630460128218 0.43424708926454264 -0.58606550310048089 0.64122660795870401 -0.32337098043161205 0.91974241417836844 0.32607921187797428
32 -0.27165216044106533 -0.46780179852630127 0.57715305329400157 -0.61176869329565375 -0.49205361390946867 0.95677926279941017 0.35057192309864377 0.27223202423260673 0.47160289210370038 -0.57371084121098492 0.61183029331557859 -0.48815236976330745 0.95463896401584902 0.35146636409607357
31 -0.34688675626564131 -0.49637102333376293 0.55499880883242836 -0.57031719921170243 -0.6040270628357407 1.0127864922165344 0.43524122744277854 0.34716816238706971 0.50029321354806389 -0.55220635245395899 0.56942875920700609 -0.5951676008714859 1.0105531828314369 0.43461562897339423
30 -0.33632670130679121 -0.50082368662802323 0.56098377326816939 -0.56688375442432171 -0.60649350510563205 0.88291872736377963 0.42295063473243816 0.33731422392615701 0.5046381433297501 -0.55765562770604149 0.56619754460928018 -0.59867468802467627 0.88398900088854138 0.42252207443960899
29 -0.34906606054337197 -0.47005943388851068 0.57676995770251083 -0.5696783565144351 -0.57703077748519138 0.81380819805014271 0.38741296501875877 0.35006739920106855 0.47371930780816929 -0.57270931725711771 0.57012881996372966 -0.56899845273500027 0.81490887825470759 0.38549439752876147
28 -0.34358846450601155 -0.46072037785296654 0.60776215145211421 -0.54800444136130688 -0.5193538025603136 0.66178959797257486 0.42430710429836693 0.34371152566086194 0.46551833210336835 -0.6035173118044973 0.54856350950081811 -0.5141851463128706 0.66451554607696617 0.42410640824998502
27 -0.3989824367720009 -0.461529657613791 0.59469294552256668 -0.52358732875812342 -0.47608186870930419 0.59153092407021191 0.46390228952686757 0.39935249770891001 0.46619859888825688 -0.59060008548873055 0.5238014776506319 -0.4708607980975551 0.59646324151326868 0.46228608443454977
26 -0.39372561568936965 -0.47038139299251908 0.58458876620035927 -0.53101549799303016 -0.41918215263066733 0.57894756701280792 0.47624333514442152 0.39449391178695942 0.47461519048891448 -0.58047232501233292 0.53119380118274229 -0.41486544941790982 0.58486265247398173 0.47216207088848572
25 -0.36300099165395183 -0.46261524613328081 0.59996447786885398 -0.54245740791221964 -0.3702769298660048 0.56806351406545097 0.46378102590527559 0.36397985287326395 0.46704131046758385 -0.59568621313609293 0.54272370180291607 -0.36770600658474351 0.57425116673180288 0.4623555427002084
24 -0.29158362996120402 -0.44491968893341943 0.6067118443689854 -0.59069975033041988 -0.33292038786958378 0.56421622969585095 0.37364422505595124 0.29240123420330194 0.44953852837195796 -0.60221005869530897 0.59140483169462921 -0.33211021332508661 0.56983040614511138 0.37621702117677369
23 -0.19271991750300302 -0.33613838874157864 0.64769589910853997 -0.6560183223735675 -0.18944385246578427 0.62749093484093854 0.31414357700485301 0.19392988173702022 0.34001936499424901 -0.64405454175014065 0.65724560070752036 -0.18736794603115836 0.63390399091307115 0.32252605280067614
22 -0.19630165471901212 -0.2527509530782604 0.64794707976738808 -0.69119259102910113 -0.0041361004655291154 0.61738118581223778 0.27510007091912525 0.19834390170150287 0.2538084094407575 -0.64371483875058289 0.69417014796610821 0.0020433226910583357 0.62100442791061305 0.2779393560065313
21 -0.31847495718778834 -0.086233861217688196 0.64401755127506333 -0.69020201135131176 0.26974046771754923 0.47291523348547315 0.20767312627364617 0.3196960625518987 0.085870159187633271 -0.63976756139254343 0.69362685266628854 0.27806265735201308 0.47101383277930647 0.21132450372979683
20 0.61250974049653573 -0.20382631544303534 -0.55860586509874177 0.52081295913895032 0.6449490864057591 -0.055184758827577743 0.17621475101941389 -0.61412442071608786 0.20391792606161543 0.55453155674895926 -0.5232240704329596 0.64368284445082291 -0.065539641361460177 0.18434982397687394
19 -0.55327259979456689 0.16576842718205778 0.55021278845528543 -0.60305567428423024 0.46170073012359797 -0.01970451264441701 0.11226161949946965 0.555046733826556 -0.16611452151079581 -0.54552246702607932 0.60558593690862061 0.46632511363758766 -0.029261935387774773 0.12022007402283919
18 -0.56781110340124852 0.13322333270150663 0.49550788440068438 -0.64367230092254024 0.3191591609435353 -0.03782814866193817 0.039127247385767817 0.56973980783526101 -0.13318494867401143 -0.49058590682668962 0.6457428194239373 0.32431078837590377 -0.047062904635383873 0.04533082319511994
17 -0.57285520210422525 0.12659684360067197 0.46047160645273028 -0.6661651869193681 0.19290343624942655 -0.16293947198895423 -0.01067092690752581 0.57519590686224209 -0.1267568301710485 -0.4556097940494212 0.66745942970352501 0.19993823572645208 -0.16948339137641799 -0.0047565526737298747
16 -0.66481520875172317 0.034251999788789185 0.31896936464883363 -0.67461550763260025 -0.059934778392264486 -0.33706165328735543 0.018954669769455458 0.66539362025042015 -0.035740359280550103 -0.31266543873257885 0.67691526816190284 -0.051921961761130841 -0.34577506704243799 0.021781849034635758
15 -0.66344223545690184 0.066524037702760538 0.31599929677746708 -0.67495436664697339 -0.061700221785379851 -0.23271241175043705 0.032128000275868068 0.66474357933883998 -0.066526335008996129 -0.31122018898615605 0.67589364137079999 -0.054059357621629722 -0.23934200675843287 0.035342478225059537
14 0.66808128896063834 -0.042825966486105212 -0.33684950215785353 0.66209194288348638 -0.062138128318209265 -0.083953906353787286 0.056027516839288291 -0.66968859290607874 0.042042903019856699 0.33293838347581883 -0.66249650236484114 -0.055105761343364312 -0.090077019383601728 0.059131585535182926
13 -0.64413376467744232 0.017708193643432003 0.35966266373050093 -0.67484878409806115 -0.062210706413084974 0.033452939780955676 0.077996888730844482 0.64592358203377886 -0.016345592548362122 -0.35625089271477151 0.67498211029391264 -0.053829653540838129 0.027606760998375113 0.079697262342251496
12 0.66952595924314995 -0.02084199762921846 -0.33515684773620835 0.66254848007515021 -0.052351414940373223 0.15262183574195406 0.13161525403992339 -0.67133448344760271 0.018508496143027242 0.33253902455938 -0.66210667120167288 -0.046218433194039399 0.14686676742113192 0.1317776097071568
11 -0.63989274395541462 0.046036759957467997 0.39253469355138071 -0.65904052024465964 -0.027487812024623696 0.2810309575944781 0.15515391037160514 0.64141844640473045 -0.04302609742481877 -0.3906388142836496 0.65888728044119671 -0.019633535597038509 0.27324282636713226 0.158805513802311
10 -0.62741120049820087 0.069113976046012507 0.43393997620548797 -0.64286432538701288 0.074588892802055051 0.27166719917175525 0.14227295828782546 0.6284674688020091 -0.066320110197736121 -0.4319148406648915 0.64349036826853689 0.080954212528950631 0.26349396321266627 0.14559218603592816
9 -0.58203815701966322 0.031968092431524722 0.48288707999340807 -0.65347508966668655 0.082498607598049986 0.32630419323952525 0.1547654673156271 0.58342522773773087 -0.029018425286960442 -0.48000710106689504 0.65449684304693001 0.088295625307990733 0.31975901400408802 0.15665328677901869
8 -0.4975400311256214 -0.047141008465862722 0.55476905095395845 -0.66517888034120776 -0.013696597379558651 0.37310088595862062 0.22069878278559282 0.4995172864051789 0.050715903159290004 -0.55083942964633958 0.66669805796630266 -0.0069755465841954134 0.36919405867151278 0.22250477377795264
7 -0.41008882578674305 -0.13804302167341495 0.58719677243428514 -0.68408422695957738 -0.18346918415058266 0.45666794539959593 0.27481231349705487 0.41194743180077648 0.14354011186450427 -0.58329091406859923 0.68517680877543452 -0.17809360679100372 0.45905345913059292 0.28023886107428719
6 -0.31688846445802177 -0.38540573510292875 0.6371234423074279 -0.5874673094781877 -0.42067605916671102 0.3589054998880909 0.3541669167236618 0.31966317706594444 0.39171900965477408 -0.62995537345186436 0.58951496856510077 -0.41781462126263591 0.36217377792641342 0.35968862704416171
5 -0.31539269630122568 -0.33939572606352936 0.61198787664215593 -0.64094370040798321 -0.34495347986400632 0.42512178268244588 0.32361089819191463 0.31776719328252351 0.3456886439403104 -0.60601859506192435 0.64207852694450696 -0.34384406127533573 0.4289298573712419 0.32967363342912392
4 -0.2800350651992552 -0.32574436514979865 0.61896406767252943 -0.65753665583165688 -0.25997108595650947 0.38946635709338195 0.3562802431616246 0.28202834842160884 0.33104110270288334 -0.61286364260245496 0.65974991821438611 -0.25857502241146157 0.39356509373635873 0.36002152572691593
3 -0.4876285732556021 -0.24541298272037121 0.53773465647110719 -0.64252025780273847 0.042041292434654896 0.26855429705240519 0.47231608309670636 0.48794813986254937 0.24633381701164 -0.53324180804275134 0.64566201495554265 0.04476834328745416 0.26973727674766668 0.46744651286291816
2 -0.46260899199825833 -0.25625810550270495 0.54557604711510166 -0.65013189484963729 0.01186389328481559 0.35300036446347305 0.44839978063171831 0.46324493813426376 0.25819030384918562 -0.54135756394859846 0.65243687989481902 0.01489383526765975 0.35444498453832257 0.44490578724272289
1 -0.43524019277316028 -0.23683651637022649 0.59033751082645236 -0.63716250864251867 -0.0012984234040659441 0.43569799205402798 0.40236821386555266 0.43580031993186896 0.23947827528481194 -0.58636939798297516 0.63945223896939773 0.0031395221386958383 0.43708389693686245 0.40155058352075068
0 -0.39115087211161398 -0.28812385587160361 0.59668387131135081 -0.63871276536554555 -0.078742605112023717 0.47127923116821518 0.38265657931049513 0.39217960702226529 0.2920314539912946 -0.59172205453888482 0.64091949251670677 -0.075094324581316929 0.47338454443447325 0.38240668661031485
