19 -0.067570634902086063 -0.6376769408930214 0.73682129770936833 -0.21423515956567235 -0.071069026699706495 -0.47887472713955509 -0.0012127107482566451 0.070984751900452142 0.63774008079078937 -0.73494497745764753 0.2193276874003065 -0.070713030656915477 -0.50454828379864358 0.00063696733621740331
18 -0.079139965623815187 -0.64635918018541638 0.73398697192416396 -0.1929243402909406 -0.12354153050183414 -0.36118194384019181 0.020884702781393306 0.081477841216280281 0.64672799576738615 -0.73245073243312597 0.1965201909209624 -0.1255474543750501 -0.38222732688154015 0.021168215512846533
17 -0.023943093694283359 -0.66307579217140344 0.72107610226543872 -0.19951560551068323 -0.081113903127085288 -0.26560778868384394 0.034538160711485071 0.025757837392213628 0.66276126535006241 -0.72057549851778824 0.2021261732193568 -0.081295334202587055 -0.28120111367822176 0.036752824077298962
16 0.019171632656809205 -0.64228460681875854 0.74106998318765938 -0.19472599303428209 0.020532841100118951 -0.1406232952639119 0.077562597202477254 -0.019941052332743108 0.64092263512284942 -0.74188731585493017 0.19601974592528337 0.023794568182155251 -0.14914936025510556 0.080010503452632498
15 0.085244939763250913 -0.62933036714124835 0.75342654071415938 -0.17036735892217258 0.11969054337510732 -0.13004858931518085 0.075789092762524754 -0.085720519726077193 0.62865252978334563 -0.75345971507336296 0.17247158333029167 0.12687870270401552 -0.13770765341602309 0.077707396165714093
14 0.14560047853463659 -0.64827383305989139 0.73403550713009635 -0.14047566441410023 0.30039367926851684 0.0028234559533180498 0.051001119263344469 -0.14384762723534264 0.64938820342840331 -0.73301742159111849 0.14243693703074731 0.30866215734659863 -0.0014238643397112005 0.05399586083614237
13 0.23816091748904614 -0.69823992694670556 0.66838530181664424 -0.094876077668237302 0.33900400633194144 0.13982649668758582 0.14529302263900915 -0.23755827888231362 0.69923568007439274 -0.66736854235934584 0.096201645071883085 0.35067464762822087 0.14320263580335901 0.15159612193980943
12 0.33803187085369218 -0.76991876941273574 0.50664802159967948 0.19043981989663503 0.26106610599600011 0.43731258521759431 0.18859940844727169 -0.33593223118979459 0.7674546525009982 -0.50697526404779047 -0.20282744894636881 0.24565695272215196 0.46681226850034641 0.18860766507979587
11 0.45391449321262256 -0.768984339991993 0.37936789446437069 0.24229056594980619 0.039413407975077176 0.53653903709373951 0.37714269800887235 -0.45089009240869987 0.76951438059690502 -0.3794687908413637 -0.24606742856304442 0.031664655615474713 0.56234731896921275 0.38459662203980205
10 0.29286609882410408 -0.80459020915725432 0.49011050589801319 0.16326584301754116 0.038340683563999112 0.63249823089048829 0.30736027329161469 -0.29412020910557063 0.80507398848154998 -0.48821172004428764 -0.16431217872544507 0.039625992266234977 0.65760178071539599 0.31836571224986976
9 0.25702017674628941 -0.8168695813264264 0.51236818885366708 0.064370450516593181 0.11627217025955147 0.48454450200988081 0.22777343004748671 -0.25680431663265912 0.81794533291215155 -0.51078398254364166 -0.064161503278207466 0.12064231974638018 0.50145716319753975 0.23224533849498341
8 0.2008769589423644 -0.74815517448616264 0.62958361402909713 -0.059470624695793284 0.24550992890111648 0.30503785688047425 0.18876709424649873 -0.2006692354102991 0.74989306068437112 -0.627463698101839 0.060675885338709906 0.2547782610514287 0.31299926183876725 0.1931889861504158
7 0.18234351228833351 -0.75543668227866723 0.62565798580480203 -0.067958424001977713 0.29182531023604552 0.14475169358463072 0.10579446020702903 -0.18043034461691063 0.75665417315890349 -0.62445386752792531 0.070545873813109949 0.30307942252836639 0.14596313551358175 0.10956716943650946
6 0.14886298304675949 -0.75498975791304479 0.62454855439320323 -0.13330184143582402 0.2161405460346835 -0.0024091054685877605 0.10368116927648997 -0.14671646499693677 0.75602236840489123 -0.62319012577802013 0.13615625032673759 0.22601165924023017 -0.0054173112745637964 0.10382644326302509
5 -0.022241282071102975 -0.64626363834705536 0.69690928990371759 -0.31010655711892915 0.17543653807070589 -0.18423236165601123 0.13815682429213255 0.022804600300342003 0.6443795630705198 -0.69777328237000213 0.31203745818856582 0.18379941373299313 -0.19658798124473204 0.14321777943607916
4 -0.13376367341030537 -0.57780082210345851 0.720397393342183 -0.35955679011546571 0.10572815932257357 -0.28616452029210004 0.1897900472845796 0.13539572705182376 0.57666464277324647 -0.71966789127257336 0.36222094520140558 0.10883675492716072 -0.30573676411258288 0.19924743398832234
3 -0.17624845622578214 -0.59603456878662042 0.69927042048920673 -0.35312908902867851 -0.017953472506050415 -0.34001591949077548 0.18887564018719294 0.17805503601501094 0.59502667770972906 -0.69879091881660726 0.35486745235771788 -0.017734017545092073 -0.36028768644391712 0.19856610447927869
2 -0.18756639358975355 -0.54700649448786942 0.72984637293431032 -0.36459157272002002 -0.084784831247424683 -0.23906113529173595 0.17045708995503289 0.18750010642787365 0.54717605176847317 -0.73030941960976625 0.36344219635293812 -0.088270351862745261 -0.25478024452047426 0.17622066936148195
1 -0.048274715588771631 -0.59375732133965142 0.73650299297551725 -0.32044521611110205 -0.03512583477720177 -0.11512938874133762 0.0076638582415202204 0.047425242874675137 0.59534596261468231 -0.73698487102322363 0.31649222900342711 -0.036896441006630032 -0.12715213930965807 0.0036117313846733556
0 0.065775381578249831 -0.69381646958274623 0.69332253572039981 -0.18329257261603618 0.0010526310315047273 -0.00013952645123515862 0.0027033309347004862 -0.080954399348740935 0.69167640388102469 -0.69605941124377269 0.17473246280892044 0.0015176534313038025 0.0045378796821910622 -0.0032657009650390034
