19 -0.28065283201124402 -0.44956937076856363 0.71776740727427268 -0.45158755275759627 -0.091160291691783066 -0.72034615623772258 0.25220807661097844 0.28193646752993046 0.44843958224109293 -0.71635846971179507 0.45414129104096418 -0.091176371604125603 -0.71947078485393146 0.27198452927763794
18 -0.13972599567976871 -0.55777770907518354 0.75453244936062336 -0.31629330731458016 -0.1330110967257902 -0.78397679989200275 0.0023813940518213417 0.14333291154171682 0.55670605840903353 -0.7530875554479477 0.31998933549274178 -0.13459471690109748 -0.78948540754096586 0.022401186367527082
17 -0.0744165363695624 -0.59617192683871334 0.75646607929522081 -0.25845750838365938 -0.096969468525044192 -0.59930286900825969 -0.10799554410937626 0.076872037350301417 0.59637609457375773 -0.75561637255769076 0.25975015152512121 -0.097796095262999927 -0.6052632716336922 -0.092821408864040444
16 0.037109302522967451 -0.63389515669058083 0.74117883502494186 -0.21783884984444982 -0.024478012925284041 -0.38995766769860168 -0.14919665911460328 -0.034420430819205365 0.63575138623949023 -0.7393316553918805 0.21914404434592441 -0.023941118767579539 -0.39816316681384456 -0.13642061234468361
15 0.035548048238433452 -0.67366681285585561 0.72305152807159268 -0.1486803594171284 -0.049752189771582994 -0.24534647267386078 -0.13373887672467952 -0.035124199123535732 0.67555874165640217 -0.72119234598531612 0.14922559197317639 -0.04478447810220243 -0.25285527681325221 -0.11951498251696746
14 0.05565708840440789 -0.69111940464615318 0.71527230822810439 -0.087417287271628508 -0.061343932921002688 -0.07790654167481055 -0.13426581151214548 -0.05649213111867353 0.69133133011865677 -0.71501727520239522 0.087292194841130807 -0.057273658360801449 -0.083632060434739336 -0.12409683876587324
13 0.14610243837114986 -0.69605364102160339 0.69806057631169338 -0.082914643591827902 0.018399097705112961 0.076788786513682442 -0.17288798374482886 -0.14617516640106634 0.69562801607273961 -0.69882315321449162 0.079879186986849676 0.0185770724039893 0.072801848289743565 -0.16312279132401911
12 0.25806050338447989 -0.70881942067707193 0.6541189437144157 -0.055751349202560224 0.14557703122949942 0.14805420197805569 -0.12841329564505272 -0.25787212748188243 0.70863018192272231 -0.65452825971381701 0.054203213669850925 0.1461601908538841 0.14255250780924714 -0.11882566580313259
11 0.31471857565539063 -0.73822554055064216 0.5964950118427581 -0.01299885621361517 0.23297232195801537 0.25073547456452011 -0.047158534235743732 -0.31421371155495198 0.73735871280395859 -0.59788864342166148 0.010051974450640771 0.2303902099532702 0.24516692677447727 -0.040608906704823422
10 0.36512739811065187 -0.76145838872805938 0.52939302248795894 0.081278122060461616 0.22049098967408381 0.39517639421815709 0.05868145354783081 -0.36508819701333151 0.75927910720450198 -0.53184117515732632 -0.085736865883721841 0.21814822441615656 0.39146333312457759 0.059013149578502677
9 0.34811125461763431 -0.83676833554483565 0.41040708942913873 0.10101152401763409 0.089841292440999448 0.62680782923064049 0.14754806451853592 -0.34780987516758871 0.83631959776210651 -0.41118132731332402 -0.10260476209118048 0.095749122285209154 0.62355682759894115 0.15262954026618658
8 0.30668239848229389 -0.80924514956557869 0.49918134164924377 0.04343020279703598 0.14091904205888509 0.47463880720290547 0.10411875837352831 -0.30808418453988717 0.80812762627882473 -0.5000670530294582 -0.044122753266063942 0.14782827682228827 0.4681980139047166 0.11122862451701199
7 0.2503470959235346 -0.73742084466211544 0.61420433482767145 -0.12763175349168443 0.26993286672622513 0.18476826847916572 0.11937997892272122 -0.25152652925140651 0.73702987935050346 -0.61448946945704419 0.12619054621374765 0.27114761375050067 0.18014641792315872 0.13315287749991889
6 0.20152020170139548 -0.70585595326040951 0.65376670405098192 -0.18370105668553849 0.29493881193863836 -0.021182824865881762 0.11725265840512467 -0.20192696981117877 0.70558350587597751 -0.65402641845878096 0.18337627724604758 0.29546861840148675 -0.026730846763598493 0.13188716759792185
5 0.17465571865003904 -0.70433362358578189 0.66146654781889402 -0.18939781610650877 0.29342876857195888 -0.16539283369845412 0.10390615875218863 -0.17463173164308013 0.70487321813579862 -0.66025110870509429 0.19164023093264074 0.29702158170181092 -0.1733977822021068 0.12074199043853129
4 0.092179125172293097 -0.6823946905535806 0.66967527506472579 -0.27816455768795761 0.2302758943616427 -0.38797924790133209 0.075663671039473288 -0.088843745182002762 0.68370862286458245 -0.66749331561905445 0.28125074500618286 0.23255564551515295 -0.39810226926874392 0.094342081906714004
3 -0.13039986727074435 -0.62920265691870836 0.70184440667685077 -0.30743181351094662 -0.02735244780738251 -0.45163578422869155 0.13895205942601635 0.1304970589667788 0.6296713529920539 -0.70130073876045596 0.30767154342937908 -0.024979391018859265 -0.45505285429539294 0.15575931013201055
2 -0.10262538767417793 -0.63324647852955829 0.70710113031835597 -0.29744733775433485 0.079528228587058436 -0.29373291950005986 0.15193888977405964 0.10150679566234663 0.6332904637503185 -0.70718974621927388 0.29752684214972647 0.082028960815746288 -0.29635571031940366 0.16883600414002542
1 -0.0096481763250974833 -0.66897288970862945 0.70268638478584056 -0.24210334604274164 0.083891491643082031 -0.12923832430530485 0.05894971098600893 0.0078566650974757016 0.66857885895480418 -0.70315128331977117 0.24190670709593229 0.086877778013393803 -0.13218371484343028 0.072561230629744511
0 0.047379598391663939 -0.67858460330719861 0.70885653575753604 -0.18654897888887309 0.0740251036777924 0.042366073272319761 0.011583510971059523 -0.050058161635041669 0.68053426836650344 -0.7078322236950344 0.18259472372314245 0.07735832895069697 0.041259030443884868 0.01936004786632841
