21 -0.008706140232424199 -0.60308292346998993 0.72360521521282994 -0.33557515262298221 0.054253013450927499 -0.48246440859946976 -0.12258021237237939 0.0099863639484550643 0.60160304472163106 -0.72466850398866844 0.3359011885117073 0.054449999554728512 -0.49041548565674925 -0.12639223085363388
20 -0.050144631567320394 -0.52248386551989212 0.77387161650639724 -0.35442749239039756 -0.043278245799149025 -0.59573672224017971 -0.10209156545273222 0.051401487520194619 0.51989025179155124 -0.77566513219033983 0.35414067244101077 -0.046613858208166548 -0.60786266147249035 -0.10441744555321641
19 -0.0203527474622846 -0.48981313638345009 0.79594460912067011 -0.35516339381851797 0.10164478104647925 -0.69467318798308386 -0.092331657239705392 0.02011755900939128 0.48696737783847632 -0.79664444490383512 0.35751319576273377 0.10274079208588915 -0.70958641739596295 -0.090902675865045524
18 -0.012058003642286166 -0.52820360719839243 0.77054649292354238 -0.35653002136425865 0.34648215446488301 -0.5107585216995516 0.034669050560949169 0.013685056543798466 0.52916695016620408 -0.76904714750209469 0.35827579181139579 0.35062580610296479 -0.52399679134100463 0.041764569775988747
17 -0.024107692933425167 -0.58076985839491946 0.74857423838531478 -0.31900125446025807 0.013276705176171331 -0.54935638853194013 -0.13837865096706514 0.02569455184747331 0.57927749089727509 -0.74861449685460391 0.32148672390044825 0.014493391115105059 -0.56354159192238229 -0.13811034433221026
16 -0.047558129649706737 -0.50968193256786265 0.78671323885893352 -0.34502874042925352 -0.024804332956968888 -0.62658588268488957 -0.10439472121253519 0.047693718740515499 0.50774634929485241 -0.78688106805200619 0.34747250065549684 -0.024862366639659239 -0.64128922479154815 -0.10239554292179354
15 -0.025650071672738618 -0.49447567626429711 0.79062936863516275 -0.36019589233875754 0.18365745535033146 -0.68642277636660021 -0.051866939588006498 0.025317721822749245 0.49185557740273333 -0.79187186530616704 0.36107624246973302 0.18500543571935957 -0.69978646364164021 -0.051161623506119192
14 -0.011755427225281865 -0.51018198172346885 0.78315338116593958 -0.35531244985761729 0.24003343652583153 -0.65679338148913124 -0.047975714265072064 0.011796841965793926 0.50784733615741717 -0.7841246706252708 0.35651145646985877 0.24204147377722762 -0.67076135092147382 -0.04655191939374248
13 -0.0097793947696718161 -0.52777254481408409 0.77077486066909073 -0.35674447233131462 0.34753379389998484 -0.50720227100040283 0.035792576946969433 0.011357095332001856 0.52884693798556714 -0.76900815355081298 0.35891279211150851 0.35147632974526299 -0.5216163451752216 0.044058674556694655
12 0.036837209249492069 -0.54853232876615809 0.76645483453913166 -0.33211788708932405 0.43233432761100016 -0.37272318330754139 0.05927958618773508 -0.034683621645598933 0.54992376356926775 -0.76514682942038537 0.33306340249161065 0.43758714427642253 -0.38240754313262881 0.070592265278470734
11 0.16488226048874494 -0.61318968429425325 0.73170223066572804 -0.24783885266445424 0.50119456661949224 -0.15622605022707536 0.06707063214015041 -0.16394564851380836 0.61522530528152175 -0.72987662172283019 0.24879663409522637 0.51053709814202897 -0.15848049380680473 0.077185865216565563
10 0.25106694517973627 -0.65624123646516119 0.68730400461713592 -0.18419021102664215 0.49852642761210442 0.063547225487740722 0.11048567631059492 -0.25112042330054218 0.6588862566121898 -0.68442464752427179 0.18539238309652389 0.50836145724432735 0.066914302071259257 0.12263803580841492
9 0.31084769635396936 -0.71160677575311959 0.61704201534643821 -0.12747022268312641 0.42430846203450617 0.27655443231726379 0.17158528338079582 -0.31249627074569725 0.71402904767176911 -0.61386301848972924 0.12522297864871554 0.43054734728217792 0.28806970457266856 0.1818009257651152
8 0.32429660621860984 -0.73378853167272795 0.5900568239534707 -0.090658957012620972 0.34635072622211499 0.36505925294407748 0.19923560770845192 -0.32565889178086416 0.73514558038177169 -0.58806056055403233 0.087704269964949719 0.35152761735016202 0.37809325835227359 0.2072036259504042
7 0.25651238021406458 -0.75628817121220338 0.60088873257461084 0.034092989694263921 0.20856113352950373 0.38657683688299294 0.084808178582459065 -0.25587192849968149 0.75841051218359368 -0.59853566349596243 -0.033137753978221517 0.21378656871010637 0.39594073670822327 0.087695644504464987
6 0.21118053658876929 -0.74286280451958164 0.62703832042806773 -0.1018851281695666 0.19470135721900883 0.22908275381713197 0.032345627677940629 -0.21295360992480772 0.74222763293640959 -0.62745309397384164 0.10025724805848486 0.20131879465763824 0.23938699759099458 0.039812858668405227
5 0.15268030985563219 -0.71561906556811683 0.66099066598285705 -0.1663412620528735 0.23634839531739255 0.11350368489973438 0.0015176531765701154 -0.15537114816851352 0.71513878296204791 -0.6610723209731274 0.1655889907679893 0.2461018478971384 0.12044191231807805 0.0079976898738651492
4 0.093024834664020672 -0.67164800946510517 0.70109970345569161 -0.22066838770343622 0.26046476568940219 0.003464036325594722 -0.016859966331714198 -0.095245447592195817 0.67090474433574243 -0.70157731321900363 0.22046406128246487 0.27012827096024711 0.0060807908127014088 -0.011313548907827015
3 0.013667822692012796 -0.60678160723039642 0.75050101957681592 -0.26149090111114132 0.2089766353086982 -0.17038040957562392 0.040974767178607832 -0.014859716174571753 0.60664569569111937 -0.75013500156042257 0.26278825728824684 0.21655586097636759 -0.1741163468100364 0.04783932965226656
2 -0.069042498611844125 -0.61552077883516365 0.73034184416027359 -0.28804182834469821 0.010219194409164644 -0.26208651704094066 0.06143935027408353 0.067955888777078116 0.61490610271051083 -0.73185166772220911 0.28577196937787519 0.011543037493126018 -0.26263473302108942 0.065454223449618709
1 -0.021728596169174334 -0.66002378992417499 0.71073062693238975 -0.2424014042511676 0.016078367256284504 -0.13240043162741022 0.032958288207127734 0.021622524209338502 0.65962905327219767 -0.71229782158011157 0.23885935589435983 0.016786500320828179 -0.13120332127805678 0.036372400177507869
0 0.0231755754874109 -0.68551893547285658 0.70322458137650412 -0.18708786694179125 0.0023560241953988694 0.0049873935940035388 0.0044592581371591979 -0.020782943397539833 0.68528377110308769 -0.70454632360416547 0.18321763076276273 -1.235896954417115e-05 0.0064924173873840401 0.00578423842851436
