32 0.49763119120253624 -0.67159377370406592 0.48471877076999642 0.2576290238453357 -0.35120881352314759 -0.60194979630561529 0.41466944723013588 -0.49959073019653927 0.67223602179660924 -0.48270334279054877 -0.25594006360784416 -0.35217318336970493 -0.6102259152529822 0.42899411408223187
31 0.49756392020876855 -0.67585490946778704 0.49199368654508485 0.23150053791416414 -0.17924252121824213 -0.61515468875774781 0.51361270034273876 -0.50051512120555663 0.67684716236759579 -0.48880396100118317 -0.22898301235915747 -0.17750610809950529 -0.62239839900398175 0.53076580862253642
30 0.50595865328973855 -0.69352888819485237 0.48610049758420742 0.16349259508868202 -0.13312736510177731 -0.66004234456449318 0.61350847180239976 -0.5087194158540852 0.69472474048418409 -0.48221932428997472 -0.16132766090655895 -0.12939761698051794 -0.66818515235863407 0.63405970809891798
29 0.68261191605846494 -0.51127168994462013 0.034798198044837671 0.52099070675876313 0.1855566206941501 0.13765787544222316 0.25529621470382513 -0.68201125988315325 0.50849413542461841 -0.033194530475258506 -0.52458791329756271 0.18540242750554581 0.14203693256989236 0.2652971298665196
28 -0.63777728407880308 0.32387412891149159 0.023048893811813607 -0.69843713606089119 -0.18363235189281271 0.46461077704757009 -0.029746024983413232 0.63819843447275226 -0.32364759397054038 -0.022503279496423948 0.6981751897378724 -0.1880578058708795 0.47516144350658696 -0.029508667166112446
27 -0.63530808683888118 0.2881186641009274 -0.046339192023126599 -0.71499926536777758 -0.37470996437782339 0.52203016521289092 -0.12675232489613197 0.63673022101741983 -0.28649697922144485 0.047239377374907514 0.71432663940617946 -0.38006433818207741 0.53330343574383621 -0.12740803586364446
26 -0.65003726212383894 0.32296885327466635 -0.2094503903452031 -0.65518944714428384 -0.52375197277537533 0.048503987249538125 -0.03904219170277369 0.64811913363422746 -0.32299834778975178 0.2109909657123937 0.65657936940636541 -0.53027872664362818 0.050313329039458843 -0.037484838163317047
25 0.65686830801275309 -0.45696357417772243 0.28485691413710379 0.52779243673197052 -0.28049890072210237 -0.24003734706103849 0.090862867348946094 -0.65389601484814264 0.4600359228761936 -0.28762658991638518 -0.52731195340352199 -0.28361246710898214 -0.2465814130805602 0.097165782217913499
24 0.69701983040351889 -0.45668288965150189 0.055379474745222354 0.55003382450604488 0.17820705358018393 0.17352159377228979 0.11787168708327249 -0.69663579260064257 0.45724753979200766 -0.056604276577371444 -0.54992655481889874 0.17691672174397888 0.17946223422275231 0.12394850983665595
23 -0.63437049800221201 0.14966482888992227 0.11802619447942256 -0.74916241741993539 -0.34450070891278245 0.65843369908648597 0.25839990086954301 0.63488606711664308 -0.14503025660889873 -0.11836590884714233 0.74958349639777189 -0.35580607734269076 0.67929493530255947 0.27300357315163803
22 0.67618446512520713 -0.32645593997354916 0.10855712108595453 0.65147251656601257 -0.22017212709566647 0.21005221582971637 0.11548594223746714 -0.67534824185544506 0.3267134704143323 -0.10926005807333922 -0.65209301497745931 -0.22466295114844903 0.21873963606387536 0.11871158609217414
21 0.67267089192683971 -0.42134607227268267 0.20563716129345491 0.57244625636814428 -0.081534938180928704 -0.14175473703348948 0.16936357221839377 -0.67064959573696881 0.42613103341855607 -0.20630411518644864 -0.57103421452011982 -0.079033366790013965 -0.14630138956483993 0.17174475657546759
20 0.45311227732772641 -0.61177981304491791 0.52952389291628843 0.37419135654954189 -0.46028444833347704 -0.65620968511797573 0.41042030251228023 -0.45396909151996673 0.61181702318042841 -0.52902222280698252 -0.3738013936136873 -0.46364746155968328 -0.66532551895287817 0.4229897562656576
19 0.53450279877095552 -0.68078407441573752 0.46997722287194837 0.17309307354568892 0.057157603092611191 -0.69990038284284539 0.59124106717927061 -0.53697469447360768 0.68225406884957729 -0.46641429043872745 -0.16924914389062709 0.062210721420354609 -0.7089327949587102 0.61251484281975488
18 0.72779537290644425 -0.55924935681978261 0.069553885503963006 0.39078934105721269 0.36139646706407808 -0.092153524965182962 0.37784080757893879 -0.72739131736427853 0.55758659563227853 -0.066707950081957165 -0.39439714652888735 0.36460069796277839 -0.091791681258027058 0.39672338471089008
17 0.72292155800416369 -0.62513958139084391 0.1611048528963237 0.24623190517186833 0.45292777838044601 -0.60296428323497231 0.39691804075475551 -0.72023328498287498 0.62799996555426774 -0.15690295191521736 -0.24952258845023734 0.46218240523212345 -0.61617499030351675 0.42181795379323667
16 0.69447796729003508 -0.60653709808373168 0.29995504949059315 0.24462230045922273 0.14001277928174727 -0.61827847067065145 0.32402296827309329 -0.69237169206650906 0.60944890607388802 -0.29708725704431355 -0.24684536173926039 0.13922732570535767 -0.63440924082779593 0.34134411070457765
15 0.7282226664592103 -0.58530647630072163 0.22378916915402142 0.2775364563887473 0.30842717059862879 -0.41043468531249078 0.47513751379743419 -0.72713480979040102 0.58679915153363937 -0.22078095088256244 -0.27963815168511957 0.3105526147357367 -0.42007597636752608 0.49975404903757825
14 0.6663967768452419 -0.46269880295517596 -0.016641742876849649 0.58442125726922367 0.11113297341452179 0.28418791098507645 0.18345569491469568 -0.6669035001433945 0.46179863236829383 0.01557870257940799 -0.58458450942973594 0.10468540805943238 0.29533563099673221 0.19254659445639355
13 -0.58215177085760572 0.16210201078861367 -0.13771077932444664 -0.78476620406557751 -0.71654175776189821 0.21822702089066542 0.084869519611128416 0.58198412887373352 -0.16087782739366271 0.13795412552826641 0.78509964822429257 -0.72707477148188104 0.22682738478646769 0.084506635086884718
12 -0.55394313335940182 0.15564629070869193 -0.16041478232033432 -0.80199023360993271 -0.77178917823449278 0.35746919713604458 0.10576519497786366 0.55420738018635141 -0.15526475373135315 0.16051774428243429 0.80186101648989161 -0.78196122338991825 0.36650279788012963 0.10593454617489151
11 -0.63219468297905768 0.19023478429358659 -0.1400054650802236 -0.73792891216258194 -0.64761962017811159 0.10349217983837704 0.0071160729382498122 0.62972222155882018 -0.19193480779121966 0.14181122522054165 0.73925674135216413 -0.65501430868110766 0.10537870148055317 0.0064778160341241176
10 0.63018842272188391 -0.38472068088684985 0.30606285830371133 0.60098092842637307 -0.39939916964814204 -0.10648401856749351 0.11371956855697805 -0.62798536201475197 0.38673628584622882 -0.30769870132113902 -0.6011579987909581 -0.40371043322383232 -0.10897720089310781 0.11737192637488203
9 0.68701826399727983 -0.43534733931529179 0.2240777190107045 0.53690574119506329 -0.10713508729539528 -0.10538953790841483 0.094102112563806087 -0.68529113915437956 0.43836678626000924 -0.22537503157301181 -0.53611259120079247 -0.1067548394429223 -0.10750867563949396 0.098085029740605734
8 0.67908875562926707 -0.44119110446602572 0.18630748501341016 0.55630782157535785 -0.052367889483459974 0.10608037918633161 0.10102553691456088 -0.67808670215776434 0.44152900671139844 -0.18926118306850928 -0.55626501343582779 -0.058251405429064373 0.10772038525398835 0.10583138330371311
7 0.65958311444824524 -0.39870371986805603 -0.0058307090345821773 0.63714320347177955 0.066240650656508818 0.39988343802483323 0.057425789230112351 -0.66104653938661739 0.39640633803128827 0.002786546001985496 -0.6370806252704444 0.057462833630680166 0.41218733957548492 0.06235588562743466
6 -0.56356528514111126 0.22067602060015781 0.15445460450894327 -0.78092255599507632 -0.20148715060129674 0.5530166715831113 0.18362779304467214 0.5644696436173009 -0.21724180067585919 -0.1541316274075778 0.78129601490495215 -0.21283427166837399 0.57019971150002446 0.19072897913808684
5 -0.61142765414015099 0.15759401447491 0.15081670188985546 -0.76064096181143204 -0.30008426711342157 0.7010874773142779 0.26887467614328459 0.61237657651011168 -0.15258252447268802 -0.15068951877606598 0.76092454993799141 -0.31213915998248087 0.72145512968570191 0.28110510639651476
4 -0.67693414891261783 0.27504020420582875 -0.05655561327569382 -0.68037820858209153 -0.20459873819389707 0.39640228611364536 0.11466119510223746 0.67608897541714053 -0.27417256275620022 0.057252634024239676 0.6815095296827367 -0.21151694015489486 0.40777597736307869 0.11828860105350314
3 0.67558456484227214 -0.38392054467303399 0.16061000631830713 0.60860080265743344 -0.19950968757634724 -0.01119365377622049 0.0965840870718115 -0.67431631003292558 0.38483779949018176 -0.1627054583037997 -0.60887134597161363 -0.20435706678131194 -0.0095923908837455274 0.099656588116963984
2 0.65206935196412852 -0.51788998864662528 0.26059063193870441 0.4885571025320033 -0.017040457873770207 -0.43368778781134359 0.12072928545364009 -0.64849389767096599 0.52263019509110431 -0.26193064996938648 -0.48755069323011724 -0.013770944865745927 -0.44274788348326388 0.12502106607900809
1 0.67440024904213003 -0.48398998973983892 0.2112360495087818 0.51605942033012819 0.037595172480315464 -0.19969493563669885 0.059830653379450441 -0.67286358469401808 0.48687138550777015 -0.21288891679812855 -0.51467383795077426 0.038957498232982779 -0.20632292551638015 0.062109763562347986
0 0.6950465229987185 -0.4148515812199523 0.13533497853687673 0.57139560727321026 0.00070279951321258109 -0.0046281854943387747 0.004289625941289601 -0.69240807289396999 0.41462472376905146 -0.13654405724542207 -0.57446768356597333 0.0010879481653507314 -0.0019803496034782428 0.0041497211298671607
