37 -0.33050756689671307 0.70058304428592622 -0.62612565837098599 -0.088965196636533586 -0.17543598510545164 0.59446603392728681 0.19152072774803475 -0.34100398533795034 0.69781427308493849 -0.62207972027663649 -0.098936059569378162 -0.18027617786521777 0.59702024896108197 0.21033416275886618
36 0.13033151936460155 -0.69409368390602244 0.70239858571177238 -0.088791214722984318 -0.074176780501095732 0.53595479536986812 -0.096074509556726667 -0.13857032490991644 0.69385057820078277 -0.70208809707219644 0.080261722722239387 -0.077002223429355032 0.54346844746613754 -0.082729006075981992
35 0.55279722136278864 0.1185683659898764 -0.44732034694869083 0.69300886130393224 -0.098300257659870757 -0.56104715885060041 -0.052209648326069065 0.53904377991755692 0.12648868715608885 -0.45819830095451819 0.69533210220448938 -0.082267727266633894 -0.55743737182713271 -0.050515931003471959
34 -0.34369752852231061 0.095719005933398965 0.64423133545368161 -0.67651745521482509 0.17013189320786901 -0.53341557090947078 -0.10149344090576251 0.32628173418824347 -0.096190768770496898 -0.66894551346668918 0.6609080616479428 0.18371801938088278 -0.51847416355828546 -0.10896121098093103
33 0.022664262359605575 -0.24165621648655053 0.69667379668583718 -0.67508090274902843 0.51260288680145494 -0.078428553625463721 -0.15158307929585282 -0.030789502187143648 0.25079283126543772 -0.71827774657858667 0.64825306872464661 0.50650642724104666 -0.05472610451738788 -0.15348703783902984
32 0.41649454474631348 -0.41461285514024254 -0.53083398597520792 0.61060932999970619 -0.13627725339658103 -0.58684364959799795 0.10671109116831601 0.39006744695328027 -0.44200764226887357 -0.53741522083992765 0.60304354022975248 -0.13464552699737833 -0.58464753819040938 0.12294463314629223
31 0.66101656118046026 -0.10689449720948481 -0.26015583889314231 0.69566487032284208 -0.2289050227400376 -0.56797976978792941 0.25848416679816472 0.64965545863659979 -0.096760036919286682 -0.27913974734666591 0.70047575387752514 -0.21549703879536786 -0.57652878507640137 0.2489613048711421
30 0.66724846725214071 -0.18333703384096794 -0.20616682540187503 0.69185421518971535 -0.28778647944847457 -0.51043119937648729 0.39157104250444008 0.65940706149003514 -0.16868431543613521 -0.2215822585270642 0.698304540790739 -0.27528424529606355 -0.52084524569826529 0.38878129837162945
29 0.71346274577731206 -0.30033886391892756 -0.1028633673491653 0.62464918543561498 -0.4154146315599424 -0.36902340442822001 0.496129477083049 -0.70911470044268599 0.28607636142583243 0.1176492321206772 -0.63362079766280643 -0.40691622675067673 -0.38400703899959043 0.4988853521881067
28 0.55654289767970233 -0.70966477258364347 0.4306116056338738 0.034778710290961752 -0.28783114299328599 0.52858627361323784 0.23309069512183991 -0.56424975690232171 0.70895386961393358 -0.42074188155009984 -0.044529672183636987 -0.3006222076698486 0.52246572073432573 0.25092053241082973
27 0.66090598030749759 -0.69568418837516466 0.24000723193148579 0.14704871253826138 -0.48880469870020032 0.36836824663692125 0.27922027283385642 -0.66378773462648688 0.69909514456470989 -0.24696040526166679 -0.098297408096436376 -0.45611953380040182 0.41618098413139704 0.24960899055817554
26 0.61328275843766922 -0.50121116912963515 -0.28774650555386055 0.53839908124395019 -0.4577028540121113 -0.3908528546896472 0.26353513872370093 -0.60092283985123485 0.49215298943629326 0.29831233043710925 -0.55469534795527897 -0.44170007648381215 -0.4086676990523932 0.27404069656565166
25 0.69586245083082032 -0.36753352787233046 -0.13270958056968613 0.60256345942851652 -0.46886158999777483 -0.38898549982159175 0.44716662249184802 -0.69143397546269469 0.35268194654047641 0.14986014765217925 -0.61243484413114624 -0.46293099782270541 -0.40919962539892918 0.44526038556711445
24 0.67174162073876553 -0.67638752052323048 0.23001645385567873 0.19584572500657935 -0.52857280935255435 0.32343466807036553 0.37037901954126323 -0.67705854881164285 0.67094363232852083 -0.2177011020279086 -0.20983944789938119 -0.54097758717946753 0.30732124156818896 0.39058460231341591
23 0.67612532954453963 -0.58511126247012002 0.0072282569620973607 0.44771319120637942 -0.56321264577384533 -0.068915845474141355 0.4470136669635984 -0.67637756580286323 0.57241408827566131 0.008908897580186986 -0.46343945836111394 -0.56140837562757095 -0.094521208301299564 0.46090856597740926
22 0.6793258125281999 -0.46291348100870783 0.065566046737032174 0.56562235020248131 -0.4794637234294406 -0.16480697274607775 0.60642528046547417 -0.67956812121664267 0.4455273472725863 -0.054851049841486012 -0.58024470164717701 -0.47425131361447193 -0.18763429746445648 0.62140082422830112
21 0.66744314181282116 -0.49793689014001957 0.20022695827704681 0.51622443865419465 -0.43808910141758578 -0.010735353258711893 0.66939956500662134 -0.67108579206465924 0.4804705138867737 -0.18949066346283158 -0.53186956430570864 -0.43513896077972847 -0.036871642367699464 0.68874028800483655
20 0.64035875853163893 -0.57861713241849555 0.29479994692490569 0.41016565645686148 -0.45671811862717065 0.18861214201284879 0.61785879755774431 -0.64474359022041972 0.56530418469587218 -0.28701339315609414 -0.42703652511704909 -0.45848509053100805 0.1681094281666923 0.64401871170413649
19 0.61669347294913579 -0.63942978887498381 0.34286585779047551 0.30538780113624225 -0.47948482477541021 0.32357754933393468 0.57100052234585641 -0.62161003480221622 0.62988412490774748 -0.33687120615872629 -0.32150387911120715 -0.48692268682813689 0.3092811672656513 0.60329747991483562
18 0.64792074927891752 -0.67419357266415114 0.32339384310495328 0.14518316525686425 -0.43895906977220622 0.40971409216857085 0.41688256244002414 -0.65394899396158668 0.67070197324819902 -0.31300306730679572 -0.15664819256582044 -0.45243084619122698 0.39877908600568479 0.43849398726519007
17 0.59817643207020554 -0.6597839423107027 0.37845184709561253 0.25227822937111327 -0.44787961184881686 0.3686575409004183 0.50781874354113443 -0.60256162616285514 0.65289586230849472 -0.37196522673100946 -0.26886492846663995 -0.45799426260190024 0.35439234141513287 0.53841115651011373
16 0.48045980880790601 -0.20472840701448161 -0.5544980462190362 0.64790166554875894 -0.10418138473019331 -0.57745440172279205 -0.01373440129387973 0.46604543618444166 -0.1991247182656668 -0.56096784431787938 0.65457320112316231 -0.086464871843828978 -0.57913060160754337 -0.0030946011929023354
15 0.56429322658965297 -0.025275579444822647 -0.44131181390815694 0.69726478644332757 -0.13520258700063936 -0.59182181106085896 0.041531620813804175 0.55178354466047053 -0.016532633975011438 -0.45021567947144842 0.70183148533949158 -0.11921835160059535 -0.59189894205736215 0.043724164473906812
14 0.46625235081186767 0.11796716771375321 -0.54041708060536786 0.69039254898497637 0.01993030016727278 -0.53975529018114132 -0.12309942271847041 0.45102320937296198 0.12864472498507756 -0.54943325410906796 0.69148513984000226 0.036977079525264855 -0.53183652598168063 -0.12388966370559906
13 0.38393776083765252 0.2572038857453901 -0.56760816445343865 0.6813654882706045 0.10282418194587108 -0.41595323171844972 -0.23216650258095542 0.37006435037982138 0.26879140009742059 -0.57480782759051718 0.67852746528957797 0.11270868702998638 -0.40003993237365654 -0.23067389405827221
12 0.36416105812851435 0.051058156362898829 -0.6138877935425503 0.69851382617025026 0.15991773518926508 -0.48796217730302088 -0.1328736814453306 0.34641158866388383 0.060556241839980325 -0.62146618838264134 0.70007980224452515 0.17894708618296101 -0.47533001249402607 -0.13034883541915143
11 -0.25344552429060124 -0.22026106429475423 0.69178530100558056 -0.63928360458048927 0.26178383667741417 -0.27554227831875067 -0.26002936241333563 0.2368158505139972 0.22741256728292308 -0.6972586683436317 0.63720650232619847 0.27370961444415193 -0.25814677218648008 -0.25297298857298561
10 -0.0065664628914926622 -0.4037122209446633 0.71996898752815275 -0.56446255962881087 0.36386403107138637 0.060370224609144318 -0.26824548337870002 -0.0086946573266755926 0.41322691239345627 -0.71944841361188061 0.55817730333567939 0.36265340599635376 0.080936039215844913 -0.25595385881878308
9 -0.25000588863031797 -0.43452371957655411 0.64230720018967968 -0.57976517087525659 0.12053105754961996 -0.18356505129261655 -0.31935284911104872 0.23238316081719468 0.44102812518754897 -0.65046079809636692 0.57305585199176101 0.12779543821592521 -0.16128530341537797 -0.31031207310899278
8 -0.20620595517018103 -0.46050070595690429 0.65766517095175936 -0.55936993732461193 0.14260167937315443 -0.08284226928702601 -0.34712022017052557 0.19104676950462354 0.468885439413876 -0.66229037871301499 0.55228528029603963 0.14543307516545267 -0.061250134393214639 -0.33766835610228974
7 -0.067410761261177524 -0.5422864425424091 0.69498521140347391 -0.46730799204738172 0.15789121485121713 0.13207159035860377 -0.33237444499383889 0.054225701746659888 0.55083483118547039 -0.69623137290617465 0.45705846169187125 0.15240876917005997 0.15224013358231625 -0.31860765196984442
6 0.17568527273158438 -0.55123684433699949 0.69237361934232444 -0.43115124681418443 0.28654068947090133 0.36143980535897591 -0.22931903019277544 -0.18959001745114007 0.55700616052367935 -0.68761830379077693 0.42541841839939237 0.28126509089705976 0.37647270302069669 -0.21610187992044694
5 0.28810478656068933 -0.61672016994519208 0.63995404274648005 -0.3565258575700091 0.19500439239308182 0.51569940403848746 -0.11311452707859558 -0.30751805796312232 0.62259902989367055 -0.6323704132256609 0.34338135138480796 0.17949816957597275 0.53445911242829003 -0.091032403798232631
4 -0.44310810873609974 0.71361645508199467 -0.50525438213069018 0.19779981887316925 -0.098921928155832006 0.62733673252693312 0.037492920094853471 -0.45889565011258465 0.71540281290241525 -0.49536010796766139 0.17953261829909062 -0.12147798288326506 0.63379639814498878 0.063035642934259339
3 -0.438540137731664 0.67704918213388754 -0.58919026066038349 -0.046279469671511336 -0.18765767694410063 0.62738514198637652 0.2869219084465337 -0.45032051063671985 0.67355180065363485 -0.58250972345554908 -0.06497562324341058 -0.2002466755765997 0.62717863416704245 0.31661376785569084
2 -0.31530504893042016 0.69050232451097115 -0.64119137681922689 0.11252948172188 -0.072363281390431702 0.60750340174068307 0.036160749739283439 -0.3270691442243413 0.69190313885002475 -0.63621287276237992 0.097616606565073441 -0.084756666144401027 0.61507854206014145 0.057669401812328491
1 0.12264433250863964 -0.64671228542916159 0.7058017728777648 -0.26185004292744701 0.054918397287599639 0.46145670996999733 -0.17490931785954184 -0.13524048195719854 0.65117892284450574 -0.70408086991991115 0.24888983726917235 0.045797534754090208 0.47690607138583441 -0.15825672399496238
0 0.013351521877456096 -0.61919536961710264 0.70750361347984225 -0.34037841885357772 0.094417036078078151 0.32370942286151921 -0.27052856101507727 -0.02436974615124873 0.6255393667429231 -0.70647538523887399 0.33015018730718787 0.087638920061655856 0.33828951351764008 -0.26070410177592029
