88 -0.10096605608274149 -0.60005652085534278 0.69392995217259146 -0.38496655539906727 -1.0110447232466071 -1.4862663627018273 0.70652708823462551 0.10394827204112939 0.59717618447870591 -0.69700655234046793 0.38308905939164156 -0.9948452610331493 -1.4829169864130172 0.71466940027939019
87 -0.25050781285644658 -0.55002917642852556 0.69821571588257814 -0.38367767053845553 -1.1796023738694403 -1.1023823103372639 1.0108846954439161 0.25190644436220699 0.54587717514739076 -0.70121657824941208 0.38321868864929004 -1.1620592351646994 -1.105107128477351 1.0155150311381136
86 0.074347360904377727 -0.71677780164642479 0.68326270858381488 -0.11770354307403753 -0.39002229926694215 -1.2477879644448415 0.051862743850758383 -0.073921850007406739 0.71491873225345259 -0.68469982813064845 0.12088387701616436 -0.36797727554812748 -1.2594761417162497 0.051503798782916277
85 0.18741134124712622 -0.71555191898434012 0.66569941604399496 -0.098522727776208699 -0.14642246844349197 -1.1569049847995438 -0.059686532888114055 -0.18612393996188906 0.71390656216317339 -0.66758467846046476 0.10012989842329931 -0.12819334310350083 -1.1651650091137393 -0.056453528902826677
84 0.14954270687666829 -0.71259935036081079 0.67647415058681559 -0.11055255887221969 -0.052577734895099676 -1.2294509414353849 0.080320084117809581 -0.14846133652119908 0.71082802131717893 -0.67824103751664599 0.11256931507736502 -0.03701348089667976 -1.2380157848000344 0.081668593749066834
83 0.10812112504339209 -0.69739805896504115 0.6938402159619188 -0.14328825627057826 -0.22659031830828866 -1.3141547070220281 0.191927194171053 -0.10828399179112547 0.695452792240286 -0.69548380530325116 0.14464531602467626 -0.21123087005476732 -1.3198862913698344 0.19264974085041667
82 0.024219370263094567 -0.64126117597796739 0.73207186327430129 -0.22862264386868342 -0.5450084728272041 -1.3873788445797068 0.50483471330722085 -0.023542300016139963 0.63902319624673032 -0.73334802622979356 0.23085880358658448 -0.53014569743795459 -1.3984376622749679 0.51343450286239323
81 0.11491084400147149 -0.67620926819165772 0.69447871681544415 -0.21733806715103224 -0.085757723688579035 -1.2886880511323568 0.45506083969305683 -0.11394520181460742 0.67369525955108112 -0.69596929501599802 0.22085725851047927 -0.072555219938098173 -1.3007606147770499 0.46226890627148909
80 0.16168569052272774 -0.69218700469722538 0.68239482626299941 -0.17050568640946664 0.1002920677516437 -1.1837404341677842 0.34190330755379633 -0.16037261461634214 0.69033756509368638 -0.68408634084849196 0.17245448375197245 0.11122453115790448 -1.1958507828619915 0.34596111391055706
79 0.17698674345391288 -0.66298311342164562 0.69674038089813706 -0.20900221430702393 0.24289860047385078 -1.1309238018503311 0.16454560576266075 -0.17688771968250216 0.66062985712703759 -0.69802638462780731 0.21222180109797092 0.25200824081144146 -1.1460898614234971 0.17034987423478348
78 0.097789678976502481 -0.65034145842320501 0.70629348784168067 -0.26199747169407045 0.089994675497981971 -1.1967823815575254 0.50693140482332255 -0.098119177765436272 0.64781812052915733 -0.70771527105727949 0.2642790282656316 0.097087571503451625 -1.2103354231941024 0.5145433093343047
77 -0.082127517719400411 -0.65141638613420527 0.72866969233834222 -0.19481335215186715 0.2316592887987266 -1.2230821833458598 0.59896784385501045 0.079458127492980202 0.64833609482974186 -0.73004127884242453 0.20096379102302689 0.23421509407635285 -1.2382699637860308 0.60321787064019605
76 -0.08338905092429498 -0.69374333529277321 0.71533131085035551 -0.0082198929383036773 0.45180080438522957 -1.1496936183013624 0.1877147961914967 0.082852286073287942 0.69103992197370145 -0.71795441769869528 0.011865034257770139 0.44732741811448068 -1.1640030731075666 0.18671534376219692
75 -0.055081836938943668 -0.71067020824857896 0.70019326625785361 -0.040536850327953532 0.59981606138338717 -1.1015738108903284 0.22150014000262377 0.054106537324076727 0.70785246454633022 -0.7028633125495386 0.044727339808828141 0.59413926448680443 -1.1169154266226267 0.22506661098393199
74 -0.098573470413729894 -0.51770287164509998 0.76706176075077381 -0.36590061876817559 0.52150784430930208 -1.2856791064486477 1.0193162602832173 0.093735694043597204 0.51329696475814501 -0.76833561411729367 0.37067536971215376 0.5019879050699968 -1.2988308834709075 1.0312254554542704
73 -0.084806907489672692 -0.53086708363842516 0.73069311365537293 -0.42080340018574924 0.361167130794465 -1.0929334607837722 1.052589651137724 0.080413555338530993 0.52658846317791563 -0.7324490738997651 0.42397712757779099 0.34447131129456282 -1.1090910429247605 1.0606038632024199
72 -0.11267153102333435 -0.48564971494018438 0.70943811406487145 -0.49814359655369839 -0.10508502832986255 -1.0179971885228392 1.0953887753779006 0.10745388570549681 0.48245915624039182 -0.71095211448671281 0.5002338612224001 -0.1137153553477197 -1.0355867987959209 1.1014421472518574
71 -0.21034479252177676 -0.47816051683955718 0.69250435372046859 -0.49754930255492702 -0.11103288250511849 -0.97947297754679141 1.3815773093417374 0.20377312780798046 0.4740210865850919 -0.69532631662212496 0.50030174421917584 -0.120992610829881 -0.9955245923279713 1.386527371278321
70 -0.18805377134570589 -0.54423689253256347 0.72204407941181026 -0.38352878806617235 -0.61194520590083346 -0.84957667589090402 0.42477041930304754 0.1854766251620531 0.5400469626167711 -0.72491874220112118 0.3852797904022992 -0.61478321748782272 -0.86246550734277716 0.43381514204653443
69 0.059094903629103052 -0.6433283928254554 0.74046801955667996 -0.18531994863881202 -0.39536752268523917 -0.45366601567554049 -0.16552275539058034 -0.061633965596089815 0.64050287925100557 -0.74291082637558836 0.18450154473611413 -0.39101756262569515 -0.46595230626838358 -0.16545709458708363
68 0.16128613934317798 -0.68233476533934656 0.7016945506513762 -0.12661282261775522 -0.22067167107135091 -0.3728708457981384 -0.24167265336061611 -0.16383086973893385 0.67994294375839293 -0.70355564025117345 0.12588288376311063 -0.21153623788381531 -0.38309018596496869 -0.24602635214920943
67 0.21535521921633927 -0.68121515066110971 0.69225939063991149 -0.10171029513722728 -0.17904620100633031 -0.12439641989006432 -0.23025070148793697 -0.21856436941588114 0.67884925575704125 -0.69411127235920911 0.097994111883466961 -0.17344994505230962 -0.12735851030950182 -0.23398970129435198
66 0.32196569722370533 -0.71298928166523545 0.62045658733515141 0.054936301970219321 -0.29670726022924737 0.21354885774973903 -0.21292121418563867 -0.32438238240769923 0.7162022570233747 -0.61556726054603217 -0.053919799350355874 -0.29067729540707532 0.21313587261590849 -0.21890667831515032
65 0.41834375059934448 -0.71585434254465441 0.52123158610277998 0.20213535129515134 -0.4426482932098792 0.38165939814610178 -0.077977382122161043 -0.41943413838363813 0.71887914963563282 -0.5162553979852712 -0.20191120778350541 -0.44087710964815585 0.38448980495731067 -0.081210776990874756
64 0.45245952070093887 -0.62921729268642212 0.55214919963221032 0.30740403715136166 -0.68163379903361987 0.69507766620074596 -0.072813432616505566 -0.45285959746240539 0.63256857640145137 -0.54802191954008561 -0.30732256155256377 -0.68574393245614518 0.69970870155449583 -0.084598876269264878
63 0.48627369803100262 -0.59903542416433098 0.50471840802774814 0.38723865999851897 -0.82658758715279723 0.78722567012952271 0.063896932268460757 -0.48881559356173948 0.60165671449062574 -0.4998501166735303 -0.38628794216321094 -0.8282825392387263 0.79989174408183916 0.051698562857592556
62 0.51283417397698627 -0.57405478992468006 0.45145396530417103 0.4512776588498642 -0.8942688025246337 0.9061290192001038 0.21557794859450818 -0.51497360901663203 0.57656868481372026 -0.44707228061074539 -0.44999678845306113 -0.89742068751570447 0.92276784161838199 0.2038341460442501
61 0.5802507147282483 -0.52325580191975329 0.36029699660380032 0.50960626767432338 -0.77149151082592615 0.97484492398446354 0.44918498619678132 -0.58210107293830171 0.52696554140599561 -0.35620659864338333 -0.50653974981009664 -0.77227265010481005 0.99685740562597713 0.43911457313119406
60 0.58205237438731727 -0.54349167473209359 0.28958076733654353 0.53101300563712106 -0.87223031732270884 0.95467555345602573 0.51819064056555775 -0.58369601326671405 0.54749397503371933 -0.28480488022976169 -0.52766986989559317 -0.87630550067155699 0.97647760025508745 0.50983885440246723
59 0.49079635448386244 -0.63908361596793306 0.46252104187184945 0.36981800395935505 -0.76605439054367441 0.88576824015532729 0.12016367162379274 -0.49267536386115168 0.64116157150248343 -0.45774866380593071 -0.36966063606588251 -0.76680765436519271 0.89873776283063567 0.1174529442272263
58 0.46847475640469216 -0.64589128448682986 0.49248841823588307 0.34757878119792496 -0.50534467456389009 0.76728802148845987 0.19930749973339995 -0.47134008128647109 0.64881786494572857 -0.48693296501863575 -0.34607830541409162 -0.5032265387919288 0.77824453159380269 0.19135646393710282
57 0.57446646304503612 -0.65440549118664459 0.41938284272232218 0.2566315786715202 -0.016654207300940888 0.7467945520733229 0.54682098605613083 -0.57441476443836215 0.65780886115697068 -0.41503719022851449 -0.25510647052909119 -0.014279993400968749 0.75782848826275384 0.54803025406150141
56 0.59698726147853121 -0.65278196660783672 0.40200074184719287 0.23638383459592974 0.16701152205725678 0.7720575661732717 0.62632473204690797 -0.59757743827825716 0.65631010790995759 -0.3967084148571608 -0.23405273144642991 0.1726683727467595 0.78467494648731151 0.63036551470699109
55 0.68395852685476066 -0.63260508141425675 0.17183436689053713 0.32013199600610975 0.077234085373734204 1.0224467443686258 0.60069367459739254 -0.68335539186004823 0.63560594454723163 -0.16649509861039027 -0.31829212024606884 0.074841735808873544 1.0402831532516017 0.60488469460268224
54 0.67799315120089432 -0.63934422477183073 0.1621436204849297 0.32445908141339835 -0.0025196933466581218 1.1264941329353872 0.71071239068506542 -0.67749367722031928 0.64217440047443053 -0.1573372757027133 -0.32227214955103384 -0.0015611658687140206 1.1440978953939089 0.71456126299583911
53 0.65661783791419015 -0.63132334405680868 0.14579328119954976 0.38604166787911903 -0.37698585431470844 1.0602602621287838 0.70041918715176343 -0.65576530186583615 0.63434058933499604 -0.14248932838782435 -0.38377164679862102 -0.37835695935428504 1.0777838280790246 0.69916693684490561
52 0.53949675011874676 -0.70505184791109032 0.44165027805733009 0.12957692796308248 0.18162641392853604 0.77716001507146426 0.32078840163126116 -0.54061122271553952 0.70713031863336662 -0.43720782772655248 -0.12866830891137013 0.18721039599631695 0.78743374997443882 0.32335338041749395
51 0.48882500055560102 -0.73654462416676825 0.45225066938990538 0.11841227756965628 0.084343855214795094 0.49082740454055729 0.34393885272452235 -0.48856290103135935 0.73919736719649931 -0.4486402876913882 -0.1166852018285712 0.089897640818697333 0.49606281483722969 0.34382832755543191
50 0.26367913437707657 -0.67386766929304043 0.68165641370454133 -0.10825992809523022 0.049869862955700117 -0.18642027915887935 0.062234727450699863 -0.26326967333732859 0.67765597163404656 -0.67783844408190419 0.10957420743129273 0.055526335252046755 -0.19467434814349671 0.063605859703642853
49 0.25765863461575594 -0.65288673143302201 0.70249389865289846 -0.11769989924422389 -0.12159584582499273 -0.26762173089206232 -0.0082790672377199594 -0.25523625440971442 0.65729826365916533 -0.69911431535302571 0.11854375181348108 -0.12117287181249504 -0.27917140919259831 -0.0059408622179479842
48 0.35007225127251657 -0.69743451297931625 0.62527217369896482 0.0083203240362336971 -0.038177612909997695 0.29017367774006991 -0.099137249397756436 -0.35087212937696366 0.70033760183556459 -0.62155615528891039 -0.0091617740723879335 -0.036126252899145506 0.28804215955801693 -0.10240318875522902
47 0.31433470874968139 -0.69248211540398152 0.649325636648448 -0.0061990573451253771 -0.050746960110956071 0.13794501539197396 -0.09793054317573853 -0.31453356969179835 0.69585955330741822 -0.64561442551226844 0.005489005210282883 -0.049824715411626586 0.13604822908473094 -0.10157018872705814
46 0.17870587442172231 -0.60169869007957555 0.71670546412650549 -0.30390158685814866 -0.61322364507595317 -1.5993840691614825 -0.064372884966967331 -0.17470775859056084 0.60002479029249622 -0.72048999302845873 0.30056882750637981 -0.61007801199885914 -1.598290023835613 -0.055019516876498267
45 -0.084791471040346733 -0.58878981989141999 0.68126989761906631 -0.426624285559496 -0.70692561654404029 -1.0849978579252513 0.87159113158839041 0.084647169473357362 0.58603522872078806 -0.6834287925952488 0.42699256767550747 -0.69790914327210118 -1.0975883958957193 0.88040532862220944
44 0.13451192392259445 -0.60131403750066903 0.72587324154676136 -0.30567304073745849 -0.73239858330280883 -1.5723061312601079 -0.043754296489568863 -0.12994699314279415 0.59959579833232635 -0.72957477661492565 0.30219083858159629 -0.72756507841675866 -1.5723795559816569 -0.032357652294073211
43 0.034260003272723348 -0.58680904455694005 0.7265063793701193 -0.35590712009799064 -0.94691751108242128 -1.515376019515688 0.21478739323811452 -0.030682885292019395 0.58356383270185008 -0.73082911205556667 0.35270472449990786 -0.93918120272271222 -1.5144449203333261 0.22398016553990485
42 -0.22714501277372223 -0.55571297974427114 0.6995830539887089 -0.38752003546603947 -1.2935215578435535 -1.2705197805695958 0.89938100553906131 0.22778132444239046 0.55151590952877061 -0.70304397343469249 0.38687858714211965 -1.2729102521170694 -1.270694935700712 0.90287474518561472
41 -0.2325726465549024 -0.57929071440690505 0.68763268717266901 -0.37080118636282894 -1.1566618563021851 -1.0016597702603243 0.98193840482166228 0.23250233838231432 0.57549460574687961 -0.69138122313017492 0.36978456661416081 -1.1366741160171629 -1.0090796747567574 0.98309161408941281
40 -0.037254319895693874 -0.64536786207574059 0.71466388905149891 -0.26714783161142325 -0.72519010542242246 -1.1930843816374497 0.40600485441541667 0.037203333720773384 0.64163932209798213 -0.71746851603048101 0.26861463251789164 -0.70971595291690159 -1.2036470212116741 0.40886710836829082
39 -0.0044039069511495853 -0.63677743385519758 0.71876460276166598 -0.279056537556855 -0.44826897984680358 -1.4244176496396876 0.7507840588989062 0.0047779791522073317 0.63391926497304241 -0.720006313081476 0.28233746746416494 -0.43538076194227587 -1.4358190471816001 0.76143918543024647
38 0.095437554885457701 -0.6480477751051601 0.71146931931673829 -0.25443498574235895 -0.22464010150298935 -1.448717143857287 0.54356502144279795 -0.094224723284264164 0.6455638422485277 -0.71268207805597727 0.25778534233182421 -0.21323124543388244 -1.4603973159179273 0.55382039480060952
37 0.2562699808739573 -0.71270572007626565 0.64431266320778713 -0.10600681819355333 0.44202335795496672 -1.1774621941498373 0.078601912529640966 -0.25446084105298683 0.71147328060852044 -0.64561040512098367 0.11064653700082812 0.4555990367181536 -1.1882356685041855 0.086074881820069726
36 0.048452248635157402 -0.63785056235646831 0.72930102265885222 -0.24273248248326176 0.00061586935002462355 -1.3764288568571301 0.68049193330687086 -0.049576219862621368 0.63498024745182513 -0.73068445517248415 0.24585058620927092 0.0065648444128069694 -1.3877004668285235 0.68359667358431953
35 -0.086159771345741695 -0.63331116750911298 0.71539643084028182 -0.28231437379432178 0.12846409915970725 -1.3152564639139201 0.86439397817785901 0.083959876136479275 0.62957054964893544 -0.71726595019227513 0.28656800049666609 0.12728706193467923 -1.3285302601693527 0.87125451573839363
34 -0.031552009964295247 -0.72604896258795781 0.68334844767421143 -0.069944790037629254 0.76977168454870326 -1.0426025932057335 0.28823268759341419 0.03032153736203002 0.72327536049347685 -0.68585740247778026 0.074518324870238378 0.76574228859464455 -1.0591378093786774 0.29123561341392168
33 -0.072178779459376396 -0.72725208834452659 0.67560017490439306 -0.09725753165402129 0.79105284994112579 -1.1359606532306983 0.41744663659852416 0.071590896213903299 0.7241136799334349 -0.67823457805174125 0.10262543177753729 0.78532876699908494 -1.1529703788680699 0.42351004652197932
32 -0.16829888017489278 -0.67478402993841891 0.7028288894430188 -0.14957791292914258 0.68172363765626931 -1.2423787994737052 0.64941346851605386 0.16574347986974033 0.6717553690949456 -0.7052550055857626 0.15456131491744129 0.67407430964551973 -1.25767081589036 0.65612241822561013
31 -0.069440358461102511 -0.62810191707840157 0.72373019017875684 -0.27727356564059752 0.75298450123666394 -1.1769228247211132 0.83555097796313305 0.065315002281029044 0.62414659532727523 -0.72552002868059318 0.2824812666385349 0.7403479207030671 -1.1925713164271088 0.84801882520067939
30 -0.085720834080224642 -0.64545778464130399 0.72959919659574612 -0.2090961481648394 0.63191797511605174 -1.2482613921995005 0.70798269371295286 0.081675833152902319 0.64236548829769824 -0.73129672315017691 0.21424458087114479 0.6255378128358603 -1.2628528980065949 0.71420463769228359
29 -0.12163377237338277 -0.43348422595020408 0.7955473950588029 -0.40546392377833851 0.14940823822850766 -1.3696832049660719 0.96576766809472803 0.11704686068406009 0.42882503084893575 -0.79639609616763041 0.41007607017524672 0.12820615894105775 -1.3782507890497451 0.97189717630833861
28 -0.22396772230346165 -0.52116190844244237 0.69698134260480793 -0.4386863715863874 -0.10766335496225476 -0.98831669512261722 1.2240523067663613 0.21863986140162417 0.51727634888182061 -0.69964946512849269 0.44171531084985705 -0.11541196024525195 -1.0053157228188163 1.2291114157275813
27 -0.13608084972767812 -0.56239631050783978 0.71159127278635359 -0.39853513365681997 -0.54665467162057135 -0.86110499133257301 0.36634421914148535 0.13303457864988141 0.55823746891755932 -0.71440456598381097 0.4003733823338515 -0.54696008985468292 -0.87546151324229082 0.37583271212173641
26 -0.096993607734081569 -0.45934325846796792 0.7314225813170977 -0.49458772578602317 -0.10235688330236084 -1.0232703923465063 0.86168917798862421 0.09199485857104861 0.4563842622875221 -0.73249020213803318 0.49669754872009403 -0.11091696505524948 -1.0395234830305624 0.86730697024522951
25 -0.019877982779446968 -0.4820940472267975 0.72587731739300754 -0.49019620104957762 -0.12779588117648741 -0.99365682213733164 0.54216033470093361 0.016508627659012752 0.47933094518953212 -0.72703263229723669 0.49131747554048683 -0.13343940650261721 -1.0105662936423156 0.54516238049116794
24 -0.096558202498735021 -0.5777987606192484 0.68910356648766713 -0.42656931489624428 -0.38504182175342816 -0.76915823230801084 0.39458132103171123 0.093204606933434908 0.57443602775742353 -0.69245199398211921 0.42643450527700466 -0.38620907764712809 -0.78378647831912585 0.40310900647861436
23 0.12064333011355467 -0.48668903689892495 0.73775337154301701 -0.45199439270683378 -0.025392617428491096 -0.8252901480757957 0.14172740813019602 -0.12130227007803475 0.48519147609932961 -0.73968717063441292 0.45026423397081644 -0.035011264150081212 -0.84077528233704779 0.14891221898722573
22 -0.0030040702931180309 -0.56343662869699507 0.708564112053784 -0.42481412419277204 -0.16882500613213192 -0.8171645505942311 0.36838835525099084 -0.00035810262658409657 0.55983311207879938 -0.71156364031439889 0.42457501594558772 -0.17345345919745458 -0.83169101432768167 0.37183007214713204
21 -0.19900874219769679 -0.54990031316534616 0.69541112637814906 -0.41762247475323777 -0.58331028936101503 -0.97629754501382804 0.49145363075893789 0.19574560393905668 0.54587333691775697 -0.69830200693053734 0.41961919128847142 -0.58470359477882261 -0.98859620408170867 0.49888356514237775
20 0.0045989215365411715 -0.63255446373476021 0.73018323097164917 -0.25823661540868759 -0.40795538413854615 -0.69700905752416709 -0.087738995014228868 -0.0071249052931801572 0.62913046912424531 -0.73306451170284548 0.25838055311098579 -0.40351059553608493 -0.71080745903388964 -0.087187277664631163
19 0.29984498095250595 -0.71364448855579565 0.63303776217165364 -0.008229399506226788 -0.17386001718903241 0.0098089639014261685 -0.31615128334617082 -0.3016674712757022 0.71149867005005007 -0.63462150559450425 0.0046822994455557494 -0.16740843525363466 0.00877642969948704 -0.32248250484536145
18 0.43406989433716953 -0.64443211120299693 0.58773393000200747 0.22552030597035252 -0.59422137922501561 0.51440723292988921 -0.066725265698397748 -0.43252685196834884 0.6484125093310551 -0.58468965635341852 -0.22498832374742439 -0.59814231844785004 0.51462531611077034 -0.075108195601472971
17 0.55569913322707931 -0.56135949457527545 0.37171232040035618 0.48775397696322953 -0.89932093720709916 0.90943761712050952 0.32536215525478562 -0.5575219504997353 0.5641255701786414 -0.36733305477574346 -0.48579629748559644 -0.90295894341365557 0.92815755106756459 0.31596140111510707
16 0.50330257108896992 -0.6432281114299897 0.41032577140413207 0.40568076109552603 -0.8373891824226144 0.93222704867115214 0.13133470501069835 -0.50529859121146592 0.64529784245627086 -0.40552225365679173 -0.40474155955387953 -0.83811180540381081 0.94792200798052351 0.1240956282903074
15 0.46449186343176929 -0.65319806832726035 0.47388564123865845 0.36470809062460274 -0.66709374855651948 0.78234375123583877 0.1629043005544992 -0.46752127811682209 0.65576567715964929 -0.4682747713159861 -0.3634748543108875 -0.6652168242065799 0.79380433855824628 0.15651476144923127
14 0.53410711481703876 -0.63858078259311113 0.46417729913579903 0.30246257449738184 -0.20023183789064938 0.76123367063760128 0.26989781770982452 -0.53621214559528563 0.64146646984689071 -0.45883894115099938 -0.30077255370412043 -0.19740301859933984 0.77463485391947495 0.26554888079947858
13 0.67453547711402595 -0.62658922968837805 0.28098160716288201 0.27099292202794245 0.14676041339759222 0.85856342368415395 0.62517851938782754 -0.67365045450593408 0.63013282141738058 -0.27671493905613043 -0.26936320279444631 0.14815229457897594 0.87435782045041455 0.62722217354456156
12 0.66314626768609075 -0.61014105563410681 0.20092288164852648 0.38418083699445243 -0.095681955064114227 1.1193337572307209 0.82792159103511731 -0.66373465626278205 0.61251385447293971 -0.19561376959335924 -0.38212345819107352 -0.096235977625573454 1.136786705480465 0.83569492347485586
11 0.58509229825146736 -0.69223878441476161 0.37806949237224385 0.18850975257578267 0.1134829442074584 0.95758529141260418 0.33703788937681761 -0.58663133499659936 0.69442661184487808 -0.37223376188741647 -0.18728957278207684 0.11753994161545833 0.97248524470585807 0.34010246560958102
10 0.5151136323027482 -0.73141721818584426 0.4422797560124252 0.063838986354262786 0.1705426644201497 0.6007498923611706 0.21318740544943993 -0.51583527671493257 0.7331717046937356 -0.43848408874528466 -0.064069670282653979 0.17339181012244342 0.61085425174089769 0.21371459508638146
9 0.32556684265930474 -0.71366789093093408 0.61964294931987562 -0.026962710791201831 0.17825420778037918 0.18689506638910222 0.11032769746423586 -0.32707472425332834 0.71670502275913095 -0.61529181484623596 0.027785206309617262 0.18584760661845001 0.18639423384030301 0.11008888891492852
8 0.42689718394061071 -0.67321425264091028 0.60056953919955436 -0.062109523990696892 0.39879992609290948 0.18139018967132747 0.20673989243942573 -0.4275509825766195 0.6769456866188045 -0.59566455322454359 0.064252896415394264 0.40794452905286338 0.17923718946363554 0.20835190635733269
7 0.4265215780008354 -0.74436009566252326 0.51381387967557512 0.0016396760930973437 0.26005295587675853 0.43630272259302172 0.18042184121129223 -0.42769954496587315 0.74687026767422471 -0.50917286570574438 -0.00094621837713501817 0.26838481196302233 0.44030834979209188 0.17929704057999629
6 0.32827709626703272 -0.71502193602353281 0.61654086247246798 0.029242844823160988 0.15889488064855842 0.32781327087134671 0.091124728224723436 -0.3304410805368988 0.71762239082497481 -0.6123762044143507 -0.028673694343896421 0.16618199828929203 0.32915535702641469 0.089654156086096393
5 0.32217937906824312 -0.69799244095355018 0.63804310916083873 -0.043680555482679906 0.13170807063723139 -0.035032049381639702 0.12490669460147198 -0.32301454983719613 0.70197424862813318 -0.63309766660666966 0.045619068311746419 0.14056357504697725 -0.040206204399122494 0.12341320858199284
4 0.26693998744550762 -0.66380210737119483 0.6977756509133467 -0.034913412102055549 -0.17385360691938243 0.10910500193007433 -0.087805256774670673 -0.26722623539651708 0.6668751564902623 -0.69480718942843878 0.033326180255876192 -0.17473824778894026 0.10739082690572488 -0.088809167305403891
3 0.2474724854139638 -0.6583370094544988 0.70453767890948693 -0.09474391770649683 -0.22478355450550788 -0.15743382190173005 -0.11678007390740874 -0.24590544915908408 0.66249925079703142 -0.70128124965164729 0.093967343552243038 -0.22542740931911298 -0.16498795142944034 -0.11528404527065983
2 0.23719631234575897 -0.68255638283389719 0.68817495062044842 -0.065344709049952765 -0.22593116439851105 -0.034356450501447484 -0.1127901941231675 -0.23595026828037333 0.68606670658944247 -0.68527000368216828 0.063600055513946221 -0.22692331018097214 -0.03948301049011553 -0.11341455851504988
1 0.25982265354343131 -0.6959086687099002 0.66688943047072091 0.058837072042229231 -0.1808526087747391 0.20771219975986413 -0.027940211927945102 -0.26115109249355234 0.69871591575321701 -0.66328867941887293 -0.060368068689790139 -0.18197388334039122 0.20803645838971957 -0.031746153062281124
0 0.3076142261169777 -0.69266794135574383 0.65132909488722024 -0.036810610723585588 -0.082782119597719014 0.0058207069735405339 -0.12317873753556548 -0.30643590332781084 0.69642546337507727 -0.64791788568172293 0.035930829773375507 -0.084017766608271316 0.004245839743869495 -0.12560842140951539
