19 0.06947674349840291 -0.73301855232812441 0.67029606616778981 -0.092520093685769578 -0.22003951041589823 0.16330723800595787 0.23594014590516885 -0.067040363031479866 0.73301031169710407 -0.67029919278899719 0.094342274812198285 -0.23546142386067914 0.13183064353290808 0.26924515824443124
18 -0.025469318443417942 -0.69356187292777149 0.69034455283601881 -0.20432239380103845 -0.19239336256429271 -0.025860610928888802 0.19877196296562558 0.026982527248692458 0.69401836349598567 -0.68914644657972335 0.20660984855560052 -0.21042626028726252 -0.064256664468677505 0.24214057643106468
17 0.10684077782274512 -0.78282900583595139 0.61295605602051095 -0.0069763316941961733 -0.34087811055093992 0.34818752902920208 0.3157741217759546 -0.10478033702919801 0.78291307101683305 -0.61320336385710839 0.0070596570288922753 -0.35964021236655519 0.33057429646338354 0.34661397897817459
16 -0.025924947657852214 -0.6954336285700552 0.69461058362089312 -0.18225285310432332 -0.17519196602521531 0.017892856388623299 0.26210655207854561 0.029082621944936601 0.69484102463204889 -0.69424719816210756 0.18539411919787441 -0.19271398186160232 -0.021052264529902692 0.30677387377956
15 -0.067643828267737238 -0.69007058159817314 0.66949860424301344 -0.26645548188525037 -0.20271405860104061 -0.19774610807138579 0.041099225493806284 0.069435668254597391 0.68941519767618686 -0.66769312155128546 0.27216037297931883 -0.2134554686835633 -0.24667952662314707 0.077895321575874921
14 -0.11526012538115361 -0.61952620378929313 0.67454294713950902 -0.38457014806130396 -0.22789116282314825 -0.40555409345562321 0.0065191977586104956 0.11616191804840892 0.61802005837138208 -0.67221876148690574 0.3907423101622845 -0.24407377927491281 -0.46245431843953122 0.047184173212503122
13 -0.13881837284251761 -0.57108667668496083 0.6774953622490627 -0.44225501829294617 -0.19318153340543881 -0.52402623348597577 0.066249882612154171 0.13975837134660241 0.56928391202286899 -0.67410250566998542 0.44940987639339991 -0.21070950817525524 -0.58420160123068077 0.11726127856980195
12 -0.23035461416395095 -0.48737542587628419 0.72507069408086333 -0.42857255461634836 -0.20219147299286766 -0.61137359230807253 0.17576284353451008 0.23073637897952029 0.48634115970610381 -0.72213402171028618 0.4344599572799191 -0.22744347465706061 -0.66851681036311095 0.23015718669290908
11 -0.093693019426261945 -0.47631867885718188 0.73863677287336427 -0.46771556745714771 0.032975268808796421 -0.59029304723041309 0.1109525248286823 0.093270317840577308 0.47585547661878935 -0.73565233903596439 0.47294592635177335 0.014803008492908276 -0.65056750426749621 0.15436839477898623
10 -0.09138570328789257 -0.43194857414299453 0.79461696022053463 -0.41671689317843646 0.14222712308852956 -0.47343620664491981 0.19862593291752162 0.089803248858799423 0.4325363268920388 -0.79147007740095821 0.42240125353988822 0.125575738803271 -0.52952092157041264 0.24247719059347794
9 0.028348585423873106 -0.52823926939985555 0.77644875062381824 -0.34247185230772542 0.18541987021117393 -0.24647103002913992 0.20772176830975897 -0.029273174356323116 0.52922698184498773 -0.77430383076698484 0.34571008173022955 0.17677946711332782 -0.29871368582128888 0.24074250006346709
8 0.132181160522722 -0.59462395947267688 0.73593795215718227 -0.29554325943691434 0.27560290894590522 -0.0087822954700328953 0.05441454195942997 -0.13203212345897952 0.59537979628142856 -0.73485211806649697 0.29678743424879167 0.27783918414439468 -0.052154251594117573 0.073605968281603762
7 0.21644011295470592 -0.62922122535562608 0.69801111138748584 -0.26460312818582787 0.3487915327265721 0.24041214400609312 0.056906687008457836 -0.21517309890368269 0.63043901273588698 -0.69763150385698836 0.26373750881325753 0.35914602682800489 0.20558371241818518 0.067370319457348726
6 0.37462560369500958 -0.73282298909032983 0.56237661638282987 -0.079741238156074007 0.1381476036483569 0.54477845343750619 0.1134058061230569 -0.37374021394611084 0.73388156399113003 -0.56218214453824911 0.075414447394536566 0.15848439650016566 0.53354190783917677 0.11116298414284298
5 0.45499532313792018 -0.76829511175229848 0.43793453280000133 0.10447594058627564 -0.1616944702618669 0.69412996519127268 0.28226921126225918 -0.45344745057983982 0.76862391564220145 -0.4373952172869916 -0.11085174676097452 -0.14581224087477196 0.7056534640381158 0.27854884086297638
4 0.46540456695795274 -0.71597858565200778 0.49864426972739706 0.14875196203903526 -0.22213054055335477 0.77682301039553803 0.35721840756188111 -0.46443496019718039 0.71568514654054105 -0.49790967107737377 -0.15550208428027365 -0.21354619766602934 0.79272457058346091 0.35016585836826719
3 0.36928437015932847 -0.72633185051510285 0.57901061682503263 0.028597246147670258 -0.089493755148983334 0.68470979796074616 0.14565142586054425 -0.37020847969053366 0.72589800259700676 -0.57853405301230509 -0.036278380559984523 -0.080367349321893045 0.68691824217454633 0.13938203177981245
2 0.25345848620983397 -0.70122749976274412 0.659595963144748 -0.094720403017845123 0.0070878084036687826 0.53805037231934316 0.088140753860187507 -0.25718632273172559 0.70206901398784471 -0.65860036321983861 0.084851968536769504 0.0068679413049480553 0.53322240906156315 0.088879879061183775
1 0.1929395625485078 -0.68438404674889797 0.69047684330845982 -0.13279506999123536 0.042389477465635268 0.31633557441095611 0.048733989431071933 -0.19366425137565568 0.68646298492363722 -0.6897524914715174 0.12451597719839544 0.04113536588080019 0.30096348640387643 0.049091396012106589
0 0.15727957113543059 -0.68498452388345721 0.68545857626507523 -0.19027842433724471 0.024944915786571032 0.10415843145783665 0.00030029734849398333 -0.15385696465792673 0.68822227537311798 -0.68470706556074012 0.18399556646207005 0.027226875870346706 0.078083625765936027 0.0021874543331917573
