20 0.70063627944006368 -0.15477496780232733 -0.10279498142816702 0.68890253669685164 -0.20626018776529115 -0.86332040422379619 -0.60251258785359219 -0.70003584860749601 0.15506629909881384 0.099876019468244995 -0.68987610067559157 -0.20439498662180644 -0.8513655418982663 -0.60589719178612178
19 0.71347539990737818 -0.15616410154993868 -0.14324994062798527 0.66786606563306272 -0.12181719228267229 -0.69633760675029988 -0.86338511994529199 -0.71351535261892585 0.15717791942748768 0.14244837717931441 -0.66775699401841981 -0.11045828815026493 -0.6808128879353923 -0.86739598100564075
18 -0.61268724817973197 0.037532755009307368 0.35974401700205327 -0.70270183609450265 0.37794197285456982 0.097596273985833357 -0.89344033182594063 0.6125664102859868 -0.039343153218192435 -0.36184332507828726 0.70162947299873235 0.39565696887757351 0.1349275150005862 -0.8839202337063039
17 -0.56317102868797275 0.014874024140621035 0.3991246385504062 -0.72340630267810235 0.45158074029462081 0.31243416640006333 -0.80145378097697695 0.56319563857855126 -0.016548077223249885 -0.40158889404441622 0.72198559127346429 0.46488556906599143 0.35582206793763183 -0.7845457973271408
16 -0.50183739442158981 -0.13597567718925427 0.41346750088292356 -0.74747205331484001 0.16616050773592622 0.67689395786504891 -0.7880265718804742 0.5009902119651255 0.13457090918862671 -0.41737505002306846 0.7461216693901378 0.17299282172503161 0.72838735531882381 -0.76682022736234545
15 -0.69424538388273038 0.11480285104267508 0.077752518757081265 -0.70625646770625983 -0.34349265666158713 -0.90818443909845514 -0.59616943069260819 0.69423790568247112 -0.11575363181794693 -0.073514353719503892 0.70656242953597181 -0.34622764896610025 -0.90096641615779638 -0.59191903868023488
14 0.68567155032511173 -0.12961167253083505 -0.22841847097183851 0.67888168449104935 0.069787724033269105 -0.41664504489380305 -0.90934094221163553 -0.68635076612188595 0.1295305117868514 0.22826388777800224 -0.67826253758895472 0.078952831123349831 -0.3900233040227512 -0.90956993790717
13 -0.53610527299160682 -0.20421491511774262 0.3824736364039793 -0.72429367122042798 -0.34076013972289682 0.71238723653530323 -0.94432050554172875 0.53554277329499766 0.20429704978391297 -0.38580813178544354 0.72291682707578331 -0.34055275049239953 0.76216742160972828 -0.92731621555161858
12 -0.51253772615531312 -0.22794584246278862 0.42028023560653183 -0.71323929766242455 -0.2843923112151201 0.87356117494599295 -0.83803682464927387 0.51293667506222973 0.22859078306443814 -0.42262702809047181 0.71135688399108588 -0.28661369041706664 0.92563407791871821 -0.8150699941765529
11 -0.55096171492239021 -0.17768312760915003 0.39302443870256581 -0.71442402355697898 -0.32047260541980416 0.61763091870134501 -0.9827955188790557 0.55126188004228105 0.17773497902976723 -0.39499472593249269 0.71309170751527684 -0.32028390243943061 0.66485153977865608 -0.96724000236187901
10 -0.54179813798061749 -0.10353745545270422 0.38763627530602746 -0.73856136580922238 0.025547128818507615 0.44735756244822988 -0.85448361021111274 0.54350471972785663 0.10466978956741659 -0.38819429394159038 0.73685279733244347 0.020103898817120047 0.49302570462795892 -0.841909896032492
9 -0.5306528000274825 -0.042099189704988965 0.40851478722633622 -0.74145190853257437 0.23734228690687059 0.47046954554723708 -0.8091200942278246 0.53126142242097085 0.043829190782035669 -0.41010969480525034 0.7400340136165251 0.23542762359682445 0.52013372392257784 -0.79629841744150909
8 -0.60949159021532984 0.067193441495450243 0.3434535478233442 -0.71136819113897953 0.37504417061097617 0.1276413466650369 -0.79794455335020376 0.6104909702945539 -0.066047706932758382 -0.34511938278644866 0.70981059954246895 0.38464782161886912 0.17260926041215394 -0.79223137326730164
7 -0.63392518384048269 0.091813426851510269 0.34906340333413793 -0.68400577219449132 0.44963900028198406 -0.043932025929327705 -0.75965914081831043 0.63473792174018717 -0.090578444829880686 -0.35047898626380503 0.68269158206663416 0.4613293971063599 -0.001698046934522579 -0.75212882718834972
6 -0.6265142495854733 0.076635257981148064 0.33120515867867251 -0.70136301240167331 0.52333690882956119 -0.14943804131548907 -0.75091027810462996 0.62577057471999731 -0.07902672816894965 -0.33309558750084828 0.70086610250245385 0.54647438850444452 -0.1168712755106362 -0.74318679901770501
5 -0.6301643244234717 0.20880724939245129 0.23440922520173735 -0.71017235370393661 0.36385825215695056 -0.81764028886172624 -0.71089946408474103 0.62887524972644659 -0.21001776063329367 -0.23749835846768888 0.70993167997014273 0.39015473770120757 -0.79907294234096171 -0.72074470483376507
4 -0.66657571522241865 0.23977713083673477 0.16306218364797215 -0.68672736050588423 0.11119622375665957 -1.0103578320783089 -0.6557310687082708 0.66628043912946633 -0.23909922416594789 -0.15486018962207432 0.68914458505229703 0.10603504152423782 -1.0128178019151883 -0.6545786441700896
3 0.6886430258332612 -0.27023164777429243 -0.20757095808963397 0.6400468239669288 0.16067218878964001 -0.89773245551744985 -0.77837348538262841 -0.68911415322111624 0.26887404206114263 0.20036791903096668 -0.64240262325059583 0.15872530729198608 -0.89472947531579106 -0.78326502868971781
2 0.677532875085469 -0.21556075534674718 -0.24429536746349001 0.65939558488712735 0.26864164505574983 -0.70060707897092511 -0.8841608330796451 -0.67776074562747357 0.2141109503087559 0.24124746255197371 -0.66075451905878513 0.27683328445002986 -0.68459390357738592 -0.89297339879749549
1 -0.64195536467695635 0.14651583583229894 0.29482489174657345 -0.69246278081891177 0.37262865324971262 -0.4368269839600577 -0.97354959639025884 0.64241916438024438 -0.14463158947979754 -0.29340535251676786 0.69303147091315198 0.38044540591399123 -0.41197612635289083 -0.98318065106679242
0 -0.62552244353655662 0.11445649486905747 0.31661406758134542 -0.70383017527237324 0.37912403000364392 -0.22407070100911 -1.025576363027846 0.62629841590162894 -0.10987385566121208 -0.31514766045514536 0.70452819829365088 0.37604697591449554 -0.19276875461587623 -1.0380887782357782
