19 -0.4346149588345305 -0.10877986703296467 0.6245782263688443 -0.63967086633009851 1.0613356297253262 -0.9718668897482613 -1.0026107230240584 0.43321385500852561 0.10511786877862855 -0.62486904372093044 0.64094825664119037 1.0789189946448321 -1.0045488468522041 -0.98180213541402583
18 -0.21453642390304345 -0.4164452943406719 0.67541019669330971 -0.56953358622921402 0.6309829648840336 0.60701419914112975 -1.2023387721713399 0.21509540443946959 0.41697827110390667 -0.6757899948032039 0.56848128495149575 0.61809317176597678 0.62519579357218924 -1.1971723927533953
17 -0.26097336782485103 -0.39359953535229975 0.6652881059406639 -0.57824220111514957 0.6221294078235442 0.42188352362362563 -1.2561586463379701 0.26134692839856777 0.39394729989279342 -0.66534718070522969 0.57776849780116435 0.61045689170959783 0.43518928067160928 -1.2512050369996641
16 -0.27179239933696236 -0.38330167799158871 0.66313082827317194 -0.58263729704270306 0.63493760804913668 0.32575096208004301 -1.2753341452058564 0.27222759537161662 0.38311073651004324 -0.66353467308148284 0.58209968004420809 0.62454865041687757 0.33549054156027669 -1.2705419077517437
15 -0.45385683586960773 -0.10329406326280695 0.66471723812726247 -0.58437599400176565 1.0699594337713609 -0.90559212994269667 -1.0142292551839032 0.4531162032469232 0.099896351397390878 -0.66471569151040211 0.5855420350345738 1.0863320307997348 -0.93655040648379195 -0.98947371096421122
14 -0.40195575519164423 -0.17203079811163419 0.7211794822475025 -0.53734265581155305 1.2301721026627657 -0.50305711463872926 -1.0561201330612824 0.40112563251464767 0.17040986510072692 -0.72086219758012116 0.53890295686332468 1.2515771753648242 -0.52424349309782237 -1.035214765471304
13 -0.24805375276937305 -0.34319265425912826 0.71313055035749007 -0.55868860373774298 1.3320476136565338 0.27573369260699682 -0.96172067359019109 0.24711659392359719 0.34357106791648739 -0.71276474494114317 0.55933775902160543 1.3532091570412728 0.27688500940555505 -0.93965637313268147
12 -0.15173115577953697 -0.39580216246122135 0.71445478492406611 -0.55666207420295233 1.3338556465636442 0.75689640353634879 -0.78817554177642901 0.1501008207084073 0.39675144151136077 -0.71408841602831497 0.55689834923035286 1.3544405201945133 0.77489845189984896 -0.76301104656882446
11 -0.03267734729391264 -0.46451714995951277 0.72951370242790126 -0.50096483542985359 1.1154783606904388 1.3185755470585538 -0.52202540835357525 0.033548125870515977 0.46760162985420084 -0.72688853601293635 0.50185286212319347 1.1157821514916346 1.3437138184923265 -0.50779702987568776
10 -0.044359758756569868 -0.51265964713303547 0.72566138229199639 -0.45675798433586201 0.87515196818447039 1.4884274750363449 -0.63073340024350866 0.044149513243336193 0.51428124132343245 -0.72334280284058006 0.45862927826507066 0.87651772377987314 1.5160914240151304 -0.61934769035125292
9 -0.087384302355041535 -0.54636563824946605 0.71802049216353836 -0.42225009872752772 0.41620835898171682 1.5832937319217586 -0.78809798237079087 0.087923758062284418 0.54879835409489686 -0.7161098498402384 0.4222279742896346 0.39344046633953589 1.6190896145325002 -0.78013746886112489
8 -0.16048097934677077 -0.49992515686946548 0.69364046284444103 -0.4931364933787511 0.51675544943544593 1.2069131582523287 -1.0577212171531376 0.16041868420384875 0.50097189652529972 -0.69360952369797568 0.49213700662073528 0.50364117551547594 1.2395682251871274 -1.0490749519254976
7 -0.19508210303042289 -0.43776933348870711 0.68512634205827483 -0.54854615043032473 0.62329917059872653 0.79621096580425677 -1.1457729837579143 0.19454148983987116 0.43853518640299005 -0.68554805930001317 0.5475987193258981 0.61191993774006592 0.81899131690940974 -1.138124614737019
6 -0.20065928947730569 -0.44105876991869036 0.6864151413800943 -0.542252030617147 0.61563430311755674 0.8414480157476838 -1.1430986426772647 0.20026862691419184 0.44186206590204835 -0.68699277147486726 0.54100954125778511 0.60457222640229968 0.86749467694740345 -1.1358913909802624
5 -0.27677192861750938 -0.364705869098019 0.66691603607480554 -0.587885983334415 0.66277702876146938 0.2399025898408689 -1.2794588805400695 0.27653708875910876 0.36423456737101612 -0.66769092315738776 0.58740892877613016 0.6553547165736362 0.24804135458244114 -1.2739257045993662
4 -0.27396309681518627 -0.3514336314172834 0.66997061411890013 -0.59378278899732173 0.7005721476760377 0.19089066823528472 -1.2800687660331636 0.27484364449268028 0.35109543797309645 -0.67015193942530704 0.5933711676522212 0.69013885013742826 0.19397271631006063 -1.2772443939999976
3 -0.28319556847453092 -0.34294526250973612 0.67260467394205481 -0.59143196524183372 0.73722011447146718 0.13079626017661738 -1.3082914334920051 0.28338135639097894 0.34239206617618267 -0.67263785605380244 0.59162572161203208 0.73162624264668952 0.13092064346987664 -1.3070446152293025
2 -0.25656693095164085 -0.36554175384429405 0.6809541757490597 -0.58039128755384661 0.81610615224541838 0.21978539818793752 -1.3088823669820695 0.25836174804812118 0.36482228073164052 -0.67990703757904125 0.58127474646484989 0.81133520205487919 0.21213193049718382 -1.310560864385097
1 -0.28582191585847394 -0.35913654543566187 0.66410187047363478 -0.5901656375806289 0.81566617485735204 0.16634142601120977 -1.3504667024167039 0.28583976504978359 0.35824360704731634 -0.66410227748284711 0.59069900268081388 0.81729061843644679 0.16689314637683239 -1.3499340106657445
0 -0.26919096842247453 -0.37792844466822823 0.67701689414871735 -0.57127439840032135 0.79706844752368611 0.36294213817522991 -1.3398429202888855 0.26830385337283236 0.37673013669946087 -0.67846499487363765 0.57076501040166272 0.80245754697830951 0.37697441722601033 -1.3367517152270374
