38 -0.62795397706551515 0.30095902937353514 -0.34093782214136609 -0.6315527426586357 -0.81831009115851527 -0.56495007369650041 0.008200418541305517 0.62469817807220462 -0.30485146121189 0.34346597983630273 0.63154484686784695 -0.89179415355579916 -0.58067347871025277 0.012304284389831555
37 0.63665224176777024 -0.31128764498982314 0.39180247470807189 0.58674078257897955 -0.8136763044325982 -0.53481412277164764 0.098233472698731422 -0.63408112678171047 0.3165837047777616 -0.39384437369094571 -0.585322553674818 -0.87805476126960258 -0.55320685562591965 0.10398812316889117
36 0.59765062788267609 -0.46337274756224628 0.34031344381037976 0.55882571860104713 -0.66868574709643303 -0.69598428837200998 0.065727771903059576 -0.59439116106556866 0.47004429130786057 -0.34232863282331988 -0.5554895309592548 -0.71729286643014167 -0.73472366950422563 0.07185218683073874
35 0.69069850556535772 -0.48052310457648811 0.27332065708902015 0.46618551970903349 -0.53417526439588781 -0.42672676094263384 -0.15435802193136369 -0.68588542245051731 0.47968105406869121 -0.2824059814984296 -0.46873674408065485 -0.5764200059924921 -0.42151736071825374 -0.15612160971227759
34 0.70985542416709635 -0.33626428200411279 0.13409066097155437 0.60419475673744638 -0.52482854495272346 -0.29029579075212109 -0.2857625806499407 -0.70734165238559044 0.33715774509261631 -0.13611671833906183 -0.60618865109228948 -0.5604712320641525 -0.27554967019517396 -0.29157133145064568
33 0.74760257192259116 -0.18657544096445017 0.085209693772356515 0.6316797506417865 -0.57787937107772192 0.065270227881392376 -0.29452859287438449 -0.74756796919614787 0.18461225617300486 -0.086273281932675486 -0.63215296181163727 -0.61159463810639547 0.096337495067141177 -0.294378892848842
32 -0.60544122596725813 -0.16580540138655059 0.18891043378517405 -0.75515716164081081 -0.7397516277521754 0.35413689104694701 0.0050321290169988596 0.60379897456429732 0.16812427014507675 -0.19318123695792841 0.75487882324959488 -0.78858264043670057 0.3951992553876309 0.040126363698981038
31 -0.50056733436609535 -0.23130545220275617 0.24620648887683672 -0.79706492607681578 -0.95328766408095189 0.50036894996952308 0.2028832541293753 0.49221587348171414 0.24526745409344089 -0.25047140328883177 0.79676313041560765 -1.0266904998668416 0.53107144077792867 0.26902752909819583
30 -0.6517968518648829 -0.14417777115536801 0.12219978974599356 -0.73446636790920072 -0.76359648077367748 0.58516964136856686 0.11311405993614039 0.64936241780653792 0.14966369246933411 -0.12744124286323508 0.73463457522387687 -0.81363232648468653 0.64313881935967565 0.15373392288366139
29 -0.67594976014523844 -0.10449464371837595 0.13559746566838285 -0.71678875444448475 -0.71139925762281142 0.53180405018190002 0.054608870252276495 0.67540095696629987 0.10950565339415784 -0.14146368633797071 0.71542301098818251 -0.75398039965296348 0.59366578033563755 0.092389747720427406
28 -0.68739889073399285 0.14554900674841079 0.04376016081548114 -0.71019947900405478 -0.41876895422474347 0.13586974116523839 -0.10456838344322289 0.68770921133442764 -0.1438995333478848 -0.045902420925599402 0.71009994557189593 -0.44834872969356787 0.17560115553108557 -0.089081315223785706
27 0.6835248219202007 -0.28535220076934287 -0.017300940404107457 0.67161642088038942 -0.14672917886025674 -0.017081782701352358 -0.17736048755729067 -0.68415617823311625 0.28476946934940595 0.018319460937850789 -0.67119376521453233 -0.16397051648949829 0.012002533682078709 -0.17088336083273015
26 0.69252930429307247 -0.45895211928961432 -0.062542642692651806 0.55304116731030439 0.13925593293762489 -0.20842365555644402 -0.15609463883406566 -0.69299657815606952 0.46082587085862786 0.064117777440986026 -0.55071242044046387 0.14202340869233754 -0.19066970627089258 -0.152158217756309
25 0.80923498161162344 -0.46910234545021101 0.076526803784260161 0.34529028705092751 0.14139945538819701 -0.50327300243582784 -0.088506782452446253 -0.80766968081301449 0.47315846145575496 -0.075937695750447787 -0.34354653747685848 0.15839793957176873 -0.51364190236305207 -0.071366633128522317
24 0.76563409282123029 -0.48417393851572205 -0.0017118570754495127 0.42352934103476059 0.32144790284507907 -0.36686084324488016 -0.059604822926230386 -0.76479078972961478 0.48769830159855804 0.0032301399495279224 -0.42099285119647917 0.34648778131801672 -0.36446822956970315 -0.04210162720305255
23 0.67414271371419787 -0.39584286237840832 -0.18859964796860451 0.59436537805986278 0.46949255148410901 0.18981886469412151 -0.10363200124745456 -0.67476924389549076 0.39567060621453864 0.19019749814234968 -0.59325892371789746 0.487701392630977 0.23219849824460059 -0.084848397253365349
22 -0.60947547114354106 0.31862157969380051 0.25993006112692918 -0.67783206058015366 0.3255507363306076 0.40716139224555992 -0.1057330867291211 0.61177647427343151 -0.31624351508478016 -0.26003528133636078 0.676831764290589 0.32579244945828267 0.46024367877815209 -0.085992206696437368
21 -0.49968977018507088 0.12568903981224791 0.37343684438004848 -0.77139958653277596 0.01485748208649262 0.64428382947387275 -0.029815784987617711 0.50190726818653941 -0.12381618516534047 -0.37157391336559897 0.77116241696467647 -0.0074834446988276682 0.69496211603629821 -0.0023713517586898547
20 -0.59217684681960414 0.07422281734578598 0.35142653824984316 -0.72132998252518021 -0.10153198943008661 0.70077202262311178 0.061661100346281916 0.59453950174549131 -0.070289968945653536 -0.34950476093590166 0.72071389830707455 -0.12929471577779261 0.75904528296219553 0.098765814092935722
19 -0.61939218270706742 0.079616619292894167 0.33695195024041724 -0.70461187980541784 -0.067490732042745666 0.64249537585333427 0.03680384633487345 0.62012170168960745 -0.076351038676914493 -0.3357491718795042 0.70490572956159825 -0.09235672912007864 0.69691182913181327 0.069618557148691806
18 0.68846137414314434 -0.26443210109953458 -0.068589237755204174 0.67185721450705504 0.037206775182403354 0.14376951949880887 0.12940897518643071 -0.68884427985911001 0.26511767423720545 0.06996035021118964 -0.67105270009945339 0.034864892467252218 0.18695657847431324 0.15284714420961043
17 -0.61200170720754643 0.39411322280556293 -0.25514617045562216 -0.63641897338678743 -0.67535269506056661 -0.63710316056164029 -0.16279035318593277 0.60614520007856798 -0.39804526284373459 0.25907590555768362 0.63798717879659717 -0.73596208581190603 -0.66212119554105853 -0.17390419151799272
16 0.63900749320196115 -0.49344170012380228 0.25582173497865696 0.5317329706941134 -0.50808829808526712 -0.66267705112396602 -0.081352262385526133 -0.63501951797522804 0.49624199557494247 -0.26015212084727668 -0.53180350472422788 -0.54254434113276795 -0.69486154219124896 -0.081219933113180487
15 0.73785151715493558 -0.085061586526621658 -0.025330596384830595 0.66910240323624814 -0.57723865093627924 0.28171439346742616 -0.27510274664713791 -0.73858984082914469 0.080646600383559516 0.025847907720645252 -0.66881466680764268 -0.61796900489386175 0.33226598370130578 -0.26864977643992605
14 -0.5999812013455228 -0.22448096463573983 0.20148024208593127 -0.74097001734023271 -0.85509020440143668 0.61255068657376155 0.23617827593692808 0.59195465316727713 0.23811826435731415 -0.21099139302805467 0.74052144657744368 -0.91555517259206631 0.65840515738602434 0.30383485654794296
13 -0.68221565031915532 -0.013174421846156924 0.012978679604515464 -0.73091709170353591 -0.69747896471997817 0.27764668577691159 0.076386858910821823 0.68304788210169332 0.018779497286420508 -0.014312109021384436 0.72999183884028507 -0.74551753384606989 0.32885227691232566 0.10987947649970781
12 0.80986584822596253 -0.51025660838741571 0.24930882178078273 0.14697146953232676 -0.21400878086293315 -0.55054588127199577 0.014312139831221175 -0.80838095877677729 0.51387810697204717 -0.24835328187793621 -0.14411857632665503 -0.21215326043386451 -0.5687222526925102 0.030685933268008725
11 0.7230513227627321 -0.43764236424570785 -0.12966513450275693 0.51851026852211135 0.46699900204195521 -0.039820659192820622 -0.087548091022945321 -0.72289330715173916 0.44030426026636976 0.13007274066146812 -0.51637051329769101 0.49219772205662027 -0.017010719364609184 -0.070657877908687272
10 -0.51550731210274692 0.03919120213755159 0.41443722380566073 -0.74897132679954548 -0.15097878441096518 0.77127376336178988 0.060810982701980196 0.51839585366448848 -0.036140922952661449 -0.41223692715404625 0.74834503304437439 -0.18181743698756669 0.82601092098960505 0.098386583344380441
9 -0.63649869725162866 0.16224394500830508 0.23448896557385782 -0.71663186904380949 -0.05151617052582888 0.47731413203525769 0.038928681750133198 0.63818288040445659 -0.15909499563610202 -0.23328051850569981 0.71623431445856567 -0.072099882044687424 0.53137818269023029 0.066142289955911648
8 -0.64370572656096159 0.18516086434032192 0.17342940702789647 -0.72199766806224619 -0.0091950260543845249 0.35627185360111291 0.079758328049324062 0.64465968885445846 -0.18415687434916361 -0.17386671202645773 0.72129778707904557 -0.022386504794953854 0.4063901759066304 0.10563251312925492
7 -0.67531662849427287 0.23630780517435734 0.072089398507540217 -0.69491667926135403 0.056874800932561413 0.25885621238118817 0.1683003791655221 0.67617130098393485 -0.23593687149946896 -0.074641213647867147 0.69394153472602405 0.055590544877709258 0.31274536429097877 0.19451368298926619
6 0.68946659967261248 -0.27917407181429743 -0.068417170708555713 0.66484339232239298 -0.030966897479575362 0.06777854704909704 0.045731606577010933 -0.68996754710982611 0.27866806812118428 0.069678387797521446 -0.6644048570102381 -0.038356399530538557 0.10783102510667444 0.063427905999524054
5 0.69756060235109341 -0.36820471703565988 0.030920183534602783 0.61390425527964498 -0.086930949535644064 -0.15009853196870218 -0.012121691822122336 -0.69781909883465487 0.36833862877047052 -0.032938799098708102 -0.61342497126463202 -0.096398697400007727 -0.12387315866684925 -0.00054955074592966113
4 0.67704885712402663 -0.4183017768484858 0.06736153788126123 0.60173988713290427 -0.08254591039036295 -0.31942520649711015 -0.037872522208588083 -0.67679289413996835 0.41925684739922919 -0.06974984625545326 -0.60109070305391166 -0.090427489811864437 -0.30488690139945079 -0.030397434636264542
3 0.71699339840430154 -0.45468034288427961 0.11167061841208187 0.51644547187747514 -0.065366114142160536 -0.47412547992380932 -0.078089335422090345 -0.7157793781429872 0.45729014827981718 -0.11446675959426313 -0.51521157116222727 -0.064354483421232622 -0.47276424594378447 -0.076342641402459055
2 0.69533880730944619 -0.44123109009291922 0.056682727469184999 0.56445206757664079 -0.024573965377413732 -0.34369143804184427 -0.12659970213100799 -0.69470040144782541 0.44221720277723697 -0.059565137903682668 -0.56416955974478245 -0.026664817323145407 -0.33436338868619564 -0.12619975579933396
1 0.71855212037625027 -0.39187832292937641 0.068994369074162593 0.57039811303765076 -0.027751703404138753 -0.28122200756979515 -0.092230898312567894 -0.71790365776932263 0.39431170618917227 -0.069051527005314736 -0.56953007220149976 -0.023698258634172742 -0.26801780107401407 -0.091418088291983834
0 0.69113308069515256 -0.33941605521189921 -0.020786920707681754 0.6377301232972401 -0.014532742284674381 -0.095999744793255182 -0.10118081261866185 -0.68956399840823734 0.34993988314931507 0.010096431055755903 -0.63398866895286432 -0.0093320084313878171 -0.10467066340451014 -0.10160635342716628
