200 0.75148194465254825 -0.001092706075222257 -0.085652716741389814 0.65416917152176801 -0.16260587052512307 -2.8817685679790763 -1.0136512162029128 -0.75022523909843775 0.0047247966217145235 0.085753469952615069 -0.65558074202012784 -0.14488953484682821 -2.7006330204598128 -0.97379716670862482
198 0.74334292110290745 -0.19650140825800591 -0.054645077945116249 0.63705762192692517 -0.14187573388273172 -2.9724560592516847 0.0026999297678388118 -0.74175358524357471 0.19850360505624051 0.055212357805802498 -0.63823940108982846 -0.11936157957770277 -2.7962000037529058 -0.025463620464195813
196 0.73413718007642437 -0.20761500008242903 -0.041621827093900728 0.64514047778725991 -0.060951656438342924 -2.6806492601637069 0.32368772271398344 -0.73172934431463932 0.20956955881109532 0.043310822762828848 -0.64712977007722172 -0.038514999918658255 -2.5272869675061802 0.27199412085429486
195 0.7515209218086728 -0.16420269292868056 -0.080169476600209622 0.63389796871457216 -0.45221821309328458 -2.4392921405566272 0.36326695589536989 -0.74930245488549185 0.16562934792322964 0.081718235087122504 -0.6359519480773268 -0.39852224731636854 -2.3001797707337346 0.30043072326858988
194 0.73038803475388514 -0.63218249169149154 0.12507897736998658 0.22634899007323153 -1.9656813144702729 -0.31404342007706476 1.3846201251833989 -0.73467101646734712 0.62799374724429868 -0.11896951207740923 -0.22743923623896134 -1.8505384106080278 -0.36655521655304946 1.273302956648688
192 -0.6692679270328159 -0.048363529966285325 0.20310911187614819 -0.7130835150859115 0.29246475000692329 -2.4037820730765675 -0.31218935767022088 0.66708333563995015 0.044933575401952051 -0.20267710036367945 0.71547382209361499 0.29339012621367822 -2.2438913168392332 -0.32294850770940275
190 0.72713874310624471 0.25062350543339784 -0.064662602004610228 0.6358269062411086 -0.24169021113595696 -2.2882383579365997 -1.2425059852264808 -0.72680793569172319 -0.24145464250145823 0.06458123971929973 -0.63974928191155278 -0.21971343833273416 -2.1591890464095584 -1.1708827760808402
189 -0.68548492808708783 -0.064622770464463936 0.19794881804383493 -0.69767512234419304 0.29856621441755965 -2.4446865601539467 -1.1050653875375331 0.68472674425169844 0.060085358843044792 -0.19678962549622822 0.69915154198229867 0.28891789881028318 -2.2885556561612215 -1.0568156752790268
188 -0.69841786046883003 -0.010912972962403641 0.14141567607881175 -0.7014948365871525 0.23714367770038186 -2.5074487401238579 -0.74644883378972315 0.69688003333092885 0.0078374187800072503 -0.14234182164380454 0.70287666046232722 0.23574216429095118 -2.3466023844791901 -0.73330446548202166
187 -0.69888162236924223 0.095913439285303145 0.052376223007581865 -0.70683931790928267 0.20037890921104978 -2.54731942503689 -0.056570484807560183 0.69712353899104562 -0.098201376352958072 -0.053761223354205814 0.70815605054990827 0.2008611711279118 -2.396545926560635 -0.093161532280543469
186 0.6792122341000093 -0.3264167120056744 0.081780612766358896 0.65225363360263289 -0.12963847236646731 -2.1403729060955636 1.130438205875381 -0.67531909044327976 0.32815049592611939 -0.07755253876458372 -0.65593214728161542 -0.091340464738442595 -2.0469139577956401 1.0308000062389004
185 0.63987024319089547 -0.57186293390511667 0.21880499052270014 0.46439555642428088 -0.87816000611266098 -1.0267032067808664 1.9193001182671836 -0.64246940617698833 0.57038496028549968 -0.21303893919794484 -0.46530470617876996 -0.82554997269049579 -1.0306523917556705 1.7744302520396467
184 0.66051996160064563 -0.6142317216977502 0.2602146371579982 0.34455930548460084 -1.1410481895834323 -0.57627281314307544 1.9063825457072687 -0.66463865684384515 0.61112843840973941 -0.25490081425797056 -0.3461257899757057 -1.084198255855565 -0.61253676442672378 1.7792106940015744
183 0.69683882002300379 -0.55706353750936821 0.16256249149090959 0.42150837529847979 -1.0710245993702647 -0.91191816772557088 1.7528641613886986 -0.70033506020895797 0.55287668640012655 -0.157479771436422 -0.42315280297507646 -1.0050090369330951 -0.92587161943955198 1.6198021974680414
182 0.70255164494645217 -0.47978094356931233 0.12002822263143913 0.5116880476840473 -0.84043730999126931 -1.2819120405977991 1.7649166139337498 -0.70427002737123168 0.47626559899656157 -0.11618335863953216 -0.51349414303788199 -0.77924753396627722 -1.2631221244220578 1.6200200544979282
180 0.70089322767358575 -0.35318055407158483 -0.017351539790851966 0.61944418932933565 -0.32740423336960861 -1.904588107645153 1.5738263135269168 -0.70042983229699407 0.35131170320082272 0.020792999491268897 -0.62092333536008948 -0.2860206624377728 -1.8233336696504678 1.429917638287943
178 0.7351433086705933 -0.2783006396749752 -0.14399477990264217 0.60114771315720905 -0.25871233159389478 -2.2929449003196436 1.2992207925168211 -0.73392223666621992 0.27777525118282903 0.14517101063371837 -0.60259807336960014 -0.22044977484229733 -2.1655228136732605 1.1746134906402581
177 0.74003046257420579 -0.23201088918229495 -0.1528400655412514 0.61250777638197762 -0.14274198185235482 -2.289023450132047 1.2264397164797165 -0.7384917492352131 0.23227317727426222 0.15429883725996685 -0.61389818068687629 -0.11424137967671655 -2.1581529038479355 1.104463216254727
176 -0.68644383117531671 0.15347141267463255 0.18872812626269445 -0.68529051247655393 0.30571174880600299 -2.3250528116142144 1.1679371262425964 0.68548318510385819 -0.1539920438911255 -0.18967231205111004 0.6858743816467342 0.3030515217428702 -2.1810784784273838 1.0404632859477339
175 -0.68653777907435831 0.13277887768110311 0.19530618362118604 -0.68767080946098125 0.18087598698410554 -2.3476274167841642 0.98769128421110464 0.68475633426599669 -0.13377609166384374 -0.19557830208041263 0.68917475848806642 0.19180242719612828 -2.2014224156626088 0.87717807024189653
174 0.71227308369451514 -0.12016225824378837 -0.17257414475070923 0.66966129535879615 -0.0094131380587490782 -2.2707596651525668 0.89315913703856464 -0.71031848677058484 0.12087339164537571 0.17379407781301312 -0.67129195515901618 0.013102561169604954 -2.1316172095697929 0.7855996352249246
172 -0.65662191692054406 -0.021005268099649751 0.19517989755471987 -0.72822472116935255 0.39667070242935693 -1.6802426908402743 0.098548454794991552 0.65467687087699489 0.019230212915668909 -0.19660506132517155 0.72964021511375732 0.39048750620638639 -1.5740982566722916 0.045219290460568828
171 -0.66102227491131338 -0.021553128197374538 0.22039829544200401 -0.71694463252209328 0.41851481081087394 -1.4546387676027048 -0.022351591050332353 0.65916907154329696 0.019736091830569513 -0.22210890284619847 0.71817425258530487 0.41254220012477916 -1.3719828867304233 -0.064892508601406718
170 -0.66340799714917587 -0.0093077466998696505 0.22846652892382616 -0.7124649046313708 0.39996558189909892 -1.2559098318349204 -0.034405597825464769 0.66232410667794916 0.0079487573327272475 -0.23100355426351893 0.71267170063623519 0.39406211878844877 -1.1880883180827111 -0.076836144142455431
169 -0.61735093123545803 0.060913918975606225 0.35012328908571561 -0.70184115340833797 0.6706328789185475 -0.72305130670502571 0.039619457925463869 0.61705506742009342 -0.060133556679033022 -0.35208242100490839 0.70118825428813059 0.65311658272024276 -0.69495908492532654 -0.0043896240311060986
168 -0.57983641010665798 0.061942111580754203 0.41243457301795566 -0.69989330280196049 0.79528975503486565 -0.5458264200535925 0.32330350973984157 0.57963817705241971 -0.060187626927314698 -0.41373594459119689 0.69944235032019353 0.7700188251027188 -0.52606854503756306 0.25364586959420571
166 -0.58869566052600641 0.10994785791232758 0.34722974474933765 -0.72165115684771819 0.8109672027220558 -0.76617498642341886 0.48897810721523038 0.58785713488361113 -0.1083958699038611 -0.35022546530646231 0.72112165950350493 0.78678729904865108 -0.73396716514146787 0.41412109553057252
165 -0.60200068006730423 0.11568515336492739 0.32068698354797542 -0.722060928919671 0.78383511204682155 -1.0450984517470339 0.57209301471838703 0.60138124138488824 -0.11463826363687359 -0.32368989113791014 0.72140385734747858 0.75903841731636845 -0.99181189444387652 0.48989010400412525
164 -0.59313381164685264 0.13389264198304895 0.33792268526859581 -0.71838241952663107 0.67211692503654907 -1.3218545499708754 0.70904470304669598 0.59271958827590665 -0.13208360413055356 -0.33929881218439178 0.7184105561892753 0.65684322156048047 -1.2418912120457808 0.61711021988558379
162 -0.61166823280648153 0.092949036009676536 0.341720545120902 -0.70742456751412075 0.64655465613288932 -1.7552217402818564 0.72816694810624449 0.610370024027032 -0.093381126551339677 -0.34120188213648484 0.70873808603726351 0.63189306554591695 -1.639957988559996 0.63354685532696919
161 -0.61078609038612841 0.10316824511600362 0.33252794358825877 -0.71114121784880235 0.63184058958959988 -1.8796095996570832 0.80555232053944326 0.60952865038767257 -0.10358383331194208 -0.33144458913210639 0.71266380444641331 0.61764725621377536 -1.755252021682836 0.70356893739001691
160 -0.62719212892231657 0.044375834757139264 0.3434207091908057 -0.69765538427391516 0.64908429464585515 -2.0086188630144521 0.4267750929353028 0.62494857547278537 -0.046194817633519659 -0.34185430226820684 0.70031489549991699 0.63335080684207234 -1.8711055881685938 0.35697849549289273
159 0.69490200753949483 -0.14080425619445081 -0.27143884606072222 0.65085045456259072 0.04310598046969541 -2.2104321014142796 0.67152221072496021 -0.69281004135101054 0.14149494506164795 0.27068246945958579 -0.6532414774434282 0.070813646278759523 -2.070706725423614 0.58094910609512596
158 0.7363842452783802 -0.20441646940337402 -0.2125745272644475 0.6089041145375409 -0.44038658468244629 -2.2157022826397275 0.87806058848927715 -0.73519074294101761 0.20403176769651316 0.21286186926995862 -0.61037319229744158 -0.38525030765330115 -2.0848903227173929 0.77428959584257129
156 -0.64722865091465964 0.20651091794786758 0.29901981453217086 -0.6701010854495496 -0.28995287158868593 -2.4803816864973962 0.48308873865382462 0.64685469717932165 -0.20477301236152748 -0.29831547578460899 0.67130834275527673 -0.23317318492683103 -2.3198927354186774 0.41552112732346291
155 -0.61836798666240567 0.1838655290530673 0.33058647949367204 -0.68885925984420016 -0.086107564227240502 -2.442494553994667 0.3454913920231123 0.61798085041315343 -0.18250062315462354 -0.32953102865257122 0.6900742657323109 -0.042727895270578742 -2.278053864705798 0.28853812469959284
154 -0.6093784952394089 0.12800471624213158 0.3632807343203609 -0.6930366153611115 0.13311468196582463 -2.0425164655054111 0.086240480160688276 0.60925571722214733 -0.12708271143144342 -0.36180172682293926 0.69408714579316222 0.1591512512634834 -1.9028807408337198 0.0453644809738174
153 -0.59636730359662937 0.12299649293081895 0.36940124268848779 -0.70196910461059925 0.19754211077874448 -1.9534153065193658 0.059545365748407554 0.5958676040232278 -0.12232495035691254 -0.36774437858211051 0.7033793265493764 0.22137493409838527 -1.819967306050958 0.019700476517304111
152 -0.61031954862694315 0.10314923986965255 0.37034789801378704 -0.69261296357697966 0.17342296631795567 -1.6541546957594673 -0.0071019708043051685 0.61055856385270435 -0.10200475989217132 -0.36852283143090192 0.6935446573794759 0.1959402622632016 -1.5460018688343036 -0.050386272596760762
150 -0.59520413664028371 0.060015109931019911 0.43479639291621652 -0.67311389750421036 0.27379270077258144 -1.2311061768611173 -0.22383670267880795 0.59508156284930891 -0.059908219483463351 -0.43249153791362066 0.67471476079025905 0.29209756203271731 -1.1496928893655654 -0.25132198837220798
148 -0.58505590634366522 0.051921453313281032 0.43813251946953485 -0.68048045124125867 0.27144227224065287 -0.82974149467242142 -0.16353013099774094 0.58555122933638737 -0.052137234559395201 -0.43503151033210952 0.68202569717959149 0.28721505524252322 -0.78433596460436283 -0.19491157084087085
147 -0.57968102715602754 0.10182697749482721 0.5113193744576856 -0.62622174244735496 0.52850562419957559 -0.61872733514342637 -0.063791464026310946 0.58093700548504246 -0.10270926951468219 -0.50903190103321316 0.62677709382550451 0.53180550982226737 -0.58909701515699764 -0.09654358839176691
146 -0.4824654073934555 -0.34939914368573255 0.52098088074865589 -0.61133157202511523 0.78053727927168404 0.94844145563993376 -1.694025568468533 0.48118470908154271 0.34841034978695534 -0.52273699445982635 0.61140619765467719 0.74483064815090838 0.93389255953762718 -1.6268942089636202
145 -0.52588245326397798 -0.092484746871811921 0.51174775853050514 -0.6730590231057908 1.8183526918786823 0.18840269319180727 -1.2836959875163274 0.52216423582186677 0.089442231444580661 -0.51517687769127096 0.67374875343487883 1.7482026305367562 0.19764518312508272 -1.2263713813416643
144 -0.24996999867541872 -0.12704609817510604 0.66339115475398602 -0.69374812756134063 2.2450823750510298 1.3692379242908161 -0.10566845189472231 0.24698330664302812 0.12761370501795402 -0.66882362719177557 0.6894845496755555 2.1274317317749425 1.3413837337645806 -0.10509547485322646
143 -0.015040689440743707 -0.33139251352161075 0.70109974982596457 -0.63119879628920872 1.3593450406337437 2.0705059675420929 0.58355971548008179 0.011054828531953989 0.32909295640386871 -0.70282869931186709 0.63056120736616794 1.2702169277683097 2.0066133633456111 0.55629563647388558
142 -0.098122975333635773 -0.39831502392639628 0.71759076640003427 -0.56283258203803477 1.00099892561504 2.0662568396712517 0.56486308245224437 0.096318572280944037 0.39788764082507655 -0.71836999155123693 0.56245240967666887 0.9320095213481423 2.0018799770880156 0.53254255407622964
141 -0.091712766944812132 -0.41211433052865315 0.71668338693867395 -0.55508149837511045 0.66753533520604502 2.0645473776561838 0.66514616242733415 0.091428760254260222 0.41249293536546222 -0.71649662248649271 0.55508823626285031 0.62013308736841566 1.9997269485415314 0.62087978927097254
140 -0.16133723897658511 -0.60015517318950862 0.63620032645218094 -0.45720149609928229 -0.36605932342638775 2.6382384337649771 0.60689168591364495 0.16169128276769892 0.59987651439623735 -0.63757741926405154 0.45552072510188701 -0.35573629428907516 2.5282947594389835 0.56559111934995965
138 -0.60958240476385983 -0.16271112311798713 0.35341364995857516 -0.6906758821900113 0.88106791874948232 0.84614106503991893 -2.0015038122911917 0.6083936737139285 0.16671075251305456 -0.35753638138882599 0.68864533597838662 0.82109462815926548 0.80384866064211369 -1.925053382224351
136 0.25524717285209714 -0.61913523574777629 0.62516483256371258 -0.40086078971650729 -1.0958310753826557 1.4074659572873363 1.4838936868294108 -0.24958629791659595 0.62345780431900089 -0.62295081987977452 0.40117243441833772 -1.0755003775004197 1.3763694961754269 1.3961893297598618
135 -0.0068793344964191809 -0.62329882930163261 0.66546790245283838 -0.41061382703596305 -0.047047876857356855 2.3258247390903284 1.4803124494204694 0.0067828216530456207 0.62403515503504137 -0.66447123980106371 0.41111080025712321 -0.083725928839502473 2.2380452802010637 1.3920308063388163
134 -0.18096438043569316 -0.44524926043591184 0.61206112797828416 -0.62800172349504724 0.50173816107606617 3.0524380116909562 0.13992830747397952 0.17713903829883154 0.44538763389026964 -0.61633738696590867 0.62480384291089974 0.46622811594240687 2.9275130439141526 0.1524446164564317
133 -0.15753239700869376 -0.43666232029239205 0.6194532832288111 -0.63307755593339887 0.50250767877058522 2.95626545331853 0.215045575681823 0.15428773068380591 0.43643779858590975 -0.62376934397909933 0.62978500270950433 0.46813138576404256 2.8345626888052839 0.21815874843903771
132 -0.19319638180860316 -0.38941093883621142 0.58539347442652989 -0.68436010905779754 0.73733895392604942 2.5979853413300611 -0.11037197360080807 0.18910928331027113 0.38895884454102153 -0.58932629807824588 0.68238054677179916 0.69310065000395582 2.4968601408849622 -0.09553256024618284
130 -0.48260404192973061 -0.27644575704293689 0.50570608667912198 -0.65949407580487984 1.2715730157004295 1.1332589477046173 -0.50855315896896081 0.48054043424438592 0.27626162504478763 -0.50852173114047017 0.6589127821963463 1.2019587650477348 1.1047568576459497 -0.5051701664717978
129 -0.42327123694865937 -0.43034450042357925 0.55674941875283268 -0.57067955600802378 0.84908994081250289 1.1935146943814208 -0.30315523414687362 0.42510614674483699 0.42997444032312704 -0.55538953239435696 0.5709196195396935 0.78178472866736382 1.1652033079520343 -0.31508748916853901
126 -0.37958818546886475 -0.38545110747441408 0.60883766521099481 -0.58022146687245701 0.94703194548283431 1.2273474286402286 -0.40464034029587859 0.37954056434842054 0.38413655949303988 -0.60857605198084341 0.58139767167605905 0.88599546637825188 1.1961714494391877 -0.42066706829150569
125 -0.48148619668572629 -0.22414110084820976 0.51930734751474661 -0.66951601036036845 1.1718846770265354 0.91391383048308195 -0.82014165001940598 0.47920816157318075 0.22391371028722551 -0.52348808649155221 0.66796887017919782 1.1156569807165724 0.89645233305180749 -0.80611371090611783
124 -0.59376670242925422 -0.038559154631574132 0.39145128037669352 -0.70194030356707315 1.2104925694172832 0.41270384371316687 -1.2527007139319875 0.58974651761961272 0.039045285160951827 -0.39762313426150314 0.70183356557113918 1.1666582222141741 0.39470010351067852 -1.2111206582734795
123 -0.55244027872383439 -0.15662563154915141 0.4147018355883475 -0.70590405689797353 0.98033295065084347 0.93514939667803509 -1.3661027360495177 0.5491111827024705 0.16028983452078557 -0.42078505646560477 0.70407671047665754 0.93309187202777366 0.90328449170248559 -1.315113888918864
122 -0.51598567710376875 -0.14594304541434203 0.45964958600341738 -0.70794185255982667 0.94545374632141188 1.1203340335100311 -1.4776272093358973 0.51380344260074629 0.14885089718016872 -0.46274214476335007 0.70690815544884977 0.90491635167443363 1.0644298273151249 -1.4229866311970909
121 -0.38369035812173419 -0.3420839517280479 0.56759483246655251 -0.64311459726226483 0.19214186526115093 2.143473056236429 -0.99465716215073807 0.38001325377228051 0.35012890778887501 -0.56773367513652662 0.6408417503595929 0.16219154811888803 2.0527005768889737 -0.95883065804080125
120 -0.25333459795145769 -0.4551016347393117 0.65224581541735005 -0.55070816210488105 -0.26648221140820572 2.3346649372897703 -0.14133447929683629 0.25115181193530117 0.45832250636568039 -0.65031243902126912 0.55132293546931643 -0.25892258448072702 2.2282065196084146 -0.15824753999872243
119 -0.26990810195365994 -0.43817945241309281 0.62595393609057215 -0.58594372927394311 -0.2394582552451788 2.1395827718939988 -0.34314920589181513 0.26909443759180818 0.445008634345954 -0.62542400151222766 0.58172185565537304 -0.23913777817697479 2.0564013559401721 -0.33527500458042869
118 -0.23743338085456472 -0.46656959086266753 0.62758015093738961 -0.57626500907795641 -0.37973775251863379 1.7756500082537032 -0.14123193701071876 0.23779898000052929 0.47155036904550923 -0.62781711735202828 0.57178454134712464 -0.36556251488935487 1.7172057634599884 -0.14138288972724666
117 -0.25475715495387008 -0.46196734754086749 0.63016650592572054 -0.56971496084904882 -0.32356379210576941 1.4392327022120741 -0.12382380700841721 0.25695179954736724 0.46568565151809388 -0.62894375060654117 0.56704709262328046 -0.31034398015524189 1.3979621806300786 -0.13454853438361525
116 -0.29004331030146552 -0.47042697960416607 0.65098033310776571 -0.52038249482161625 -0.18121403972227543 1.1432638492114711 0.055108502840529858 0.29358637771735191 0.47203791354778468 -0.64771542479622701 0.52101053297731115 -0.17627619193523358 1.1248192722939483 0.022715803223092301
115 -0.49660474740750088 -0.26397888873002051 0.54259375010134003 -0.62393180196890141 0.96541632420057422 0.51591309474854141 -0.96664881298011884 0.49634020986531402 0.26278374501309182 -0.54300222186596436 0.62429134743032944 0.92071929375143391 0.52394324487878086 -0.95108482573667175
114 -0.017560441375156801 -0.5738203052644496 0.6282191481056838 -0.52513102185863403 0.33192839044699801 1.3515053328932143 0.2495417761622469 0.019283935303666372 0.57249111028668864 -0.62475854518645024 0.53062116307063045 0.28440476301387285 1.328992248796836 0.21198703499097249
112 0.72282580275975361 0.056194073615737868 -0.17539176772856069 0.66603514379365714 -0.067014781436982473 -2.4708785688762043 -0.69845879646583775 -0.72203982233742592 -0.052432719320609389 0.17504791334608769 -0.66728369749062888 -0.051959315359624947 -2.3099571662855318 -0.68425218183948266
111 0.76636499984936024 -0.46271139140746509 0.17232551248350478 0.41095835922262858 -1.4139734831518942 -1.0669634933627634 1.720600019702526 -0.76864626402189873 0.46101408679888911 -0.1661101332332113 -0.41116463395507241 -1.3345793673082282 -1.0605456888647518 1.5702776852599358
110 0.68488447682861842 -0.67481441996440139 0.20455330501772631 0.18362107017884471 -1.7222317954871718 0.055875414765700945 1.5305641340426588 -0.68970452092363632 0.67095711639027455 -0.19819030729327622 -0.18666768300308878 -1.6332663927337334 -0.026424590741191856 1.4311833940270045
108 0.73433294267280724 -0.11074572869310606 -0.045389867614151584 0.66815437796941679 -0.37586788437062274 -2.3835812332518098 0.90344157223297794 -0.73324498896054313 0.11169500663057105 0.046917576898666428 -0.66908501151647937 -0.33979822132049864 -2.2460139071921223 0.79200999399853744
106 0.72169975691460364 0.13265210409049294 -0.0097492529433159739 0.67930687632086795 0.11068530272132941 -2.4152479683203745 -0.54119488574569852 -0.72013464585944653 -0.12686884577037336 0.012712254748854892 -0.68201817159441069 0.1040099935545522 -2.2678398718675825 -0.54188891695734132
105 0.69526490775138972 -0.20622681832745429 0.05415479209504355 0.68639964011145049 0.060281709559135137 -2.3859525988030938 0.66826743754119355 -0.6941049798869825 0.20751482159233339 -0.049769756202738283 -0.68751643404584428 0.069666716277388741 -2.2599557799058445 0.58832140600156979
104 0.67652489854820608 -0.60534853913526154 0.21685316735389829 0.35894555523049188 -1.1655293210141002 -0.67714556485708777 1.8053831582895958 -0.68058414510064158 0.60126596906102114 -0.21212752133825913 -0.36095203362445033 -1.1019702977493215 -0.70703450039360316 1.6803825106793455
102 0.72899847520978756 -0.37868319860102712 -0.062641679096772082 0.56677709752515304 -0.5188736397498539 -1.8665178771545612 1.7046487534942829 -0.72947682270651215 0.37613139507163212 0.065075630961846737 -0.56758602962933913 -0.46904615924282922 -1.7862130726626475 1.5536678537046917
100 -0.69527959541889794 0.041456511732594667 0.1557081312154123 -0.70044458717481883 0.16442510082641759 -2.2007511919629064 0.67952090393271147 0.69351769941285879 -0.04304435576715291 -0.15728540323745166 0.70174189412213284 0.17075141997513921 -2.0621154793079395 0.58551747556097222
99 -0.66337305091195675 -0.023430840563526095 0.23323023084605904 -0.71062708255015283 0.33842270426470961 -1.7983944256458695 0.062772446367877058 0.66146293940717205 0.022012527389795471 -0.23464942857947105 0.71198446197656939 0.33666716622347881 -1.6774505650880078 0.0087634102659208679
98 -0.65865094777772693 0.048548606100417731 0.28000084499005135 -0.69672195935112124 0.4697161429387629 -0.98875460386025049 0.0013955502146257149 0.65787366389228563 -0.048001674912831617 -0.282078225171429 0.69665626850451834 0.46013563400410806 -0.94407070721394037 -0.042633762283895038
96 -0.57254914354910114 0.041751380711816465 0.37517832827002412 -0.72779497279546856 0.91198185973904877 -0.55479317199239342 0.28818159261007686 0.57189652305511796 -0.040834011596226981 -0.37780549247801887 0.7270006604315209 0.87773147242162941 -0.53366705578351037 0.22326179361712217
95 -0.60427566666634547 0.12328377458451117 0.33086002339034021 -0.71427142916491038 0.76614892966756021 -0.90443632764565296 0.54398874500491978 0.60369522517398 -0.12175983167136431 -0.3336905292969426 0.71370669686575372 0.74247137911747707 -0.86269489668777521 0.46179556082878825
94 -0.60852770473761608 0.10369769525110616 0.34387895659684053 -0.70759316261270178 0.6449966529680905 -1.6020285497835109 0.71632059702838957 0.60716463106847152 -0.10349041360336746 -0.34412781198622588 0.70867262829127509 0.63191742093076364 -1.4977160098181996 0.62328101040428763
93 -0.61730541504154746 0.090547561971593499 0.3684879729167177 -0.68916745236343813 0.54863857514088765 -2.0707364179710823 0.67966242839913227 0.61592355980830948 -0.091728646796091148 -0.36588049617597446 0.69163247924605209 0.54198037060297644 -1.929619159603718 0.59440786195661133
92 -0.66027300765098362 0.082500047968263907 0.33153285255094406 -0.66881930678785917 0.38105532375327145 -2.1434325207559199 0.42306051993805005 0.65758615888119698 -0.084157143685910207 -0.32945732686988238 0.67227664587300195 0.38808387279934298 -2.0016374377357931 0.35292545467078895
91 0.70260254631981156 -0.27199281340963638 -0.15345013295348864 0.63939238973808932 -0.70753077514832097 -2.2709010231668345 1.1956038791249106 -0.70192108632956762 0.26979104267565701 0.15372060720830752 -0.64100667451861271 -0.6274597689388024 -2.1436161193160732 1.0779016073791423
90 -0.62390789039236583 0.1582064490866619 0.32817787483940869 -0.69138191055264475 -0.051085529984977195 -2.2549719631528178 0.32613846059057222 0.62397192917699729 -0.15717156296356627 -0.32670745212970681 0.69225600186465808 -0.015309959909074244 -2.1059474854032612 0.27014693672211543
88 -0.59542114199745977 0.07295716352655178 0.42949887148697069 -0.67504195080307472 0.23958642572813105 -0.93447282426336786 -0.15418209030019475 0.5968678855051518 -0.072631285272788365 -0.4275282290826789 0.67505039588882576 0.25683617542502901 -0.88026169156557432 -0.18735614633673592
87 -0.58121272111913203 0.057243697791795042 0.48362028816042163 -0.651940448777376 0.356109331896867 -0.74107676776276732 -0.13742008420044668 0.58203144528880946 -0.05781360669328979 -0.48041802660356103 0.65352544196111717 0.36743364057698003 -0.70146637922093769 -0.17251637206873305
86 -0.15871234883486038 -0.61983310205805553 0.69058113422481904 -0.33721656687234658 0.094437247378176367 1.8826290211041905 -0.11995270056303371 0.1596732344649292 0.621348376457041 -0.68770527953886806 0.33984128908076272 0.062539572579355163 1.8296895532280031 -0.11069473973952459
85 -0.12430166885674379 -0.64063075167518757 0.70604105555470575 -0.27504065699221458 0.047214808191424554 1.6727309128831309 0.095711905062328934 0.12626704443801243 0.6407844477195358 -0.70351357675993798 0.28021522507547203 0.022661604713479 1.6306945803046233 0.094894725288960036
84 -0.16147533124823243 -0.58097708122769498 0.72373232183332536 -0.33556351830937525 0.22955270839515537 1.4637981849640822 -0.082251278694348798 0.16421880391378899 0.5822144467221313 -0.71971481254622904 0.34068917075644423 0.195218117432163 1.4385381540811031 -0.083133819294331168
82 -0.13159039457375868 -0.38195504440974187 0.68522777821276337 -0.6060174948559448 0.86771021309854546 1.3165906675875561 0.41772155485853435 0.13261945049838769 0.38043120971872441 -0.68304764270058482 0.60920447620041973 0.81641693066674037 1.2912858015124433 0.37433881192064078
81 -0.24927274082832565 -0.55481213745202951 0.68635757517889384 -0.39869771984599439 0.26484101276424171 1.2017570860234223 -0.10503331467258036 0.25092657777860544 0.5540860132521721 -0.68372414735113629 0.40316973201319661 0.23778475737293769 1.1926624487058988 -0.11177667208879782
80 -0.54545067927294244 -0.019068170372271511 0.49889186682557324 -0.6732212612318732 2.1632495589560548 0.015512676031381751 -1.0440263510391192 0.54130178832492837 0.018540894431937498 -0.50391625913074134 0.67284248749137265 2.0686738625806562 0.04321717182867113 -0.99387148830627225
78 -0.1010467423167966 -0.37088077399412228 0.71605621528217933 -0.582666717690692 1.3465643916713026 1.8983716160744251 0.41358031100966325 0.098492475739045557 0.3697522172794816 -0.71589254669705904 0.58402088286575826 1.2561937709769389 1.8428920241235596 0.38167010796500378
77 -0.08844238995346905 -0.39286559586539221 0.71053247762918137 -0.57704260282823727 0.42965516927687303 2.0252188765259342 0.60462953506950001 0.091218169045630029 0.39459853266041439 -0.71044498844145831 0.57553380618051175 0.40418491088019337 1.9606619466952349 0.55311559335373062
76 0.041003281407669845 -0.63296827428816249 0.75631422460530084 -0.16018329600227277 -0.35841853357280012 1.5811063676425932 1.9269861305123588 -0.038329541948299337 0.63321807761163051 -0.75562849110902863 0.16306837775656313 -0.35010143610673428 1.5438180193533466 1.8362851518840817
75 -0.11205729502843773 -0.61735253932024392 0.7412912225147863 -0.23834078175648163 0.0047992117530867764 2.1723389906901178 1.5005906736440122 0.11146610350480024 0.61851581495669772 -0.73949979414897549 0.24115046935789319 -0.018289916690726216 2.0973150116606387 1.4202037437335526
74 -0.33726056295381784 -0.53933369322398772 0.61667361871746229 -0.46377594591284915 0.085452667020122941 2.6987025622419227 -0.15942276612128123 0.33699492388326885 0.53893626118436455 -0.61886696895259119 0.46150384873472144 0.079542123327172476 2.5822161479559935 -0.16168237007415343
72 -0.044494077425375408 -0.4600198689286995 0.57287840608519014 -0.67691382694267532 -0.58864571441566382 2.9868760623730148 0.026858557483023127 0.045996429908617201 0.4617518688522958 -0.57289941388342436 0.67561512832314741 -0.55270714027676604 2.8342095065141102 -0.0091542795020842505
69 -0.43425819640741431 -0.37671079298076071 0.56482579217477447 -0.59201403851507106 0.61231364154397994 1.9822836083583164 -0.9840323461091286 0.43094810778879244 0.37588720866216746 -0.5693554739873784 0.59061567791418423 0.59263714149038815 1.9087461360019267 -0.93927127102210539
68 -0.027458216894262859 -0.53747932510669749 0.71693223471382794 -0.44313676470822666 -0.067716951974698791 2.1626831599208849 1.079419055457159 0.030228411104989694 0.53894273188246689 -0.71615891265464882 0.44242896236395091 -0.078245476497258437 2.0911995863692114 1.010537897529403
66 -0.13040317584042171 -0.60554120469275508 0.63031544007886331 -0.46799284946264652 0.23527154343205595 2.7577116431007207 0.93752079536558952 0.13177504508245905 0.60649133247687737 -0.62897255438716648 0.46818492815512625 0.18353034067532548 2.636527647810464 0.87129600678001395
65 -0.15513648182044329 -0.42905418881070972 0.60458778216178888 -0.65293092186926549 0.51377713019891813 2.8078137629522608 0.13332374552452642 0.15185050880601461 0.42834117938018751 -0.60870120894322888 0.65034459731252969 0.48097830368994465 2.6945182032969015 0.13758973775260763
64 -0.29517012086148242 -0.29733503541415923 0.52111593585749938 -0.74357558987720973 1.0329312635274084 1.9705859380321733 -0.3680588691013772 0.29287363759384211 0.2984591127519105 -0.52578222929470586 0.74074303086548343 0.97572521956391967 1.905093593876253 -0.36164975654615716
63 -0.4142638031622462 -0.22729888586679728 0.52725946299286319 -0.70619981347897742 1.3935038053391005 1.400809494843019 -0.30466355940820022 0.41052447522827262 0.22791150775190658 -0.53333826268933149 0.70361658410268413 1.3293670459876665 1.3701150595149336 -0.30494580539928506
62 -0.52240859831810227 -0.43358701995783849 0.48360210239382512 -0.55246769958764907 0.91549016237656367 1.1081423375615962 -0.6130194710076794 0.52053387728444489 0.43179802310745707 -0.48607060752151504 0.55347115041651429 0.85203219058974833 1.0850374776974532 -0.59841244828729767
60 -0.22117832605463528 -0.50858714093574864 0.68508579129772407 -0.47230999007054775 0.68467499407337418 1.3019457641947574 0.1863597446764175 0.22112027747112223 0.50763642002125586 -0.68277068061933943 0.47669202389561871 0.62592136743367988 1.29002064726504 0.1575991423790164
58 -0.62430783276194401 -0.0092476560836328853 0.34992243559194747 -0.69836129609138742 1.2057564622831016 0.082325956987872886 -1.2379900787939271 0.62138462557712948 0.0083761625694782609 -0.35591872288092341 0.69794903087531612 1.1624555223985809 0.076416854282233659 -1.2004643842680789
57 -0.52553196407808211 -0.18378318974090146 0.43670286105076089 -0.70663321819100378 0.89462840553405498 1.1103873661290606 -1.3662968051278628 0.52249382972929337 0.18692480056815483 -0.44199503907149545 0.70476925462420592 0.85252647633897105 1.0664531246216136 -1.3168814129578266
56 -0.45770045479585358 -0.25417763440294211 0.50354174741909474 -0.68727704199625217 0.50652040696865541 1.6653810711581305 -1.4012162370168069 0.45525396642773053 0.26116447021062311 -0.50496216738742639 0.68523729835642799 0.46845844542376058 1.5923558098729782 -1.3487131756638249
55 -0.29326250768069478 -0.44986230916190351 0.63285888435068305 -0.557772925914086 -0.209325725529484 2.4464111192629843 -0.28776283898082716 0.28984439451407018 0.45853464390092608 -0.63195677117363624 0.55350415235950612 -0.22220606917584718 2.3402870986070989 -0.27534754064700007
54 -0.26925756029539999 -0.45211607209235821 0.6117188442037369 -0.59067036426892994 -0.34235989083773172 1.9628051146231968 -0.31085869616850043 0.26880098960474086 0.45870483280910118 -0.61120144642719287 0.58631791395998967 -0.33522628447603431 1.8839493956968776 -0.30343507063042274
52 -0.25647058158045433 -0.47405142987277432 0.65570609729549889 -0.52872260835798146 -0.30914775173880743 1.2569925985515069 0.05291883128000463 0.26007439927214293 0.47520523875818627 -0.65228871995519433 0.53015159503600806 -0.29329323101149019 1.2288013926945676 0.019142337001586185
51 -0.56334300518318314 -0.18466531468267666 0.42577630434321445 -0.6835626662743971 0.95956823348018028 0.25356823821087804 -1.0987377923040293 0.56171973841329037 0.1828529746982189 -0.42911586544641178 0.68329737241050059 0.91926878626641617 0.2585779348879903 -1.0740397956906929
50 -0.6243115873672217 -0.085754193523910921 0.34749108608697493 -0.69435668446568533 0.96239550337798052 -0.0030314852144507731 -1.0935060569132249 0.62196086482555424 0.085718278789359309 -0.35284477295948002 0.6937705856419768 0.92229502069166092 0.0090176932897829687 -1.0724206320235723
49 -0.59165423669208606 -0.15925185628367156 0.4114618905083906 -0.67474678445604408 0.94233228514414802 0.13249556458422113 -1.1347862521929131 0.59063316418197931 0.15838964120924132 -0.41424314103106996 0.67414227506862667 0.89666661212080001 0.1401614546774419 -1.1150252552505977
48 -0.1288414819451647 -0.57229424418175778 0.68126271353797452 -0.43790442535955365 0.5396263005331946 1.4108829552188824 -0.008437899911835061 0.12992400393863016 0.57187817735409707 -0.67861174886049103 0.44222301814267501 0.48357336115010341 1.3934419183503657 -0.018935612764970244
46 -0.30054993000928271 -0.37388554263585466 0.61286033984060651 -0.62791842179519075 0.94960120720374963 0.35190784421123611 0.2315656194440564 0.30182823942804393 0.37050898094275425 -0.608941660302731 0.63309783072782877 0.90196050949132811 0.37305559183747738 0.18746597584789182
45 -0.55054569896437355 -0.014747397511564186 0.47758037551323373 -0.6845428639194947 1.0045008463378868 0.078452284446323545 0.2963002433858325 0.55123042845355008 0.013743163194129252 -0.47824687163659707 0.68354668456671142 0.97584964012230913 0.075366199257974387 0.24599208521249771
44 -0.44605949983865395 -0.15686086466247154 0.56788206678155206 -0.67374739329287547 0.92991013777106279 0.15448261608816044 0.3714200388553725 0.44733002206538475 0.15429570352896749 -0.56616185853844192 0.67494402521081764 0.87310747549969747 0.18665070802451922 0.28404212021185238
42 -0.087623757812135439 -0.37974932980339904 0.6473311289259952 -0.65503811576437776 0.35246015740815612 0.90014320409262538 -0.050370478026879925 0.093298815915721173 0.38006706272926061 -0.64372309504830116 0.65762066244797424 0.30422920233933759 0.89650515990693158 -0.094960175343993036
40 -0.60904941938494883 -0.16281562024646928 0.38878755675329396 -0.67185870111535961 0.30427185677805896 -0.28816312460855531 -0.49223649863341146 0.6098876744420223 0.16078382945655842 -0.38673407828647938 0.67277212891208082 0.27874973741670717 -0.24574240935725572 -0.52281815039490276
39 -0.57190823469036345 -0.19740723872681226 0.40900413759473303 -0.68313027207260801 0.29677503224996371 -0.11335590756634173 -0.57769685947600335 0.57394992274840317 0.19523805549278983 -0.40605055586690619 0.68380299351836205 0.26682291313501638 -0.080701271431821375 -0.60374826078461297
38 -0.34075046956998084 -0.53129569906534102 0.60787451454698427 -0.48177024836199456 0.07771782266185806 0.68092836488056918 -0.26184870844143909 0.3440063086931614 0.52989999615121564 -0.60224979729770578 0.48801724899138499 0.038494241031358678 0.69128626944404115 -0.26887615531231573
36 -0.25961273802647428 -0.39337888899732182 0.66805776654253612 -0.57580647487487258 0.60782789475762333 0.62119195215400513 -0.15814847622523093 0.26314287751257132 0.391515155229125 -0.66310327066877039 0.58117618814667338 0.54658459895703082 0.63851539107512589 -0.1887542700308309
35 -0.35957869983875052 -0.49835931528206329 0.59387654470214202 -0.51928007967426582 0.69384893202771269 0.63998453826526724 -0.24447279227911242 0.36259881509515873 0.49404842346296429 -0.59171546092361205 0.52374714115621079 0.61485339329684763 0.65432170643130028 -0.25259803023067295
34 -0.47503082085325887 -0.46346582731830555 0.52556499918455002 -0.53228430164694995 0.7013602206055809 0.5633685027202826 -0.45045435303403941 0.4738361331058481 0.459015697115363 -0.52525369802476241 0.53748717331328577 0.63120977919643395 0.58093033303307784 -0.44511907762842473
33 -0.61688819868291578 -0.21077724585197477 0.34446421607779892 -0.67554889297423282 0.81413357231150552 0.31841851015294409 -0.7146555119475867 0.61558045221816482 0.20955453779215502 -0.34782890618398765 0.67539814521543273 0.74395282395444706 0.32578761650118743 -0.71405923558994111
30 -0.18459106567142897 -0.39565692533808772 0.5883164609737247 -0.68063608312640134 0.45275598337185807 0.98184705668386529 0.018321360371517961 0.18794057029292988 0.39590780569217376 -0.58487885240157256 0.68253357385801605 0.39110301044692442 0.96453675431465413 -0.036716028708457055
28 -0.23583555385518237 -0.45729486389456231 0.61170896197697811 -0.60089528607780052 0.10126258794938998 1.1956267197468382 -0.033419210389612576 0.23987349817428205 0.45765737026219921 -0.60897528887482155 0.601796920778221 0.065078363976966536 1.1686536814618764 -0.072072150119309342
27 -0.26133597552658661 -0.50740028013071192 0.60950383515227236 -0.55023044131846599 -0.1823207890403872 1.2190556794165366 -0.032254854151447784 0.26487241419036822 0.50785641002433113 -0.60638548057951325 0.55156243521519621 -0.20309771888062245 1.1920597256520022 -0.060068194332853486
26 -0.33802144236860104 -0.51417185364146889 0.56177122750005737 -0.55297549437115689 -0.41462687974232693 1.2421254737417766 -0.091045249721589783 0.340930743762628 0.51487433099875224 -0.55955292271867418 0.55278492916598032 -0.41720140059544697 1.2119650232145021 -0.11165191347476089
25 -0.37570752115973982 -0.49098360033336719 0.5540538584415986 -0.55749734052609246 -0.4403106726183168 1.1066178841994208 -0.1743055098911041 0.37858817717338822 0.49182283388834852 -0.5516074222796542 0.55723472958580078 -0.4377017617627259 1.0875296580696039 -0.19240206282634453
24 -0.40533296573365168 -0.53266138209277247 0.48889530217655286 -0.55942686959626564 -0.46731638545335152 1.0234601019214489 -0.10312421694385485 0.40731486685893564 0.53277571813583668 -0.4864359334931519 0.56002206742875493 -0.47229598353051783 1.0056183425612621 -0.12909277653154394
22 -0.29110526586604768 -0.5032027029746472 0.61749235894875565 -0.529856537700505 -0.43061196125699813 0.86395430978722243 0.02179920301521221 0.2955311618872099 0.5039688091281016 -0.61287185901603414 0.53203839730401925 -0.42831305154645127 0.86731662874648996 -0.0080691540527828565
21 -0.32219216865738692 -0.54614084117472017 0.5938628574359236 -0.49522650839273397 -0.39326313933862689 0.75270239202589517 -0.082469073020949024 0.32724209169370799 0.54630107614148993 -0.58942980492807084 0.49703144034661745 -0.397052174946388 0.7629444225798605 -0.10342908982141008
20 -0.30589915223299158 -0.52463379259917886 0.59510343253492781 -0.52634304109704377 -0.27813073766146618 0.72533491161255481 -0.096044224419508245 0.31036895636232131 0.52506522717160098 -0.59036650821213099 0.52862558027701834 -0.28702720689851802 0.73637154729118626 -0.11804301248892024
18 -0.1964141054753368 -0.41965891685356355 0.67330110943900368 -0.57617142301907431 0.22175726057309783 0.66505025512533122 -0.070403730701414549 0.20092126125915205 0.41861132869004697 -0.66878622129852361 0.58062052363624483 0.20663160738103326 0.6807365004254724 -0.099742197040994185
16 -0.42283248209810398 -0.41013714986264727 0.54361344952873314 -0.59790018220165519 0.73242762154251873 0.22479358166202346 -0.21231034517840736 0.42419688559511914 0.40553195485017668 -0.54199510433691644 0.6015331601180528 0.69677644681096851 0.24672884039271614 -0.23368635528933945
15 -0.48658095015433411 -0.2964200554580822 0.51914867392437147 -0.63707047022421359 0.7979087693910043 0.12037603403466611 -0.16809468505016076 0.48709552770664083 0.29340036230612149 -0.51731314537677919 0.6395633540996617 0.76166855285665402 0.14214500518390993 -0.2023308918356328
14 -0.54381445725873068 -0.13981265046593688 0.46428760885587461 -0.68494910402815734 0.84699400348323295 0.035506594413712934 -0.10793452428138188 0.54498449688128592 0.13647922221743428 -0.46257091978842124 0.68585236328824428 0.81092780325682234 0.042755711019646925 -0.16099359198829966
12 -0.58925726101910059 -0.029979459246826261 0.41084110146856417 -0.6950443882973466 0.56071665223758316 -0.14126769997532804 -0.194677060353631 0.58963203363446737 0.029579276046908829 -0.41235090784407091 0.69384858588945297 0.55055540213391829 -0.12928242779504118 -0.21843125954464426
11 -0.62025523465872456 -0.081898617498571441 0.37942872075344414 -0.68162299418203176 0.30112448560995581 -0.16005661735661195 -0.29259627433788499 0.62066955892005249 0.081164506869542255 -0.37995500584511521 0.68104024476373626 0.29564137875233243 -0.14765939641219 -0.31668132299981133
9 -0.55271833544731619 -0.10552304178978918 0.34800225116961242 -0.74984115817462327 0.25627362565978939 -0.23171538449391926 -0.26083069356221039 0.55364158740138514 0.10559753077175214 -0.34805349595812823 0.74912543552192146 0.25042127033899864 -0.21715906984730826 -0.27349934520430574
8 -0.60245258692418646 -0.063233288472495958 0.37266944511332495 -0.70297220173790365 0.25963245124159701 -0.32163930832202736 -0.088885429491534065 0.60376431167479971 0.062288694170820051 -0.37195955315638773 0.70230681709780496 0.25672001209626183 -0.30639340994169972 -0.14513899792420126
7 -0.57701689176005377 -0.089646527115630814 0.45029582819543268 -0.67546182268834598 0.33369144270669648 -0.22517222421165289 -0.14053255264210632 0.57803011772180302 0.0886422289447623 -0.44759849784767991 0.67652000929663825 0.328474857603684 -0.20889452549154131 -0.17791114744947967
6 -0.50882034546452215 -0.18399611308859032 0.49979397264360198 -0.67635291920622398 0.3088002521540717 -0.017738337200933776 -0.15710122249555214 0.51073312546358451 0.18327066911631734 -0.49766387949631052 0.67667880079143716 0.30217737417103585 0.0015560275269607682 -0.20173090376714597
5 -0.47124053342037775 -0.2418270280669152 0.51265704983774307 -0.67574758409458191 0.25453499683236119 0.097143470288412345 -0.17415073369397316 0.47257780876416933 0.24275982091279666 -0.50957059713952191 0.67681289182824689 0.24445236235019996 0.11470306770226424 -0.2141526659099191
4 -0.4112536809275717 -0.3427649030400472 0.54493705961446803 -0.64531095777633163 0.15895660987453311 0.26241048765649588 -0.13259447039809322 0.41396435748640192 0.34131429209406966 -0.54172514612635425 0.64704863093709952 0.15084421530224285 0.28144127663441959 -0.17705256883246356
3 -0.37043455171002332 -0.28853478734768856 0.59372458979951082 -0.65346540142307497 0.2812326674410946 0.25549108898160711 -0.089678744272293984 0.37386831513290053 0.28639771367231459 -0.59028875718516993 0.655559315152904 0.27741057604659969 0.27309503045206013 -0.12844404523616015
2 -0.3397625683146579 -0.16638552475398535 0.63600072240543459 -0.67259225049381366 0.46011424602518086 0.24978489633206716 0.064004649632630875 0.34242568922291705 0.16536731215527398 -0.6324178906642155 0.67486732844209829 0.45568592529558005 0.26648553373980421 0.03066564807324168
1 -0.32741624908370509 -0.24363420599042201 0.64254950874026895 -0.64851453516865276 0.40517212935987018 0.35554320169737497 0.10066129003351842 0.33192413871283111 0.24142249697429161 -0.63919107821188281 0.65036628881636716 0.40090277113735695 0.36934073839530634 0.058223757656447273
13 -0.60141327677110168 -0.065266118479653523 0.44503541882413339 -0.66029226884318082 0.73122523453775123 -0.023759295706047102 -0.15284038418932336 0.60077771287590542 0.063703045301736982 -0.44579896221348986 0.66050840041611625 0.71398258866903763 -0.017152353588860692 -0.18670460359176744
17 -0.26810123793524676 -0.32526350658462788 0.66932167504015627 -0.61182830338526983 0.37893509130005837 0.41165640767680411 -0.12534241594899062 0.27303223587016001 0.32391612415427978 -0.66403955818905125 0.61610324447181752 0.36601991054257077 0.43002868884891182 -0.15785131116194684
19 -0.25214404748513197 -0.50049685303562219 0.60595345209025053 -0.56457656107844445 -0.11663878888258165 0.75338793351574429 -0.081049340654477248 0.25672608716139078 0.50088126421603008 -0.60132593836123593 0.5671126794404554 -0.13134025874611499 0.76214805231440985 -0.10921201902291733
23 -0.36681296974056771 -0.52279837464035628 0.54737542719594789 -0.54084216404193253 -0.46004856878306383 0.95416677255579385 -0.023214728281054583 0.37024364852502833 0.5232969113746786 -0.54419053465302281 0.54123621947043998 -0.46157134077369477 0.94681858880171932 -0.051844797854400326
29 -0.23072757071406644 -0.46268368362676454 0.57235905776870477 -0.63646972120288214 0.18494648996823948 1.0941310101976256 -0.017668687267196809 0.23360377430426618 0.46252167553282891 -0.57004823653620906 0.63761115447823247 0.13775991457545089 1.0717366400115758 -0.060296751070569421
31 -0.1167092235997295 -0.38743220798505568 0.56944588083250458 -0.71554638573992391 0.55035829919330126 0.99285111330518616 0.059801644078128609 0.11989716274765974 0.38659303948501739 -0.56666530310751517 0.71767745292775154 0.48375677243904036 0.97224231873735256 -0.00092733272828326996
32 -0.38954383942533033 -0.30252453183184547 0.51067099585898346 -0.70423691950514078 0.81581853846189989 0.74568365003531656 -0.29596900373658042 0.39051652759785077 0.30054269767969405 -0.51083604056118004 0.70442704959996072 0.74535027740485382 0.73699674531898074 -0.32546806363941272
37 -0.28511350990618306 -0.49898553262959905 0.63869023278285852 -0.51166249739756164 0.21906861177219231 0.7138878120281934 -0.25838931190596742 0.28878758575202962 0.49736340212268076 -0.63322305361419595 0.51793816321640174 0.17234560857268644 0.72235513281808039 -0.26821669383114077
41 -0.56742914020600199 -0.093619594773349052 0.41113419846359767 -0.70726813385960319 0.17560573045335851 -0.34647641523770761 -0.31282280273370261 0.56817811036940125 0.092649949874257204 -0.41122737045563029 0.70674017253408061 0.17712718948922634 -0.29094902082847768 -0.35439153613733265
43 -0.22336950566424219 -0.35562075643132951 0.65190710281491626 -0.63139296070987505 0.6846142928569412 0.69230320762547337 0.3254729166250836 0.22710110625513003 0.35480137512900656 -0.64672303162928013 0.63583833802665235 0.61687502057702304 0.70375877763086958 0.24591785048175296
47 -0.26686716343218125 -0.48026191065736656 0.62041587506155882 -0.55965574796029494 0.92444350316517376 0.70653058395242585 -0.004447360838048922 0.26867825321842037 0.47558461822647924 -0.61825363955711021 0.56514927614592159 0.87338788875589035 0.7076821619358018 -0.022513581870565069
53 -0.24547667739778853 -0.44560311576969619 0.64455546018818899 -0.57072526035884641 -0.28702189437082604 1.6121560815103635 -0.14363894892221898 0.24674846727099045 0.45008034821357246 -0.64434924898755019 0.56688351482517674 -0.27473589783186547 1.562799943720071 -0.14563263949913896
59 -0.61461061268889583 -0.05189041541243751 0.3486598919448381 -0.70568935042801884 1.2148729485070351 0.084302615277112136 -1.1846364637554123 0.61218066388896375 0.052340267523806841 -0.35444042929067227 0.70488815654701409 1.1590527976050806 0.089217470587117598 -1.1530596353644427
61 -0.30549765127461392 -0.52561429778886115 0.63675734432518394 -0.47427932642437193 0.70541488029792299 1.0106287954133992 0.19873766139974836 0.3075639918653143 0.52389390323377838 -0.63494350232757168 0.47726964906051395 0.64819531314594503 1.0043778611463297 0.17170430358000033
67 0.10281840059030335 -0.58290611790363767 0.71516337639644123 -0.37173939698638886 -0.26948344849804234 1.8686811729462383 1.7541518653182575 -0.10027789604171818 0.58513647106371569 -0.7124351128984171 0.37416021128116694 -0.28995762784555268 1.8138377716711171 1.6429074029623116
71 -0.14671575844324267 -0.32708372909138955 0.64616704061092423 -0.67376470374769171 0.39510400092553738 2.964196390635006 -0.0013642268983059531 0.14546748639793086 0.32813023608209674 -0.64583828950313238 0.67384171908649548 0.38381390014041017 2.8109101233067371 -0.042705663545933525
73 0.0091210766524542249 -0.59807253518903203 0.62702699538067397 -0.49906231642666543 -0.76198872969412734 2.5968936358809751 1.1066886194312959 -0.0067466947552337862 0.59919423340202482 -0.62845904431584443 0.49594352741542569 -0.73636573550384554 2.4897647508960805 1.0366582554949062
79 0.162447843040325 -0.44505007347348935 0.67841515786355744 -0.56151046648637903 0.49272535278640911 1.8766005003207462 0.91148178373665356 -0.16226802708108856 0.44395978962410854 -0.67921118249716961 0.56146323312833679 0.43672768779398297 1.8245966503483717 0.85088475687459564
83 -0.26732066858485637 -0.42970988085299239 0.68177195701480464 -0.5282765157309729 0.74039352572657624 1.0154064392588313 -0.0904555940192973 0.26952696683850541 0.42763236570606461 -0.67879654076190221 0.53265470071815302 0.69811162943367311 1.0056946655919798 -0.10813936091673337
89 -0.57703605239546685 0.070055334831467669 0.43481147823632449 -0.68779402635632869 0.34865175834798245 -1.3748864255150843 -0.22115504761218416 0.57806442767302824 -0.069549755761298002 -0.4330277491405724 0.68810705374007575 0.36231514079768612 -1.2825842151393454 -0.2572780587769179
97 -0.60018338793935599 0.080439572386402244 0.48146776904595984 -0.63363882725558762 0.70527528412706675 -0.52851470452133542 0.14845757990981645 0.59982415903804465 -0.078596099562321928 -0.48134516026963936 0.63430313577412445 0.68877031310984549 -0.50952896295808348 0.088567361055677196
101 0.72067321645084448 -0.20776253107856121 -0.18734611192863815 0.63432348223556023 -0.073913874072650418 -2.3810226051429626 1.2397347449134231 -0.7192939071421165 0.2078844151593274 0.18765880849512903 -0.63575507601298875 -0.046921574964358115 -2.2390224631179541 1.1123454552062118
103 0.69009749561068545 -0.34203054981659581 0.0070821235435278044 0.63775417918672339 -0.30507798574979306 -1.8808536428582932 1.5416631351322265 -0.6902422909241509 0.339617375521512 -0.003096032546006293 -0.6389178606410485 -0.26642078747321918 -1.8034277676591641 1.3940163766066007
107 0.71195346603741205 -0.075251475030148937 -0.10877561040606959 0.68965741080908427 -0.10102162817843588 -2.5424237006312667 0.55604177794014342 -0.71087343663348179 0.07632546113360833 0.10888019950897822 -0.69063628866902904 -0.08282216038587098 -2.38286106327361 0.46741238642545735
109 0.72730570983612752 -0.62491298732698197 0.22439460261867775 0.17365835720010767 -1.5881090661189532 -0.11538398440049508 1.5267808910680944 -0.73230640218558318 0.61984566499917571 -0.22015919770089987 -0.17620616495296859 -1.5141000013475849 -0.17715048597481808 1.4229304178859519
113 -0.11634610006036407 -0.48613481185196583 0.65139812568722744 -0.57080382931228069 0.58995509936281776 1.1118603482459608 0.16918304592894595 0.11845061649911351 0.48551511021955623 -0.6468042070544836 0.57609794908165834 0.53643082307445233 1.0999821057817298 0.12831310774383731
127 -0.092418869754260141 -0.52069321601238827 0.72180292691938097 -0.44647268897731746 0.36679691775831741 1.1620874563748853 0.66135894656810301 0.09488898158959562 0.52065107063000415 -0.71792449096599054 0.45222004499573332 0.32411688140596162 1.1611123749726455 0.605463672781827
128 -0.14061041734893023 -0.43285520150550083 0.70404034728744991 -0.54515344120161313 0.34117958162573553 0.95914195859091345 0.43654944619889768 0.14583654473530294 0.4347066457274627 -0.69847020282203842 0.5494553759403823 0.30275953727529981 0.95732565248779267 0.37774256786133975
131 -0.18896642253097218 -0.37254620619656942 0.57572564273401461 -0.70288050172336891 0.68016458664022161 2.5111568507980797 -0.081488224592861189 0.18573773263124499 0.37301426300877283 -0.57972019516600992 0.7002045055451368 0.63824353407358814 2.4175053332010119 -0.074706729445376041
137 -0.32220215745736436 -0.413935173052704 0.65150041980060791 -0.54807905017367697 0.74123018683403585 2.308817123269058 -0.27960185723869474 0.32217111840619672 0.41300927952221383 -0.65474834819620753 0.54491623762536201 0.71049622453361927 2.2194992775878051 -0.27435389610012351
139 -0.26835718812259524 -0.23813641613430059 0.62337140170657168 -0.69475431803482157 1.0448057284041097 2.5845443674520765 -0.43131092511570146 0.26316357391922679 0.23661840350691235 -0.62932946214240337 0.69188228230202065 1.0222901202634267 2.4619791618819691 -0.40941001480895878
149 -0.59908751320032239 0.064487711302973288 0.44389309486001255 -0.66324535954197006 0.28289585011219653 -1.0799642821109838 -0.24127622035711699 0.59931013339491523 -0.064225029749033616 -0.44217372019225482 0.66421751763653902 0.29984836554069361 -1.013159166206175 -0.26908371693014033
151 -0.59831545965072941 0.09150274851750588 0.3812346844894639 -0.6987889331542807 0.24146421311302874 -1.5692589846249423 -0.060039138418073221 0.5980619032964094 -0.090965765246370275 -0.37931571209606973 0.70011911839034224 0.26326210165633501 -1.4660851615422739 -0.10255708333438296
157 0.73180113873538033 -0.27334858643680077 -0.092372816007167916 0.61742603322301692 -0.75061711099110229 -2.1234997548008527 1.3735401284871471 -0.73145709801985703 0.27120054601860949 0.093326065460098653 -0.61863642238500205 -0.67920026952382795 -2.0119727536760461 1.2405420629522839
163 -0.60743931031736398 0.12997324890012943 0.32174170407051011 -0.71456750185921103 0.633929521642558 -1.4480872830082974 0.7928676615229644 0.60599897967127669 -0.1291510853308073 -0.32275756363811536 0.71548080960262939 0.62180999392632508 -1.3574125918658289 0.69820769972530883
167 -0.59255650212298205 0.12597815375817112 0.341013505051456 -0.71882966406512405 0.80969257898206815 -0.67894968032388958 0.4680951272403614 0.59189967183423964 -0.12399082817290553 -0.34401647345867165 0.71828526297048279 0.78345782888135762 -0.65664927234648895 0.39459666403627169
173 -0.66999932853862898 0.01992673910096163 0.24155786835159931 -0.70167914395685116 0.18710112489254224 -1.9521831880052702 0.33387570214299211 0.66781323446457908 -0.020658173188761009 -0.24242442380175183 0.70344091613926552 0.2002405380633645 -1.8226815160764014 0.26335328336776431
179 0.70607447411505531 -0.41308721938975657 -0.069712950948584151 0.57092722009904917 -0.55835923422248257 -1.8579568191819524 1.6423215300418252 -0.70578037602227461 0.41098308401636446 0.072302057830012104 -0.57248526435865599 -0.49785120234199098 -1.7799330958994939 1.4983997094485098
181 0.69402326069589837 -0.42376184717750021 0.10521797769541845 0.57243933098576627 -0.585899617376333 -1.4968820509451133 1.7963684928463792 -0.69542623950835103 0.42044498852874745 -0.10134079206250586 -0.57388012762987284 -0.53942530258999533 -1.4591750964151791 1.6414067786380784
191 -0.69460824583730407 -0.0042721936217569216 0.11040656972222208 -0.7108526728786031 0.17210300069704501 -2.4089126156125533 -0.14231977659837408 0.69329882489281458 0.0023291997635272398 -0.11176537845584814 0.71192683220210562 0.17072385710292881 -2.255017306790378 -0.17683648912915606
193 0.73357189589866589 -0.56692922870522411 0.14122571757029204 0.34715820584294377 -1.2565894481026152 -0.8634031463491425 1.5348882099106165 -0.73609710423420704 0.56340918010861751 -0.13582750718610404 -0.34968848593992791 -1.1821458014724016 -0.88103540046395534 1.4111145864879884
197 0.74822683903749387 -0.17708110198494789 -0.058345712483591494 0.63670610056645371 -0.097613072205660817 -2.8359657020334534 0.022762589252049478 -0.74581435117820316 0.17911426706971301 0.059018866912770675 -0.63890203181477534 -0.074381506872280845 -2.6706464631852995 -0.0092467303562404624
199 0.74771433839376378 -0.1129286537211103 -0.060682571244995959 0.65152744598843271 -0.18392587594034249 -2.9938456922358756 -0.43692127907305245 -0.74454428468330336 0.11521541431033136 0.059462756183812568 -0.65486135714191551 -0.15108835157907663 -2.8144593158540578 -0.43297104041837287
0 -0.37281123096421204 -0.30884300782112767 0.63381374577872718 -0.60324780832497582 0.407046496133605 0.38423340661049771 0.033859084052804043 0.37548811762853268 0.30611486244754105 -0.62919745975210584 0.60779348561003976 0.39570624094953555 0.39874052922012226 -0.012605769371053732
