39 0.66233532819038532 -0.56424137585419276 0.1016849604424665 0.4822901114732876 0.6413871528890559 0.17683065987175328 -0.62462787101898087 -0.66279790005108929 0.56033195911993139 -0.10483142400427307 -0.48552797223015093 0.61411430088233532 0.16929561429286699 -0.61002966959521976
38 0.66772869888595399 -0.51586608549925339 0.052572493964863472 0.53409427949947386 0.5819423646701255 0.34324205024783233 -0.63777512877427955 -0.66956769156897777 0.51096685318387636 -0.054634163690930999 -0.53629011692567086 0.55810318756265809 0.34049731754285573 -0.62536408913447439
36 -0.61807429721184359 0.30510214500907457 0.044071946513974107 -0.72315593599680617 0.092191516288747 0.74983761654040515 -0.59502006336257518 0.61873645475892869 -0.30098845614700798 -0.044979895041543594 0.72425683142145425 0.078541481144293018 0.75086255725568185 -0.58555653782259753
35 -0.57756968157671751 0.29580302482576643 0.013235062871214478 -0.76074875388533558 -0.028102071852136278 0.71407062082802197 -0.65777577906266926 0.578780452061878 -0.29185914765619198 -0.014404024199022168 0.76133038184964297 -0.040513012275938093 0.71370545779586803 -0.64923548040268464
34 -0.59511264402054576 0.18213325944670705 0.1071433395138096 -0.77536360601205745 -0.16877466459541665 0.93073087935606857 -0.51282490471420683 0.59545074960147237 -0.1768709199954846 -0.10743133278239478 0.77628190188590251 -0.1886381363420869 0.93228437610910941 -0.50611477075254308
33 -0.59517253342937049 0.16045074908499204 0.10987225975662507 -0.77971360069278151 -0.17521866797930463 0.95115821296656344 -0.46433941866099204 0.59604657268591044 -0.15497777472581334 -0.11051775847790792 0.78006166268535049 -0.19382044097115347 0.95401729105801047 -0.45659606618679283
30 -0.62344424590635328 0.38116349051736104 0.15606684427548315 -0.66458619144605457 0.64198190180244308 0.67043806429180175 -0.46668585395723461 0.62414328295055999 -0.37742710236350446 -0.15716494498693989 0.6658026170093041 0.64168988489844181 0.66573341904188166 -0.45986310999469354
28 0.69882417730298441 -0.50777983031153384 0.055592131928851152 0.50071341904646538 0.89043383286503386 -0.46234036685066676 -0.51208233711538997 -0.6976840916929451 0.5103580160930965 -0.054487147889672218 -0.49980271540174531 0.89747464987154846 -0.50672103086727327 -0.49468611031967047
27 0.68486423106988059 -0.5679890264423747 0.17976498134123872 0.41956406224257181 0.67726043803891356 -0.88228076790488408 -0.41284324420314755 -0.68270373618302604 0.57268735579933405 -0.18064708642555052 -0.41630689554133476 0.67160242108179691 -0.93927066381178959 -0.3802141443965924
26 0.64850095526965068 -0.55825683758666478 0.38440672404637827 0.34644954150643481 -0.014309521876822235 -1.2388542848737685 -0.34842102372691991 -0.64574269333738221 0.56212872245667089 -0.38651239992153263 -0.34298081301657668 -0.045273091556054662 -1.290699842299025 -0.30600574261327285
25 0.60333021921841901 -0.58594872016020894 0.3847700232472086 0.38027460226895282 -0.11961217497635382 -1.3438094213374401 -0.32270158326351794 -0.60014637532812576 0.59029136779209002 -0.38712729230136617 -0.37618198899743793 -0.15026294506297955 -1.4009852353629304 -0.2744952300500062
24 0.58577281080052146 -0.60776253567008431 0.40351831947220074 0.35308338988552901 -0.10293694227286537 -1.31370215534296 -0.26379050013471883 -0.58301314551106265 0.61094322060033313 -0.40568605508829397 -0.34966109030129011 -0.1356145713862682 -1.3623582183587184 -0.21624758939491573
22 -0.64418591746309684 0.39317028158579476 0.025060829736778124 -0.65560169938223833 0.32029202713345323 0.63685294606834719 -0.62911773319000452 0.64583083236711547 -0.38883436839946889 -0.026413418499383588 0.65651557577757536 0.30656094205421636 0.63806193118650412 -0.61726058786862625
21 -0.60605642775049728 0.18884349924610247 0.08805864512802962 -0.76764537007201916 -0.13548551457032953 0.88910799263987317 -0.52550747961235822 0.60700099699331922 -0.18338629039939436 -0.088844507111522197 0.76813144168089897 -0.15380915051657124 0.89072465988491467 -0.51786040617007778
20 -0.58449575323782843 0.21983321267454614 0.070280968790544657 -0.7778808767915516 -0.1340663543126511 0.86271987796340976 -0.59100402437379651 0.58505740327683708 -0.21504946741049533 -0.070049125729795159 0.77881620516134498 -0.15171633493908146 0.86345120298228029 -0.5854696156257726
19 -0.6587440147639082 0.20872279792691031 0.094213258694212168 -0.71666936485698041 0.1232821241777103 0.85842354820826972 -0.5689970257063085 0.65859877810734579 -0.20560639327253871 -0.094387786584658268 0.71768001662622483 0.10928093683446788 0.85647095279886998 -0.57093107660283426
18 0.6577426428502946 -0.457332028595273 -0.063443952298661552 0.59514443315380783 0.87710085515964864 0.14689847641527395 -0.51089445330163086 -0.65709442907366133 0.45837151348576599 0.06412112978726045 -0.59498819116007051 0.88829157014241567 0.11791477918566007 -0.49963567354749561
17 0.67779801839122678 -0.50341673847105317 0.0075664533394843745 0.53582103586547924 0.9342281643258159 -0.21751449182991606 -0.5043695687607318 -0.67658675578173044 0.5060736697430076 -0.0070280582589359467 -0.53485550300123819 0.94518419707037593 -0.26011521161935697 -0.48621375228217256
16 0.6628293051575086 -0.56858941126544227 0.30904855383826096 0.37663295792019041 0.32230236324084366 -1.1144446600262277 -0.3727069413737672 -0.66069107298436991 0.57308007768508551 -0.30976951546098364 -0.37297369603000924 0.30577758212637779 -1.168458496999049 -0.3336274705046568
15 0.61953198269594612 -0.55202729986143362 0.41711281322233351 0.3707598733281085 -0.12267770127966098 -1.2913561906999276 -0.35098145576950013 -0.61538811674888827 0.55567450558669218 -0.42026090010471878 -0.36865171293297067 -0.15473671608077003 -1.3455436033181973 -0.30275126449027367
14 0.62273084830314773 -0.54918611633792358 0.38575633153386701 0.40223494735644721 -0.13418081680081503 -1.1632678052023595 -0.41858545872637642 -0.61948629573988379 0.55260299960804204 -0.38916745853184653 -0.39926851044696127 -0.16820636643756234 -1.2161917101013071 -0.3736653984402723
13 0.63699739266116928 -0.5239520645579846 0.33849098143897405 0.45291545709191378 -0.072458320527110529 -0.99835834727525941 -0.47770820580476825 -0.63533267593643172 0.5242383135988955 -0.34292103009446556 -0.45158802969231798 -0.11163957125387858 -1.0447660922880846 -0.44291156341731863
12 0.67128587689778496 -0.41055033482728648 0.25771409969721154 0.56072019481023694 -0.10160663924234276 -0.45557749525116459 -0.71576448020097494 -0.67081818890734835 0.41151834491485195 -0.25836270500281655 -0.56027165008880608 -0.12417931315429281 -0.49441959322432266 -0.69732730578899593
11 0.71978926836631485 -0.36714236097546693 0.15560688042396942 0.56823973346358447 0.027810229622966504 -0.044352065020743181 -0.767824569622506 -0.71895063953560001 0.3657670882149463 -0.15646243232214124 -0.56995080696666323 -0.00013409702128049095 -0.069140068916412889 -0.75766266725087383
10 0.71193173654230257 -0.38812321495981789 0.081222176327882381 0.57958306616539312 0.22131449095381336 0.019686120910760427 -0.65905949943430553 -0.71051642705401774 0.38725614046254347 -0.080965665180989729 -0.5819309663716542 0.20161898402426823 -0.0055357504946513258 -0.64806730783340161
9 0.72936559902356457 -0.32886438971344922 0.10560143490001561 0.59052719927743869 0.26097679184071837 0.053961541917387709 -0.58155508289769819 -0.72806090750943053 0.32984391922618789 -0.10564142068799946 -0.59158278722514712 0.24559922261979117 0.026187171078272842 -0.5690516717813705
8 0.71630010148274703 -0.36053817057082882 0.067392691647268979 0.59361992662795848 0.38633580877112161 0.074349674445255892 -0.5122990098094734 -0.71541690605577868 0.35962941842891666 -0.066062887748317617 -0.5953830924643474 0.37442681864996308 0.050721794422147692 -0.4985150720616886
7 0.70282457797801301 -0.31505590392056693 -0.012827738831393732 0.63766201008943246 0.46077454541684276 0.28333198087696893 -0.50472656047600795 -0.70076124519546101 0.31583853900498904 0.01435670814903371 -0.63951042168398198 0.45733247077210182 0.25869587181535564 -0.49813990980062495
6 0.69336081740657096 -0.38314490092367282 0.044497570795399219 0.60866306605115206 0.49251052912393856 0.1747214596038571 -0.58719455110168628 -0.69304953491130006 0.38222840073213032 -0.043258890156709806 -0.60968226171949469 0.4860539795699188 0.1549274466978981 -0.57788678885179168
5 0.69311884013421032 -0.41642608642302431 0.089354602218114823 0.58154221090119818 0.49740715161656257 -0.072729221457766668 -0.49324954309476932 -0.69252259350897183 0.41647690650314922 -0.089599878177063053 -0.5821780704044337 0.4884883171451303 -0.10459050285795746 -0.47694503870457361
4 0.69166799614292085 -0.41669847690600981 0.13537332003537403 0.57413572147920611 0.47275037725638147 -0.22736032695759689 -0.48452566916214496 -0.69094553704781325 0.41787068660791399 -0.1339350545250407 -0.5744908661388044 0.46948412728114941 -0.25938546651947902 -0.46176941762933371
2 0.68965073133382127 -0.45992090891506143 0.166979796144438 0.53382803784836119 0.39701864968908923 -0.48601705144841967 -0.6189046426827538 -0.68906726355269554 0.46248466281916928 -0.16709190269952776 -0.53232935200803178 0.38878811577209138 -0.53242676718617543 -0.59808190538618522
1 0.68144938512546238 -0.45093417397727487 0.1558243848671296 0.55498096123411511 0.39454087523272846 -0.36071836537061297 -0.62501600718451034 -0.68135118533885841 0.45261673071487701 -0.15611470482081075 -0.5536486758342517 0.38601309888026192 -0.40122508623091191 -0.60531225739901506
23 0.64467463985975104 -0.49021439970299813 0.31553161799442336 0.49449393230994304 -0.077993336646154252 -0.79932761783580797 -0.55555015487637449 -0.64410465564253694 0.49229251945345237 -0.31701870148680306 -0.49221581727673303 -0.1018849453768365 -0.84482266523041405 -0.5237862912106177
29 -0.63772827753430417 0.4076054207681768 0.139610441865261 -0.63848992906365654 0.75043974064136376 0.50092420773533863 -0.4515680891072692 0.63750374613366345 -0.40544521342405127 -0.14042465092368703 0.63990942327022471 0.75396030160557514 0.48762987574888272 -0.44349969135622552
31 -0.67150895960431134 0.27197205179775324 0.13628007803904965 -0.67567348663516902 0.4336079152495691 0.81231742366166282 -0.51241415978047045 0.67063940118959564 -0.27085755179080273 -0.13782490945064679 0.67667072830504071 0.43051799827715076 0.80859191228011207 -0.51265109856571578
32 -0.62271649832997933 0.21820960985063528 0.07847787840489201 -0.74729508995948057 -0.064965924482887974 0.85300828417448094 -0.57435642446822399 0.62402954722472515 -0.21284201311545364 -0.079805136240238134 0.74760721095582183 -0.081098996087690028 0.85613955540240005 -0.56607958045883788
37 0.66099548434107314 -0.45749640298464189 0.011717963108505883 0.59468033453058811 0.46273971248580803 0.50424390375882777 -0.63884003179450466 -0.65871202421383535 0.46082441716319417 -0.010378980886075011 -0.5946693219412621 0.46686005292040644 0.48869695124466273 -0.6319000881957475
0 0.69292030947115046 -0.40933661905986563 0.10855614754578974 0.58354137800935768 0.40894885003906584 -0.15432596893115544 -0.6877861138729171 -0.69356390683839353 0.40968639913068922 -0.10662529728153802 -0.58288695943383173 0.40345071135368471 -0.1940780778196789 -0.67879842620249065
