19 -0.57209481548530861 0.01045380887281906 0.40517448403194573 -0.71304409223015619 1.175913870247336 0.23242473259360638 -0.5704668905884287 0.5713590309959401 -0.010250002433969679 -0.40654380048043759 0.71285758285958212 1.1830536721755465 0.22559523842473272 -0.56861681475978365
18 -0.61307266221754075 0.087517006516845894 0.35945107403396609 -0.69805272708274424 0.98982196103185438 -0.33636164624623094 -0.68689998765210991 0.61243793416638515 -0.087809700477230399 -0.36006639143575175 0.69825598963026858 0.99368240713792844 -0.34979981913083835 -0.68791782640196253
17 -0.60722622464162457 0.11482112118127842 0.23239017305330464 -0.75105740773020069 0.79930983723172788 -0.71278627390703331 -0.82660693975044208 0.60713671508202927 -0.11697218431416455 -0.23192742413441475 0.75094086799864024 0.80041479921125358 -0.73779762078409528 -0.82235094884588689
16 0.70559100326953128 -0.21472886953423462 -0.17230585314065822 0.65294987684133521 0.3912094651188549 -1.1037028123247978 -0.73002127544485873 -0.70742804702789042 0.21331703788077561 0.16950257103329924 -0.65215816949661698 0.36959096436771588 -1.1253919393868861 -0.73056941532861985
15 -0.65999913639770291 0.092526340073573091 0.27776283148443942 -0.69187269478757629 0.59231116177842924 -0.68377964772124999 -0.9385206128058089 0.66114146712161825 -0.090982853702468169 -0.27470856466767862 0.69220610029286311 0.57553386195619538 -0.70513082659672977 -0.94663269486985957
14 -0.65870466239862147 0.089133464446127075 0.26507118743704017 -0.6984988610161551 0.48972116413811401 -0.66994101868479183 -0.84888992557886311 0.66045367551299672 -0.08757216328600062 -0.26120833134478011 0.6985000117071285 0.46819522679046455 -0.69296074378554651 -0.84591242096195129
13 -0.63978447568369445 0.038176356237071322 0.26125478922365347 -0.72177858489034219 0.42236640029623918 -0.44226423981282764 -0.97186338663281002 0.64072466821827401 -0.035944072891944442 -0.25781223070468928 0.72229687584787006 0.40259949717704169 -0.46353029087317421 -0.97819323754698217
12 -0.66121783583284532 -0.041591612797913652 0.26323899223504238 -0.701260539520424 0.20142208041124543 -0.12707581005121438 -1.0548285459877536 0.66255986811494383 0.043202547013112359 -0.2623177850897116 0.70024091620007201 0.18651785882884298 -0.13874774031386128 -1.0604231967629651
11 -0.60743579177347773 -0.036030887663964298 0.3685785358330762 -0.70276126595723876 0.58415031395551476 0.22084679233983706 -0.96291084616969835 0.60736145924329776 0.038258835829299259 -0.36958622860013596 0.70217828144707439 0.57813102340660394 0.21865101859598179 -0.97096902869473622
10 -0.54367968854823689 -0.077690911195516701 0.46487737669932888 -0.69445341327611942 0.75676440571974979 0.78231477194919397 -0.77971519506581255 0.54363899261865756 0.081181876936629885 -0.46694986880252209 0.69269327164837136 0.75127649830979504 0.794540081173851 -0.77705139474366725
9 -0.49980153876647665 -0.17033883400072972 0.48994499676129227 -0.69364039936159372 0.76320394315330486 1.1067683108066606 -0.67928667726712177 0.49754400156695466 0.17118850963206661 -0.49387237240537618 0.69226767976656234 0.77245476218643017 1.121966015146044 -0.67728829159899462
8 -0.61332056473669572 0.079130968727329845 0.34716408177759206 -0.70502005289414005 1.1337901058466564 -0.32991167133333321 -0.79105984293138099 0.61255879924775558 -0.084601141744302472 -0.34757092142437485 0.70484666336723145 1.1498195697363371 -0.35842781512330124 -0.7825337034615174
7 0.69388514795951994 -0.17678472401865708 -0.35288748742171117 0.60227982202298114 0.96986089522688523 -0.89472938626111331 -0.81591638880524486 -0.69213142091672608 0.1792180372543552 0.35507689923308622 -0.60229177890247432 0.98205930223647742 -0.91334721482561143 -0.8084188045778653
6 0.75765231193687999 -0.24380471011246224 -0.1640508854767157 0.58276028049103035 0.40998461136484232 -1.4126670585104839 -0.6521739774951294 -0.75587788740356743 0.25049365358616005 0.16239771654972154 -0.58269076748032744 0.40620636189901838 -1.4558448554998571 -0.63341357629466266
5 0.72250477003757752 -0.21456495640483339 -0.1690393605855238 0.63511765156447675 0.44332988667085232 -1.1543868115897655 -0.78422305120418045 -0.72243634292462466 0.21724823110493285 0.16706686268034474 -0.63480516688005839 0.43113649475758908 -1.1828220282068975 -0.77864893424497872
4 0.67568158607382212 -0.022178372228644397 -0.29848433387011819 0.67369846109380693 0.42882723293084241 -0.31077745030339021 -1.009191474560482 -0.67738700141919694 0.019145454742224684 0.29527989046893988 -0.67349097110182043 0.40585649061882734 -0.32402585774167247 -1.0157700737554936
3 -0.61799736931961635 -0.11775393551701589 0.36878879191488734 -0.68425732669971928 0.43746037394583731 0.32825876468528725 -0.89766653154881537 0.61628404703480488 0.11804784049148095 -0.37115985858130046 0.68446989714932649 0.43948147191348852 0.32780960642539914 -0.89477905312987494
2 -0.59473899113230755 -0.098581373570556172 0.41257953974707912 -0.68289484446286108 0.65772598618877309 0.49289191374275898 -0.8759568158896589 0.59339717003390668 0.09976444768023976 -0.41475692052991986 0.68257127865692191 0.65775469771047579 0.49642455309734723 -0.8797449801684456
1 -0.55560730318522655 -0.12127496386661658 0.43742306272011133 -0.69660173125463043 0.64511046793173166 0.74577503829498981 -0.84822422566624844 0.55482987202129819 0.12266094788520597 -0.43938388723531413 0.69574413731968854 0.64434971039642264 0.75147997002693501 -0.85269346279300784
0 -0.62192013044626737 -0.020122410191199019 0.33216864056378553 -0.70885431096932849 0.68146149158818048 -0.059342676740795207 -0.93290459702023987 0.6215873304078211 0.019836817035683529 -0.33175348602165211 0.709348515103015 0.68166129041667123 -0.067177069938586187 -0.93083248975442956
