27 -0.58691972040392693 0.48896871059332037 -0.18545317834186378 -0.61809542993342237 -0.4522941585458542 0.56977129752531497 -0.030382602448018121 0.58830347779245618 -0.48475107647999272 0.18490329839687 0.62026299431027421 -0.4457379756180484 0.57306734868468112 -0.026639858098640445
26 0.60192279973226692 -0.48705111676859253 0.29020897839657067 0.56236011742917491 -0.54487138372903632 0.4859326665057222 -0.088415554953801392 -0.60125042786280958 0.4835274780975245 -0.28992553033256269 -0.56625284792292097 -0.54558823771155107 0.47927602447883411 -0.083399347972554772
25 0.58694799602492309 -0.7295568045666313 0.30489551911926899 0.17400471629770492 0.19059243307140714 -0.063180490296472616 0.055001254260186351 -0.58563571659807823 0.72954714682456623 -0.30609472129826182 -0.17634565375457859 0.18768036100398877 -0.076867387638317464 0.075618405165340352
24 0.43154885291876449 -0.60471655130558188 0.66906333606102819 0.020922056793490285 -0.28070441953405278 -0.50046222533097529 0.048467828588506456 -0.42917130253987373 0.60918553155533162 -0.66670741445605353 -0.014359830402907675 -0.28415579901812293 -0.52710696544548341 0.06914648784812405
23 0.36420919392584938 -0.66338173105811793 0.63386553639011389 0.15965845964148434 -0.59383316721656287 -0.52969032860699072 -0.065080643387728163 -0.36168225013101635 0.66430000481476958 -0.63502283827118722 -0.15696320720878387 -0.59740853847119046 -0.54740849034152284 -0.047717954209815616
22 0.33784497676393432 -0.63118054785559718 0.63719153784414362 0.28540993637906259 -0.60967888215011201 -0.43696613943532642 0.013072717667830528 -0.33653333735741364 0.63210658803680464 -0.63799380561731656 -0.28310859789396081 -0.61034184989636364 -0.45515623002942762 0.023292268500167523
21 0.40585310645830136 -0.68932026772363164 0.56110614123236047 0.21279267551985331 -0.29603660345025046 -0.47286226353032773 -0.0664602770301672 -0.40530318261248977 0.69103594000096558 -0.56070359101711098 -0.20930872607630358 -0.29265325017827415 -0.49128715112948618 -0.05472941698385636
20 0.48870102171681867 -0.68274758682493253 0.52796290009662206 0.1276018031974176 -0.1384831341194917 -0.52787387578330824 -0.059033308348017899 -0.48738660404612816 0.68426824927718422 -0.52746045870983782 -0.12655720337115298 -0.14064295367528201 -0.54639423631228201 -0.043294588405129453
19 0.53975497277281603 -0.63859327078908446 0.54703400753614673 0.040211919487370677 0.11617943473660874 -0.58038053265626777 0.060836726115145116 -0.53871562758077252 0.64084288675908929 -0.54558618856296826 -0.03796811741270599 0.1090786500033456 -0.59960804660417999 0.079022912294096415
18 0.62426944887579472 -0.47121429948878674 0.21571794126710631 0.58456009868368941 -0.53737601245780986 0.55574460908428913 -0.12033985788815403 -0.62181004298430431 0.46756085983965223 -0.2151754249549295 -0.59028692115388115 -0.53997138266682043 0.54751971994591342 -0.11954529446513629
17 0.55895408351514597 -0.49168824843358977 0.38354451845396292 0.54654057602155115 -0.5442309774582299 0.24898547796295084 -0.079852276512478074 -0.5595402637785678 0.48864563730520183 -0.38324010955226429 -0.54887808553773809 -0.54421176319395015 0.24216362200934705 -0.078729600100856167
16 0.63490666129375239 -0.54861289924863943 0.27695369273389653 0.46820302252749391 -0.19927138656172272 0.32541787286950685 -0.10902697691187023 -0.63546623871212304 0.54549914228077956 -0.27657810103516639 -0.47129385658608181 -0.19962798559781292 0.31991810928246861 -0.10487205495495733
15 0.64381663383775545 -0.65487909806879752 0.16038367269696405 0.36181568020008914 0.11665775881763864 0.25593447032642863 -0.031160592232555177 -0.64297524160353903 0.6529054922972013 -0.16078503986810513 -0.36666800755947004 0.11535491983564938 0.24808434243196409 -0.019818978266961551
14 0.55595312534327912 -0.68741288503323361 0.46584811083436839 0.036948417332514319 0.02988692183650583 -0.38572770552556074 0.021011650352923579 -0.55384537312758597 0.68931582117834977 -0.46557980641868429 -0.03653005876703521 0.025761167622744718 -0.40550757084109346 0.04516048686781815
13 0.33258913094226134 -0.60511258308893889 0.71636852971850795 0.10019661369251363 -0.60130865936619993 -0.53581908817597312 0.077441456386879354 -0.33140008138272187 0.607489785396917 -0.71561362513651161 -0.09501203195865994 -0.60384100698567567 -0.55687751180393796 0.093772945121412654
12 0.40607345745504592 -0.68708390835302346 0.55275495988238443 0.23975404972234063 -0.47365327460345447 -0.44862050882071175 -0.14503635982383739 -0.404839597033951 0.68713211483856917 -0.55376971597988911 -0.23936052116925371 -0.47196585441381678 -0.46431464279138224 -0.13119390118893204
11 0.49288193439530176 -0.66005476404892849 0.56176742248872746 0.076239558192780957 -0.023523956688803409 -0.52301397540064243 0.021432165759362558 -0.49240355307804468 0.66259418328782582 -0.55970330750596009 -0.072387131150122713 -0.024816153429926047 -0.54367716829889778 0.038358543735193429
10 0.60413209480162122 -0.64641542300541499 0.4574020625718318 0.089190055983662295 0.3048987665016557 -0.51279264621324339 0.14981241441303608 -0.60387019208689396 0.64826528569322872 -0.45551984778144844 -0.087146880329592211 0.30351894011080827 -0.53130165708709631 0.16801132302411848
9 0.62027418712672988 -0.64493810822410469 0.4026860530790447 0.19276595135087618 0.41190895821218804 -0.21854651812305659 0.23421849865516711 -0.62109025105527793 0.64576257169051376 -0.40063198463007216 -0.19165493455456817 0.41377314109621421 -0.2340691697789461 0.25211911931130571
8 0.63647442159039502 -0.67278080025097131 0.30653732443968823 0.21977528114005926 0.42049725013218364 0.052664975463818112 0.31753160303866423 -0.63747420873493166 0.67321577216680506 -0.30394276526197533 -0.21914824377240408 0.42781449114884973 0.040844994465149942 0.33635736775880987
7 0.57075078145537161 -0.68207849119260833 0.45278001760042347 0.063267155635906569 0.25775204950823632 -0.3471198065307497 0.063057067462629596 -0.56988857167412332 0.68398492984527759 -0.45115075140065874 -0.062085675726364593 0.25617892671804388 -0.36554152477627921 0.083117516409882075
6 0.59537640637382416 -0.65803556825930587 0.44492541533115942 0.12065446710105007 0.16236131157710804 -0.2971211799598566 0.0021409193319427478 -0.59460283669009772 0.65910274746180464 -0.44456971779670462 -0.11995332803448223 0.15833580914378897 -0.31437120918579931 0.017086672664227365
5 0.65149577372399536 -0.63522804121222876 0.35346722518170254 0.21702422261073806 0.2177050475592974 -0.063016651700276011 -0.0086827543486896978 -0.65171211234317017 0.63503450478681456 -0.35276414531443634 -0.2180824571943917 0.21601105812931487 -0.074184715038055016 0.0025667336394213369
4 0.67061527605457838 -0.61050764112377354 0.25295109785461495 0.33700343283989298 0.14441548399242768 0.2940259158463629 -0.045826060660569629 -0.67157353537877773 0.60826879535532863 -0.25218407187118386 -0.33970759937083639 0.14265694061256218 0.28862051642657133 -0.041485121047543316
3 0.64583960006581542 -0.59187021648140026 0.23621147431146416 0.42045808023237313 -0.1001827095898583 0.3176736977873898 -0.053726544980631598 -0.64555113947504694 0.59035572277929771 -0.23654667994864878 -0.42283509209793962 -0.098214958690271192 0.31105690153497612 -0.047906270575210019
2 0.62275348675714914 -0.62124624072200785 0.3176390235566095 0.35402917088086155 -0.13351635393780478 0.21905827312536494 -0.061859735597037654 -0.62158757720766744 0.61979851024130528 -0.31947110610108498 -0.356955043290202 -0.13473603408671109 0.20682929993961433 -0.051466124073340835
1 0.60255212090168209 -0.58179099522245203 0.39615424632822038 0.37618079774368235 -0.10062255848683817 0.082654227663128188 -0.026205694386329609 -0.60191196351706566 0.58057934623910867 -0.39657408790586579 -0.37862726222134413 -0.10505320128370699 0.071690670728095346 -0.023637909248936412
0 0.54987737993308072 -0.6542887866790783 0.44211047849227253 0.27217526609022302 -0.00071248693340790611 -0.17422917845602032 -0.029005502967140946 -0.54435155039063188 0.65490716077850597 -0.44871692880486325 -0.27098176719529099 -0.003483836138528984 -0.19357054363950679 -0.023990976607383196
