27 -0.21154379665056497 -0.59085145633834968 0.7425500002759684 -0.23401554591880105 -0.62465682536770983 -0.55681689895037112 0.39007412810588293 0.21322163570674338 0.59249492700905571 -0.74130667794164573 0.23227291011694826 -0.62030471025117273 -0.57002972950793329 0.38226498484249938
26 -0.14185661146541162 -0.62558948624850619 0.68365112265542261 -0.34804545532280978 -0.27951479269182949 -0.67833586296275905 0.40313905794129273 0.14571643302443388 0.62691024190401512 -0.68207867716887838 0.34715839021120903 -0.27788253861746559 -0.69267708550472851 0.39811590183537232
25 -0.051150017762932938 -0.61684463884581597 0.68589600974451925 -0.38266569094520719 -0.19697637450361313 -0.71956274535357945 0.32787232101325825 0.05466591318042939 0.61990530038573466 -0.68394413440704316 0.38072231022100927 -0.19243434870501783 -0.731720275626911 0.32679542908070014
24 -0.18401825875113653 -0.59055091432165419 0.72782178696015276 -0.29607827422184901 -0.5073262824635173 -0.61824461970990097 0.38414592694724287 0.18667589901281983 0.59234522648545507 -0.72661038180011339 0.29379685915261899 -0.50304480277058539 -0.63089071768735028 0.37949657964529016
23 -0.046308400426650333 -0.58940179094062284 0.70489177140541359 -0.3919038804233122 -0.15317532077473311 -0.66364213263043603 0.34885367234446668 0.048463227295795844 0.59220953193530923 -0.70323243426934434 0.39038868999581705 -0.14947327823728637 -0.67625438164911478 0.3459131491716928
22 -0.03030975857146645 -0.507609244876564 0.74828194173278506 -0.42601444661865312 -0.099768078018181827 -0.60544055811824371 0.34575163210926058 0.030776206090573664 0.5106829197291386 -0.74708835545361107 0.42439930464270526 -0.099616377209085588 -0.61848434767403326 0.3426329092115169
21 0.25043918269377896 -0.48326600931699792 0.74027196668871209 -0.39462842693516398 0.35900796734122131 -0.42803531134937262 0.2202988650081191 -0.25174772481108276 0.48231455342263452 -0.74007958704921206 0.39532007214690712 0.35373875513157937 -0.42402499759943568 0.21053876911599945
20 0.12444764335453179 -0.44184393525460236 0.77435301189930494 -0.43550445911001251 0.16118372518551866 -0.54487184022976387 0.26606576273432431 -0.12396105661993621 0.43944444777581188 -0.77270419592807027 0.44096537205979663 0.15464389813829094 -0.55087158439259998 0.2598878167822356
19 0.57063177700654055 -0.71351122598879224 0.34297330561519423 0.2182897548986549 -0.024677338440677588 0.74824115409020742 0.38627432196830214 -0.56855387804233404 0.71259441408985025 -0.34493635638913928 -0.22354999175117557 -0.033712815653082373 0.75473220258507245 0.37687674265225013
18 0.46743914302201972 -0.67661136099202135 0.54267539054352609 -0.17088339370985159 0.58625708249347619 0.17757642269919888 0.25928228386919688 -0.47081159418869989 0.67491647206980632 -0.54344246408462082 0.16581461556804039 0.57913958907185981 0.19098865072266435 0.25692764131519796
17 0.54754272829285833 -0.77275236463964159 0.26971723039169104 0.17407860083103391 0.08746595832221804 0.71701168690055528 0.30361966084049596 -0.55156952769332868 0.76878326185496726 -0.26809381055131859 -0.18129826572769239 0.068867593163528307 0.73033061663978982 0.29237196760744233
16 0.51769920935348568 -0.74727483756674906 0.34891380132730115 0.22765545242250917 -0.069761614984488254 0.58572502275762817 0.48726718104936295 -0.51938388725043327 0.74461079307602629 -0.3491455956194327 -0.23214757711178494 -0.078213666901288115 0.59673972736886771 0.48129927543568574
15 0.45054680578965056 -0.75442461805573702 0.44375211383511814 0.17588386205409173 -0.062233211851326832 0.59273414246387013 0.43727266660744213 -0.45108361618039389 0.7515294063311122 -0.44576025432941729 -0.18172759364884158 -0.074895045568045049 0.60169477015756989 0.43178706335721628
14 0.39847378755758978 -0.78658417137367831 0.46972571540827546 0.043147818694294827 0.16943897822224913 0.36834944678192144 0.36804339695585109 -0.39968667296654514 0.7858607901794985 -0.4697686821737736 -0.044618013852079356 0.16384608444220938 0.3723777046072978 0.35615578998891073
13 0.33787714260036406 -0.75519735542200284 0.55315897366680289 -0.097627561291446535 0.26983045032796471 0.090534991283442237 0.41905814194152585 -0.33800001538812524 0.75483827320129382 -0.55350417517574713 0.098021931072244994 0.26664647030335509 0.090277409602644187 0.4092710026913613
12 0.21371736640587199 -0.68705103101818488 0.66538040331864634 -0.19888360151833437 0.21886146896268477 -0.33628635786709987 0.49521265093026562 -0.21251272695763299 0.68711852139014673 -0.664994577545028 0.20121801678616905 0.2132158173292682 -0.33924818787043504 0.48783501583949967
11 0.10327906671146626 -0.63016057174031981 0.72400523944565165 -0.26085916019639033 0.049786565423268862 -0.50610012267669802 0.41015342632197899 -0.10181509178758615 0.63006610449170863 -0.72233661048335973 0.26623337921894752 0.047279551353749838 -0.51465963679164162 0.40091911653608925
10 0.027778372959932698 -0.52619885993332671 0.79375456890086071 -0.30380389423043014 -0.26067762568975567 -0.52672817877519296 0.27578034064028134 -0.027154205304038587 0.52601891190962236 -0.79246284121743371 0.30752137931746426 -0.2631676531405962 -0.5331684229239384 0.2676600773853246
9 0.007697857555196014 -0.53419283197771417 0.78044975017355278 -0.32477214890862816 -0.3907215240678002 -0.50548582130393882 0.24217061740078336 -0.002649521232401632 0.53337787028441552 -0.78043296482687508 0.32622908352817659 -0.39779941660673801 -0.50971709124382769 0.24042300989406895
8 0.040422318396227695 -0.66475563822451533 0.703726816594334 -0.24745614809536631 -0.26258388836924995 -0.41717085924119712 0.2558798440733544 -0.037247068926965311 0.66342841565796351 -0.704727019297821 0.24866688847838775 -0.26787175618424719 -0.41993254397853919 0.25027487746161903
7 0.046817148848151476 -0.67793046945342772 0.71129965748799484 -0.17964195060688573 -0.23000440748908826 -0.3361549230032122 0.26725159665166343 -0.045631272187422099 0.67703706824114684 -0.71178853747550197 0.1813716437166403 -0.23400398565877967 -0.33884737602841014 0.25737679365704125
6 0.12534447385895633 -0.71257315645287223 0.67592730844879045 -0.14018035978333701 -0.22391088404192847 -0.20802880456471495 0.16966960923837557 -0.12509527134007412 0.71091614176239259 -0.67774430176178713 0.14004311443071521 -0.22581751913655046 -0.20578568909957834 0.16237860705099311
5 0.22231792775682246 -0.71975316321742622 0.65732755044233959 -0.02122768159492442 -0.16526441308400824 0.044208701864027873 0.16272587119851578 -0.22284526856239079 0.71828774604763945 -0.65878418568945929 0.020151844645937243 -0.16915947869069203 0.047756207095840053 0.15045449354990126
4 0.32869252069812555 -0.70213070507637143 0.63133488813740002 -0.01974737568909795 0.055208203511414942 0.18411952521225758 0.21867868767677612 -0.3306056267860481 0.70103192922855062 -0.63158896853013591 0.018695683206013378 0.052957581078975746 0.18944167763949438 0.20962960006411269
3 0.35931877314235983 -0.70667317060915158 0.60771591794639213 -0.046737696597635534 0.25632681783937689 0.067672307857890648 0.25617908877969303 -0.35983457618670034 0.70626088405725962 -0.60792500264729732 0.046279937202629177 0.25174486403684948 0.071756443181190052 0.24434530518263331
2 0.21322919926364903 -0.66945998864843148 0.65029521653196598 -0.28891653385687061 0.20052203083098755 -0.4245853613677128 0.30808774809472089 -0.21076301904981234 0.66965582715325933 -0.64980327213957378 0.29136871911273426 0.19947062844206315 -0.4300345932237406 0.30521365869791373
1 0.17810590695043205 -0.6976607063538105 0.66869155031353844 -0.18547084746272766 -0.0081371050399278496 -0.17588708539496767 0.025686370357056097 -0.17543293254546258 0.69727298264978277 -0.66918062213648144 0.18769914438325605 -0.0072371119843926413 -0.1814401450590486 0.017092878118858429
0 0.25451498285239299 -0.70699346214437808 0.65291111367652588 -0.095338584143203536 0.0030710180797628253 0.005656338492262325 0.011091344819360398 -0.25372803664945792 0.71014727514032616 -0.65012833292133243 0.092984309223172704 0.0060960187607829452 0.0011307054531793361 -0.00074595850875516789
