19 -0.031460286606464265 -0.60405652492405826 0.70309280953652875 -0.37388028330113832 -0.27014605196407249 -0.47697264025516684 0.020778336546281122 0.036430453146636177 0.60415165739303001 -0.70120309103764722 0.3768127148492133 -0.27716314220239724 -0.49222885198232474 0.026528743671168975
18 0.063607345983768868 -0.62148779916591301 0.72425136952819491 -0.29183381360175736 -0.21103255728069531 -0.30871135978295233 0.077090480646775136 -0.056381479709668877 0.6230468214480418 -0.72187758791271239 0.29584883825792546 -0.21709029376610967 -0.31271486088499811 0.095962554946883216
17 0.075089852184984526 -0.64219032042637325 0.72559295760487297 -0.23551638228310748 -0.29307619159180742 -0.22016784305630804 -0.019900714491153222 -0.069941473960200659 0.64335865585140484 -0.72405662233726198 0.23862069862211008 -0.30018993517538384 -0.21988215098451258 -0.0083059330877719439
16 0.11984437799277323 -0.63931614493311684 0.73460879406286761 -0.1930339648271352 -0.31686612470572628 -0.054273272626790645 0.002834726717210329 -0.11713775047601753 0.63959752538856329 -0.73462328310808689 0.19370695611087427 -0.3261008346107106 -0.042812574412731674 0.014472092341323073
15 0.16919968511047459 -0.7068751008880455 0.66670055721319832 -0.16495279723194384 -0.16811552432027238 0.0045758125909320475 0.10857703446075745 -0.16814886065092835 0.70701023050119194 -0.66661248702397802 0.16580195044737192 -0.17437523060102045 0.021208219256272809 0.1234610001489167
14 0.17369247400683907 -0.65294918300832405 0.70389695420491216 -0.21912865340524113 0.023572863018770675 0.19463464905339101 0.087228476915907807 -0.177724144793206 0.65199618362026701 -0.70434670342319217 0.2172805243895837 0.028266783533923867 0.22312924113339272 0.10242286243265841
13 0.09409130157986989 -0.6475217330568398 0.70827048175704033 -0.26498180476727684 0.0033080753105485324 -0.024244188267709566 0.101815714685003 -0.097124188270739209 0.64676804189986048 -0.70857095372157852 0.2649248866600929 0.0086730971408885971 -0.0059360027369867729 0.11453708477343083
12 0.29641699562473056 -0.67208996855572323 0.65238340689302288 -0.18662242438203216 0.087587777606062803 0.29998171507274035 0.077059300947937476 -0.30186003309405929 0.67101372464861664 -0.65182772354506846 0.18368919557692517 0.090504110755619926 0.33453697782772596 0.096272908183854256
11 0.37649319849062735 -0.68005602959305955 0.61310732842752325 -0.14098252350161944 0.10351146549832438 0.37452353802082194 0.071170577871354959 -0.38178249944115977 0.67924904339520287 -0.6116518913944492 0.13691173770263718 0.10345545879166096 0.41110008117043201 0.092238231362802736
10 0.48204782484794456 -0.75109021501330875 0.45044894829402327 -0.024271968429343871 -0.055659363483187951 0.52145360282263076 0.091082332694275167 -0.48467407955636554 0.74945365967292477 -0.45054061736136597 0.020576703251225906 -0.065253901013210935 0.55797118897124209 0.11500814779212831
9 0.44173970866914147 -0.71920000149365249 0.51915609222640868 0.13451520189419883 -0.24351351437431293 0.56761542654165575 0.14616939645210533 -0.44422751691799078 0.71694082707869122 -0.51906846813344509 -0.13865673106703807 -0.2590267462788276 0.60416484833462292 0.1748730488108059
8 0.36161752876561615 -0.74471019749890821 0.55549613045974722 0.077868695088807158 -0.2256400355909316 0.46804722831662104 0.076085024722107056 -0.36376023431222154 0.74310218371327041 -0.55580240223423816 -0.081002013335082029 -0.2383422204731489 0.50292540170211897 0.099271772881093012
7 0.324589913755994 -0.74281976782986847 0.58443811722834627 0.035948122894570167 -0.20222848697131951 0.39672794994999494 0.033778629972231182 -0.32577455231544872 0.74104638605020945 -0.58587203871918381 -0.038407668929786962 -0.21260585734089821 0.42927680577588845 0.053116333416739714
6 0.27835175461418366 -0.7326611088571835 0.61984190287849517 -0.039038643769144114 -0.14183233833259423 0.23844540454823121 -0.0070584314261896881 -0.27836043054548787 0.73202299025313 -0.62064493219178452 0.038179583445236948 -0.14797663485296431 0.26283347309908256 0.0044074510385152532
5 0.19766671473858211 -0.70699720755601292 0.6647288445024504 -0.13863037790791857 -0.13442206001132576 0.051646757927068063 -0.053495846346500869 -0.19681747864524091 0.70706670788603598 -0.66478060858794197 0.13923466933339135 -0.13776853964740599 0.07059944081469352 -0.045348805035565043
4 0.10174292677538431 -0.6920333129897881 0.67544942027454002 -0.23346595300887932 -0.12485140132656099 -0.13768656872077284 -0.025292278148182964 -0.098855955962231942 0.69250464388746003 -0.67489117703588164 0.23491853337746196 -0.12724820241653906 -0.12695895502890198 -0.018114100914867981
3 0.012694890511833427 -0.63566608735435315 0.70266197681050813 -0.31942700494361509 -0.16549731746790786 -0.31431003173479422 -0.033399981789407548 -0.0094050840708640171 0.63612887367725213 -0.70171636259125048 0.32069572329458224 -0.16709106357220271 -0.30880885291924998 -0.027781492397862984
2 0.047550834767780825 -0.6045828330680445 0.72187280899920536 -0.33334391204865543 -0.044910243548004804 -0.30812029808829228 -0.011753324134516971 -0.043970250798157848 0.60471435693403175 -0.72091879935187508 0.33565346460845402 -0.044495271202031006 -0.30578873425820702 -0.002973548967236006
1 0.11710898739408521 -0.64951713127598265 0.70695700192812516 -0.25421404106647255 0.010180825894114452 -0.16946562327793682 -0.060616349773707646 -0.1151965620069489 0.64970734487219084 -0.70629077171745869 0.25644388062042733 0.01265273321241317 -0.1647526718781091 -0.057424050944810234
0 0.15939320984998151 -0.69557678830508163 0.6787893342355058 -0.1732390716698356 0.0064842788459825726 -0.009629723400881576 -0.022935720687496879 -0.1585654500756031 0.69631481318457422 -0.67932370151965871 0.16888453906643655 0.0032179120480059636 0.012904166618928696 -0.017267376644474822
