19 883 1 -0.22325696025245778 0.68304556964801644 -0.66260840211242023 0.21108099140631967 -0.5927570032847147 1.0254681784277688 0.31916134455055623
18 838 1 -0.30523614610416533 0.68353842835121037 -0.61074629897237187 0.25806020687076914 -0.48552020036757032 0.87935213262456258 0.24180434939700482
17 796 1 -0.080876300112213348 0.624261298806017 -0.66837311329155868 0.39627545510936352 -0.17224363059983749 0.70887420602176299 -0.039456175268998181
16 751 1 0.16006672606950931 0.57016059707191047 -0.68727678990318553 0.42064967706199857 -0.25913322688500262 0.63001000981012401 -0.40948903807758985
15 709 1 0.34685886526870258 0.4744431135535187 -0.69198070992165683 0.41923186506093607 -0.52252824093847472 0.46295575027519237 -0.56957365453444841
14 664 1 0.17969571654205971 0.43115496817732379 -0.78031611270807422 0.41583843872423204 -0.13182958426339686 0.40381094507184162 -0.51145888711465559
13 622 1 0.29865044912726751 0.33259901848115814 -0.69333652351403252 0.56521700903540328 -0.28189405731809442 -0.21183145666699701 -0.57291929538298081
12 577 1 0.3764004367837972 0.33659225567756074 -0.64280179623325628 0.57605053195545075 -0.44724813954846571 0.041694175299607901 -0.42896330251675785
11 535 1 0.31068996246522151 0.4165836896925057 -0.71193872462578844 0.47230607563712657 -0.49307227492937117 0.47433953253825722 -0.40188253077882719
9 448 1 0.13171741641723589 0.5950195255206111 -0.71502477961186228 0.34255196832393664 -0.42428727255087678 0.98863788619945536 -0.086692694374200671
8 403 1 -0.046448625945555488 0.64561641477156551 -0.65050394886061469 0.39732427894860223 -0.08363644818578847 0.85472472628142337 0.14903073521591462
7 361 1 0.059365611867068714 0.50423324707258188 -0.71580665926275799 0.47942192610411449 0.50916507477005168 0.41741055249625869 0.37636014487400926
6 316 1 0.20064990164228463 0.34300842175629531 -0.72229857125309771 0.566012025968469 0.53643782150813279 -0.0045126570689561461 0.19266385511310635
5 274 1 0.16263149620298356 0.37640050886714344 -0.75329786797315035 0.51421393940114124 0.51203006226938108 0.22658926084622233 0.017394395115916412
4 229 1 -0.061454017702019151 0.54125717208168045 -0.68128666219125866 0.48899137139495213 0.029323297404931926 0.66866298406330837 0.037847404617239754
3 187 1 -0.1337273294794798 0.61158586727511566 -0.67661964631281668 0.38764104855284653 -0.37298106573153772 0.75302597260414184 0.033964679063548435
2 142 1 -0.011520694231226536 0.54501813151180911 -0.72210887940918012 0.42588880732677764 -0.19416149832405463 0.60349475077769155 0.015292606685228428
1 100 1 0.13897014511858896 0.48402658946952432 -0.71047878286956156 0.49155412575260249 -0.066286898170389047 0.41226314569515482 0.063828574850401734
0 55 1 0.21658052468560438 0.47158420726160483 -0.66250827064755102 0.54017034638338257 0.020243239517445312 0.20306650079593494 0.092310535466841814
