114 895 1 0.25922639839672085 0.3830600528545054 -0.69963613750365783 0.54458786745605248 -0.57099717966101959 -0.27921712037754132 -0.58237246045979429
113 889 1 0.26000153310865293 0.37864612158381022 -0.6625343556255513 0.59167097698511795 -0.47424951788893277 -0.32182474894982072 -0.61339424641201534
112 880 1 0.26732229196251311 0.33662656941234625 -0.6348872007086428 0.6419809867604549 -0.29082394079247414 -0.38038896752830864 -0.65483715784664998
111 874 1 0.27779258023607117 0.28663456475568794 -0.66265395844400166 0.63368891422495222 -0.17697355540331552 -0.37267077359557593 -0.71683049579293223
110 865 1 0.2264841234695035 0.26465247638373474 -0.70430508720322715 0.61856151892908928 0.088820247877206077 -0.35063562611988763 -0.79054020423315841
109 859 1 0.21375394563590436 0.2510772470818351 -0.74436210132477576 0.58068453469526315 0.18925045375868191 -0.24702717946717265 -0.81898134556449997
108 850 1 0.12093317437363496 0.3537264280977146 -0.69529282604545484 0.61385720444650094 0.33806371486534093 -0.043041150499483177 -0.76021286454724202
107 844 1 0.051335333680774066 0.39819287447947166 -0.68831009266641041 0.60418236862988395 0.37458683811344834 0.14372592747290411 -0.74432444229169126
106 835 1 0.0046255657593740679 0.47264247986298097 -0.66743273806605641 0.57543134301845644 0.34048566462199276 0.35750571582424667 -0.77751056126308205
105 829 1 -0.025399142352237111 0.53513829312093519 -0.6610592216815564 0.52534045744941238 0.261664516273522 0.5029248001966562 -0.75638927128764377
104 820 1 -0.03472737176991289 0.54119999399281693 -0.64599766329708674 0.53719977212097991 0.30774750720351812 0.50896181245549654 -0.74433275451730008
103 814 1 -0.015276529420568397 0.5449974118617309 -0.64351358382510204 0.53724735098970067 0.32204580043941516 0.4473710304541928 -0.73274926773420612
102 805 1 -0.0092495674984852862 0.4852400773044071 -0.67137394890339563 0.56010136012383049 0.43574116742483537 0.27803037600905728 -0.6102838472858847
101 799 1 0.022865477567706002 0.43363031056219453 -0.67678851604415691 0.59447390880347595 0.49694056786751101 0.1415962287263475 -0.5726876143499503
100 790 1 0.12937391792207223 0.34543601121265438 -0.71100397166099616 0.59867328636015926 0.56715595910887717 -0.029341381124167128 -0.57237047151919984
99 784 1 0.16852189915961235 0.3101499268086591 -0.69802094752671284 0.6230362342738428 0.65403750368346769 -0.13035605831137684 -0.55848794431141524
98 775 1 0.23261939089313383 0.25230699242684307 -0.66044474196962044 0.66786386588713575 0.74818214422844143 -0.34751816115151396 -0.49705227487463516
97 769 1 0.25162989695718019 0.22436521322381625 -0.63501225578247655 0.69505545178669093 0.81883424173716168 -0.41782056847198434 -0.42718256826776613
96 760 1 0.28220340681105455 0.11071023550018962 -0.64655419650696044 0.70005153518792151 0.7947699707272502 -0.61904773358612941 -0.27610211347133151
95 754 1 0.32628620848697187 0.040769886228340629 -0.64427911579124553 0.69049225012549953 0.67380195778869889 -0.80044287099453748 -0.20818554683123819
94 745 1 0.40488638285707262 0.014947658228698637 -0.54554703048836561 0.73363616460458136 0.51109438422824549 -1.006123680052589 -0.0093821636552618749
93 739 1 -0.53597655674285116 0.067443291585817106 0.50643257823206778 -0.67209119674889972 0.12552949483714074 -1.1421058657193111 0.1141086035129656
92 730 1 -0.62649181081478544 0.15885778821559085 0.44754683920865679 -0.61804048477393636 -0.26159252615281359 -1.0989127492352702 0.32725135838326841
91 724 1 -0.6404294842775845 0.2155934998354532 0.42558074586670347 -0.60187253405034846 -0.43190627649373475 -1.0098851435652769 0.4170039527970078
90 715 1 -0.64453303984769217 0.21016043224980668 0.40638816074822542 -0.61258339519198701 -0.51636872675212175 -0.9750554400506507 0.42634446335173604
89 709 1 -0.64216860442527768 0.19650648850708208 0.37968126493123111 -0.63627574252467578 -0.51281642337020406 -0.95568152210769453 0.45670402028922591
88 700 1 -0.58386685160565077 0.17406139768697262 0.43457865400743317 -0.66328238549840168 -0.47898874559321292 -0.97249698643844051 0.34268744321964578
87 694 1 -0.56698650757877733 0.13556704087860438 0.46255974458847016 -0.66797182600562532 -0.44406588779860356 -0.98087728806835162 0.26746654633869904
86 685 1 -0.53250226031561609 0.13692636336438144 0.49600616879783976 -0.67206427839088001 -0.44005585945466213 -0.95201096006206043 0.17527776865516595
85 679 1 -0.51179474390058266 0.1340998800716465 0.49078009507483955 -0.69225592128839075 -0.41767249814403917 -0.94291651791483211 0.13852238593949026
84 670 1 -0.52435523944511675 0.10226982009036115 0.48617576943677182 -0.69153856579203343 -0.47276719480685864 -0.93074179581019911 0.069047222815533965
83 664 1 -0.51359498577720175 0.060175399925294477 0.50962406975951291 -0.68766446712775398 -0.48016856986935447 -0.95046905394014758 -0.025329677531094063
82 655 1 0.49709075331000668 0.039128348161021315 -0.5079371724479016 0.70240272222529909 -0.48617467342784615 -0.95381273331794048 -0.14331694247638305
81 649 1 0.49479262822461845 0.069997194773656249 -0.48618374464056852 0.71687238350048599 -0.52974758859172544 -0.91506829614163998 -0.1746166211642983
80 640 1 0.49355888755496896 0.081332189521462733 -0.44508000490359306 0.74275735519627406 -0.57058649718927279 -0.83495881435562846 -0.19648122370941609
79 634 1 0.49381852915313718 0.067562067889971308 -0.41671713340243816 0.76021408693625092 -0.55764752008433005 -0.75995388105114781 -0.19679375187162798
78 625 1 0.39136786367523596 0.091185415136074421 -0.45342813552339634 0.79556227994074757 -0.42990080309875633 -0.70263995858104178 -0.33717687102137855
77 619 1 0.33882194169009977 0.096742242931056793 -0.4998905696970905 0.79117005036208077 -0.38298675377904734 -0.69118933963111684 -0.42931261716885261
76 610 1 0.38644978963169696 0.19611897652979035 -0.53960636720992927 0.72181637249720776 -0.49471835420657551 -0.58944853953547383 -0.44961342172703422
75 604 1 0.39398620103567422 0.19998791071274041 -0.54514437045137643 0.71245864745078558 -0.5083140939439178 -0.57613613294710597 -0.45140710577171261
74 595 1 0.37633439292675142 0.18586342867146641 -0.53130100215696241 0.7358984003855068 -0.48834474494993824 -0.60313213359994666 -0.45134555698803164
73 589 1 0.38363186729928361 0.19625325213977768 -0.54011632622990602 0.72290082691676016 -0.52376321090806477 -0.57682460714388251 -0.46594705087284771
72 580 1 0.3535832334848058 0.20198243902729174 -0.57267546407076009 0.71149476749611817 -0.50006472065481145 -0.5382801190651183 -0.53000687603786734
71 574 1 0.34011049426513296 0.19217212228648947 -0.58182781932662941 0.71335202793869779 -0.52685135602127164 -0.48704131249180888 -0.56426504434281521
70 565 1 0.32036228970197617 0.25051493851102824 -0.60446815240433527 0.68500257054160929 -0.59145308558104248 -0.39926984698641654 -0.59914794527383808
69 559 1 0.29030252243000038 0.32184650903767298 -0.62294516581280635 0.65121316823410247 -0.59725312237067907 -0.32660610572847298 -0.65734656644539036
68 550 1 0.17856423205976577 0.36377953093131465 -0.67146996062110853 0.62040902627845929 -0.47969360816545825 -0.13011867798630697 -0.82028660454751134
67 544 1 0.12367653115189009 0.39851738365923411 -0.70171920236561003 0.57747568918094405 -0.48405249565855618 -0.0028683590462454406 -0.8695840103259459
66 535 1 0.077576519836913896 0.47474111980101646 -0.70556874401150915 0.52036093263627248 -0.54620014316716703 0.13263453177508935 -0.83676254121793237
65 529 1 0.022017969040032202 0.4874095691488779 -0.72566782235533289 0.48513228354699972 -0.52648720425010764 0.29694584129625706 -0.82909546172316884
64 520 1 -0.056480405427751117 0.49755005235198874 -0.76583243826699032 0.40342853853599242 -0.55216547546535666 0.53242646249122927 -0.71878375640516812
63 514 1 -0.032168693752793569 0.50460127586055514 -0.76669764803703022 0.39562285580666984 -0.61563510957889067 0.57798461545545099 -0.66378689746816077
62 505 1 -0.061383308511638299 0.54728844841801549 -0.74890315697779153 0.36858039168282369 -0.74791087161200875 0.61939339850029285 -0.58951331917342842
61 499 1 -0.096842479035802231 0.56763656004435825 -0.73573462854751714 0.35651763814887877 -0.79189314090431184 0.66704274819327325 -0.5570598363765682
60 490 1 -0.13124666400169899 0.59633405826064079 -0.72633626054415656 0.3155877703041598 -0.84396232988114839 0.73482258987914406 -0.45940436675326091
59 484 1 -0.11920555373042886 0.60801874232522668 -0.73529505236180548 0.27467149636123711 -0.9056076806538812 0.75373854410022179 -0.41467146140879158
58 475 1 -0.061603170367827344 0.61806990741060464 -0.74321788321169713 0.24863993450048064 -1.0117980497460199 0.73615807321823579 -0.41133856437775873
57 469 1 -0.049401935295263918 0.62264714090742079 -0.74744977141277269 0.22624947717926561 -1.052811265198951 0.7672948261979422 -0.367291671806243
56 460 1 -0.014096032481732001 0.63261892302715428 -0.74440679549363986 0.21319738018823656 -1.0653479966609491 0.80581667822700465 -0.32312520148459067
55 454 1 0.0074162036877604143 0.62289256572508533 -0.75245625962189744 0.21391453630622184 -1.0376622709236976 0.86393437892900271 -0.31562521734997612
54 445 1 0.0268312073564369 0.64269386248266858 -0.73118665422318574 0.22713599918288643 -1.0863301021552723 0.87087268482764735 -0.35122927960655864
53 439 1 0.028707888308993484 0.65435259550956892 -0.72616531824619346 0.20900351306888024 -1.1238013798605098 0.91014094553078972 -0.29818633538070882
52 430 1 0.060907843503792587 0.63328480500143591 -0.74837788204026157 0.18753969187066255 -1.0577936866885611 1.0394904331925496 -0.20916449090996353
51 424 1 0.065725912853846533 0.65182483598175067 -0.7378947773504767 0.16222140776045155 -1.060668099340256 1.0004231583272618 -0.11554765686181252
50 415 1 0.071025906559039856 0.66714151922006215 -0.7250517480290718 0.15549108209219376 -1.0220258883374176 0.95356781835614268 -0.066131102156067878
49 409 1 0.075549811004673853 0.67901292012681025 -0.71262525289263712 0.15937041537790209 -0.99926460960714469 0.91680671742318731 -0.05626203605402328
48 400 1 0.045852253325004561 0.65951105045687364 -0.72293585583763675 0.2007647716473045 -0.88711844993361899 0.93574007541175896 -0.15238473891237964
47 394 1 0.04605088820575632 0.65010734058222575 -0.72623241373658154 0.21869211841057601 -0.79707024107503666 0.94160775231596361 -0.17158329128744568
46 385 1 0.022901300356877437 0.65699073698800015 -0.70848883797935036 0.25667541450750292 -0.70120344280927449 0.90125499639923978 -0.18005577085334679
45 379 1 -0.0058039218593012023 0.63788127518221227 -0.7233861742027976 0.26417084667920065 -0.58316858689459339 0.91975380048384703 -0.13224916590711275
44 370 1 -0.0065838530848622411 0.66093192190576744 -0.70599004964843781 0.25436921449322797 -0.5363019569559786 0.87755079014898552 -0.051117398409741083
43 364 1 -0.0027410029235280572 0.67187740918552386 -0.70396459156237534 0.23023268177115847 -0.48690688546578126 0.87902533230928448 0.036777741918400518
42 355 1 0.0020803773703258499 0.67128326391408888 -0.70760047232914614 0.22062643354415651 -0.33422601232680543 0.92007164015393439 0.14588073551178635
41 349 1 -0.0085475656961758045 0.65772253394865665 -0.72463010169630548 0.20552183137669286 -0.21586286462474563 0.93727339602083237 0.24798357703257207
40 340 1 -0.029278092125477936 0.66043635739197371 -0.71894560058055779 0.2146714572600987 -0.16711055959104079 0.93893083557656154 0.28572814501977595
39 334 1 -0.028622288047860513 0.64573643744324949 -0.74320472610787491 0.17277717753200036 -0.058868142133941412 0.92295093558379881 0.33999745236942491
38 325 1 -0.07716153885627422 0.67843695149964522 -0.7069993326634425 0.18417747792454628 -0.057653779762066058 0.96822518449944794 0.35743235249813099
37 319 1 -0.1204252380015467 0.66938987715370302 -0.70463324588760201 0.20225464940594978 -0.029410426182825123 1.0227130180649819 0.38307383494980352
36 310 1 -0.19610358740554648 0.67957646102743441 -0.68012899710355657 0.19272717484312779 -0.11367623299638144 1.0917631728329462 0.48593339071576142
35 304 1 -0.26581521794333912 0.68665774971234073 -0.65962796983632188 0.15077913011863409 -0.21604196503206383 1.0614523073534332 0.62175972373008526
34 295 1 -0.3510788622731677 0.67694639715366656 -0.63673177762101363 0.11427970604281659 -0.32416624956606999 0.98130519303458863 0.73998448466533195
33 289 1 -0.40221071069493747 0.66065325855804968 -0.62435158775409805 0.10931107458917906 -0.38406346487844234 0.93753719296659932 0.77079942483540664
32 280 1 -0.44283845230926555 0.64817417328578042 -0.60311590066802967 0.14147634644356957 -0.449319906390372 0.96538664494980408 0.71947843989071525
31 274 1 -0.48109739085849523 0.62383947132287176 -0.56174206396257098 0.25261723635535877 -0.50852350099359545 1.0588907320091918 0.49390849579571094
30 265 1 -0.48762971104613251 0.62402609908989926 -0.53604258570241481 0.29234746257352401 -0.4950716786337177 1.0735892529993052 0.38820478035688821
29 259 1 -0.49590084589817318 0.62461036656555657 -0.50027728320759624 0.33714519264367981 -0.52261811515989187 1.0711259200028052 0.25895288764824681
28 250 1 -0.49020490364666075 0.66320898281505736 -0.48410186940492433 0.29240105607340494 -0.55750679497252342 0.98834252496827601 0.26333621759096992
27 244 1 -0.52046555727742594 0.66518472574471099 -0.49222801071202765 0.21060975712039609 -0.57236741460205298 0.86262625675474303 0.40103137824398755
26 235 1 -0.46171679252248243 0.693344275704463 -0.52467985342075907 0.17550604053700056 -0.44224805087720226 0.8197210920718887 0.41959899900902065
25 229 1 -0.37176612871930004 0.67639125844913051 -0.5985465947690144 0.2145385394773715 -0.23955328716373542 0.88556235028596697 0.30642727092423971
24 220 1 -0.26657870938071432 0.64894637608053796 -0.65612936056725124 0.27802635644567908 -0.05981069642631906 0.84989295563360934 0.11735893747101156
23 214 1 -0.21757253143448646 0.61764216910210712 -0.68911744764440219 0.31031836533485752 0.042916905267853925 0.78518973730748431 0.042680335809609553
22 205 1 -0.16712452441067652 0.60289635860142987 -0.70891913556770436 0.32560564084729887 0.088526835661662653 0.67620715245974561 -0.023782024563263233
21 199 1 -0.14458892723875744 0.58629406913648818 -0.71966718427266607 0.34268418477714563 0.1026563552813291 0.57632278943011672 -0.060270579893858138
20 190 1 -0.096431413979871136 0.53195227017098801 -0.73428841879741802 0.41054632220708387 0.14924836328914923 0.38127716832928943 -0.097201504283318085
19 184 1 -0.069613875952540247 0.49887732012418656 -0.74298094970736628 0.44074327687727044 0.17613571203763584 0.2737509289545012 -0.08726766061958062
18 175 1 0.035293450254662649 0.45465252640264614 -0.74884507644877751 0.48091215838574652 0.22833667253491266 0.14123679238322445 -0.11136134530168526
17 169 1 0.05958990564499568 0.43237004660092865 -0.74828910356862766 0.49956841716424694 0.2593489628448109 0.048339188759754459 -0.14360418958828261
16 160 1 0.13759052558861951 0.38309217607183343 -0.74106516878845707 0.53397719755559836 0.27507372499004001 -0.14300126480593869 -0.18496029669708813
15 154 1 0.17777118663390939 0.36417029697820286 -0.73313061540608704 0.54616563490929337 0.27127816245674502 -0.25204957704361181 -0.19581681359838027
14 145 1 0.21941198468620932 0.3555514241352038 -0.70813663628756351 0.56919598568403684 0.2430930387393033 -0.34621806427850726 -0.20485318199157856
13 139 1 0.22853030280027878 0.33942976973778188 -0.70112647316567289 0.58393749729233391 0.19835884397409692 -0.3799186500028835 -0.21466417369327481
12 130 1 0.23959974323093799 0.33118458130342304 -0.71195135019827516 0.57099388009102003 0.090289153158071025 -0.39998651731682622 -0.28313554418632991
11 124 1 0.25692801267002269 0.34022726112677243 -0.70079341948424723 0.57194579314755301 0.027629065873958011 -0.41368027684597158 -0.30868221531634993
10 115 1 0.29514603265105338 0.34413642754115781 -0.66775858452480419 0.59038750955874975 -0.10966837154459103 -0.45169114343118694 -0.32842837453172108
9 109 1 0.32269155083936057 0.36042188047296975 -0.64038155530358831 0.59655485474529002 -0.19829916608603454 -0.47784448353511366 -0.31024255843656218
8 100 1 0.35522278932072476 0.33795871074568673 -0.62089512138152836 0.61162891365838357 -0.26003684310431041 -0.4322157638673515 -0.26503169183356201
7 94 1 0.3803244987232654 0.32959580706388875 -0.61708671210291766 0.60491641520363104 -0.28035206392124007 -0.39516047639794827 -0.23876656388278894
6 85 1 0.38120677160812239 0.32665932623873095 -0.59411233601447955 0.62849472078672985 -0.26255832639978038 -0.36042829500020079 -0.19302686808076383
5 79 1 0.36737255761516341 0.33802323486857394 -0.58494924451108521 0.63922771994508276 -0.25978113588705193 -0.28605336731325676 -0.18620751221778356
4 70 1 0.33981552986539137 0.36545269939638869 -0.61146423456794707 0.61406939348125045 -0.2690701140075995 -0.11575217458593992 -0.18952772171315985
3 64 1 0.33797456251050018 0.39537126950938034 -0.61070235467350809 0.59707402249520936 -0.2539162704725571 -0.082384228392841305 -0.1499404247820659
2 55 1 0.34347108297095991 0.41458837347565447 -0.60469007294937749 0.58693612209340462 -0.19739515506600958 -0.090236138952688311 -0.092286791717024419
1 49 1 0.33853043323789261 0.406480273752438 -0.60863033791061483 0.59138823508480343 -0.16654401021125012 -0.10796459484962459 -0.077125398292828176
0 40 1 0.30322643572544739 0.37225299726779321 -0.62642130538134533 0.614066594814208 -0.12603321592885819 -0.11289113471564063 -0.082170412438555093
