19 19 1 0.22393259836863774 0.33383766449054014 -0.6371648622722611 0.6575922318891414 -0.44496087024174424 -0.49326637157013498 0.34569406274056025
18 18 1 0.38230970278697141 0.19359738601118071 -0.59370680888624383 0.68108117604782525 -0.6229976373714855 -0.46396850333533701 0.48201905028729369
17 17 1 0.36944057987167683 0.16506928776524574 -0.58853564858993646 0.69992255180096652 -0.59198968407710884 -0.36527550666241737 0.48270980310145234
16 16 1 0.10016751903014472 0.3880679482464332 -0.6899271993281364 0.60280195363185674 -0.47143521560772111 -0.41592859349337746 0.17680901044802863
15 15 1 0.10654220253476164 0.40941140885706379 -0.70139215708883729 0.57365503514828831 -0.3325639207598361 -0.38785473761892147 0.27338524066038905
14 14 1 0.011851398673926315 0.38309239941218048 -0.73751823000031536 0.55602753374207292 -0.15856019378245953 -0.34772113172973901 0.34634673186901471
13 13 1 -0.073709879123727229 0.39594997040736135 -0.7247503489084306 0.55904150687679999 -0.016871641006764214 -0.25524268360880509 0.32595901501363511
12 12 1 0.15148910698414458 0.19664109395076279 -0.72400701581662841 0.64358151906599548 -0.15373322193331559 -0.38632896254172416 0.34904393850674598
11 11 1 0.21735516048663833 0.10687694414547366 -0.72352328458503357 0.64641171839875977 -0.25787276688668803 -0.42638156521900106 0.34390590857944486
10 10 1 0.42649628435261316 -0.096521485445102473 -0.59951106001382015 0.67035140874170751 -0.47748333265890103 -0.32320098719479029 0.42476996450901933
9 9 1 0.49622669440111172 -0.00063520372982694506 -0.51930956795133554 0.69575587450927379 -0.47388331320204313 -0.31600886668449524 0.70043174714272705
8 8 1 0.40864310537882842 0.04315423294937705 -0.57865563097399475 0.70449001791862653 -0.40866004233313563 -0.26812499580217652 0.68572876066339727
7 7 1 0.19525955704341461 0.24472115142330653 -0.68067454332169886 0.66231973359024832 -0.21396152518954781 -0.37565506709113089 0.52384767439246405
6 6 1 0.05184371056167953 0.36295555937041513 -0.70644796706251667 0.60539801901769008 -0.072189291076669881 -0.33391510981649436 0.37024343145698613
0 0 1 0.34963544813082176 -0.60913121473623211 0.63902469448539301 -0.31362661953694576 -0.020418295315819613 0.039090764326197937 -0.03110942688405148
1 1 1 0.29889902312125216 -0.58115036273434884 0.65736314639750948 -0.37522969449293686 0.021121740593888848 -0.072352486356265441 -0.012750166378207587
2 2 1 0.28019675237569597 -0.52695975916795268 0.67178325425262275 -0.43876012977653567 0.029612793390022429 -0.14648446789138497 0.0089111840786868911
3 3 1 0.24059591013369841 -0.49906228495866345 0.70340484190531694 -0.44527752261138365 0.024126446488275614 -0.19365602252806013 -0.012978757036644801
5 5 1 -0.070482703034350461 0.4276865941071869 -0.72121303319278518 0.54034075040369534 -0.02910779078630444 -0.25356131691671341 0.26804992594216948
4 4 1 -0.13847560881009158 0.47280215156336525 -0.70644680296257689 0.50814913738555256 -0.015656007292860007 -0.25667773380532105 0.044901081189588708
