19 881 1 0.53385433205653421 0.36644953206469244 -0.6084707143375977 0.45877846765899288 -0.6826306554388698 -0.36801037512241408 -0.35519123237157135
18 839 1 0.50646203607833351 0.40546518910294249 -0.5355724476251259 0.54060738043605716 -0.63846829215851408 -0.31233689063378406 -0.21818298362797664
17 794 1 0.25894972256866483 0.53788618135944732 -0.6668554136747783 0.44601272889549193 -0.69048333336789147 0.3873650683115597 -0.28718441257987598
16 752 1 0.089060138959030671 0.7064281302127855 -0.66001849673382318 0.23958959172278346 0.15003385751037307 0.84931638204326743 0.20232587667041591
15 707 1 0.13025936870224641 0.77403642117419114 -0.61695461591793721 0.057158704137628517 0.052877386760777571 1.3918295648567065 0.48656390830508234
14 665 1 0.096782895276493419 0.69562156027375444 -0.69573371613437329 0.15065959079349034 -0.7218070278828802 1.2670117050590197 0.55839881733715091
13 620 1 0.11305034912726085 0.61606795226745004 -0.70323183898908181 0.33637014936410403 -0.82413098017937647 0.85206247350182818 0.0088530165532163824
12 578 1 0.27839386768001428 0.54553641028793087 -0.69141004748771573 0.38319580598090547 -0.77435980771961632 0.295018945925061 -0.099112290595248814
11 533 1 0.47252718798819493 0.25942314770106767 -0.67915227364904729 0.49816651457737382 -0.56155944843265893 0.070389478865427207 -0.22843695079552484
10 491 1 0.42673135229056558 0.28293021353793563 -0.64228978943151871 0.57036363280950764 -0.24205051354215792 -0.26411712429884049 -0.30213713137585441
9 446 1 0.36933478021286503 0.31838381157601958 -0.59071048564185846 0.64287221965504171 0.66100560530197361 -0.49599880275868324 -0.030238624913446983
8 404 1 0.38305070472551439 0.22432356667245351 -0.56208006893036022 0.69786609829957902 0.37648490391025152 -0.81580091352287121 0.063674317330264629
7 359 1 0.52254226038254215 0.19586595235676493 -0.48870461331393988 0.67063694779467209 -0.056873035760470245 -0.52808687403619603 -0.09599058194610692
6 317 1 0.36048561839610632 0.35672702058015487 -0.61952043948227487 0.59915805659381038 0.10344409545808451 -0.087548257133844815 0.064799874794629356
5 272 1 0.32131989755304435 0.2944350733039679 -0.68084238628917171 0.58865537972319126 0.47687652625683596 0.10887527799539939 -0.067112061072352833
4 230 1 0.076911557123005861 0.47941473623714953 -0.67739294299709374 0.55261643464279553 0.49869620008895194 0.93933207701145149 -0.018704872486071226
3 185 1 -0.033899821034425133 0.58416064966381898 -0.69401525835314759 0.41946389438328641 0.15155894855742608 1.357215511984446 0.38654581641208463
2 143 1 -0.080032905089077802 0.62102080847983909 -0.69602338415481968 0.35139626954155634 -0.23478528632640833 1.1926798348597996 0.43262518795525529
1 98 1 0.071637662568486027 0.57240365616457167 -0.70075126229640305 0.41972582491568489 -0.044030905924223221 0.80093324302748714 0.25744457147187655
0 56 1 0.20113965606502532 0.47526412814284935 -0.6595455860765107 0.54650385830811188 0.01830115294379012 0.40875090238941253 0.11525903170940556
