18 853 1 0.5220767805697355 0.40709724779182949 -0.6055729320671901 0.44157568997602714 -0.60090776922091738 -0.3179981027161668 -0.26114194843849148
17 811 1 0.38203275160615763 0.48286807761087142 -0.610643853013775 0.49799947901689662 -0.6805794721188092 0.039883149646930433 -0.24298879760531628
16 766 1 0.14968959433523144 0.67725125583196433 -0.68491985705325331 0.22317829472404382 -0.25471152758989141 0.74522232418626677 0.11557092162387961
15 724 1 0.0092381282765026506 0.78159004249529307 -0.59597405110690982 0.18397443535820723 -0.06786513079751777 1.2876658190993597 0.51657153304236381
14 679 1 0.20763024342785286 0.67927755288208613 -0.68593243218866795 0.15801388115084594 -0.2894825702793728 1.4296099179565844 0.2576920362897791
13 637 1 0.035668821067782033 0.67812830983080197 -0.71478249260743665 0.16719963777339455 -0.90775462119118133 1.0277648388305229 0.58074353226373421
12 592 1 0.2320314915384106 0.5804679527728247 -0.65699261756847804 0.42140128523618192 -0.80962689651274189 0.4151740500056032 -0.11977643509987505
11 550 1 0.33457786881976581 0.36274647062255644 -0.73402827232225509 0.46655668806534939 -0.55243688552903814 0.070221461762099105 -0.33796542222054959
10 505 1 0.39053522886781311 0.31472584163878314 -0.64118022391738427 0.58079066803382551 -0.4197179713558743 -0.21561654779415193 -0.35326173360393603
9 463 1 0.43875184312256377 0.36016449648540516 -0.54614077406252348 0.61604270187573484 0.40881988471606856 -0.4210110073026061 -0.22685348492225346
8 418 1 0.3774451869260958 0.20169278221364809 -0.58616608802503767 0.68794219940243995 0.46565768205201041 -0.74350316578336173 0.14003240262279953
7 376 1 0.46939773164051651 0.25665509524638558 -0.53167486613327553 0.65659406663247433 0.049833718294211203 -0.7532810162049477 -0.12738417764107043
6 331 1 0.4249332148196705 0.3528663530278256 -0.57506666569545606 0.60350263450110353 0.012998313128787211 -0.13237765174133651 -0.053940674222857726
5 289 1 0.32907338617792226 0.28512198122822108 -0.64672649947552652 0.62622759217877155 0.25833737036468102 -0.019287024816654577 0.1168258892599104
4 244 1 0.14188156582175473 0.40199502472321053 -0.71064250336839696 0.55969353559251533 0.57353622486841149 0.68086393077966023 0.0059312846788903513
3 202 1 -0.0080166214930944713 0.5822270616051185 -0.68467697851870868 0.43836607715583764 0.21527183410317649 1.3438454939831461 0.33646422079194632
2 157 1 -0.075538992803811808 0.62694341269722575 -0.70239839556640749 0.32843920555785994 -0.1382593638118281 1.2645902014645627 0.5240409605870181
1 115 1 0.037552880228171638 0.58067406022911083 -0.70977850864488146 0.39701622842077333 -0.080807206585221489 0.98153570526783473 0.33768753532183937
0 70 1 0.16631779053288942 0.4969709567106948 -0.68550428885493198 0.5054128319500889 0.047532129045341438 0.54724973113580366 0.10622458197656802
