0 0.44204592162130341 0.35188289441549458 -0.53157407475246587 0.63103314877017858 1.9721715849233676 -12.588423170992384 -11.660292071422672 0.38939305426357251 0.41122543938957656 -0.57189531335260646 0.59346645891361072 -0.00099989260369177111 0.034168157277013229 0.001759519024189098
1 0.24808402664945955 0.60065861523489972 -0.56273909871058214 0.51087009155741803 -8.6079193930495723 8.2788821891300461 -7.2837480015726372 0.29805431030696322 0.54695117969393225 -0.54143252394793284 0.56467588681493008 0.21174176255518681 -1.300857338468357 0.06860275899755662
2 0.35219649748585907 0.62575355422538115 -0.45036597821708296 0.53062284364467993 -4.9143893005008161 4.2159039202940285 22.643527422007359 0.36988378496690255 0.59405517206884351 -0.43444264879288563 0.56704851914685073 1.4652400954148637 -7.0418806403247647 6.6925951222699878
3 0.32411596466850229 0.65172827517727316 -0.28853925034000466 0.6220483886279996 -0.21804016829824033 -14.591588088972982 30.204330040449001 0.33524657877316738 0.64958498879732418 -0.27775590424513869 0.62329826841331115 9.653533393606665 -14.943825821545413 24.846405676761183
4 0.75161918167714137 0.40237317598707389 -0.16759608185303229 0.49505149866309001 20.07208933539783 8.3386261903799674 62.585625576082279 0.7516191816771397 0.40237317598707489 -0.1675960818530311 0.49505149866309212 20.072089335397749 8.338626190380154 62.585625576082165
5 0.76074479318544663 0.32350151153413731 -0.19091509105422447 0.52930667829162881 1.5614588381715195 53.378699181357071 198.88308439423716 0.74984627869089204 0.34729637119495005 -0.20869690128596993 0.52303096684792472 19.136700106341017 26.200743885364666 120.30228192110046
6 0.53642324592919821 0.57014208342820794 -0.22017099313308139 0.58199041204621071 44.714331716681045 -37.2519214201781 200.33115973586368 0.5364232459291961 0.57014208342820827 -0.2201709931330805 0.58199041204621271 44.714331716680896 -37.251921420177922 200.33115973586365
7 0.75018021029310422 0.50118149115104516 -0.080888813990782515 0.42367884627790126 140.10910234662836 31.360600303703233 175.26426612994143 0.76067550689962005 0.46331593598357323 -0.032486490038505192 0.45349282754157166 163.28141079661302 72.947801063751115 265.84821703396551
8 0.89188580079044033 0.18403575342948578 -0.02380698392949997 0.41243640397547005 193.11346527321336 266.13662362432871 326.58172698586014 0.89188580079043922 0.18403575342948741 -0.023806983929498444 0.41243640397547182 193.11346527321331 266.13662362432882 326.58172698585997
9 0.88159387104318254 0.12501899708445299 0.098739154648462668 0.44431191323933794 271.39090502968918 475.49146425603749 330.38688283798353 0.88159387104318132 0.1250189970844548 0.098739154648464361 0.44431191323933938 271.39090502968907 475.49146425603755 330.38688283798336
10 0.83711539428991355 0.19567672441397735 0.2948817605879675 0.41712490148395531 481.82133645595411 653.92861076524787 245.02545016705065 0.83711539428991222 0.19567672441397949 0.294881760587969 0.41712490148395637 481.82133645595394 653.92861076524787 245.02545016705051
11 0.87664780049400859 0.0025800757439980106 0.21878231357900002 0.42850469818100273 451.35671448907101 954.44953453073379 267.81496449325658 0.87664780049400759 0.0025800757440000372 0.21878231357900188 0.42850469818100378 451.3567144890709 954.44953453073379 267.81496449325641
12 -0.85373172084310989 0.0063238640140029709 -0.30772494935203731 -0.42000894409105272 581.4094291018597 1221.4335058842339 162.80770688375887 -0.85373172084310878 0.0063238640140008328 -0.30772494935203915 -0.42000894409105349 581.40942910185959 1221.4335058842339 162.8077068837587
