0 -0.13332803361182902 0.69800923700845929 -0.68875816619119645 0.14359292813022381 -0.045779627816187753 0.0041455672201485549 -0.010782351634237403 -0.12842741648169859 0.69599521461050118 -0.68986284958750022 0.152270511571128 0 -0 -0
1 -0.16059797650187596 0.70726803093414481 -0.68121165974366882 0.099653885982015092 -0.032002468489732899 0.008419854570079063 -0.010137864495471367 -0.16019440268120105 0.71147825161201927 -0.67556669370106015 0.10837939469537404 -9.4393374686403102e-09 -6.2894814469905611e-09 -5.4167639122528451e-09
2 -0.1814431697840721 0.71580792502456714 -0.66924425231119977 0.082519824037350933 -0.01615372484216418 0.010285288136302306 -0.01127090282320479 -0.18281087296474546 0.71511852818517718 -0.66982579691027155 0.080740802359484082 -0.014956431163550551 0.014146880414300142 -0.012271669570490272
3 -0.20721777132625763 0.72403916175458127 -0.65690091074117485 0.036183987614925958 0.001599951173355676 0.012417731186016539 -0.014111906833890825 -0.20869211853453126 0.72576672769356798 -0.65462852962450335 0.034230758627299136 0.0042818753391069544 0.016062598031649583 -0.014546401381307668
4 -0.2376368613268664 0.72972172306518923 -0.64109844156358076 -0.0052647174886259916 0.010465868282998942 0.017159699631026277 -0.0092762714753279654 -0.23979817983491239 0.72925738016890895 -0.64079771218094583 -0.0076680167389053056 0.012744839634919486 0.022420000339055637 -0.0097936360013235382
5 -0.24076191560909263 0.72755462276859773 -0.64240571244782518 -0.0035876865367560928 0.01467648773360093 0.034530289170517307 0.0097125155175652594 -0.24186589470603975 0.72821598186595216 -0.64123928324262647 -0.0038150176325779279 0.017057566218418967 0.037557879936936114 0.007966743106457036
6 -0.22265146949586156 0.73771457616777292 -0.63720178164495522 0.013319786388361362 0.022288957015793774 0.053519039638914169 0.026787810975542409 -0.2232928698304171 0.73670399435286926 -0.63813669493197145 0.01375054794268377 0.025308686816679856 0.057542208810276094 0.024555384926858791
7 -0.24208199791936555 0.74184043112994125 -0.62533622491282059 0.0048669123778117109 0.034792980191960136 0.076192952106661813 0.041507642972421072 -0.24150824732268819 0.74164786006923367 -0.625781742151307 0.0054248797152358494 0.039446851325474333 0.08209235043724572 0.044455433511607662
8 -0.2514950883120719 0.74800364302517164 -0.61392073309992934 -0.01849605487719316 0.051622020929827928 0.093694984503247661 0.057275054437953991 -0.25114031503070755 0.74826970431711837 -0.61370668119455429 -0.019623996142864225 0.0557610891023834 0.098241364850025992 0.060999958045160313
9 -0.24879230813747547 0.75050936030025184 -0.61195936168224452 -0.018542577026788024 0.06973788044685704 0.1061117413106448 0.072779701643868724 -0.24828848237956583 0.75074608679241694 -0.6117937199746083 -0.021013968762595245 0.070283813707833528 0.10906500710427582 0.073878297082804578
10 -0.23906400114267595 0.74747118773574983 -0.61975008857351033 -0.006712270531504444 0.089796293204755726 0.12303305901909832 0.087879249563984713 -0.23785546492295867 0.74821415353330234 -0.61928962029389878 -0.0089846789016527987 0.088445065527627667 0.12449534079655497 0.087273889491216589
11 -0.24179357494296697 0.75220743376211341 -0.61266536408165551 -0.018999877999823306 0.10931964713150366 0.13454799137884038 0.098428620452209598 -0.23972827409665498 0.75253482549490525 -0.61297461100671657 -0.021995846816076241 0.10670590944485583 0.13593629350385078 0.097492926366150992
12 -0.24489467429954825 0.753671077503969 -0.60977124748418976 -0.013620982905050387 0.12256734277181809 0.15487383367225441 0.10432082728541713 -0.24405313557487715 0.75460140531771791 -0.6089155559592645 -0.015382841721081387 0.12026771533028931 0.15513964957807846 0.10404743738236222
13 -0.24031846191928907 0.75341190257991986 -0.61055639038135257 -0.042876987722390542 0.15149074338720675 0.17190763948212417 0.11779090307345803 -0.2393167036380382 0.75410945989520062 -0.6099040169467389 -0.045426071463689648 0.1476185889925187 0.17269075407495046 0.11791565964583982
14 -0.24609284906686738 0.75412562989845566 -0.60518356669973328 -0.06697532803203847 0.17485120342523908 0.19275632893560038 0.13662488570101233 -0.24542118756137218 0.75479020466964541 -0.60436132190674119 -0.069336716203301244 0.17033644072388754 0.19352358053758625 0.13609720168729766
15 -0.25439400990086986 0.7511957393764207 -0.60773073387279564 -0.040644851773650494 0.18210375596291059 0.2247555261635398 0.15840723526397019 -0.25328366715297507 0.75194993082848816 -0.60711559760293166 -0.042770744999452208 0.17792837901563391 0.22403142285904717 0.15704819853861357
16 -0.26405792810112377 0.74744386983197331 -0.60673492627093317 -0.058938962499787487 0.20386718630313383 0.26045377208598275 0.18208667737348797 -0.26337001853833153 0.74880576851033565 -0.60526277357238922 -0.059859245803996382 0.19871054479556108 0.25882809636259019 0.17790646901841459
17 -0.2606501830126865 0.76497367406339645 -0.58615209083269337 -0.057467264576135234 0.21286750961480871 0.31068075069822482 0.19385794027999592 -0.25994993893746171 0.76545645953565411 -0.58557775657459643 -0.060009405984514923 0.2080536316407931 0.30796743313443686 0.18968461214548041
18 -0.26195327196631929 0.78279559871892879 -0.5619841973001336 -0.052775902809311763 0.20065304740719295 0.35396866146339462 0.208633119160091 -0.26189284555350428 0.78345707174064116 -0.56086728976947231 -0.055091174012856993 0.19585456711338883 0.35073547601289573 0.20528612219110767
19 -0.28109758346252989 0.79824122562689559 -0.53005544281384132 -0.05325712933138723 0.18207495015297243 0.3847839943205672 0.23978737225443378 -0.28079634647120799 0.79872253247216118 -0.52935272267724842 -0.054602407674595912 0.1795453042634701 0.38062892720196517 0.2369409059598325
20 -0.29030936162256193 0.82207338783621708 -0.48405406215142566 -0.074883138826367004 0.14286161989718277 0.41203177512389522 0.27201784647328653 -0.28955092747760208 0.82241498683560255 -0.4837071257862271 -0.076297223335343334 0.14070319159733788 0.40774587628700015 0.26890878320864786
21 -0.30063195420921379 0.85762399872856132 -0.40730816697805189 -0.090562475817312929 0.070452944665718525 0.41875098838083208 0.2907935980463503 -0.29973063837748481 0.85806024096245737 -0.40687215500577417 -0.091374048713146167 0.069925037197091117 0.41546992978965835 0.28601553418178105
22 -0.32149241926059763 0.86610226858639217 -0.36458354772757834 -0.11656895570367658 0.051980722038607631 0.39097715815470518 0.30706350201260985 -0.32013532379576704 0.86669108752187918 -0.36401059651915607 -0.1177124415263319 0.051505978388972445 0.39077701082753491 0.30374716592612083
23 -0.31715116325436993 0.8715395892912795 -0.35290054671673038 -0.12367331188021422 0.062606931309736505 0.37756154474576564 0.29965319991616168 -0.31618624251366745 0.87203310111087062 -0.35197385377951046 -0.12529539842965537 0.061926128058239854 0.37678860433599382 0.29701756255587675
24 -0.30237565047712156 0.87374791748031821 -0.37107506981735289 -0.086237087482076438 0.082057680265917268 0.36250138802842846 0.27614133932181928 -0.30176264521129503 0.87456338415779511 -0.36922788566927062 -0.088028185768804348 0.079861058393456696 0.3605408439407497 0.27438149389990746
25 -0.27657503153703406 0.86336574393661636 -0.41734272719578225 -0.06269682754213822 0.13214603116791068 0.32682105049504889 0.2427690739166965 -0.27557705376146957 0.86443252833645245 -0.41543261053540498 -0.065034125639813214 0.12753595157193937 0.32580500880907831 0.24105518634050829
26 -0.23291333197671737 0.83376030879487029 -0.49801839565355144 -0.050722823821716168 0.18961155729894696 0.26745022704992716 0.19353187438315886 -0.23212640999367201 0.83497016403625013 -0.49607525924465673 -0.053399364397657696 0.18315258867846895 0.26818446031464332 0.19123436158789775
27 -0.21678189931139272 0.77931516555343161 -0.5878104305049846 0.012344175100731341 0.19611713187370861 0.18687206272198309 0.16882362996900407 -0.21718834372160783 0.78066409467759468 -0.58591534848076365 0.0097979103558659582 0.19181189255452477 0.18854839897104864 0.16856995865062785
28 -0.17368013448025738 0.73325188881563086 -0.65605464577843486 0.04206162369383553 0.19436228379357107 0.12440275612081547 0.13916815221242224 -0.1754601543519945 0.73466977754466967 -0.6540822210281465 0.040626350219124793 0.19190891063078072 0.12629897329248346 0.1413580744990145
29 -0.13694860300832248 0.71997148392987387 -0.67827968619620216 0.053130120981095146 0.1853682844869661 0.084917425070489758 0.10432605858776138 -0.13801031743138054 0.72085115391416199 -0.67719802467553492 0.052245588891927153 0.18396363362094331 0.086297856971557493 0.10703165883994398
30 -0.11015888225611616 0.7157086823108405 -0.68720106042848705 0.058144692543054363 0.16185429766895926 0.043195345729647221 0.075700316741254436 -0.1128587740518095 0.71587487227001245 -0.68669524180791697 0.056883295001981644 0.16130179291488717 0.046878603291464996 0.080348593272283969
31 -0.069172940293513258 0.70523807152282869 -0.70169256232621435 0.074039953957195578 0.13500947028021115 0.0097247101673805028 0.059805424782602867 -0.072186440359323298 0.70468549441155937 -0.70203523369207965 0.073171049255105924 0.13615692652817193 0.014291381462881652 0.065524847652306067
32 -0.017686684714678248 0.69296806642512376 -0.71514347837109116 0.089734304711885232 0.11286716029342796 -0.0097541440136011161 0.052676510833970035 -0.019387556800428817 0.69331164810255375 -0.71484012977051659 0.089144097484364804 0.1112429630107464 -0.0079444116053092595 0.055251645292732035
33 0.028382796495484884 0.69016514317855404 -0.7165792181220102 0.096854097280757084 0.08395086006736345 -0.028044652898411848 0.047757394341947049 0.025941456648178433 0.69048436901853327 -0.71650715866247316 0.09579075400829852 0.083726865313108925 -0.026516400181810333 0.050961735990236998
34 0.057653787900067657 0.68658271572950302 -0.71556371406198105 0.11510337232287271 0.053074440646848339 -0.046737442604418693 0.050614025651915882 0.056962339931289276 0.68689345011270619 -0.71551822257565678 0.11386989586360638 0.052907653545231699 -0.046168157067931342 0.054209126799088458
35 0.048863370673618275 0.67973597579326306 -0.72080897225459462 0.1265140297993404 0.010962142813835053 -0.066564875573190352 0.045903945975287595 0.047664168337006936 0.67999606647587785 -0.72080664748337253 0.12558365171413166 0.01163766668625141 -0.065933960623990526 0.049471693255553291
36 0.036414218907763023 0.67682107390064961 -0.7213121487212798 0.14246411019059943 -0.023995220665417087 -0.094023072374663341 0.047482428798196925 0.034220407004404631 0.67565914036529751 -0.72276390948880487 0.1411595583931137 -0.021853697630152335 -0.091434837348824405 0.048007544501843677
37 0.0014216470409958348 0.68440892975568079 -0.71513092394699174 0.14202167934895157 -0.048538971545907708 -0.13414513051687893 0.038553438893380705 -0.0010777578534588641 0.68323585010143051 -0.71665563355739192 0.13997254896813924 -0.046113005498205732 -0.1295232384396994 0.038954515438900002
38 -0.034998685908763261 0.68648959427749989 -0.7155077005888294 0.12472313069939889 -0.065912878856997911 -0.17663667900560998 0.021843440560596467 -0.037660297275592697 0.685943655163744 -0.71607505118390591 0.12369124876757952 -0.062019068066279923 -0.17188462435715743 0.022915694359096392
39 -0.050834557593741718 0.68547213776351357 -0.71600020722996782 0.12201434075882379 -0.074257702960880453 -0.21522035436247972 0.010652269638231716 -0.053178139309311104 0.68527901598593133 -0.71603399916481802 0.12190187770904333 -0.069736017927342686 -0.21115991581840599 0.011692646430719066
40 -0.060351359460534389 0.68179878435500441 -0.71804602516340721 0.12616670246279377 -0.080915428705600492 -0.25266897035776759 -0.00089490552000014438 -0.061928659119747639 0.68213193630419444 -0.71760653379995909 0.12610204320758878 -0.07684359849240642 -0.24866415710117626 0.00053589398034063415
41 -0.069377716232106701 0.67928198191240552 -0.71674474062086857 0.14156164145663067 -0.085429403984479457 -0.29150878909181527 -0.013330685356501365 -0.070122356661214164 0.67964782094712994 -0.71637357767474219 0.14131734425605982 -0.081574376358336934 -0.2876315774700714 -0.011571669592885058
42 -0.074715014256200293 0.6737769710292616 -0.72056116162404438 0.14571846936588809 -0.092951624800846233 -0.32308894584673897 -0.025229887795247503 -0.074920043852862439 0.67474090563183098 -0.71961765535072941 0.14581538808966865 -0.0893704207001801 -0.31922946771760552 -0.022515524546492669
43 -0.055051214736337929 0.65426699740469085 -0.73782439567261382 0.15658614566252713 -0.12143579396238871 -0.34511345369221508 -0.010281860339610429 -0.055294721101448292 0.65483927898787797 -0.73738538667513054 0.1561755551644291 -0.11825058813528506 -0.34187630262014745 -0.00817302692503152
44 -0.07406229663193363 0.63975453271962734 -0.74758506169556049 0.1623129372907153 -0.13415872913443036 -0.37293030966601071 -0.027697202043914307 -0.072791884718471339 0.64087560030448931 -0.74691869406716593 0.16153102149894502 -0.13187242057226434 -0.37036865082862153 -0.025779422004461292
45 -0.085865941047958999 0.63199254727773146 -0.75521673338413653 0.15119572073953325 -0.1359169681069006 -0.40700473092583828 -0.042124304608490731 -0.084290654719045996 0.63326669991500939 -0.75441469338573364 0.15075424607452215 -0.13407583362482095 -0.40415883410645775 -0.038782411394554753
46 -0.09083220731655875 0.62976923774151616 -0.75576292667144673 0.15479863041216127 -0.11955142418693634 -0.43631191836716687 -0.039593726077233098 -0.089078792236265164 0.63136818144609275 -0.75445407842785506 0.15568632494460768 -0.11645924862590357 -0.43388723518869887 -0.035506993691634119
47 -0.077721809304447748 0.63350200238038168 -0.75582917575000674 0.14613962646577225 -0.081829671313496805 -0.4562868553563163 -0.011797749719304569 -0.075635466316658614 0.63438227581802686 -0.75526151411865083 0.14635043441755055 -0.08154990907688095 -0.45365180009238232 -0.0089096213411136889
48 -0.11901314316770023 0.64709186153930243 -0.74770290336375966 0.089712667914566363 -0.033406991784156764 -0.49766009840835213 -0.046738441417835529 -0.11795450379637612 0.64715780882883134 -0.74785145506966499 0.089396345877229277 -0.035417272712434548 -0.49098173346984203 -0.043955599054118277
49 -0.17086500750821579 0.65769523426148935 -0.73255173470065671 0.040125852339869129 0.0044565854618100467 -0.49366819958429953 -0.11782553924916687 -0.16897176332072666 0.65899271315085595 -0.73173934771946247 0.041649420325542565 0.0050222657806562217 -0.48774001103599129 -0.11441636917888497
50 -0.19208320875724111 0.67773718943054839 -0.70976704249941935 -0.0026623970272222994 0.067248637639069853 -0.46977087421206365 -0.16950188198713848 -0.19071448427486351 0.67945721591501462 -0.70849486958654972 -0.00094709995667044964 0.070410997750922757 -0.46545408316465819 -0.16653120054301385
51 -0.27138344320218649 0.72138777971848367 -0.6284569452147003 -0.10484543881337639 0.20832252770474916 -0.36694360300684137 -0.28478089075440438 -0.26789298981876208 0.72374855326790244 -0.62796598462875319 -0.10039970018791632 0.21381645186202189 -0.36544943597989504 -0.2814334091925233
52 -0.28946533976848943 0.74941736373817902 -0.56744042043487997 -0.18054030369177237 0.27612187312049014 -0.26634580297232407 -0.32166895915661847 -0.28809271734319275 0.75317736568186555 -0.5656956742200554 -0.17237994723011618 0.28881658163464302 -0.26386556440597703 -0.31488364525608015
53 -0.30828242339372053 0.72355966600635768 -0.57884364792254028 -0.21532159300680784 0.26364603075331272 -0.21817657620032979 -0.33262865472252667 -0.30563396298876039 0.72834663586423154 -0.57725090220646813 -0.20707596334403527 0.27499803653492905 -0.2174307353735665 -0.32751364156572732
54 -0.30742059553725876 0.70519886031152279 -0.58622490266067973 -0.25402265323258683 0.26267510561619728 -0.17812617381219195 -0.32913900950842523 -0.30666144393408862 0.71011927674397723 -0.58371332812975052 -0.24691723747960753 0.2738786209208014 -0.17516492604330597 -0.32502850375585046
55 -0.25503964379944305 0.70034133932076348 -0.60988743929640676 -0.26928442197335573 0.26660452186592165 -0.1698869647866888 -0.29466368009820565 -0.25434540867649152 0.70392224896399225 -0.60821847109591887 -0.26433344834963068 0.27146165177311049 -0.1678071529182735 -0.29137407560181938
56 -0.22187208822932711 0.6934061354172375 -0.64255297642422027 -0.23892756291157555 0.26192067298288418 -0.1715803650506337 -0.25045725563269411 -0.2204381881379146 0.69506171505703607 -0.64217743718309728 -0.23644102149456656 0.25798023610510401 -0.17060684677677843 -0.25049704702652525
57 -0.17689891698300328 0.70008699363538351 -0.66484363047381456 -0.19122740789753195 0.25746060988707037 -0.1617226134214767 -0.20544139271600972 -0.17593612781834886 0.70004270369803023 -0.66570435263698613 -0.18927336528843303 0.25264493829344831 -0.16127030303377279 -0.2022074355421436
58 -0.1232311945225507 0.70799368793304074 -0.68352689213699658 -0.12786711175691789 0.24887167313475836 -0.15686941936306448 -0.16350402904301006 -0.12140493865958954 0.70726432123723915 -0.68494339658681103 -0.12605778137826842 0.24261828805924621 -0.15765287537942257 -0.15826752906258645
59 -0.081922018588718268 0.6926695471684946 -0.71257134264336419 -0.075761223189541246 0.22665256902895997 -0.17278368886612711 -0.13782451082806818 -0.079456659991872736 0.69203861138103329 -0.71351046802766882 -0.075312758253061524 0.21818576535862563 -0.17354585948093679 -0.13160354298781521
60 -0.059581891066148987 0.67854023710519895 -0.73171773739589341 -0.024945894781231964 0.20591133992256894 -0.2020721005673414 -0.10986036732654825 -0.05952292308892617 0.67795880145334819 -0.7322256678876341 -0.025970299293569053 0.20008412697085998 -0.19930111848250681 -0.1059089862899226
61 -0.072862920417150048 0.65293874445966538 -0.75386640137216632 0.0068876479221676333 0.17630201459759726 -0.24685900792246449 -0.10084816847391388 -0.073110040536807502 0.65210208211019272 -0.75458153525578353 0.0049500637655175185 0.17049457120543349 -0.2418332882381948 -0.097867684270350863
62 -0.079524773667644405 0.65217255592920131 -0.75328600397827405 0.030115840953337098 0.16166302242904504 -0.27889858791251299 -0.096065646099862081 -0.07963581379050301 0.65145987302279185 -0.75394105074508477 0.028828163390162202 0.15714137583775054 -0.2737851320366666 -0.093174161081683665
63 -0.10598399135400678 0.64357295159254357 -0.75703266006508474 0.038507157125881292 0.14684679881731999 -0.30480703926823111 -0.10869894297017496 -0.10521878647910989 0.64291178060462462 -0.75775740202964792 0.037378723907231161 0.14165120363611083 -0.30023486812782046 -0.10581173342021494
64 -0.094874652645528676 0.6442511362634642 -0.7566722622527593 0.058192450076595605 0.13007952292823435 -0.33356353922186616 -0.11015443431275015 -0.094293911567541827 0.64388303776228373 -0.75705394724131914 0.058246140555783019 0.12731209925441273 -0.33139747278888687 -0.10646630400915388
65 -0.085734484003682082 0.63886071999346528 -0.76008492932371452 0.082325445137074807 0.11108594065368094 -0.34425245899753038 -0.13336143136579692 -0.084310570155535489 0.63972671365372047 -0.75951088135020317 0.082369173290114409 0.10851949398080617 -0.34251803637651562 -0.1297406135003312
66 -0.033352154771108554 0.61243179363439393 -0.7790543782810806 0.12995848413613548 0.064403607094495705 -0.36659980988247348 -0.14592578833215933 -0.032009928972783215 0.61264656192202505 -0.77901490699097575 0.12951960970494528 0.060571311522614781 -0.36680483481016807 -0.14449282976327013
67 -0.04781321209563854 0.57335015292367508 -0.80043561435612409 0.16818539223675194 0.0071081929272639845 -0.38398926008785633 -0.1946402216067443 -0.045781597000837705 0.57316500893228639 -0.800747682052245 0.16789600233377153 0.0023386067264374658 -0.38493967101948634 -0.19392959574294913
68 -0.043468041866039892 0.59254521277909378 -0.78017262680266064 0.19578399458777809 -0.024512261748520184 -0.38849587305894195 -0.17650333407246116 -0.041823427488119458 0.59211200012339327 -0.78014758783825289 0.19754473268901973 -0.02895408196533578 -0.39164368450003356 -0.17223260336416235
69 0.0079462690248175323 0.60686863100614297 -0.75989126464701073 0.23283596677163487 -0.068303705129210718 -0.39428409321396796 -0.10371221674114246 0.0092652620930492712 0.60611485925110842 -0.76035984650482935 0.23322057399918342 -0.075934876516014244 -0.39666572778339915 -0.10167659171855216
70 0.053632751797516434 0.59661181922843742 -0.75716010127714461 0.26055027561978206 -0.13297476657075619 -0.39048339092819567 -0.047680807495284215 0.054378472161357633 0.59546007496575093 -0.75833029146854414 0.25962559567271404 -0.14077042217898628 -0.39181757047966387 -0.047355576675880931
71 0.07153040473246261 0.57800420006346676 -0.76096315006025272 0.28588394526132366 -0.19340363498657195 -0.37935876075626201 -0.019994023447538149 0.072924210834702657 0.57632070246958034 -0.76284340458470135 0.28391274621039303 -0.19969552561659396 -0.38006886126774947 -0.020095098713383056
72 0.065170987242009232 0.57392812553167061 -0.76567129245310361 0.28303130755942646 -0.23432575290657989 -0.37743063523235276 -0.031542903298918713 0.06706888802334135 0.5725093911269663 -0.76714179639074709 0.2814750887043479 -0.23943287092280724 -0.37879100217226841 -0.031138869121937973
73 0.0083792442206375058 0.59976814414718416 -0.75407594537600431 0.26753958611356665 -0.21339570820466083 -0.40351903160555797 -0.072265592666108686 0.013929447599975692 0.5994365207516883 -0.75434581818202728 0.26729050613510091 -0.21816389765914507 -0.40730733899203542 -0.067606396076916722
74 -0.078278261121362339 0.64146330282410824 -0.7248631106458453 0.23868560030012534 -0.15521277499403821 -0.44660742847356882 -0.13679778682133209 -0.07410841705334241 0.64215709413670141 -0.72437460364877015 0.23963230700479987 -0.1580860859865128 -0.45160050640345895 -0.13239178985728037
75 -0.048504004429976759 0.62533847693130806 -0.75561394650202385 0.18880337569843789 -0.19672366117110124 -0.44935787185959308 -0.12435572716267138 -0.044157691185275669 0.62636314418214645 -0.75445192542171646 0.19110625878527945 -0.19856479557103895 -0.45602108511792 -0.1203328553022262
76 -0.033338704910493872 0.62384860426106514 -0.75519871446523723 0.19843475347444847 -0.18048280607993392 -0.49416449237136995 -0.1097847509720135 -0.028973178230103955 0.62570272237337887 -0.7533182299822887 0.20042031467428789 -0.18046344786725105 -0.50143426033874128 -0.1056671430599487
77 0.012207455199870437 0.64146656886560827 -0.74213323302477119 0.1939326777660943 -0.10480867520248138 -0.50196605138477102 -0.07894655652154231 0.015342154711233069 0.64286453099829266 -0.7397616478587713 0.19809724235949686 -0.10009408492714862 -0.50708873958224776 -0.07241085848498606
78 0.05142370814169283 0.63166257192311137 -0.7471245950640657 0.20040667883779201 -0.036939228879091575 -0.47420029952192688 -0.048543037975287015 0.055049169813842801 0.63290867937965756 -0.74492790475658965 0.20366297941369205 -0.03201171296791433 -0.4790350225062191 -0.041225581167630032
79 0.052316148622564479 0.62065144198398126 -0.75078054111307213 0.21996224049247384 0.01782521940495679 -0.44413523932589927 -0.02894628053894811 0.056120170206903887 0.62170791182318719 -0.74884222169954018 0.2226322660184212 0.019445185851877982 -0.44901474903768612 -0.020297537966908735
80 0.088316486127805974 0.6187864460627801 -0.74757456744025952 0.22457915879159443 0.050116457343855239 -0.40803803542177153 0.0096057675500373033 0.089696853843787464 0.62006527092011843 -0.74548131070169876 0.2274448276038909 0.051703467159744249 -0.41364740136083911 0.018488575101411938
81 0.11526178164450501 0.62148516912266782 -0.74947890172024167 0.19685599337821477 0.0917859563296025 -0.38693151485307603 0.02068212915383829 0.11622097010378392 0.62214100467160349 -0.7480676068654426 0.19956981728947079 0.092090560072199429 -0.39241233004597625 0.027877035553450093
82 0.11755185413581387 0.62730721030991365 -0.75496996338384159 0.15062396844668208 0.13584916442063344 -0.3977765251069264 0.0034200241702968944 0.11851039578301549 0.62735478473999284 -0.75428643751276014 0.15307916363600679 0.13399787933920196 -0.40272034856843553 0.0099837715516852485
83 0.11194198344439958 0.63842913688564262 -0.75399474437191505 0.10662623962945404 0.17569494288481829 -0.42358608188545949 -0.015020735736190668 0.11225287764031287 0.63787226208413894 -0.75395664526844841 0.10985283692595182 0.17409875886778761 -0.42670284620235144 -0.0079692889760920455
84 0.11372294396555853 0.65739037770189346 -0.742683232709064 0.057676677900019839 0.21536651920815353 -0.44957992743344094 -0.04130917127971568 0.11295951420660791 0.65707615211723447 -0.74279263447988986 0.061238718401359325 0.21452985207495828 -0.45118356262240156 -0.035146475423806833
85 0.10141501606399313 0.66031178452025019 -0.74337416196057782 0.03313905656217972 0.20861287828092087 -0.47883514577630648 -0.066438183734936734 0.099931503272632657 0.65966024879406182 -0.74401237980369361 0.03616116028935739 0.20674070054818863 -0.47870245337143918 -0.063035038373257607
86 0.061698339402716101 0.66937918564252519 -0.73878175523430811 0.048232135308441504 0.17678223569907159 -0.51774132398066652 -0.095644933138819457 0.060465906360942574 0.6686510637581552 -0.73936559250229872 0.050873860938226635 0.1759797764696247 -0.51769869467548946 -0.092491425632287863
87 0.013539602317634342 0.66625297358216962 -0.74292732420428953 0.063108203212035377 0.12462976361387643 -0.54473809005236506 -0.13982496382758708 0.014235747207701668 0.66630693591632184 -0.74254460967327174 0.066782582283178696 0.12586263534554384 -0.54769050844888256 -0.13686404775904884
88 -0.018530770634578617 0.66553422763063474 -0.74188030102898628 0.079589078000212879 0.088254050461892677 -0.56317310356039096 -0.17542959340969777 -0.015579060003098773 0.66568172013240845 -0.74139070514746741 0.083456352016600011 0.088375646976777938 -0.56772247157682143 -0.17093949479707379
89 -0.052029996243518027 0.65789722224539093 -0.74561891066306041 0.092285234541227543 0.048179676677872832 -0.57853540386121616 -0.22415824970309678 -0.050088515211929967 0.65869543548575582 -0.74449840542274404 0.096610497551178759 0.05114296451098356 -0.58203154087634146 -0.21993711481755387
90 -0.056505279597258803 0.63320613456789054 -0.76158135967402585 0.12590066370074535 -0.010516911971005703 -0.5977345165261656 -0.22720559973985885 -0.052287000480502631 0.63430166717328063 -0.76031517328113329 0.12980100878047487 -0.0097167108399846061 -0.60324188346078378 -0.22025352733655784
91 -0.0043918059794547807 0.63202292739589849 -0.7513922898633657 0.18957151162568059 -0.047732240535350898 -0.63444011495155994 -0.12843282872043194 -0.001653410850410962 0.63232636679153731 -0.75042854910647816 0.19239964859302669 -0.047400856170150031 -0.63838181355008849 -0.12352736716741704
92 0.0040589919127619872 0.62863911034225173 -0.74584151911801677 0.22026534428385114 -0.078037142150412436 -0.65828916560545514 -0.090987735285394541 0.0078793111859129447 0.62876373003640162 -0.74528889099707207 0.22167218409692521 -0.079743807656265264 -0.66147903256931939 -0.087033653796040653
93 -0.0089948794074857317 0.65111029508730012 -0.72359496207473162 0.22887727417950779 -0.054550307451937716 -0.68871369409266503 -0.093075049436103952 -0.0046063513641725028 0.65115943511865315 -0.72305872019419526 0.23055641117565778 -0.055108533505125699 -0.69155573986713104 -0.088973190451018078
94 -0.012891992482749286 0.65446722903289567 -0.73019151510328228 0.19577230121496031 -0.076897088998526153 -0.69027193612767168 -0.13142642621331047 -0.0068632344982719569 0.65545279908395548 -0.72903031770516502 0.19710230859108613 -0.078414678284944014 -0.6919657305422181 -0.12611197711669905
95 -0.012693819457941683 0.65605102852459607 -0.72567167443921421 0.206969891133894 -0.085932052057568348 -0.69468890043256448 -0.12281088367537474 -0.0078130273702258137 0.65640110409036057 -0.72465247058891435 0.2096552981005978 -0.085545875246345424 -0.69778752778774811 -0.11705686443963251
96 -0.038588762539748092 0.69360593069492771 -0.68692578026454598 0.21343545328370095 -0.034779206493235064 -0.71039847136208489 -0.14710754713648308 -0.032788788862546915 0.69426287674201992 -0.68580950829308307 0.21584548092934938 -0.036505233036971341 -0.71446679689033032 -0.14220275139151028
97 -0.077623304660354428 0.68887956234974357 -0.68391325559353355 0.22733726041695337 -0.06934944421439683 -0.70021961140062883 -0.20683474453105941 -0.071009426158469224 0.68971644982618929 -0.68257348891084013 0.23095954726290466 -0.070612814480766437 -0.70534454985691308 -0.20049912778457873
98 -0.068716755729990586 0.67266888198471797 -0.69628328005951667 0.24079903779071662 -0.12369903141586414 -0.68602280036964902 -0.20489306679602518 -0.062439804619084056 0.67329696232625769 -0.69487926650329457 0.2447759716663544 -0.12816614224809797 -0.69209359062992359 -0.20070074560754414
99 -0.061354455679010225 0.66986289027235524 -0.70175276613911597 0.23465377521019842 -0.13887768371714879 -0.68348052717505059 -0.20292731340060674 -0.055304089937063081 0.67087280558344531 -0.70005595191180847 0.23831240118315697 -0.14438054130645359 -0.68944091728232526 -0.20016215961167033
100 -0.063099063823487414 0.67362795301104361 -0.70436599628019103 0.21473805519973568 -0.11766215583594868 -0.6988506546311265 -0.21010209670776803 -0.057700996340713871 0.67495755510298294 -0.702960111871201 0.21667942899297396 -0.12312569105457909 -0.70305412083488539 -0.21058038110043986
101 -0.041191563475892777 0.65477688842870085 -0.72596976985333495 0.20624833268934878 -0.11221481365078714 -0.68411278231664863 -0.18677580403808552 -0.03527690891035553 0.65622957293465356 -0.72408815068581112 0.2093194624016958 -0.11356213925845915 -0.68856672743899039 -0.18435288738644443
102 -0.016069302517122415 0.6545467302921435 -0.73328943033198768 0.18329475372706658 -0.063484011543201949 -0.68090274709117604 -0.15984115730988291 -0.010043642413903599 0.65563514501905729 -0.73187437716091475 0.18547662364358589 -0.061939941590637593 -0.68465374198962348 -0.15457266506030232
103 -0.0096138520245575721 0.63574642832718065 -0.75162381757826491 0.17548700683400476 -0.047768717190936033 -0.65767062606565196 -0.15670549013178001 -0.0039009566994115505 0.63623989697449501 -0.75077128614927147 0.1775557713184289 -0.045418005466629434 -0.65975850750364229 -0.14995680173087828
104 0.026278047049876564 0.64566381156318919 -0.74289972131477733 0.17472180960419739 0.0014219208354163473 -0.65110835902343556 -0.10703980331460625 0.031007000475198263 0.64566543177908187 -0.74228067268017472 0.17656194123459976 0.0041592792784908017 -0.65232049660087499 -0.10144238161803218
105 0.052187131702732079 0.65376036081438682 -0.7256277940231749 0.20817828525940246 0.058561773295508344 -0.63825806488486159 -0.032712157332788448 0.05586485352551003 0.65363839304759885 -0.72503629088508481 0.2096624577131655 0.061613189152867953 -0.63822481708150403 -0.02752233315805841
106 0.039606039980352899 0.66999443979523365 -0.71028873704321183 0.21219972259667239 0.12821434636219856 -0.62956622119270855 -0.016218756141833907 0.043048795468583041 0.66962057806909048 -0.7100104107557963 0.21363590347483011 0.12755862975859142 -0.63123499952804851 -0.010864586251908732
107 0.015906380975767333 0.66573696975434093 -0.71499313758886274 0.2128992422424168 0.15640917249384756 -0.61744786552938602 -0.013158080726787537 0.01873566930576822 0.66531318383696492 -0.71471094537001667 0.21493163256413167 0.15437008239876127 -0.6193871653103773 -0.0092347939814139621
108 0.050478933671324673 0.6789587932735347 -0.69963171461697515 0.21675400387089291 0.20259061226340333 -0.59240007128831984 0.037561984210454279 0.053684010941497877 0.67835683471633812 -0.69948149411931748 0.21834759249295896 0.19856846617398255 -0.59535022117465308 0.041621680989397461
109 0.1139960319531278 0.70132975963519861 -0.66663305366035364 0.22525950527435709 0.27503400735615458 -0.53661720472206009 0.10742594515242958 0.11686970755502765 0.70111489033940311 -0.66575771549937279 0.22703754370902035 0.27081044429841239 -0.53958934845647655 0.11219415801660888
