0 0.35375877334809408 0.44263802581357875 -0.60514057942155464 0.5592237365495627 0.016432057226568434 0.082750404533733904 0.032017857802967127 0.35191605744175608 0.44743505946163864 -0.60337606275922873 0.55847496180973222 0.025737648706630121 0.086221458528471157 0.031735163572891613
1 0.24455017455960407 0.54211538443669549 -0.61916857928717517 0.51277323692195798 0.140385774420837 0.21077666173261381 0.15867034661092283 0.24660685533872412 0.54941356189410329 -0.61488096331138908 0.50916716102281978 0.13912710058136046 0.21025581514790848 0.15775525301672835
2 0.19267283821872502 0.59963083013748297 -0.59059299090718387 0.5044997166031725 0.27129471056316501 0.49818056731946841 0.31189334000172242 0.19621985546246345 0.60520626684802581 -0.58521386629146765 0.50274036399553035 0.26498700752851578 0.4843445705422833 0.30531459321102711
3 0.21721423640231832 0.58263603043465029 -0.5652135683322328 0.5421133218402362 0.26617327043843325 0.32689677676869627 0.26532752246930891 0.21692759387794999 0.59020018334358904 -0.56105888416600402 0.53834848480692854 0.26909805085685912 0.32937759758293977 0.26774422781752111
4 0.53515229730080616 0.40135130209235087 -0.48918939045657039 0.55966319449037683 0.075011004491539829 -0.0084443088281670672 0.0561787804618561 0.52887354790084007 0.40784464838121781 -0.49099694805117661 0.5593545477798576 0.080404433686915924 -0.0098278104542874282 0.05638855604926165
5 0.46334305061241798 0.35063135167314435 -0.58489278164384295 0.56592517761093664 -0.075160174334904253 -0.35722220947423572 0.010374907435664549 0.45571119029682911 0.3599799923351728 -0.59332108736678812 0.55741528813130747 -0.07801101023406265 -0.35726783265296524 -0.0003112555854836618
6 0.18564473941785731 0.65950511647481358 -0.61299611190190273 0.39347782512254537 0.37699151312204732 -0.25327926508266257 -0.29519892486455412 0.17561135180238974 0.66636595683925703 -0.61824715634538896 0.37800465387965643 0.37508180449784373 -0.23849400511994945 -0.29189118065392755
7 0.46884042204104032 0.46964363975131468 -0.59223348991340896 0.45703720168767542 0.29111272783766867 -0.21519020790880941 -0.086175592829441539 0.45632227299222949 0.4814110742563526 -0.5981341801375567 0.44972087265961186 0.30209432141985421 -0.19415988599476691 -0.10440705546790606
8 0.54484530499663986 0.26819007441404391 -0.52764886550623546 0.5939733599572381 -0.019837292887716039 -0.39388657985901288 -0.076006323223148958 0.53201520454982598 0.28137040240629668 -0.54180680463356434 0.58671620501763233 -0.021097101520235795 -0.38967603551495927 -0.11163208531969913
9 0.54978178424185598 0.31708487020996007 -0.50349107850206198 0.58625413317826991 0.032604498379602685 -0.49058151223184104 -0.044621569214644538 0.54199969713274021 0.32824639826352731 -0.51119349729570984 0.58066499692819507 0.035801567753047769 -0.48899896492896811 -0.06663718409081075
10 0.54525429623742783 0.43316111052795464 -0.50511039586221274 0.5098359469012903 0.25956671399444653 -0.55146000889007984 -0.10478273991472666 0.53816422039016021 0.44087281670394829 -0.51529581952371384 0.50048041896238249 0.26518449457439741 -0.54908209641516237 -0.12514168463443848
11 0.49512997646933737 0.32782636286676786 -0.52714125863668759 0.60786369825311037 -0.023068482524073092 -0.73827577528489186 -0.11067982003354457 0.4899729973351693 0.33779389816283018 -0.53560069708701252 0.59912739674150783 -0.024496136489050708 -0.74208977546187205 -0.1253680709586702
12 0.52689994736291268 0.33745544423177831 -0.52960012124798062 0.57273377777237577 0.049118414995419739 -0.69871931882011862 -0.1251154427617418 0.52354615056063158 0.34677175037133529 -0.53685635057488457 0.56341285060332214 0.039833915642694916 -0.70132394447490165 -0.14335735908901806
