0 0.35375868991665854 0.44263792908139482 -0.60514068911955698 0.55922374718791357 0.0149383636377345 0.075227659778721576 0.029107191759631262 0.35191605744175608 0.44743505946163864 -0.60337606275922873 0.55847496180973222 0.023397862460572835 0.078383144116791953 0.028850148702628736
1 0.24455017558194228 0.54211531773256838 -0.6191686423188375 0.51277323084537585 0.12762347161910809 0.19161510383253583 0.14424579910154703 0.24660685533872412 0.54941356189410329 -0.61488096331138908 0.50916716102281978 0.12647918234669131 0.19114165013446224 0.14341386637884396
2 0.19267287763287833 0.59963077556086863 -0.59059304832628656 0.50449969920070481 0.2466315542885838 0.45289135309863077 0.28353940042835024 0.19621985546246345 0.60520626684802581 -0.58521386629146765 0.50274036399553035 0.24089727957137796 0.44031324594753024 0.27755872110093371
3 0.21721425806731848 0.58263597538524936 -0.5652136304330222 0.54211330757680798 0.2419757125379407 0.29717883750170621 0.24120685919480964 0.21692759387794999 0.59020018334358904 -0.56105888416600402 0.53834848480692854 0.24463459168805374 0.29943417962085433 0.24340384347047372
4 0.53515224820681029 0.40135124274591527 -0.48918949703822001 0.55966319083266436 0.068191892351857256 -0.0076765987282911155 0.051071640299752773 0.52887354790084007 0.40784464838121781 -0.49099694805117661 0.5593545477798576 0.073094939715378102 -0.008934373140261298 0.05126232368114695
5 0.4633430718434986 0.35063131026572042 -0.58489282870115156 0.56592513724868232 -0.068327493249158558 -0.32474748381214996 0.0094317022937365855 0.45571119029682911 0.3599799923351728 -0.59332108736678812 0.55741528813130747 -0.07091910021278422 -0.32478893877542292 -0.00028295962316696524
6 0.18564487263783058 0.65950513077386275 -0.61299608695302321 0.39347777716983662 0.34271937259237956 -0.23025401130798259 -0.26836272003185396 0.17561135180238974 0.66636595683925703 -0.61824715634538896 0.37800465387965643 0.34098345863440338 -0.21681273192722675 -0.26535561877629776
7 0.46884042070289994 0.46964358896449282 -0.59223356177721997 0.4570371621261734 0.26464791555897371 -0.19562743982680733 -0.078341468967987479 0.45632227299222949 0.4814110742563526 -0.5981341801375567 0.44972087265961186 0.27463120129077651 -0.1765089872679699 -0.094915504970823683
8 0.54484531992061036 0.26819002699176586 -0.52764891531215585 0.59397332343521037 -0.018033972239078273 -0.35807872477570124 -0.069096674310256803 0.53201520454982598 0.28137040240629668 -0.54180680463356434 0.58671620501763233 -0.019179183200214358 -0.35425094137723567 -0.1014837139269992
9 0.54978180289004719 0.31708482388972886 -0.50349112786359729 0.58625409835022213 0.029640380336819074 -0.44598320638244937 -0.040565076732891829 0.54199969713274021 0.32824639826352731 -0.51119349729570984 0.58066499692819507 0.032546879775497972 -0.44454451357178915 -0.060579258264373409
10 0.54525432558219689 0.43316105583911346 -0.50511044392764348 0.50983591436212794 0.2359696673897726 -0.50132730027003092 -0.095257034931351195 0.53816422039016021 0.44087281670394829 -0.51529581952371384 0.50048041896238249 0.24107681324945215 -0.49916554219560216 -0.11376516784948952
11 0.4951300096742382 0.32782631245212429 -0.52714129802646503 0.60786366423648375 -0.020971427911362445 -0.67115983069809171 -0.1006180224826338 0.4899729973351693 0.33779389816283018 -0.53560069708701252 0.59912739674150783 -0.022269214990046096 -0.67462706860170185 -0.11397097359879109
12 0.52689997884698991 0.33745539111997319 -0.5296001601722381 0.5727337441085929 0.044653021043635784 -0.6351994093689195 -0.1137413119377062 0.52354615056063158 0.34677175037133529 -0.53685635057488457 0.56341285060332214 0.036212650584268105 -0.63756722224991058 -0.13032487189910733
