0 -0.13238478975686394 0.69632383368374984 -0.69068151896209062 0.14340999075802158 -0.043671276561579229 0.0030776783025985317 -0.008233812312349929 -0.12842741648169859 0.69599521461050118 -0.68986284958750022 0.152270511571128 0 -0 -0
1 -0.25406588845606587 0.74929709254411536 -0.61144339225422928 -0.011889890521198839 0.066912228664362194 0.096505044245067229 0.066028755640270789 -0.25329702793037706 0.750023803079371 -0.61075691326159565 -0.016760171811847344 0.062614989525038897 0.10277310240810331 0.066348685824498349
2 -0.26479913518093318 0.76567861623423783 -0.58359348719239146 -0.055102779926940931 0.21723466308636388 0.31160946453020782 0.19589418577214074 -0.26186872263534983 0.7664450345424878 -0.58345008917099783 -0.059772690895169941 0.20723480524252008 0.31023299429076029 0.19200317360661417
3 -0.24521194415033323 0.8484518490056413 -0.46551812614486743 -0.05738847092834698 0.17585816366238308 0.29703179049301315 0.20758238744034466 -0.24243452783049907 0.8500965718861464 -0.46340330794163348 -0.061795569192107186 0.16555908872769107 0.29639880937708324 0.20822524314575092
4 0.058131250253956955 0.68473881690208005 -0.71687249726410218 0.11767469157716692 0.045891660675328273 -0.051579072496066296 0.048928598520114656 0.054618478476790272 0.68609674274276733 -0.71602959781192377 0.11657485348024349 0.047079691380073646 -0.048668961158111673 0.053417690410274915
5 -0.053099559690725925 0.65774245002542986 -0.73523165320808137 0.15488615921413951 -0.11294274111789603 -0.33700542542323481 -0.007558909552153022 -0.057144568257172207 0.65787002242352244 -0.73537304470352838 0.15221043669419596 -0.11381257739123191 -0.33292116987366072 -0.010135699414842917
6 -0.2792288041703499 0.73268782424080836 -0.60929004564540656 -0.11817557873048512 0.23886308295227276 -0.33982430508018352 -0.29887297375773597 -0.27567101937749983 0.73464586136702348 -0.60857328351165862 -0.11806568530912191 0.24016125719168396 -0.3404741319329499 -0.29220085860898593
7 -0.065610669171621713 0.67911688485353106 -0.72993719480155772 -0.041075399485832047 0.20995888054778428 -0.19153085908254358 -0.11684554206548224 -0.065602223705679474 0.67921544653856758 -0.72974206223109617 -0.042886455192653335 0.20374715037861749 -0.1906334787769145 -0.11447773962425328
8 -0.025767196358223669 0.60037085120399525 -0.7713945983479995 0.20938306105307419 -0.031802035039305766 -0.39317102945733362 -0.14651458863454805 -0.028629485894027962 0.59921818399167426 -0.77288899415037626 0.2067861775660628 -0.040072191361986746 -0.39406463968104882 -0.15128202620317399
9 0.0085249898729174642 0.63745705180593537 -0.74421464743204058 0.19929974961889793 -0.12019688042336428 -0.50418456339857798 -0.073730206537700127 0.008248770111922727 0.63735794138090973 -0.74465499282911851 0.1979791756852097 -0.12497253856340944 -0.5096081701875631 -0.078533321858594907
10 0.096549711399356489 0.66208988622594755 -0.74178029499488474 0.04557553887026157 0.20441512010678234 -0.49015169604057462 -0.060896790681553639 0.095269580598578707 0.66003577693806648 -0.74389592678231342 0.043535391246856944 0.19688653097428332 -0.49259363536314732 -0.06212252856774382
11 -0.01079361345178108 0.64872059619297506 -0.73062593276901788 0.21267541547881613 -0.080033712332255286 -0.68881135831115303 -0.11487285273571413 -0.014129593511434212 0.65084401549545146 -0.72832742781626969 0.21387281260481611 -0.074741585394063642 -0.6929489154120807 -0.11947908711403273
12 -0.01079051171319057 0.64451296764168942 -0.74363404760419338 0.17746831447465336 -0.0609218390388142 -0.6675352054439716 -0.1593088113766899 -0.010633446033232397 0.64711165516614833 -0.74160885057468784 0.1764929129536843 -0.056936498548554884 -0.67250107233510692 -0.16192901602924253
