0 0.34876542180170456 0.44427077524116154 -0.60510966128472987 0.56109576423456997 0.018203173596684989 0.077064495234658748 0.029592952176650623 0.35191605744175608 0.44743505946163864 -0.60337606275922873 0.55847496180973222 0.023397862460572835 0.078383144116791953 0.028850148702628736
1 0.32665547607439405 0.46644991513662731 -0.61018477749840139 0.55081322962404478 0.032262853507167476 0.080128082648994542 0.033014033046194977 0.33089085139032243 0.46887475197009681 -0.60573345254514355 0.55113945231575301 0.035276899562026606 0.07766377544778004 0.030311736705272603
2 0.30150749611352312 0.50227841541046436 -0.61866767953118196 0.52350733089767687 0.048853871575555444 0.08068699012273306 0.034856534675920071 0.3056846022769652 0.50517120376288893 -0.61382940457225565 0.52399660390311453 0.048752629352429619 0.076683355485614557 0.034429073603533672
3 0.26686683357396002 0.53056884524455317 -0.62917536449652556 0.50141515165054007 0.055007423630555864 0.084052320570441902 0.046324840421151849 0.27033493730422686 0.53325772495655144 -0.62864172047702094 0.49735782664252276 0.056755790981011904 0.085516813209149584 0.048290872327484552
4 0.26854858357805206 0.5300730837065013 -0.6311665749201264 0.49853078028512848 0.060091333011502275 0.10254970021188989 0.067397926035643388 0.26922395232787322 0.53293085460804257 -0.63038655545070355 0.49610075428958733 0.062183540255962219 0.10273929166993029 0.066219786627579005
5 0.27412913258953003 0.52393104289906556 -0.61651163478971027 0.51986814205270193 0.067252449997897659 0.12671709966479586 0.082527754486608443 0.27584530566395926 0.52755551083235019 -0.61670891266294581 0.51503851057533734 0.070044942167311747 0.12726384135387664 0.080444111206192492
6 0.25212647603892036 0.53475077460385001 -0.62129010452681999 0.51426885493662888 0.078163315849975754 0.1497203668963597 0.10166316560287607 0.25494400920567911 0.53775931941775257 -0.61915202235673183 0.51231751849908402 0.080544381740652704 0.14871640514760695 0.10089200510837712
7 0.23807304520849903 0.55438418068087059 -0.6188023385496656 0.50305374579801798 0.095543065667019464 0.16697317793510799 0.12017614293123387 0.23954995092702594 0.5573488521568648 -0.61785465239101411 0.50023365193583669 0.098968285280703616 0.16833326038077603 0.12061240751501459
8 0.23952487031159611 0.55485551133437183 -0.61658423172932142 0.50456623274536372 0.11405919005378411 0.18086020805053779 0.13643175630255924 0.24243744965013486 0.55789784919488927 -0.61556104911167464 0.50105754927691637 0.11615542939560052 0.18142948049608926 0.13634532281963799
9 0.25215157390925014 0.54648281045905678 -0.61448859095378117 0.51007832068761283 0.13678908869526143 0.19947800547254799 0.14998902096132077 0.25457879388624721 0.54988608679439221 -0.61254948528952025 0.50754118781131241 0.13820973479854942 0.19948825063039305 0.14812493495702078
10 0.24385720494880939 0.55642384319047911 -0.61253321101027769 0.5056967824033789 0.15535401712434013 0.21132070369621475 0.16153176470682429 0.2463311394313363 0.55900872601612528 -0.61142892376707358 0.50297602842016853 0.15684068320169198 0.21021400559375586 0.16032328526793557
11 0.2417569161880187 0.55555980401706939 -0.61090008982085153 0.50961551967404839 0.17039387104378237 0.23432341087547484 0.1677119361391381 0.24303695045077628 0.55808825103512272 -0.60978455113100705 0.50757595094143415 0.16767298935944033 0.22953648048728126 0.16239301165608397
12 0.24466077661571756 0.57418391003463443 -0.61008460107618923 0.48810933342115076 0.20410856925939452 0.25075004512969151 0.1840227195263508 0.24678333994108778 0.57740712646483117 -0.60853612519601019 0.48516263022472544 0.19939958284051373 0.24467698068336849 0.17934323975021468
13 0.23731728991132325 0.59010423602896844 -0.60915675438782912 0.47369351179164193 0.22689696829969344 0.27302599423109453 0.20429089278742821 0.23973505451117491 0.59279846115488732 -0.60775766143637966 0.47090095886110117 0.22365412051071967 0.26538815432448914 0.20299669189119718
14 0.230900802700094 0.5700919132801755 -0.6181916869376417 0.48940685316635479 0.23287856060241705 0.30658934557477219 0.23061793398612646 0.23419684789623207 0.57302114485260547 -0.61590504446738359 0.48729824562264618 0.2291192871426789 0.29804100130100281 0.22152472334448592
15 0.22365420567678035 0.58528672661452164 -0.62207406720121017 0.46951261841157277 0.25842074016363809 0.34336369932044902 0.25600305573490484 0.22534630114501836 0.58687520298200091 -0.6198019031493065 0.46972560238674627 0.25397689827049746 0.33483809317219121 0.24765892276911305
16 0.21042347530989783 0.59337936016610748 -0.60564402345972723 0.48663971561605929 0.26114802602619747 0.39941035338600334 0.26989733357651419 0.21338864191063825 0.59578172741447832 -0.60375382711226344 0.48475843162326626 0.25971897785044917 0.3886553479902059 0.26327572879040839
17 0.19506624425178049 0.60284347365464008 -0.58821446765774432 0.50252626465054395 0.24387918172377901 0.44833339097304303 0.28320789806106217 0.19683695208811233 0.60488245641679572 -0.58673685622430116 0.50111105531595401 0.24158027537828583 0.43560866714054636 0.27685988152076757
18 0.15684718810470438 0.61647570257897366 -0.57711802699283543 0.51214397451625371 0.21457584097950008 0.48108122817906002 0.32106558887349296 0.15940050217523988 0.61753230842708062 -0.57566830785578849 0.5117141069830452 0.21601354204824563 0.46784104448971975 0.31169166314969526
19 0.11703446273669678 0.64855955490300732 -0.54929489092244699 0.51375924427930519 0.16173069694515629 0.50942691574721066 0.35753201829414072 0.12015699901363965 0.6493809946692769 -0.54890749549405682 0.51241309579363681 0.16594916259190609 0.4996144526595786 0.35157191882380084
20 0.056295953049101247 0.68641024592368682 -0.50243262317436432 0.52271713108659879 0.0741514953743663 0.51200026196257442 0.38074153147590051 0.058627201861766148 0.68820752185472533 -0.50020171588441087 0.5222370165841641 0.078031099820756178 0.5084266553576634 0.37787637683515563
21 0.013495573615465429 0.70777589848309264 -0.48731451057759106 0.51126873051240229 0.050500108698684015 0.4785842851157146 0.39968582414642062 0.016769199490009889 0.70949487842262227 -0.48448738526561974 0.51147608444483106 0.056684711701384505 0.4798426385511867 0.39774671614553953
22 0.012052321623107716 0.71442715006809354 -0.47619925188309642 0.51252596158151276 0.061855708391990935 0.46636564094849908 0.38914655187027625 0.014176549234908267 0.71616351134949785 -0.47377782443076827 0.51229232235218614 0.068104155755470686 0.46819663769578546 0.39096395648994831
23 0.039018101772032722 0.69038527387188386 -0.47855920692224568 0.54113477695016277 0.086197977671250078 0.45518739822693122 0.3572979070814204 0.039455450101387714 0.69223425177881703 -0.47592885122298251 0.54106075139035037 0.092065569891457755 0.45382773410256755 0.36124966792489732
24 0.090978250335071009 0.66500620747547434 -0.49591950069297197 0.55095694098313064 0.14769699990327781 0.41923698558794192 0.31681833386000674 0.092660302572234329 0.66717811852075148 -0.49294601368409779 0.55071921528787204 0.15328881448052434 0.41791532875554915 0.31855433058291627
25 0.17541325318536283 0.63483010714376287 -0.52700530234167331 0.53710924119263492 0.22379901631995636 0.35485016311120821 0.26070826801150671 0.17694660607430643 0.6382034219085474 -0.52393151798576776 0.53561371838679983 0.22651271013761018 0.35539132437451415 0.26412459698719326
26 0.25080428643387043 0.54955776143613566 -0.57955124388235091 0.5469952764568633 0.24236470084635253 0.26763033849817303 0.22934578103766418 0.24941625690694855 0.5529446653123955 -0.57821656601223648 0.54562746510976412 0.24706997899753053 0.26809137855645632 0.22980261080278361
27 0.32741896594514563 0.50246279948186412 -0.59607197773596887 0.53387840678771636 0.25645711458897313 0.20047875891111261 0.18896712768461332 0.32453760079676264 0.50577640124171652 -0.59567750146243004 0.5329483013084253 0.25606123263075564 0.19999309438463372 0.18968896432746207
28 0.36647511018055523 0.48529990998709371 -0.58626433827423752 0.53523276866475511 0.24979914766803293 0.15791600800861033 0.14621613829112207 0.3645601932379226 0.48865849093607405 -0.58643048912254137 0.53329919010805216 0.25213054774346616 0.15937974452412687 0.1464698261557647
29 0.39773821960866573 0.47463489558865246 -0.57217885600512342 0.53771496286856879 0.22659550558693609 0.11460227015476718 0.10974427573237129 0.39370449251395723 0.47883409089527157 -0.5739781890861666 0.53503618982662404 0.23052841032001598 0.11409699118243624 0.11359696462606086
30 0.43375521252741311 0.45601612912362416 -0.55627152179556294 0.54264878109478276 0.20322957595350646 0.080419451516014887 0.088760142307222956 0.43118526831220377 0.46065176956363002 -0.55770847368557541 0.53929627290361926 0.20666755213724081 0.079674128496393548 0.090981671205251802
31 0.48162974667596459 0.44013956592396153 -0.52871914100379236 0.54292358537949414 0.18237094778763438 0.057423261203043967 0.07003599790955943 0.47873888411824478 0.44396168527194874 -0.52984778242275055 0.54126558204397468 0.18462190492055536 0.057421498948617013 0.07075197348654691
32 0.5158120151408313 0.43101125013527258 -0.49747593689187897 0.54834748062403971 0.15272959938217656 0.038210434705930156 0.056840133070220011 0.51232437740037329 0.43605128076492811 -0.50006867794099596 0.54526537594728153 0.15589576556495321 0.038313454704656302 0.059402221280466835
33 0.53267704907763069 0.41642859716724856 -0.48044697953354493 0.55858131431722502 0.11991482013460508 0.017750925185466657 0.055201638290123103 0.5312564099150191 0.42174640787119666 -0.48071460897174023 0.55570681037134528 0.12337084469632262 0.016861020755504635 0.056140436959916551
34 0.53204550852745336 0.40423832844187979 -0.48818615489550615 0.56142072355998707 0.077161483153575586 -0.0041097467995757737 0.052358308726271313 0.5288320774269778 0.40904958253985396 -0.49040787906710193 0.55903057613796481 0.077118323107565029 -0.0055455093997328255 0.050408463510739007
35 0.52063952407135217 0.39115966248174794 -0.50030689742157108 0.570632642611972 0.039640991539009213 -0.033017626694405146 0.055716723120007139 0.51810386667356978 0.39566656273330386 -0.502840266182358 0.56759846826640026 0.042207688826575177 -0.032771574466715171 0.053793947214580612
36 0.48896963842971974 0.39787406319331459 -0.52068974481795971 0.57574917470488807 0.011608666274979147 -0.074985504814474649 0.052178238307388776 0.48652804742870193 0.40258584787233581 -0.52394844723093503 0.57157074697925148 0.01283740057730051 -0.073510824832333704 0.05341997227363058
37 0.46424347212664036 0.41141922702521877 -0.54547908572609127 0.563617587782 -0.006821717249819159 -0.12050927223893257 0.041733147592089376 0.46055305277167058 0.41630285250536686 -0.54863845330178029 0.55998095337004095 -0.0055064629394515211 -0.11941562218414883 0.041679346829527009
38 0.45406016179089614 0.41204736528108654 -0.5553095517443617 0.56185197337093706 -0.015566200502025149 -0.16202217715387257 0.032934142597440437 0.44986013749479026 0.41643343842398561 -0.55850123447478572 0.55882503446578469 -0.014422233948726026 -0.16183143718101617 0.03046488091379777
39 0.44939416307722407 0.40590238061874795 -0.56393271767093833 0.56148734049880789 -0.02327961698654727 -0.20251912438065969 0.022290389952109545 0.44502940190973256 0.41107080176400751 -0.5672257024341073 0.55787510239398164 -0.023528828812255018 -0.20257577393464055 0.019594252926552039
40 0.44094656350969186 0.39390971676388165 -0.56859167817824796 0.57193073590639953 -0.027889465861705286 -0.2436239592477237 0.010488988433796306 0.43705339706730617 0.39932439732047337 -0.57189929616247015 0.56785169618962994 -0.027529948580795639 -0.2440418928694868 0.0087108293480702842
41 0.44249045978055829 0.38515944221426246 -0.57578087025679403 0.56950047104696699 -0.038351347872903264 -0.27715193117539833 -0.00048772942680262894 0.43767984986143704 0.39083134987626861 -0.57876704981677107 0.5663178498207122 -0.036651931525531714 -0.27693802002616963 -0.0025749107960874231
42 0.46659575531619324 0.36412647926575609 -0.57473915759384708 0.565132912638037 -0.062962005512671476 -0.30387330295722503 0.012403005554181888 0.46185880555547332 0.36984120444863866 -0.57886930696293526 0.56108310674899387 -0.062458385078259765 -0.30346510982170755 0.01172502866730735
43 0.45869222837411383 0.35022474514569463 -0.59547904858942047 0.55888171396804676 -0.075104459003350055 -0.33666729745933405 -0.0032373363017488667 0.45466289749719446 0.35620279803919264 -0.59885309670346343 0.55477579694609802 -0.075221591453490819 -0.33651394210776531 -0.0053626168371299961
44 0.45619724877910406 0.35215682530096748 -0.60833941252273149 0.54570394883289797 -0.07601693549659351 -0.37475749963909877 -0.015007268705315368 0.45158352175579092 0.35804741724953271 -0.61151982946098982 0.54214192611859335 -0.075127699878226345 -0.37470602263757508 -0.015613570795467289
45 0.45342773931930358 0.3489765685742498 -0.61147813225149517 0.54654655207049907 -0.056954725091702414 -0.40449891479750122 -0.01076110096696567 0.44787092983620869 0.3543032340487603 -0.6146624223270164 0.54412402550275607 -0.054996829850420502 -0.40555868421576935 -0.013207211333731908
46 0.46129754918750882 0.35984039093608461 -0.60351678167959555 0.54174436627958333 -0.014480601821507401 -0.42818704912820171 0.015389325405847516 0.45718744333522437 0.3648274446816277 -0.60768964114123725 0.53720934216868321 -0.015414622161879839 -0.42216565694304486 0.011258980493889546
47 0.42214470990833669 0.41162728540995486 -0.62677039609105545 0.50942682731310818 0.036350227968309577 -0.47178824505605055 -0.018676643585113881 0.41705429964700103 0.41728869964680265 -0.63184599946519926 0.50269919957451037 0.036472374177039558 -0.46441951934309395 -0.019702523977260994
48 0.37654771142257276 0.44941287185341511 -0.65159498844533315 0.48131472309479051 0.069562207818745531 -0.46480778075105261 -0.084814788841825944 0.37200960563075969 0.45397560687140209 -0.65393600989801481 0.47737060722551017 0.071382155655616869 -0.45572578722018614 -0.082054983115771543
49 0.3423476230779241 0.49840092934904673 -0.64841154861421657 0.46255495048763196 0.13947552671326294 -0.43815880299786819 -0.13983087246274742 0.33624181180193979 0.50422921769822415 -0.65150482286753308 0.45632861601693397 0.13973836255033251 -0.43142689252313893 -0.14871238384450869
50 0.22786084044854388 0.59869506832346242 -0.64046047370094472 0.42362015318208057 0.28174697846738889 -0.3298468605324153 -0.24137792243782513 0.22388739978454639 0.60351779941921668 -0.64296409938125643 0.41501549960061818 0.27794042592001805 -0.32133869682650862 -0.24213786604178453
51 0.17929709413224859 0.66512661019483366 -0.61218082838680021 0.38819296464788289 0.34102080325631817 -0.22836756630965815 -0.27267189825746119 0.1730205986238115 0.6673737946917756 -0.61544439510481685 0.38197419696181539 0.3421964285645 -0.22168900377264794 -0.26641043592364605
52 0.17195160299245965 0.6706925430064542 -0.63599017426125726 0.34076481219015992 0.33052806713077199 -0.18258448702146871 -0.28562045294899047 0.16648934286454098 0.67334522114153206 -0.63755992267523121 0.33526833563095093 0.33107579875493404 -0.17449176691515145 -0.28090530197555302
53 0.18174261804435546 0.68418438855234165 -0.63809381013916233 0.30281616982870724 0.33673718925951601 -0.14708637575187408 -0.28124447245966006 0.17423679358679328 0.68766297468890059 -0.63974457645265304 0.29578378911296199 0.33649342452276793 -0.13583649866165773 -0.28060743560862667
54 0.23833804929341049 0.6895552078629994 -0.619492929578769 0.28971900139608014 0.34426619477246023 -0.13371346426779934 -0.2509932702625628 0.23138013933760418 0.69300591806509271 -0.62185012134407447 0.2819724370062241 0.34550893154765366 -0.12392338980510012 -0.24729142710304031
55 0.2838997175000732 0.66421138749444175 -0.62012519512988806 0.30605379509361669 0.3397414971363335 -0.13133899795163856 -0.21113998892256589 0.27631608561789445 0.66882576518797432 -0.62321276756210675 0.29652548456600625 0.33840112813859019 -0.11579188383533744 -0.20899528854372218
56 0.3323819592656585 0.63560499683250837 -0.60424284107002413 0.3470145676652418 0.33452830159136243 -0.11464991933553205 -0.16965199596102976 0.32290663635068356 0.64060702292143612 -0.60885852426345033 0.33859303568761667 0.33942710334507459 -0.099912192284568407 -0.17301054547448896
57 0.38255408113797734 0.59767429708889153 -0.58100770526105938 0.39858230772483533 0.32777596190059544 -0.1027625393188072 -0.13560979568641471 0.37427864359342572 0.60347873967017907 -0.58546553997851325 0.39109974330549685 0.33162675847284373 -0.08929482782965735 -0.14261221410342589
58 0.43301523837847206 0.54993995293952813 -0.57417347559299459 0.42472187537065426 0.30647179115585121 -0.12179721202282148 -0.11630227269991909 0.42391407502407891 0.55741408290472005 -0.57838108414242351 0.41840377469880025 0.31250291459152241 -0.10710558673617994 -0.12499144200731571
59 0.45976930050658293 0.50520048594048139 -0.57329916100150358 0.45245191049675243 0.28803502751189558 -0.15431014619528824 -0.090821148547802655 0.44986406922093097 0.51383237195404607 -0.57832557470958823 0.44624896906647177 0.29713017419175825 -0.13621879444151583 -0.10305367633689472
60 0.46334375530940891 0.46591642628926111 -0.5991887670955337 0.45739181181581334 0.25948870689051706 -0.20739729934948831 -0.079280197612730419 0.45348896117275495 0.47345156166458013 -0.60528166491252133 0.45147036112302213 0.26845306690200543 -0.19059443273967117 -0.092772252426148033
61 0.4578455928350717 0.45142089328599627 -0.60252799521200429 0.47281772937589606 0.24403125966558703 -0.2399900301237044 -0.074500614938819071 0.44807059971573066 0.45906849970875313 -0.6088559996137235 0.46667249970392893 0.25132444865368464 -0.22516194895737407 -0.088991220780600983
62 0.44380038713202385 0.4371008420616932 -0.62330670119400988 0.47272912592420818 0.22506085061233475 -0.27003163803131253 -0.082038024861520148 0.43486688398557077 0.44401318364874864 -0.62854077685332632 0.46763188277896528 0.23399914921793902 -0.25646690048076387 -0.09298634578317122
63 0.45125875948423144 0.42500033397760445 -0.61313827951329958 0.48969551591080362 0.20884564714576034 -0.29782269766369401 -0.086257375725548716 0.44168721717722054 0.43200751680077698 -0.61849102405312262 0.48554171888272268 0.21857207385085384 -0.28706337618302963 -0.096252200077053873
64 0.46338206807807142 0.40178730102149784 -0.61079026750973509 0.50077866651539393 0.18571815069820058 -0.30952294683399695 -0.11348719583854919 0.45331668174095746 0.40969508349798223 -0.61555207520631383 0.49774447995146004 0.1958978777930096 -0.29882980194761793 -0.12609988481828954
65 0.51184952972766795 0.35072820666823579 -0.58895884541574384 0.51781006399200347 0.14159536428660607 -0.33652344742290519 -0.13878006524985198 0.5031483558632357 0.35896575418306209 -0.59462655692923982 0.51420285599205484 0.15056811585193192 -0.32716223852800336 -0.1557471954883804
66 0.51437473815406931 0.2979493181375058 -0.61347462938975272 0.51989778963314859 0.083853051363458678 -0.35917944451631983 -0.18304725446995143 0.50607961516116884 0.30523440914423394 -0.61920971855032836 0.51700551548848772 0.092940379237346674 -0.35491269793587077 -0.20489624286933145
67 0.50416267763550349 0.2938430389813757 -0.59286868978993401 0.55496214248213005 0.047743521895585839 -0.35903682013298721 -0.16015910866046593 0.49403019018243466 0.30125459401334831 -0.60071378806237541 0.55165458903729958 0.053682571500489211 -0.35376934785575431 -0.18302659348490752
68 0.53006695197942533 0.27634774183216909 -0.54529427016990217 0.58763518523262059 -0.0026922088228221617 -0.35961515993539361 -0.094272655832696936 0.52031863574536386 0.28652644215032891 -0.55331593484137065 0.58396283400176907 0.00031901738223310584 -0.35507331008609838 -0.11654198678725652
69 0.55948160307698447 0.24946029993292967 -0.51241034290489162 0.6018185233605492 -0.069264976990017296 -0.35769902723167013 -0.043913374029296265 0.55114688107814136 0.26006429107152745 -0.5216321820914338 0.59707917950120337 -0.070161021463247514 -0.35402566857952328 -0.065956876506956114
70 0.5732767242501885 0.21946255753852903 -0.50541268901271785 0.60642229267776337 -0.13106160235397699 -0.34816708652247857 -0.020872499250641722 0.56740383498032432 0.22976344391796061 -0.51303543641950322 0.60171113407218002 -0.1353977984340754 -0.34519130405423343 -0.043439855595979356
71 0.57068554428253926 0.22148482082746171 -0.51269427458914574 0.60200254525498376 -0.17008237062123466 -0.34863923165973093 -0.031409302293472573 0.56546302702003826 0.22985454065889679 -0.51962112888301615 0.59783972570427535 -0.18067554648675557 -0.34513515900866487 -0.053764743335129664
72 0.51237318491080008 0.25721467365286055 -0.5490636155596802 0.60814757839733879 -0.14508196904561513 -0.37238939255526887 -0.073441741508618055 0.51268530178978955 0.26337390091944096 -0.54889620191620214 0.60539320211343373 -0.16003962621318452 -0.36991569016015002 -0.083750462871571896
73 0.44398848546359981 0.29735873017973086 -0.57994394279660411 0.61491221615379055 -0.10589201937188399 -0.40887429057054858 -0.11547558096013885 0.43754728968305945 0.30630529277761842 -0.58315218624983733 0.61209718556734227 -0.11304363417689919 -0.4148975132591905 -0.12455114704475008
74 0.48323374870985308 0.32254307161645818 -0.58147254219784217 0.56950925693093135 -0.13641810290087458 -0.42092384329507504 -0.10811751058983068 0.47827913985486509 0.32890224302340954 -0.58369903761872499 0.5677744379565135 -0.14412299598730871 -0.41984634767832457 -0.11747048203968137
75 0.49800861521912537 0.31425211182846141 -0.568482487018386 0.5745090872495161 -0.12036483001062148 -0.46639863206036425 -0.09413728865927927 0.4927341683124139 0.32216606197326814 -0.56935277115993632 0.57381137132563975 -0.12223815654479001 -0.47501372761306365 -0.10208419283575002
76 0.52152371716077695 0.32982459004822007 -0.52848056965746326 0.58304119900128237 -0.035676945168863106 -0.46864752876830196 -0.071223628066313938 0.51612944009852391 0.33630414354830945 -0.53047973982322638 0.58232393882864231 -0.032429910853267234 -0.46810718701441523 -0.080069829882920648
77 0.5518394205824011 0.31705396974532224 -0.5051456708705262 0.58290469663640387 0.038477511639902227 -0.44200792944836259 -0.0443169091042332 0.54713071767055521 0.32272621042301447 -0.50940931645227583 0.58051521874876677 0.045008116525054855 -0.43801865371037835 -0.053921092019010644
78 0.55503077809275314 0.29681995924862803 -0.50702810396848175 0.58886437228577715 0.096115127099265715 -0.4101537367046183 -0.024336078821381224 0.55052459273041099 0.30279799600160079 -0.50990139326683381 0.58756839224125323 0.10276896972185781 -0.40611185469932121 -0.029760457632948843
79 0.57926783019980421 0.29210869672758183 -0.47945471783760524 0.59096908864591791 0.13136606327746092 -0.37272654846110004 0.011055870959045255 0.57332429898246995 0.29879509946970145 -0.48460979913991942 0.58921479895426743 0.13548528039681432 -0.36969135220612731 0.0049009430745323157
80 0.59896324480316732 0.31724808632248486 -0.46474159096771883 0.56974725688183525 0.17717023336790219 -0.35402226312455898 0.012143990810525234 0.59395754529912614 0.32228294744929309 -0.46999084628025972 0.56785274550573228 0.18043924417220114 -0.34732382801664202 0.00194369289322327
81 0.60300703349541229 0.35335964216283849 -0.46686745873322694 0.54180647543342642 0.2235531854731414 -0.36654884520220293 -0.0065446770010613685 0.59901965146197633 0.35617875086929529 -0.47220265115246496 0.53975625131733729 0.228745325141301 -0.36237907037272982 -0.0087953164432234762
82 0.59722552507257742 0.39322850019409422 -0.47025811696897385 0.51725266771828504 0.26554108578215263 -0.39302927482560962 -0.026603103152993163 0.59283077357439928 0.39470376569571736 -0.47647316894734432 0.51549387049903439 0.27342665633237795 -0.38899918254424665 -0.028228899695049756
83 0.59295613319007945 0.43856938573670823 -0.46060243313895421 0.49386771163265025 0.30186511609059202 -0.41869907672169748 -0.055080769416854962 0.5875035161676565 0.44018601211358904 -0.4676686128698897 0.49230271354780158 0.31147731041505644 -0.41383939880006354 -0.058281384148940199
84 0.5839000304568005 0.45592534351057751 -0.47013381103317814 0.47975726706401156 0.29295500028981436 -0.44901345387609726 -0.079119869633456047 0.57931446037077472 0.45680355817760826 -0.4771718585422377 0.4775272585485999 0.30392540376205596 -0.4429323697346948 -0.080737867441024347
85 0.54805990227803991 0.45255081903200239 -0.49915440065579159 0.49565409714276226 0.2559238288953245 -0.48605148347309074 -0.10721215257640491 0.54564426962663104 0.45251366627675621 -0.50331436810403962 0.49414406777418707 0.26672653410028002 -0.48413208499138105 -0.10810247110865311
86 0.51655722660139802 0.43875914536950833 -0.53439033625457277 0.50506040482126024 0.20022235930872917 -0.5160316570922836 -0.14339208042408247 0.51377964407854837 0.44029994492542213 -0.53644464381732793 0.50437444418694599 0.20978610020005345 -0.51481480678814939 -0.15059647105859342
87 0.49421019270228544 0.42686937668115721 -0.55186842870630326 0.51863287408170156 0.16293563593008287 -0.53643073161481059 -0.17193962318499742 0.49250391073667893 0.42830960933723111 -0.55407561207895384 0.51671171126441362 0.16850218256583493 -0.53556923066187467 -0.17399172808555594
88 0.47103308117126624 0.40948544928009745 -0.5806662400051924 0.52275828160672144 0.11928926479005014 -0.5535567114269635 -0.2178344169622857 0.46826520522445819 0.41006990457517045 -0.58366090651193414 0.52145020581784607 0.12517500741778101 -0.55354112074471817 -0.21542828448938103
89 0.48317609464250333 0.36822891083934706 -0.59053301184525542 0.53124296956200578 0.05787208823073535 -0.57830306855084024 -0.21265590435247897 0.48185063858824712 0.36992954123889404 -0.59082253600744683 0.5309433374255762 0.062062995246562218 -0.58175254468066639 -0.21260901845918243
90 0.51268760483398979 0.32331068411193037 -0.54680847431834156 0.57760030626923164 0.020291783460110586 -0.61457300245753688 -0.1151835567220134 0.51093610449497562 0.32721200287865743 -0.54886370482864499 0.57500020505858151 0.022516175030342298 -0.61503137073354242 -0.11692510900238327
91 0.51438003397135379 0.30245780125787852 -0.53771761222348868 0.59564438099804862 -0.011524848962119185 -0.63918700183374444 -0.081181950438957401 0.51396365510029007 0.30724655304894427 -0.53881385534688964 0.59255425588017963 -0.012129755840077784 -0.63881256207562342 -0.080628214878827389
92 0.48763162083806594 0.31332652757076757 -0.53235712080532771 0.61695849569249595 0.010714853343538598 -0.66591131233025258 -0.085581332012091643 0.48892508853870609 0.31711749256618904 -0.53198028752941406 0.614317285599285 0.0092178351905267079 -0.66916200928973435 -0.084534096658205007
93 0.49456530451505964 0.34391511116076606 -0.53818919054756931 0.58947430059584149 -0.017991072499422223 -0.66609175079384164 -0.12870954400959655 0.49631864195924336 0.34580334439771099 -0.53572214132087559 0.58914314045541283 -0.021361718084695197 -0.66907434541476996 -0.1235339839129812
94 0.48670731299888953 0.33101704833300211 -0.53656657225450155 0.60468174995228918 -0.023461736911219624 -0.67159384879552597 -0.11570794184093197 0.48849835236976652 0.33377115161916565 -0.5359415525999196 0.60227305292170197 -0.023985741786528916 -0.67449234017795012 -0.11294371694903509
95 0.43851601660155654 0.35765979845719775 -0.52620948149250013 0.63473360816869806 0.024412216241151061 -0.68029095498815395 -0.1443560634034399 0.44141842642169049 0.36045863074614781 -0.52500462195694453 0.63213091623480722 0.02094429068845205 -0.68418132928618958 -0.14310587253444518
96 0.41451988245401161 0.34046089029120274 -0.5508047902143387 0.63943235162867107 -0.027386191680625664 -0.66880694290888687 -0.1970924348081903 0.41538568829623834 0.34209339036129655 -0.54989898450623897 0.63877848200200127 -0.024839747992988159 -0.67661603722867059 -0.19578807265618875
97 0.43005494721698173 0.32216464594366123 -0.55248331107426152 0.63720081156776254 -0.079494802418160759 -0.65573100201951073 -0.19489152232629112 0.43033774018967025 0.32322194263156917 -0.55222203741109654 0.6367007354852513 -0.076766080363719499 -0.66260954536178929 -0.19941667807476299
98 0.43780764839663927 0.32572815178052822 -0.55119313315895413 0.63119867244906447 -0.090216215162707183 -0.6546082985002033 -0.19426629342376389 0.43900025776204932 0.32651625577319765 -0.55080575973890422 0.63030066114446892 -0.089936128136471491 -0.66052822327857452 -0.19744682339962932
99 0.43696934171191204 0.34274752362022853 -0.557792958033412 0.61680543563136314 -0.065907604339615053 -0.66995478409741749 -0.20708304099866559 0.43809354636806674 0.34508864713910636 -0.55668394538491484 0.61570354489562362 -0.069828873456985213 -0.67489930383816688 -0.20617229054767036
100 0.46864393034137647 0.33198176588496431 -0.55684009979608828 0.60007505941604522 -0.050377818738827712 -0.65927041997285774 -0.17912872817560971 0.47099109494386837 0.33517339640188337 -0.55474149404480011 0.5984045935760729 -0.056137500417449582 -0.66283461759571338 -0.17671670828317906
101 0.49106584353848193 0.347785425154711 -0.54363759373182641 0.58511349500867416 0.0058839313352552448 -0.65683365530488036 -0.15291235775441706 0.4944068124029416 0.35018570878493738 -0.54202191359743823 0.5823608146094007 -0.0010099935601875351 -0.66098074107181459 -0.15251989547520728
102 0.50925143775954707 0.33969472383100185 -0.55083036008839925 0.56732387764494618 0.0264487244089825 -0.63650465288712021 -0.14764868351518334 0.51274315813867732 0.34237515543445757 -0.54936765872001125 0.56397595895188612 0.018446595918048078 -0.6383312675714029 -0.14755192948666321
103 0.52867412814063186 0.34945979636802377 -0.51935785394905187 0.57327910872331422 0.079242709666782096 -0.62690931787652049 -0.10442995350696394 0.53078541355703646 0.35066192592405615 -0.51812561442624006 0.57170701074741836 0.073419877502995112 -0.63254564410375924 -0.1044710610502011
104 0.53455319877748075 0.33100945937653736 -0.49033527549025074 0.60353701882313349 0.13781833206486674 -0.61072391994072306 -0.031029012686648542 0.5368326190135434 0.33254051177792338 -0.48982391734858877 0.60108242128914358 0.13247621793514297 -0.61420955349889428 -0.031963155935381515
105 0.51453879421548354 0.34032295075185759 -0.48852612260034622 0.61706753761310151 0.2076475702255316 -0.59853044341819839 -0.012641587637121806 0.51663193165876864 0.34169093786944404 -0.48904323263820998 0.61414612819686409 0.20078051486590984 -0.60388047770115905 -0.01408204008846127
106 0.50282720159522332 0.33469685996533555 -0.50754558661053928 0.61444307692204081 0.23474836961519013 -0.58628981292129578 -0.0018862291571705391 0.50556329089088714 0.33661559393494445 -0.50668449087068557 0.61185498897574986 0.22885466709528696 -0.59136152655309482 -0.0021416347563718297
107 0.51761574694606105 0.34568378736431815 -0.46865093641572064 0.62685162316420662 0.28709644633997239 -0.55375306269381397 0.043456008436598165 0.52117422755466047 0.34659433507326887 -0.46679782989648139 0.62477962309270096 0.27796095022150946 -0.56168101408132887 0.045176667772827597
108 0.54482959305612533 0.35808285193904205 -0.40323335557715367 0.64213724905777569 0.3534453954430325 -0.49783692029521454 0.096242014244725421 0.5458007347319489 0.35960282288327255 -0.40372342569088054 0.64015214073598681 0.34607630473585305 -0.5013988222090755 0.095764787189777961
