0 0.37776469993032763 0.40614675991839844 -0.58924093692375867 0.58748085853715049 0.0027204709227481201 0.071424939587239958 0.021849793835922914 0.37840639260117126 0.41070379196967316 -0.58813018850052579 0.58500758856158086 0.0079363878027836326 0.066221365580609121 0.015328687599480514
1 0.35144182425333487 0.44279899004573048 -0.60450080743255197 0.56124546536552244 0.017086150857799347 0.077106025997397271 0.029418856248670744 0.35521956552504025 0.44606306949539865 -0.60226167632213334 0.55868387441754463 0.022629541314619937 0.081327201042932562 0.026854435254047366
2 0.32786488908036537 0.46085184272120117 -0.61130369054414213 0.55355938389291592 0.031184964902115867 0.080551917217091484 0.032913431196952697 0.33256390055949553 0.46307990077907163 -0.60622600101989665 0.55448020093284089 0.034060591483743116 0.077944476916627412 0.02999856546339754
3 0.30055138418708111 0.4987010517558087 -0.6202472240777489 0.52560394544250399 0.048150876235273331 0.080770807890835641 0.035056377474103596 0.30557645783326148 0.50116756284711739 -0.61416936574384806 0.52749416352198342 0.047443822962492097 0.076407965753483936 0.03382108280543316
4 0.26744214965841517 0.53125458817642934 -0.63004686309501867 0.49928369634077319 0.05525336640921949 0.083320965646489095 0.045972017787708049 0.27111060721600477 0.53338201419674125 -0.6284216167263591 0.4970804132305211 0.056593754424152605 0.084844385814342685 0.047535013703045137
5 0.26602036815344765 0.52845401242714141 -0.63320034883124965 0.49902588982651264 0.059887047067183792 0.10137085827887629 0.066701424126750175 0.26877155591437057 0.53233226171407533 -0.63094886388415294 0.49627386092060327 0.060818306715260909 0.10169820064913181 0.066004417259118181
6 0.27549535377656603 0.52420925217521863 -0.61695264423121021 0.51834004741823758 0.066995754646825612 0.12502564313326292 0.081592045659452481 0.27656650845724068 0.52797081614503638 -0.61689771886436851 0.51399901571778683 0.06996678318489985 0.12621392544329119 0.080052440686786741
7 0.25320720482674852 0.53296634406442145 -0.62178112360500803 0.51499633187715388 0.077568926984876899 0.14823181791686346 0.10052362919302153 0.25578245392437443 0.53703065823946006 -0.61900065949709504 0.51284655786841249 0.080040811747002824 0.14781590059371122 0.099957831390083532
8 0.23849167972292903 0.55346773108093217 -0.62010919854730184 0.50225468761583869 0.09417443636960289 0.16603150777337292 0.11932490562156259 0.24068084432831141 0.55661143688334869 -0.61813313543357851 0.50016783821345245 0.097631029459214952 0.16709261231124634 0.11934069329704045
9 0.23916410812831965 0.55538568448849024 -0.61675595879452139 0.50394380454559373 0.11304896059807934 0.17970793408701385 0.13537718865996312 0.24214444337310828 0.55872523470907909 -0.61541143315771873 0.50046073630363352 0.1145774847869776 0.18001825774441424 0.13410639041848027
10 0.25152816279577139 0.54500840534190464 -0.61571308994655516 0.51048683851371091 0.13575853148053463 0.19848627747976966 0.14965372951897296 0.2544922564948422 0.54868996400299874 -0.61322196564990616 0.50806676296626285 0.13657728851653883 0.19815342960295759 0.14715266732398674
11 0.24472011200887409 0.55691273995962942 -0.61244733538593099 0.50484505368250898 0.15565463102541957 0.21059076564664356 0.16158372417853326 0.24789129807801691 0.56001709565800273 -0.61071839526489868 0.501949996108216 0.15618369390938369 0.20909765889906401 0.1594417234619632
12 0.24043279447661836 0.55429852642921151 -0.61252768985789197 0.50966169573151487 0.16873615261164759 0.23261213933085909 0.16811997203169485 0.24181175264717505 0.55687235609622376 -0.61075895668613411 0.50832445556475747 0.16593925083765518 0.22747224356473339 0.16209826170988495
13 0.24431795961990066 0.57423937668531 -0.6100054177158174 0.48831471739912413 0.20156767508377404 0.24957961737274981 0.18250260517386382 0.24616780919396164 0.57761992157315156 -0.60830742271927896 0.48550871813294988 0.19607729686275766 0.24342827720119894 0.17732897839928347
14 0.2365220315671733 0.59135514119217547 -0.61012888530583542 0.47127398494334283 0.22659804067685965 0.2703492444387518 0.20398726092529362 0.23978595025415764 0.59444405063007211 -0.60758755064400327 0.46901635049712675 0.22282329490843128 0.26258973568805571 0.20119140646938871
15 0.23221936609492419 0.57099855965794055 -0.6175116214184474 0.48858388050793194 0.23310397574735678 0.30437416689944224 0.22803097570652453 0.2358949013055886 0.57463330318037698 -0.61476150340247138 0.48602310268995319 0.22907543623505949 0.29545979246972487 0.21922690616171306
16 0.2244135798528949 0.5807655612348821 -0.62360461693710767 0.4727231640144835 0.2571096004691879 0.34038696741702656 0.2551581160825343 0.22662855324522008 0.58267095834358895 -0.6207061588882361 0.47313625677510074 0.25177977649383176 0.33145171888831848 0.24605207569790893
17 0.21273471276115907 0.59251039509936276 -0.60630107553867019 0.48587485990353124 0.26271708703482505 0.39656630407195947 0.26730229946612105 0.21465395943285151 0.59584667618415799 -0.60408457654616809 0.48370677125623091 0.26151245834048575 0.38733682694008792 0.26351366975363455
18 0.19505781410580536 0.60227117509820616 -0.58980195428124482 0.50135370301625948 0.24448442128289435 0.44536041784626501 0.28321289809932282 0.19730370355249457 0.60466881088718893 -0.58726071057375262 0.50057140901289354 0.24216070204893944 0.43395747943630708 0.27639403845244748
19 0.15933385917295462 0.61395134238697124 -0.57960643372169607 0.51159833120398879 0.2175254503337441 0.47808414186940318 0.31908692859970855 0.16089409573446745 0.61616918366447404 -0.57678898470849949 0.51162788643601331 0.2174708323913784 0.46659275662657917 0.31043854319571557
20 0.12088252773019768 0.64609902241629291 -0.55258049580649515 0.51244342456169401 0.16832362964034592 0.50727086418186373 0.35561718595035446 0.12226400258953089 0.64819251372860742 -0.55074721166473239 0.51144451083230802 0.16938805613991476 0.49827108890193833 0.35059007595855246
21 0.06033257649607221 0.68272753498963268 -0.50422106348005669 0.52536103045750004 0.077592877138114816 0.51457454373153633 0.37759604524978579 0.062772200786857704 0.684226008576862 -0.50258070629991458 0.52469710657714652 0.081733772339805055 0.50826279186327938 0.37180077963641656
22 0.015788035727009382 0.70678130143375972 -0.48773992125324239 0.51217252863401863 0.051854635726786696 0.48080638917818225 0.39882059973818446 0.019442849364375958 0.70879712682806495 -0.48492373414691475 0.51193513326386042 0.056885080775704644 0.48216952788005063 0.39708096063211018
23 0.011334162503315084 0.71586603509001201 -0.47624081204791996 0.51049196419218201 0.061076983436666593 0.4662901116010289 0.3903222369974389 0.013287400832515645 0.71780584497377486 -0.47349972966689458 0.51027073197076378 0.067098006415010458 0.46846710944133663 0.39225332548629455
24 0.034456367664081687 0.69176234175395768 -0.47925472707194366 0.5390663482704845 0.081888337871102002 0.45474782851119933 0.36118978845307531 0.034315098287114494 0.69377146536944079 -0.47588847624537051 0.53947547307133803 0.087266289001094427 0.45438576201153313 0.36545729230180546
25 0.084933722474309761 0.6679544243539578 -0.49508644083380854 0.54910159886412779 0.14278409605302997 0.42120493937361847 0.32111422499219883 0.085551998607337532 0.67080508908026604 -0.49077349201091924 0.5494021910565291 0.14727080267398709 0.42074578460207696 0.32412974143512396
26 0.17201365755538195 0.63799319365720886 -0.52338217586553082 0.5380028665794987 0.22075449307642475 0.3608776869469571 0.26236097000996139 0.17257984896585765 0.64222994615159446 -0.51915184688910976 0.53687824678288865 0.22296121012194814 0.36291715593200208 0.26613451012855166
27 0.2456640270153379 0.55514972114357874 -0.57727380814605389 0.54608875045487537 0.24230307664697809 0.2732603457081656 0.23124417040131018 0.24356115396709133 0.55979965911794127 -0.57480105936228221 0.54489085887510891 0.24697933111916032 0.27451173535470491 0.23183130470270594
28 0.32382062134717232 0.50092929444153422 -0.59721953754294232 0.53622651103580488 0.25524275281664816 0.20365657661766307 0.19232550993252667 0.31922805749735661 0.50539946186975881 -0.59668556401369477 0.53537946257386604 0.25485539068645791 0.20381182520397861 0.19441750919392575
29 0.36576354865714705 0.48378879510612244 -0.58804234082321161 0.53513702320308132 0.25123144824408211 0.16149578407165444 0.14890073623249275 0.36383594381162182 0.48761004170638472 -0.58746394000799917 0.53361594092388398 0.25334015429689488 0.16348036747742536 0.14903519905647347
30 0.39166470736616366 0.47733203866617446 -0.5757653431127645 0.53595443046663205 0.22851567872792147 0.11703053818447293 0.11341297286900233 0.39123999090315392 0.47982938884333359 -0.57492218663230032 0.53493878756196733 0.23146869605344839 0.11577543036916722 0.11501255387263357
31 0.43150132378808692 0.45884891914827858 -0.55782141919024841 0.54046234027743545 0.20394429110906512 0.080903570833635099 0.088965928595518912 0.42927589087703333 0.46216289017811896 -0.55883698812360205 0.53835758855882998 0.2076335194188563 0.080590814765358204 0.091691526189080524
32 0.47811192774023498 0.4392576161077093 -0.53211317728339036 0.54343104236440509 0.1846087118146513 0.05932277632025202 0.071865425853299136 0.47685578293906861 0.44399648411470721 -0.53141328098711182 0.54136458063107451 0.18557765650642033 0.058259511991684269 0.071458804664240441
33 0.51258409894785006 0.43244090606797653 -0.50126137997035725 0.5467992622664567 0.15533093161233422 0.039585516854297155 0.057872325370962027 0.51112834322638168 0.43676354421188501 -0.50118934335809595 0.5447886427803057 0.15664466054612214 0.03868298494920315 0.060529217329839125
34 0.53308931406879845 0.4173421287302419 -0.48032475597904911 0.5576104909398989 0.12308608130314687 0.019452693720292142 0.055201105825096609 0.53106717852407404 0.42277228290343177 -0.48066248056239902 0.55515297755006365 0.12515687542243728 0.017686370699015103 0.056132176712238011
35 0.53043671531447889 0.40457039381880378 -0.48993597542700446 0.56117949666223033 0.07890733129498427 -0.002721250462644475 0.052049081761588706 0.5275922763456613 0.40962087045468282 -0.49130707453373623 0.55899417791373551 0.080098877833473095 -0.0036472856925867181 0.050622000754946356
36 0.52151566694588913 0.39137823714227504 -0.49889516500652398 0.57091864477743492 0.041968681347218512 -0.031900620972756547 0.056055536735838483 0.51952770706364937 0.39621620538707047 -0.50164880682056268 0.56696750770865467 0.044880382784900252 -0.030061538661065843 0.053790282148467275
37 0.49148438134256223 0.39707965046496363 -0.51872889862323857 0.57592637013429326 0.014002446262185143 -0.072851447486198428 0.053132168115843183 0.48977686344045929 0.40193926103001937 -0.52175606431803279 0.57125656567642569 0.015455753470769728 -0.070023477377317914 0.052903708273848528
38 0.46518363731648665 0.41039223137532582 -0.5443553406092877 0.56467660049795854 -0.0056187055312148324 -0.11827838616789656 0.042493100821186021 0.46208486739244181 0.41574147066271772 -0.54722716138427652 0.56051676044648058 -0.0046011677566998744 -0.11582821443513489 0.042414041054367337
39 0.45409304665057448 0.4115035653926658 -0.55563682162685879 0.56190038539328802 -0.015131855640513356 -0.15972834163959201 0.033555282839609804 0.45028860936254955 0.41652200866046318 -0.5584537116115541 0.55846131161171197 -0.014037592806104303 -0.158580565539688 0.031448722995831443
40 0.44857805778491228 0.4059737755612477 -0.56365945493812386 0.56236201728896917 -0.02225759488028653 -0.20018325138187953 0.023084269903251093 0.44431666574112461 0.41155966458061888 -0.56646597006859523 0.55885386979891605 -0.022349342423935253 -0.19944303414398315 0.020594231296509925
41 0.44109003456774026 0.39351590525796409 -0.56887851861785854 0.57180595027437908 -0.027789708147663052 -0.24144868607161973 0.011371760797873628 0.43753140745706676 0.39975520681322785 -0.57182000974581437 0.5672600096680962 -0.027450319602612086 -0.24083694305949072 0.010304695914663703
42 0.439860255550104 0.38662225613172474 -0.57531503366291059 0.57101558533235897 -0.035350616806572331 -0.27593824881750967 -0.00021411402641874705 0.43544877703876461 0.3927808792886453 -0.57784366953027533 0.567630370068823 -0.034084936880390444 -0.2747428533778839 -0.0023834018694910671
43 0.46605629893737749 0.36500042879179118 -0.57421659605751996 0.56554532445659678 -0.061546231899876819 -0.30242574112863158 0.012712681346498099 0.46167209005440601 0.37151619199659391 -0.57809548754634921 0.56092798791618093 -0.061119098003136349 -0.30131554432508667 0.011657652065494356
44 0.45908385840311999 0.35046902320897538 -0.59426514028089406 0.5596985061366343 -0.074336085225417403 -0.33467545565365975 -0.0018871822690902681 0.45479776801699379 0.35663636412829069 -0.59811957369474367 0.55517787199359103 -0.074743992887587235 -0.33509169349777429 -0.0047152993895786905
45 0.45585765651795029 0.35243011668973973 -0.60786819813215143 0.54633603536979902 -0.07539337746457668 -0.37318702444867169 -0.014703451072107914 0.45151985536933187 0.35864185426485601 -0.6113417572698836 0.54200285644532731 -0.075202848473996775 -0.37315083197515131 -0.015530311464690716
46 0.45265869498277639 0.34832529599245621 -0.61164344123106851 0.54741382411049322 -0.058182707393522617 -0.40469828311844519 -0.011076417381411284 0.44768486756096526 0.35470796391383691 -0.61486137411866038 0.5437885713307461 -0.056168143731336474 -0.40479268782595951 -0.014013016364850455
47 0.46223906187673985 0.35708922781720392 -0.60262445228037598 0.54375187591952434 -0.017281340278465361 -0.42567186162734671 0.016078259826980759 0.45786365242309013 0.36335755192294822 -0.60691735321190676 0.53850115284983702 -0.017267381033157406 -0.4208820198294122 0.011872296525649542
48 0.42678840897739012 0.40625404292902467 -0.62566105419886153 0.51123140731486694 0.030798649782830676 -0.46928213551271603 -0.014626584858667765 0.42272264092945655 0.41140314117234394 -0.62999783648186258 0.505129439161218 0.030737420721931828 -0.46134519346244052 -0.015049911341790859
49 0.3788575541068287 0.44766477633299268 -0.65031398032634047 0.48286118990765364 0.067478413919024052 -0.467444437110273 -0.081044146479260989 0.37468131269812233 0.45250951533575595 -0.65254172211493944 0.47857951621928035 0.067736449938228888 -0.46152122967840575 -0.07708883966500521
50 0.34746679213513915 0.49141025019502216 -0.64853550358969314 0.46603057297804479 0.1317113223649172 -0.44152676529001006 -0.1322235093014287 0.34284569601808718 0.49649689423353621 -0.65079169244151003 0.4608880946471075 0.13055563186750543 -0.4368120771990559 -0.13841723362598968
51 0.23396007329916821 0.59309837189206327 -0.64443093618672576 0.42214425715190285 0.27008873243986103 -0.33434812744404757 -0.24034337005815556 0.23186814739369174 0.59572694330374631 -0.64657784273215801 0.41627354532088778 0.26680177706319225 -0.33148416923442386 -0.23882188194526974
52 0.17924455157054303 0.66599329995540368 -0.61279636657319003 0.38575241834819812 0.33510709584893528 -0.22745793626912139 -0.27531300953911436 0.17256625105474474 0.66666285407472015 -0.61580275376385729 0.38284265233997833 0.34135625278762105 -0.22454252554152188 -0.26768699050365052
53 0.17354074853523785 0.67094170702753109 -0.63415554161610177 0.34288129637879139 0.32713506244462071 -0.18314241759366459 -0.2846893463915538 0.16755254220803367 0.67239741873041781 -0.63554402044427072 0.34042863416849772 0.33211046386887488 -0.17803140481354074 -0.27731849661796326
54 0.17912080438021377 0.68405903281158698 -0.63889009942680619 0.30298253732099334 0.33233466180387433 -0.14516179529822529 -0.28208772940959692 0.17133590739709045 0.6862900296292207 -0.64013032763636646 0.29980521294349971 0.33659375077320597 -0.13857507866486582 -0.28075482395232521
55 0.23466689583550732 0.69135718950746383 -0.61949159114772068 0.28842131164761936 0.34114248708201461 -0.13362741129231731 -0.25406861112559076 0.22585935544735161 0.69451576675056415 -0.62240116501127996 0.28151765678973728 0.34538512422935125 -0.12317042852809532 -0.25060731240508494
56 0.28081593125565446 0.66553647973802321 -0.62035800919791895 0.30554794601655294 0.33983003078534008 -0.13223276008310267 -0.21306942597868064 0.27243179181544358 0.67066367985152631 -0.62322198127679795 0.29594849110894095 0.33971611926954143 -0.11707173460124451 -0.21097619647578789
57 0.3287494989248877 0.63755803752652407 -0.60558822315723071 0.34453798007655256 0.33577490730951015 -0.11592460515759866 -0.17230047096592771 0.32115184140932496 0.64192943282866066 -0.60970353369068986 0.33622864100602678 0.33874635367651301 -0.10067687781594659 -0.17461130657354859
58 0.37958329434997651 0.59980023382041392 -0.58218196703092728 0.3965102261271406 0.32867937114223122 -0.10418008435549034 -0.13680125951872713 0.37264380638790867 0.60482801036804046 -0.58618931004853347 0.38948910667667297 0.33217775019524831 -0.089471634436131653 -0.14325729736831291
59 0.42949596588684036 0.55290626991970182 -0.57475666263045855 0.42365392802653107 0.30855971342961147 -0.12065505006349872 -0.11765402866504797 0.42188696101586737 0.5593862646061043 -0.57849016510492512 0.41766916090573664 0.31351345551692716 -0.10589392503498016 -0.12558886553486212
60 0.45870390798062555 0.50765872419060187 -0.5732107332070715 0.45089111755797973 0.28904013454656025 -0.15242251927531117 -0.092115620398002862 0.44914863351300494 0.51557233107477596 -0.57841762876790015 0.4448412336711175 0.29785407527891355 -0.13457926799014633 -0.10394872495755751
61 0.46428069563477103 0.4670377877689123 -0.59823418626291391 0.45654681999019858 0.260567976782902 -0.20470096835860307 -0.079813410266777365 0.45459036615247106 0.47554206689692524 -0.60346767144236846 0.4505930660104393 0.26944102267179576 -0.18677137586423556 -0.094237642679458097
62 0.45909289561843181 0.45053693062199324 -0.60231291909910245 0.4727254328092737 0.2437748673082597 -0.23827647649929132 -0.073439955225643602 0.44923802981123229 0.45854512939297093 -0.60831482266231729 0.46677042902332572 0.25236563038222753 -0.22332831577878615 -0.08749458912466726
63 0.44261568718813277 0.43847298989486982 -0.62315505227931733 0.47276904658235813 0.22717353154114586 -0.26790678047740513 -0.081990094347099182 0.4335795457617318 0.44605714563976251 -0.62825194385879635 0.46727004543240508 0.23640809807508292 -0.25304088612673825 -0.09346401343755327
64 0.45044655862917654 0.42543614676329694 -0.61515939056625357 0.4875252886204835 0.20914776276707159 -0.29739565911221727 -0.085460031117142038 0.4407566486974166 0.43270614872120827 -0.62089634816504347 0.48268694857349836 0.21868912264235618 -0.28537369212109692 -0.095775471729674086
65 0.45944584999361943 0.40499706198981872 -0.61125903526288627 0.50124772569333542 0.1892700068957581 -0.30852518125630413 -0.11173744260265292 0.44872561528674915 0.4139792141030425 -0.61590252098197007 0.4979263169628711 0.20021819173392116 -0.29742327454435252 -0.12513668560200053
66 0.51052501681494444 0.35313687927499476 -0.58874558999282556 0.51772307459298972 0.14455724780624651 -0.33492286742235394 -0.13391752217517833 0.50116760010123096 0.3623995000732011 -0.59414750012001183 0.51428240010387993 0.15492311029156111 -0.32492487136212606 -0.15001452164805634
67 0.514629982243065 0.2983115309524722 -0.61419218997899261 0.51858862853528143 0.086475180306267135 -0.35923277440631929 -0.18158022102161753 0.50652990661958619 0.30675890400887879 -0.61921870809225965 0.51564970673876831 0.096423699297089729 -0.35430256721148357 -0.2032420105293487
68 0.50379555114054686 0.2932325648596204 -0.59638108441311855 0.55184627181043289 0.049634024826779803 -0.35889107345602039 -0.16376233405745749 0.49364315129413222 0.30078305078853129 -0.6044237515845543 0.5481951514371457 0.057290827931353865 -0.35330238701019928 -0.18759505376670468
69 0.52701360714029433 0.27814988802563151 -0.54632264360213934 0.58857528555646477 0.002532268594665535 -0.36087245797979617 -0.096738588337999365 0.51712455222832854 0.28937805124695171 -0.55552615239380387 0.58329515251346253 0.0061787940891013787 -0.35533228129145156 -0.11901295430264035
70 0.55823156290546849 0.25182543575330207 -0.51272125847132899 0.6017294933733548 -0.064163576192797611 -0.35844815181566708 -0.04510755096968351 0.55032340907622546 0.26148320431251959 -0.52170830860428996 0.59715250984855583 -0.066910436722215902 -0.35437295913391198 -0.067047413528358607
71 0.5737688714361916 0.22084094397536683 -0.50323798315010027 0.60726443329897684 -0.12624565205008828 -0.34930396013331677 -0.01800529358924341 0.5678793993665362 0.23086029974247765 -0.51204619942881757 0.60168529932882608 -0.13298646401402248 -0.34552689910559997 -0.042512952648617826
72 0.57246192497211967 0.2198494077380071 -0.51097531311862188 0.60237680214114253 -0.16946603027984708 -0.34798113521708035 -0.028915367851745581 0.56620488856792717 0.22906229537507183 -0.51897728952148525 0.59800088792594364 -0.18014098503822318 -0.34458470224870663 -0.05294521880058492
73 0.52334120766056702 0.24946180599282922 -0.54152802888698404 0.60879403877251703 -0.1526726565517168 -0.37034022570076508 -0.063226782538127274 0.51788940807532013 0.25963230404838167 -0.54616690851624417 0.60504820943436555 -0.162787738211113 -0.36809306053309104 -0.079485642175761387
74 0.44033622977989373 0.29903727687724085 -0.58023860600404309 0.61644454080116395 -0.10112341919116906 -0.40887327992404976 -0.11823582775295871 0.43511165817368364 0.30656515575890469 -0.58337316095881364 0.61349116152458805 -0.11007688375410807 -0.41458409033578653 -0.1264110868497999
75 0.48323742605909953 0.32202302924688919 -0.58230998464931816 0.56894449682560821 -0.13845108693843883 -0.41730331397760234 -0.1091565670067883 0.47764693791803781 0.32870684168544112 -0.58418173522326644 0.56792333563451869 -0.14610260720876284 -0.41599748525218333 -0.11698018558431154
76 0.49395288737213022 0.31408066401017343 -0.57152598377186714 0.57508428201896089 -0.12028895546158619 -0.46495917150980409 -0.096069524505024401 0.48902120637712998 0.32257740420660302 -0.57264760746766841 0.57347780747849475 -0.12358223539946675 -0.47129275176231178 -0.10521371516030736
77 0.51822350408283391 0.32989675451715339 -0.53063625668636283 0.58398432707140568 -0.040524718795467346 -0.47112500406192453 -0.07266724879228352 0.51276719958263317 0.33587909972661117 -0.53356729956570292 0.58271859952569627 -0.039444160069535016 -0.47017785144203383 -0.082068688623474051
78 0.54984081511249283 0.31876130961288729 -0.50704389911633352 0.58221369779421372 0.034679336449250725 -0.44356293148798404 -0.047313727537997639 0.54492444170932075 0.32524434505161387 -0.5101109422389859 0.5805689411670123 0.040047896875782744 -0.44076753405549041 -0.056396638830654974
79 0.55317777703403448 0.29737628932182419 -0.50898782180364865 0.58863663392660504 0.093765179477123761 -0.41270250015446358 -0.026301859589697961 0.54913114156661724 0.30408264532999452 -0.51179654213998993 0.586560340991791 0.099877343990909834 -0.40780995882511772 -0.033117821433719025
80 0.57725302189533434 0.29296695432557812 -0.48160992074332998 0.59076323229150163 0.12871567864920311 -0.37552104946265363 0.0081299519529264425 0.57085111092356133 0.29993300573938925 -0.48679770931515182 0.58923441127533649 0.13356502222976929 -0.37292810065049375 0.0013301652266868927
81 0.59834180423253924 0.3138787293454956 -0.46464219661336653 0.57234155685090038 0.1734261207698875 -0.35403137660933864 0.014945248515165478 0.59284269754438623 0.31894449867889996 -0.46943349805555962 0.57135289763339925 0.17725086904353304 -0.34756504180408132 0.0043801903823620231
82 0.60398813849990041 0.35005694842375257 -0.46694927456590624 0.54278617925850825 0.22012724250004526 -0.36590945999688046 -0.0039738540946970182 0.59960589721836832 0.35302169836229697 -0.47189649781082488 0.54144449748818479 0.22459571804225603 -0.36085462283305658 -0.0077709627628563434
83 0.59941361472476085 0.38857248052817134 -0.46999278199694966 0.51848001960494838 0.26126870992493179 -0.39222572576239828 -0.023084717117885015 0.59448058029169693 0.39034358705927502 -0.47624898421132728 0.51711858285641277 0.26865121629333849 -0.38726719175043695 -0.025830090435633595
84 0.59305737754779708 0.43625798522792725 -0.46052834031338102 0.49585841228036259 0.30063986969768575 -0.41701816423314153 -0.052032942118586549 0.58711105746679326 0.43916025558517657 -0.46789695595064557 0.49346865627586289 0.31129240145770515 -0.41254144163610673 -0.057499678058911249
85 0.58442369081012779 0.45528702516514008 -0.46968514013755969 0.48016512104702702 0.29381093874360181 -0.44766679274696763 -0.076655394928202572 0.57922678116240434 0.45635608515840137 -0.47701068448667316 0.47822198444727909 0.30539948189528832 -0.44141052302920403 -0.079551373637666525
86 0.55184784020988609 0.4514860039225676 -0.49425257240315018 0.49733162395989289 0.2592467075756712 -0.48656854817338108 -0.10075882088478386 0.5473056154479804 0.45242281276986479 -0.50123471414760556 0.49450371395761977 0.26942134638806103 -0.48263182372751101 -0.10517120983110388
87 0.51982301329290681 0.43889240980644051 -0.53060235168646686 0.50558741266982599 0.20322353792213146 -0.5154139617460296 -0.13851766067606061 0.51603615285864679 0.43993655243708341 -0.53448385296084022 0.50446955279457217 0.21110005593936451 -0.51416238660326496 -0.14857407916665824
88 0.49611185713004302 0.42677167875918876 -0.55184214099777307 0.51692282871144102 0.16278668433289462 -0.53534883319044846 -0.17039820712730333 0.49365789797433401 0.42839869824211729 -0.55399949772672963 0.51561709788422727 0.168695490842314 -0.53477055441593868 -0.1731438328109057
89 0.47401557781348075 0.41245719309462864 -0.57782560125047233 0.52087030093314235 0.12015123939357218 -0.55258936437614325 -0.21592894581290994 0.47096803905582141 0.41343194039282377 -0.58011213651957183 0.52032013790899589 0.12819479960212221 -0.55210008032207969 -0.21237093676992919
90 0.48147266437966463 0.3714057801639879 -0.59257739780485363 0.52829333473625695 0.060472381703938913 -0.5760458077061964 -0.21780311017674137 0.47948670971509594 0.37449140758773902 -0.59317211201852726 0.52725281068290664 0.065551225981339709 -0.57847486281190652 -0.21931377017884549
91 0.51208996688065189 0.32692627064479185 -0.5493192569205716 0.57369977632790847 0.021380218210117694 -0.61244431607214145 -0.12281812889444142 0.5097267203917657 0.33125511325195717 -0.55110742204721275 0.57160242286712126 0.025845905988778478 -0.61274019226947107 -0.12462429043603508
92 0.51435748153274974 0.30323187065381518 -0.5394187338964157 0.59372909928069273 -0.011123707813240929 -0.63731448521315459 -0.084581022051035348 0.51348858668086117 0.30817889200629267 -0.54041248598249469 0.59102418466970186 -0.010034597197357276 -0.63653292957332841 -0.084241848012282156
93 0.48950342844569761 0.31362107159030461 -0.53233140131711698 0.61534664715606546 0.0091475689575160907 -0.66495735223277486 -0.085851273352813604 0.49071587410281858 0.31740686559028453 -0.53157407610967811 0.61309038011356864 0.0087147491732283873 -0.6673437351303978 -0.08381761132744675
94 0.49136796164124291 0.33884910716654715 -0.53987470763963952 0.59352683923810701 -0.014308188788491832 -0.66744432075672022 -0.12549760046905553 0.4927104527563429 0.34048805190477371 -0.53783355300877289 0.59332905331922814 -0.017483490589030815 -0.66954524458376841 -0.12161780080201363
95 0.48834339170341157 0.33224701413351532 -0.53648713675730886 0.60275551052886822 -0.024589345636414149 -0.67138227733147593 -0.11669906157677523 0.48967858820146382 0.33601659190386507 -0.53561028709476488 0.60035768553471192 -0.022960370031727326 -0.67483120356177362 -0.11234195308089948
96 0.44285757572630574 0.35497661026099658 -0.52634651521832809 0.6331098796472493 0.020927291986957898 -0.68099537445125524 -0.14004135008270302 0.44589791074685781 0.35776330862267192 -0.52511381265608859 0.63042521519426287 0.018328844506413332 -0.68400469967127786 -0.13778451988625734
97 0.41285926002992912 0.34299999378974544 -0.55065997673548828 0.63927445255496151 -0.020663757558931684 -0.6694968748733382 -0.19749478799865924 0.41345719490059685 0.34605949573185107 -0.54838489323645667 0.63919479211644625 -0.016082017933575582 -0.67851820082710745 -0.19494775354199997
98 0.42757152094021122 0.32116012255322302 -0.55331030426352312 0.63865990742983147 -0.07392478366775794 -0.65750461109255398 -0.19533344459580165 0.42913182452266102 0.32365733078462833 -0.55248031719952362 0.63706931217751794 -0.074611371548083949 -0.66316048543532446 -0.20014035016569665
99 0.43667410665776119 0.32321530441401791 -0.55223143610674164 0.6323670077911131 -0.088506444367092069 -0.65573260084309348 -0.1941483174792891 0.43834214126541271 0.32611894350161869 -0.55111203901831296 0.63069653743247922 -0.089148966937741755 -0.66004930889851054 -0.19854825819081517
100 0.43723922206584892 0.34067154376188247 -0.55535882172127937 0.61995269262621922 -0.066745031296450694 -0.67134480381766659 -0.20193404147974797 0.43865019135673589 0.34476689320663384 -0.55540798905611333 0.61663908784960175 -0.071191649209007474 -0.67450853738417493 -0.20432118635976998
101 0.46793796669998339 0.33166861751752502 -0.55645812936294858 0.60115250788846175 -0.054179952975033328 -0.66005746801629173 -0.17948579802137604 0.46981425611528799 0.33538365436548617 -0.55454515721817887 0.59939305780193686 -0.056868026459837032 -0.66347476630562197 -0.17740875042823781
102 0.49129127878454865 0.34749055354435437 -0.54436036231849172 0.58442706176576187 0.00010225574552759555 -0.65796674333438232 -0.15501111878912618 0.49350414220717742 0.35020684446995559 -0.54301064142543043 0.5821926408067154 -0.0056589369149272943 -0.66121543656906023 -0.15494342263232241
103 0.50869438796767019 0.33920151963646694 -0.553155530293164 0.56585449369303209 0.020470431617845584 -0.63713628439891223 -0.1519359359697709 0.51126502241729133 0.34175553156231508 -0.55208612021499592 0.56303831962412565 0.013424461883479712 -0.63908162357830933 -0.15161659094055766
104 0.52891801319764231 0.34702922877699199 -0.5219425243802096 0.5721821833412144 0.072388786007509989 -0.62882990428304764 -0.10599463147915579 0.53070510319165509 0.34906950209930054 -0.52118500313440153 0.56997260342780953 0.06657563326866435 -0.63358808358639385 -0.10749079047682596
105 0.53562030508404224 0.32998476028102375 -0.49147456655823013 0.60222395932937844 0.13186287783653777 -0.61282084858787367 -0.032726826084540181 0.53751091077779267 0.33220630666116829 -0.49140790985336757 0.59936571201806188 0.12663423054215206 -0.61585694159916626 -0.034833786346443053
106 0.5159289277496778 0.33904146485892211 -0.48896339380779796 0.6162653861230114 0.20255941313221101 -0.60026626322214471 -0.013715982279792082 0.51788080115396806 0.34089140075959123 -0.489298301090279 0.61333490136666347 0.19566231278056551 -0.60571198105197277 -0.016973026219868383
107 0.50199082516033666 0.33544953634470165 -0.50865491591884193 0.61379882415378162 0.2324772896954396 -0.58769821921176713 -0.0057907834196730809 0.504124702681646 0.33774700179661465 -0.50798970270220556 0.61133600325194692 0.22761010431814824 -0.59227691999521537 -0.0062283857964408884
108 0.51676919602070526 0.34263437911074773 -0.47348039669331377 0.62559379332171161 0.27959840348190534 -0.5592705950342326 0.040906105398262373 0.5198713299904052 0.34356653677629095 -0.47279043180252589 0.62302892601991922 0.27041576317280386 -0.56624656172758481 0.041592668648826311
109 0.54012987886749109 0.35326848083885509 -0.40595385183458449 0.64704139325166921 0.35235131510335849 -0.49726962170114863 0.10138965587775771 0.54188842366339018 0.35490141549797022 -0.40569561771607088 0.64483562815892781 0.34413685625049678 -0.503349973486651 0.10105444127353841
