0 0.78831605863539256 -0.20442631231172995 -0.54578930693482319 -0.19718444910233943 -0.021515904702825283 -0.1180432263767366 0.44156114050029976 0.015378307689222 0.63942331549842324 -0.74891227016607553 0.17329669022896704 -0.025995893052997807 -0.65628760880501136 -0.12750221592393962
1 0.77235259856227867 -0.13259208513628626 -0.57930276176375506 -0.22427463669838729 -0.13738934038224038 -0.035884840065944681 0.51832132957204646 -0.069264303266586724 0.64477856493684937 -0.74387521416474067 0.16159431995689894 -0.12779644800479137 -0.36245309303712164 -0.021335741023817491
2 0.80124621075636515 -0.29534953589134699 -0.50960776380353645 -0.10522874354705261 -0.044025012633722674 0.21338080960254738 0.73986284869633145 0.049008924319416655 0.67892903901224755 -0.72153580681246765 0.12664740348874606 0.004789506775009892 -0.070365653712604018 0.049139495699987948
3 0.78534444352368094 -0.17065037110881717 -0.56826381133436343 -0.17660350108263953 0.0089345600931400523 0.08424557190529694 0.70940789772663138 -0.007069217509768938 0.65704734543554932 -0.72490305672993982 0.20677129966097141 -0.084417467491145259 -0.69742344674982115 -0.11841568355482328
4 0.80713681287556149 0.047078399347544882 -0.58386552697110905 -0.073585569446074445 -0.020167085819970839 -0.076756929215714267 0.73426785533639649 -0.22793218964165732 0.79898139169041549 -0.55622986372222094 -0.016852043234161538 0.19245649989369396 0.21269207368496018 0.17573889085514546
5 0.74469431406378905 -0.26839829152442485 -0.57774391321737706 -0.19900931246578546 -0.19043357438703432 -0.088436051255942824 0.15315811887480771 0.028588575379207348 0.60266876675171122 -0.76087777824825931 0.23882641710613112 -0.098664801279482919 -0.39470043830045692 -0.08236745766582651
6 0.81051390158664804 0.033037331582497255 -0.51506443155763482 -0.27691944930052903 -0.083559830382809216 -0.11143995808140605 0.45815923489691668 0.051077360939614833 0.63526856606206472 -0.74376802231270323 0.20157897002897551 -0.03858372007058946 -0.48236572887804013 -0.045733170719972759
7 0.77550649734681487 0.27631695097972403 -0.50976825718556695 -0.24974975303317734 -0.14959256508654223 1.1325646168881092 0.91061731381242084 -0.16274505988797039 0.71234423288669613 -0.6742154396786576 0.10729995458545051 0.0020680361479692177 -0.00097435351636838659 -0.00049586886840998509
8 0.85762292219101377 -0.10061543596004699 -0.44896776127625804 -0.22975510160538554 -0.27536438437937955 -0.045743834527049727 -0.31418394187424387 0.04423345335149876 0.66399176924314374 -0.74370069847053011 0.063777763181272942 0.14934487964447357 -0.53251112362510511 -0.10068542470475489
9 0.84344225139166618 -0.04056139911282481 -0.46191552919831813 -0.27128211396036639 -0.10756245823373606 -0.076163223113706768 -0.30089594071615355 -0.068338148512389882 0.6557617829168102 -0.75186843263740444 -0.00049145400368485396 0.17523526140109041 -0.23335555188071788 -0.099036895779953477
10 0.81733696808530709 0.17975560841119614 -0.53121330249464394 -0.13213867374304994 -0.049535670038356953 -0.028183941066073404 0.36535671191524788 -0.26080500082702684 0.78538504136523113 -0.55878494020400626 -0.053948854895668218 0.1952725196523723 0.35620390090026721 0.20641669205729279
11 0.80218681220579713 0.20788111103320067 -0.52377349518935401 -0.19734003074853124 -0.032912380971486362 -0.058157645767529818 -0.15777681917174097 -0.24464922669821967 0.74950361286736233 -0.61507911647288172 -0.0082928073457328721 0.079609317988913048 0.11864828642299317 0.082585211233272671
12 0.83490466526583174 0.26380116808531767 -0.43889431186835071 -0.20177940094018118 0.13938856111455319 -0.3797304453757937 0.26702450281156498 -0.28897069125683139 0.74870069202882383 -0.57032635298123546 -0.1751315632466989 0.28629702517870115 -0.25587001559859007 -0.31281032814914966
