0 0.5142982120550541 0.70130355547776246 -0.37882861031000814 0.31647994590781203 -0.035260224641451399 -0.49279429031704758 -0.41509497336355416 0.52354615056063158 0.34677175037133529 -0.53685635057488457 0.56341285060332214 0.036212650584268105 -0.63756722224991058 -0.13032487189910733
1 0.43731330857661233 0.72208497493267421 -0.41159932617211703 0.34341862764403902 -0.19544209179339858 -0.12895309253275611 -0.28091258466021013 0.45571119029682911 0.3599799923351728 -0.59332108736678812 0.55741528813130747 -0.07091910021278422 -0.32478893877542292 -0.00028295962316696524
2 0.37002503548458454 0.8235397719007983 -0.35210607392490079 0.24674892080291941 -0.075544527316806748 0.35080542068169834 -0.11170733900168185 0.52887354790084007 0.40784464838121781 -0.49099694805117661 0.5593545477798576 0.073094939715378102 -0.008934373140261298 0.05126232368114695
3 0.42729520724440134 0.7445906714688133 -0.36795888203763316 0.35722513763339964 0.3077658681266025 0.31304968194393135 0.11342051706166113 0.4899729973351693 0.33779389816283018 -0.53560069708701252 0.59912739674150783 -0.022269214990046096 -0.67462706860170185 -0.11397097359879109
4 0.29506442925663301 0.82836300760887249 -0.25218840558960254 0.40392167347001151 0.16612429747813384 0.39887595599496789 0.0068985665394956071 0.21692759387794999 0.59020018334358904 -0.56105888416600402 0.53834848480692854 0.24463459168805374 0.29943417962085433 0.24340384347047372
5 0.59723455968808292 0.60425915353168314 -0.3898747717349258 0.35521742419537228 -0.16479092096107795 -0.28223030865759224 -0.17675465007593924 0.53201520454982598 0.28137040240629668 -0.54180680463356434 0.58671620501763233 -0.019179183200214358 -0.35425094137723567 -0.1014837139269992
6 0.78801810641708658 0.42766353213634822 -0.26318391038906769 0.35618197112123912 0.0030069994789798703 -0.49175247680928785 -1.1357272598723598 0.54199969713274021 0.32824639826352731 -0.51119349729570984 0.58066499692819507 0.032546879775497972 -0.44454451357178915 -0.060579258264373409
7 0.33056220071044762 0.7895304234177597 -0.36632861108062176 0.36492970646822043 0.14744538879743752 1.2798510871221607 1.434726325779057 0.35191605744175608 0.44743505946163864 -0.60337606275922873 0.55847496180973222 0.023397862460572835 0.078383144116791953 0.028850148702628736
8 0.49756131925988356 0.76497792444428103 -0.33616079582262776 0.2328893042653134 0.18312215643557805 -0.25297972978893457 -0.48733631310758674 0.53816422039016021 0.44087281670394829 -0.51529581952371384 0.50048041896238249 0.24107681324945215 -0.49916554219560216 -0.11376516784948952
9 0.32073631331362085 0.83478641683262156 -0.39816015191014981 0.20427517965877764 0.21821432359799861 0.34181637028990686 0.51776185240995554 0.45632227299222949 0.4814110742563526 -0.5981341801375567 0.44972087265961186 0.27463120129077651 -0.1765089872679699 -0.094915504970823683
10 0.18196344314798754 0.87889372887329464 -0.2686412460546711 0.34966698389055639 -0.11370924912780893 0.69614685307556579 -0.53851576333373286 0.19621985546246345 0.60520626684802581 -0.58521386629146765 0.50274036399553035 0.24089727957137796 0.44031324594753024 0.27755872110093371
11 0.79813535481289788 0.29751601626904406 -0.22239918418804996 0.47434457763695087 -0.206000617494978 -2.0816943017588008 1.0401055569209976 0.24660685533872412 0.54941356189410329 -0.61488096331138908 0.50916716102281978 0.12647918234669131 0.19114165013446224 0.14341386637884396
12 0.051256730589529863 0.93178491728927559 -0.28791969887787011 0.21506246180951008 0.42668518571946817 -0.46980746783357757 0.24275862221122504 0.17561135180238974 0.66636595683925703 -0.61824715634538896 0.37800465387965643 0.34098345863440338 -0.21681273192722675 -0.26535561877629776
