18 853 1 0.52176357681788033 0.40591487165119861 -0.60644414278724457 0.44183864538725814 -0.59691973077190696 -0.31663736030397466 -0.26334106331078588
17 811 1 0.38282521320504381 0.48228399101137642 -0.60999709032293914 0.49874899292750408 -0.68032992026676431 0.038341484631505295 -0.24423788467185567
16 766 1 0.15012975710711804 0.67689150063150516 -0.68460045813749437 0.22494702736804423 -0.25414642649030772 0.74478661804977453 0.112442773828436
15 724 1 0.0097362775935377777 0.78133074628158117 -0.59591961153697903 0.18522226215902124 -0.067583945139533821 1.2876780491858475 0.51415331653787633
14 679 1 0.20556591741761779 0.67998621720215979 -0.68523029618178888 0.16068864056294782 -0.29275316330851064 1.4278964083412429 0.25542219137776356
13 637 1 0.036923972746261219 0.67812368572068971 -0.71466734462800052 0.16743796947999395 -0.90798825810519357 1.0282690719018077 0.58207952615972713
12 592 1 0.23278176059243447 0.5798108184930808 -0.65660016062334103 0.42250242101468855 -0.80869425849421572 0.4141132202061733 -0.12173900870179234
11 550 1 0.335745797317692 0.36272361817201959 -0.73289132205520757 0.46752181388666392 -0.55360674128744336 0.067472718253599809 -0.33903257613929794
10 505 1 0.39174967298064689 0.31454632850471892 -0.6397927177296413 0.58159958672945877 -0.42093271643669938 -0.2189427350236953 -0.35330131691380751
9 463 1 0.43932582879259424 0.35993285500968147 -0.54597848685884753 0.61591285741377655 0.40808477717108199 -0.42057166243444638 -0.22855147349280069
8 418 1 0.3780180968944607 0.20186970703023413 -0.58634133251922971 0.68742620082696282 0.46510281072743692 -0.74207664610514423 0.13737124283039204
7 376 1 0.46968781841700691 0.25637998973220344 -0.53213619689903835 0.65612020396068893 0.050009483001159205 -0.75160487659714426 -0.13052735307840721
6 331 1 0.42545754749167375 0.35211320595321738 -0.57450938158243758 0.60410358048060142 0.013743418857646643 -0.13395320166861824 -0.054745600486940625
5 289 1 0.32968905251452207 0.28435916532301103 -0.64626846693000106 0.62672327418153484 0.25909816841442468 -0.020789032145378774 0.11603967916687007
4 244 1 0.14268404145465471 0.40130405545734787 -0.71040577523619342 0.56028560029570218 0.57447402216552457 0.67958355570922713 0.0044834837726959202
3 202 1 -0.0072535105242565769 0.58166135240741035 -0.68450360070246763 0.43939990706190862 0.21644668638091133 1.3429424077201912 0.33428612712293465
2 157 1 -0.07483207363911859 0.6264666181926497 -0.70235601042554141 0.32959941089791323 -0.13701267069690318 1.2643656666022332 0.52161900919008108
1 115 1 0.03828613032759183 0.58009560991027098 -0.70961943646081482 0.39807475552263438 -0.079461538492480929 0.98086118911371523 0.33551924746556966
0 70 1 0.16691999178016748 0.4963588763706212 -0.68521442812428279 0.50620822759267314 0.048634090464821207 0.5463422895730119 0.10467489954850176
