19 867 1 0.51961593436474129 0.3985926886837603 -0.59116696806123947 0.47079163666678431 -0.6603031714248262 -0.39643900575256918 -0.27737275346540119
18 824 1 0.43655430470551093 0.44372196970330657 -0.59436088485692795 0.5091819823970557 -0.67042964034017827 -0.12319663791698875 -0.21748344133781528
17 780 1 0.16930249333381717 0.65488507726662515 -0.65616850676722693 0.3345221846922965 -0.71111668186501176 0.49343005520647115 -0.081773526880348474
16 737 1 0.03595195824509629 0.74574868457877419 -0.62092774961878616 0.23877831957847628 0.058668643746784474 1.1964160181950818 0.36960204572842714
15 693 1 0.20390353262010036 0.70826025581329832 -0.67316406930333117 0.060339831117636696 0.03808179573225879 1.4738574770865254 0.35050295381795443
14 650 1 0.007188213877859625 0.7050440284592937 -0.68599083262976723 0.17966030463921451 -1.0329810153521508 1.1097324858912769 0.5662025567257698
13 606 1 0.166080929291539 0.61491969031954985 -0.66788520118070471 0.3849938407647287 -0.85268581110715147 0.62854435892495697 -0.12418541398791108
12 563 1 0.38424592411887315 0.40633365200331983 -0.71089690259240401 0.42646644291456764 -0.63285012624842396 0.18556191090285204 -0.24357686346204946
11 519 1 0.43317435732277532 0.30674787382339735 -0.66909630486588134 0.52016906182283595 -0.55421964594175788 -0.084908808942471672 -0.32265447216053372
10 476 1 0.45833386671978332 0.3406871400596076 -0.58462337079150672 0.57626196607105162 0.035601642722015159 -0.38536338655093472 -0.26954509464443732
9 432 1 0.34877665239160521 0.23873836935897355 -0.60600442770080143 0.67388238688167834 0.57281372120142926 -0.684034193546047 0.094900407031199771
8 389 1 0.45053451455611188 0.28615453792360002 -0.52572903915079705 0.66237693876900594 0.17765320526339556 -0.85898674033276579 -0.078810670742371094
7 345 1 0.48939011784369124 0.22865912200642061 -0.53749560794200468 0.64754211440125309 -0.046782685615412954 -0.29941975110135882 -0.14440836669258861
6 302 1 0.30223941969691526 0.32614493232797137 -0.64706373767811198 0.6193458934069771 0.16580255763900911 -0.040688647285722336 0.13122680617645432
5 258 1 0.22451099430119326 0.36312561528783199 -0.68506738195260963 0.59026882277850368 0.56102218537772419 0.43712608846412648 -0.061057680539669701
4 215 1 0.042397018121006672 0.55429573092264417 -0.67457812571970555 0.4856985565511473 0.34103365045745593 1.2063241122458506 0.12009427191792382
3 171 1 -0.051142685670928591 0.58955436298410313 -0.71504536088596649 0.3721830338210369 0.057990236599250344 1.3290700015726375 0.44829850685142192
2 128 1 -0.021337345764407885 0.6194302959427811 -0.68556790034147086 0.38189983001482963 -0.19296464174836067 1.109731080194672 0.33273684826019634
1 84 1 0.13123601008124441 0.53349064871578222 -0.68994046741409765 0.47132471695762546 0.015597152587072423 0.64748993334894533 0.13332879450670609
0 41 1 0.26549021169139192 0.44921514537100954 -0.6498825354153035 0.55260599963042334 0.043008069688213316 0.25668401909998834 0.16396980673248207
