19 896 1 0.48275802953658037 0.16930716416357677 -0.67530328744619073 0.53126757763410859 -0.54867019403067496 -0.42264189440106265 -0.68078800376093673
18 852 1 0.52319577719104504 0.39973006110125814 -0.60883407587361082 0.44249646895378641 -0.58951360450847168 -0.31528597930039987 -0.26830207531186229
17 809 1 0.38873039736048026 0.48309595695538926 -0.61335819721046325 0.48918165997515728 -0.67790143565142136 0.088946240602413587 -0.26005881041391948
16 765 1 0.13455960284129129 0.66456235054539636 -0.70513458071823476 0.20745076185950995 -0.18062638786211968 0.77263694276146211 0.13950431395464319
15 722 1 0.02600363822715631 0.78632553468431066 -0.59764413374131298 0.15439382664789372 -0.049100411778129703 1.2897259695910839 0.53003535557241521
14 678 1 0.20281685585965772 0.68849199397587968 -0.67839783773585627 0.15690911689775991 -0.34593131229657315 1.4025818748352008 0.26952020055742065
13 635 1 0.036639867168383772 0.67472706946627103 -0.71665284538147711 0.17265457152932198 -0.89690699163707888 1.0031484147967691 0.5329099346392161
12 591 1 0.23640961847993863 0.57831275938815652 -0.65804755652095692 0.42028354473596052 -0.79768797017094295 0.41001226435058424 -0.12965872260721134
11 548 1 0.34225972507591429 0.35964691785364539 -0.74057130168695373 0.45284271241461288 -0.54546823572381076 0.082017264804567738 -0.33002278011527098
10 504 1 0.3924765068467474 0.31506539957167584 -0.63522428645500284 0.58582086977492331 -0.40084829434513469 -0.22688740787440995 -0.35643588159646961
9 461 1 0.42186471910200379 0.36315500923026811 -0.56068535270141939 0.61300940719864672 0.46385303200721933 -0.40211713805630867 -0.22926832131733998
8 417 1 0.38028299533079818 0.19627255085738771 -0.58399753568700108 0.68978895870670498 0.45678459156807205 -0.74700130864569114 0.13069393357579318
7 374 1 0.47844398271096261 0.23824248704065001 -0.5369046483126555 0.65273675505261808 0.021117548216562747 -0.72856661986407578 -0.13905332521773459
6 330 1 0.42484368795785105 0.35589949853657793 -0.573010346193917 0.60374044994394083 0.019444621772314957 -0.12767092998479021 -0.054233481175519141
5 287 1 0.31136742422456798 0.2924651109901954 -0.66320693849840906 0.61454946319463843 0.27628434317155315 -0.015040102678864055 0.086176054733433996
4 243 1 0.14017690535766195 0.41008941214014044 -0.70968888453498324 0.55544468349458009 0.56673389085318204 0.69734866679376906 -0.0073378653307321299
3 200 1 -0.012569349975450231 0.58880424433914125 -0.68517705716839583 0.42858368333321378 0.195644338491055 1.3478880936688096 0.34839024930738877
2 156 1 -0.076411714114211715 0.62914949850634772 -0.70310177715964428 0.32245937640312017 -0.15029860659448749 1.2543681785264424 0.51855138829039082
1 113 1 0.052192891160209504 0.58067961124590273 -0.7060841578012097 0.40191075290144013 -0.074071549242278364 0.97132532311737474 0.30693101731911004
0 69 1 0.17376594410605628 0.49819742425338731 -0.6836919345650464 0.50415281586729788 0.047140343180808793 0.54294125315754638 0.091114155462921675
