19 883 1 0.54810784420153602 0.36210146898197643 -0.60800032383825242 0.44586536476656219 -0.70704059182248624 -0.35907823336562966 -0.3683734309333857
18 838 1 0.5054525753905954 0.40886537280275981 -0.53686090530979669 0.53770546705777544 -0.64852778204700146 -0.3043041960577042 -0.23235590278987903
17 796 1 0.28155284347047099 0.52733215160309665 -0.66407044910436941 0.44906484703844535 -0.67898487402455387 0.36940375873898185 -0.30688750297019701
16 751 1 0.08599535969477777 0.70737616974011841 -0.66215797027065848 0.23188483133186386 0.16594595756021419 0.8694740813629882 0.21751255860040919
15 709 1 0.11198267305975332 0.77467961205074143 -0.619525307749905 0.059327671997902634 0.053897383925286604 1.3762190021801879 0.51286162575828764
14 664 1 0.10753028840436821 0.70035503561608725 -0.68577845166392748 0.16627680654946772 -0.7688435712925854 1.2405103118941985 0.49574084626732268
13 622 1 0.10620507910165855 0.62717346925850725 -0.70296937148479377 0.31813202194298645 -0.84784545749584084 0.88500894735392921 0.03757944886348618
12 577 1 0.29121938794937713 0.54165516176103301 -0.69271701811400332 0.37675467699188975 -0.76828912247561254 0.29696024753281974 -0.11165347868662867
11 535 1 0.46594807219787787 0.25661065748973849 -0.68518101450350877 0.49756440974180211 -0.55097174646512903 0.075955465593672389 -0.25676422446661662
10 490 1 0.43025576075427768 0.28466980886814897 -0.64622578553283805 0.56234803669008737 -0.22716307595275398 -0.26849215933738763 -0.31354153304982091
9 448 1 0.38493915120363192 0.34494668360565667 -0.58993773898055113 0.62032821914418945 0.63566902123988289 -0.46658291906443727 -0.11078820365151153
8 403 1 0.39340589354103306 0.24341672150580371 -0.56385986586290571 0.6841360641623957 0.36161777398619827 -0.81594668551177607 0.023640193646173611
7 361 1 0.52599006429742146 0.19557323747453756 -0.48786461692486832 0.66863568301196297 -0.057155598910030518 -0.56509591220304456 -0.092269118413853074
6 316 1 0.35665107682108921 0.36064866563941733 -0.62767444159739616 0.59055680907111918 0.11145378443655293 -0.081693191750462177 0.056404429710147287
5 274 1 0.3199211446673968 0.28998380104232807 -0.68107708307681658 0.59134918891913713 0.4577457572571122 0.082379897405853095 -0.057753620799747801
4 229 1 0.074196842784744657 0.4844461299402732 -0.6796060993127061 0.54584093423234226 0.49744893214668495 0.96173382137623487 -0.02138899107944147
3 187 1 -0.03128048968268312 0.58660229073914161 -0.6952465925022141 0.41418770995632359 0.16537860171476318 1.3623712044265845 0.38824433404723324
2 142 1 -0.075056129236372712 0.62471148893280992 -0.69502965009665696 0.34790216806729352 -0.23342415251079474 1.1931554952183547 0.41844474639316315
1 100 1 0.06696914105178442 0.57896364770701103 -0.70081575230044701 0.41130707519824766 -0.055403694667443555 0.83197664070828192 0.26419234356926968
0 55 1 0.20932195543191126 0.47509631904985389 -0.6576693646318954 0.54583771711390516 0.018469469469941817 0.39727032489804981 0.10057455471011022
