19 867 1 0.27445458629204861 0.28956053534970605 -0.67574844972888259 0.61983337206080147 -0.028704439291733681 -0.3767669179500891 -0.76880896356677042
18 824 1 -0.038005118393121921 0.54405669606105667 -0.64456867879725843 0.53580699954424704 0.26917758069292114 0.52088374099503953 -0.73976398250664654
17 780 1 0.20060557198384726 0.27759918069976952 -0.6675999696694892 0.66106458070384266 0.69861924403326869 -0.23305315571903626 -0.52720844209225426
15 693 1 -0.56845181224872487 0.13204733944758529 0.45619310097205601 -0.6717989966660074 -0.42894242309775438 -0.97540885815906697 0.25067165349578624
14 650 1 0.49144351610763498 0.054071772013770746 -0.47919228600854757 0.72521325620603339 -0.5018157809015692 -0.92568645248587644 -0.16412474808748223
13 606 1 0.4027706517753093 0.18591462605949177 -0.53657964734514674 0.71783970072754388 -0.49446600159564202 -0.57728696493976694 -0.44294970473029216
12 563 1 0.31803974727113304 0.26590905758891603 -0.60644629088635837 0.67850275498192836 -0.57568238654639292 -0.3757360983490759 -0.60536217404838955
11 519 1 -0.053984660229861627 0.49160576421933777 -0.76491985973766508 0.41268273192017391 -0.52136483413008783 0.52858769589037946 -0.71073460604632765
10 476 1 -0.066432348541591843 0.6061334256826818 -0.74888636155120381 0.25953464281291033 -0.95599797234706818 0.76191170584017309 -0.41569708050340554
9 432 1 0.047329527724696459 0.62365032711137602 -0.759563019983998 0.17856148513052739 -1.0187603987443998 1.0933335008964846 -0.18936472908222965
7 345 1 -0.024896759428656809 0.65483555078853495 -0.72148720396726784 0.22366664325491539 -0.19273899866339317 0.93448747545676625 0.24043417285350491
6 302 1 -0.28599965697235885 0.67656722094044641 -0.66248854808856605 0.14686699905737188 -0.21969381142916744 1.0324595154986449 0.64024018435668484
5 258 1 -0.49996266209746265 0.61906172526709691 -0.50120331709026067 0.33999287015386576 -0.50510962569558748 1.0586444029407969 0.23946924619269816
4 215 1 -0.22232812287771059 0.61522130764305483 -0.68791036254069027 0.3144078267295195 0.036919278695365439 0.79262984497006395 0.038905078530090766
3 171 1 0.052668285387411751 0.43164613563954907 -0.7466945019648441 0.50334380500535403 0.25781022114358176 0.085736180659368791 -0.14455216755076275
2 128 1 0.24390184892701319 0.32435890675244999 -0.70627466585538035 0.58006834431057408 0.086281057377365591 -0.40219940181548364 -0.30523197224991927
1 84 1 0.38114624189388169 0.32599891322212921 -0.58908220088797159 0.63358851904461211 -0.25628463455487616 -0.34800105585381641 -0.20167186456352423
0 41 1 0.31299337717437559 0.37349404232260458 -0.61837109894787168 0.61656672808423674 -0.13227496615885442 -0.11721307453488285 -0.092408104814018871
