18 853 1 0.17621482015815276 0.29159692994756525 -0.72769908768294067 0.59529287362373184 0.28729016667233392 -0.14358581098840448 -0.7865683842967014
17 811 1 -0.015229176015159612 0.53685438929978824 -0.66669853798952783 0.51678670293466022 0.33442850132090135 0.42544834085658217 -0.68854814465978331
16 766 1 0.26032752936959785 0.18853687183091111 -0.62445247851873609 0.71185850243172855 0.8348461672904085 -0.48723434934959703 -0.34731249750217957
15 724 1 -0.64111085645415944 0.22336210498874082 0.42283561549260146 -0.60024685093934982 -0.43617103481914937 -1.0054624281849964 0.41190898314430252
14 679 1 -0.51394077847929509 0.13422483291564347 0.48766947397875526 -0.69283984772395135 -0.42639014530445796 -0.94210673590511074 0.14304629987548453
13 637 1 0.51161950994950323 0.081678901050647054 -0.42729246685909683 0.74094209080579065 -0.58851780115078689 -0.78647899948093614 -0.17866926519030971
12 592 1 0.37388354784962158 0.20185084508194712 -0.52537591496739633 0.73718890181503327 -0.51032830622036041 -0.62310663616801909 -0.44260732889476107
11 550 1 0.17803287515603752 0.36565815839169069 -0.66761644508105411 0.62360780048248909 -0.48339548398467624 -0.14365041417330995 -0.81822093948958241
10 505 1 -0.064062827050646878 0.54460750976565131 -0.75105015362669936 0.3677258234533527 -0.73849860339404061 0.62881215579193217 -0.57218165416098876
9 463 1 -0.026062104313092034 0.63240445992087924 -0.74294395372338184 0.21776052768310386 -1.0663954374077673 0.7885463709196131 -0.32849514337768315
8 418 1 0.07262537112688669 0.65443796574012425 -0.73818577590481904 0.14669105193709078 -1.0110752110388113 1.003232972567305 -0.061261004343372907
7 376 1 -0.0086997512886878309 0.64000582201437084 -0.7213905751114984 0.26440972042556615 -0.54860898827629911 0.92070845188789596 -0.11421858630502964
6 331 1 -0.067293390845737155 0.65521946791726005 -0.73544823968367712 0.15898092702235078 -0.044536787099693546 0.89992948643673165 0.39584693511723384
5 289 1 -0.40497821030623815 0.65742320112466179 -0.62487572061645391 0.11540241585090975 -0.37573220814436398 0.93506139255893461 0.78945797226337511
4 244 1 -0.52159118095965373 0.66413998990409218 -0.49352679282949913 0.20806734129779916 -0.57943584695576456 0.86370975432479624 0.39169902101623005
3 202 1 -0.15412395149438482 0.59626089790944059 -0.71521189074605984 0.33044016180759644 0.090719424131351034 0.62623747134369745 -0.043370264883924869
2 157 1 0.16706644934160989 0.37149626819925019 -0.73794000541121507 0.53807422595039256 0.2573573261286235 -0.20147605198728311 -0.20305339039853876
1 115 1 0.29812427426681876 0.34361454645318901 -0.66524159131609739 0.5920342775058538 -0.12189984629214226 -0.4544976624599259 -0.33245807623877688
0 70 1 0.33981043541564782 0.3646643976339336 -0.61154334472172911 0.61446194561377732 -0.27614926071481122 -0.11389947565991705 -0.19817904741346976
