19 868 1 0.51840090523146565 0.39620067590200486 -0.58681185063706909 0.47951785975278283 -0.64962018016824508 -0.41276312714162039 -0.28090398926579369
18 823 1 0.43288123308710968 0.4444298459749278 -0.59287616005374544 0.51341387679688888 -0.66297964821608879 -0.11391563827864921 -0.21424235226334562
17 781 1 0.18437910516627742 0.63950026633495693 -0.656951167789111 0.35420180416836589 -0.71448930563964996 0.49134101775742189 -0.10957594616638415
16 736 1 0.033336334854157303 0.74256612096755448 -0.62225828289302165 0.24551756381309889 0.05519996049144018 1.204493661920516 0.37201650922227536
15 694 1 0.19614182189145421 0.70854256972207197 -0.67570952295045417 0.053967149181827004 0.03010669891165205 1.497681454748828 0.37263167553787274
14 649 1 0.0038985208314481108 0.70919153622555375 -0.68127242871183769 0.18138369375012767 -1.0449217432444688 1.0789858374702963 0.57097875249710217
13 607 1 0.16103732929034836 0.61530330782929243 -0.66859989577760837 0.38528300937821569 -0.84784844213033239 0.64578945164483281 -0.11575951461987449
12 562 1 0.38882815456554159 0.40645570367882489 -0.70163265320225832 0.43739918509808196 -0.62166110880197323 0.15485203839369394 -0.24597256088196492
11 520 1 0.43445909285157147 0.30416523038596499 -0.67231675687163428 0.51644843662504247 -0.55203449456692455 -0.069812683845006801 -0.31722090238501605
10 475 1 0.47201226936852264 0.33525734429834336 -0.56391277862512057 0.58890517807444609 0.060276545974187863 -0.39995230865237835 -0.24448946268509608
9 433 1 0.35009760472479834 0.24647755005313801 -0.6037359443609055 0.67244582976802492 0.58154152386758751 -0.66821893500374896 0.081374468479602488
8 388 1 0.45677830320375001 0.28450972308862715 -0.51882118533648358 0.6642532475166244 0.16290918089793263 -0.85243102381551006 -0.075388818180799566
7 346 1 0.49087002109538586 0.22325903554555929 -0.53134324038944769 0.65335777819623753 -0.047020317852025977 -0.31349721880248876 -0.14197948059433924
6 301 1 0.3051293927507327 0.32126326402043837 -0.64288374381347912 0.62480913950651207 0.17477037483546504 -0.036564915106197644 0.13642141108321384
5 259 1 0.2359996643070891 0.35881638461075893 -0.67885670374382356 0.59557412331621329 0.55488932274493163 0.40851644409964566 -0.071337316567392742
4 214 1 0.037928922717085763 0.5551099677305622 -0.67485347293642783 0.48475469117207903 0.32653059598841899 1.2126179763602105 0.13849714086331086
3 172 1 -0.049335203994924574 0.58297763461925234 -0.71356039705628338 0.38540196539898453 0.070619252309583463 1.3262633609641854 0.42851385744398846
2 127 1 -0.013156875285148107 0.6159358982539187 -0.6843370491021763 0.3900418812140497 -0.18304425667669086 1.096185707530384 0.31885129460376888
1 85 1 0.12827099104978709 0.53591290084679188 -0.68889597602638908 0.47092064063463046 0.013430374854804793 0.65088031307732475 0.13807031205955536
0 40 1 0.26874223934714242 0.44592201266821357 -0.64670468210122434 0.55740848715907376 0.046384752167872689 0.24846386138278492 0.16377298643192476
