19 867 1 0.26881415335157799 0.29216003755792025 -0.68155401029096396 0.61470773093262288 -0.018773472944266671 -0.37168419518349433 -0.78144855619928677
18 824 1 -0.036198091899697353 0.55130418799459935 -0.64472600646465994 0.52828190110069806 0.29119809980522449 0.31353658689648906 -1.3534923275400299
17 780 1 0.20313359250129093 0.27285135219009587 -0.67249258201767459 0.65729948298835361 0.60697788147791276 -0.26054714799116369 -0.49630797018326311
15 693 1 -0.56760387479437013 0.13266255680346084 0.46162550325686447 -0.66867659005204627 -0.43682034463000002 -0.9955910334375857 0.26557011784294093
14 650 1 0.49233422445617314 0.053515420984609346 -0.48478991851846398 0.72091736423035313 -0.51864289728493873 -0.94091858909714132 -0.16152228336061691
13 614 1 0.37340042848624055 0.18338841592750368 -0.53659273915005434 0.73417235115559532 -0.46083373913123699 -0.61322443328331422 -0.45604131309844592
12 563 1 0.3192524349028541 0.26838425168417096 -0.60974240858409767 0.67398959296905303 -0.6066577304097579 -0.37683851265688789 -0.61194076785962348
11 519 1 -0.051749719852187896 0.49427689956864929 -0.76590075727201912 0.40793178726126672 -0.55444588656424421 0.54175924994283298 -0.72157617746514169
10 476 1 -0.063943115717754809 0.60841561115569354 -0.74882532543553115 0.25495559229152165 -0.96719307794979292 0.73597311496398998 -0.42090207547600506
9 432 1 0.053733325988385219 0.62382419842383663 -0.7587546276811602 0.17957592854140417 -1.0278816159326676 1.0431231116448845 -0.19832802743047231
7 345 1 -0.021973272520239489 0.65836136241334586 -0.71956019955330064 0.21979674928171386 -0.19851659399685465 0.95050529654194182 0.27156913490997292
6 302 1 -0.29016183038991711 0.67916149626091193 -0.66009346736681918 0.13719471025175314 -0.22753440051449944 1.0766693225642621 0.69434238105975921
5 258 1 -0.49880363493653951 0.62324701231959379 -0.50002940642267069 0.33575093167612718 -0.53325982061797528 1.0885621595726098 0.26522404772979746
4 215 1 -0.22111837615871971 0.61918232432448794 -0.68692162957033087 0.30961038063588359 0.034610240097722025 0.81013496504988125 0.060099720020908763
3 171 1 0.053541482575074489 0.43547785774131859 -0.74774553476027605 0.49836629130265586 0.25939231418235259 0.085679609056666495 -0.1256265099981824
2 128 1 0.24461591745034217 0.32755362769561275 -0.70876132564134897 0.57491656541492098 0.083680259311381011 -0.4123554085516537 -0.29339028177754933
1 84 1 0.38160398473494406 0.32711723284739253 -0.59350289071978068 0.62859130881355763 -0.26366996614986316 -0.34739884370751173 -0.19315587580093047
0 53 1 0.3488092651833144 0.41692578542152625 -0.60516508334417185 0.58161861032291717 -0.18702057070580475 -0.088875115355070061 -0.079241966053859456
