12 1610 1 0.011321524572456646 0.63626643732713839 -0.74952577504807183 0.1823402214295386 -0.026752097577237142 -0.65568579757858081 -0.12234493670669799
11 1482 1 -0.0098777609164432956 0.6537040484879898 -0.72567250074470957 0.21441284591322662 -0.083649905631686117 -0.69477546834520865 -0.1125518098675192
10 1354 1 0.04206126630311529 0.66196454885436817 -0.74499234048638774 0.070853359508392763 0.15326306224540726 -0.52995570280698368 -0.098178684442252695
9 1226 1 0.045331657018793235 0.63173015899585283 -0.74582960995899661 0.20639825579547921 -0.04075666102057348 -0.47637385713293334 -0.046711366391075052
8 1098 1 0.024859395480151945 0.60048735721773938 -0.75986345222640284 0.24779927007275432 -0.086489180679713271 -0.39178042493812115 -0.075960425753695937
7 970 1 -0.069282535256863065 0.65216520644571974 -0.75486395597813405 0.0078026774273393601 0.17829805097490811 -0.24007635843224012 -0.09933858432797274
6 842 1 -0.2900983462069433 0.7452715847390563 -0.57553599914228826 -0.17079674528462249 0.28217777361356133 -0.26871100789104818 -0.31634573798239446
5 714 1 -0.072744219937536117 0.64124448251958699 -0.74487971365624772 0.16931628476686142 -0.12692350686534346 -0.36386188442734974 -0.01879246646906748
4 586 1 0.046018678856332283 0.67376930771884558 -0.72547692870024427 0.1326666012832399 0.0029430349211715702 -0.069720785076213251 0.048059009151445946
3 458 1 -0.23202795330396031 0.79382006245144177 -0.56212096636238551 -0.0057233304100187937 0.20173468669355921 0.20474509578806907 0.1774210935254204
2 330 1 -0.26683696301872883 0.78047457650605701 -0.56364052927917718 -0.044348893430632252 0.20522590539872515 0.35677461361650015 0.21048522865845326
1 202 1 -0.24909845481028789 0.74389142864684643 -0.62014105794365371 0.00075528101180109635 0.082458303788015969 0.11210244627671727 0.082661782202886072
0 74 1 -0.16548492259730133 0.70300062459027723 -0.68376109594042156 0.10428626897630916 -0.031101513958519438 0.0044617977190644139 -0.0084503041394561103
