0.8400051504279782 0.16414934156308514 0.5161727109503593 -0.23156468085799595 -0.49306067421800587 0.6272630779686562 0.602409444413029 -0.3098376235623488 -0.22455498916016356 -0.7611074676284385 0.6082773739682417 0.22463474915510467 0.0 0.0 0.0 1.0
0.9624649236439636 0.15992297641769365 0.21841112697912496 -0.14283013535354686 -0.18424493204575257 0.9781652000300668 0.09664940030046892 -0.045762082908131475 -0.1980804125463568 -0.13333446998932466 0.9709296340870254 0.059422659855547434 0.0 0.0 0.0 1.0
0.9400716730473908 0.08903964682166328 0.3293321775396955 -0.1614217234792205 -0.09258016493567499 0.99578034840213 -0.004839363966069431 0.011054561215326405 -0.32833682618266974 -0.025908592466991967 0.9440626113843567 0.04448618755694313 0.0 0.0 0.0 1.0
0.9525135805349333 0.11958570253527537 0.2805217753665003 -0.13557394030893646 -0.10731328289628643 0.9922892910887097 -0.058869521163435364 0.024579045032958744 -0.2857423850135521 0.025896575238739134 0.9580051997268443 0.049580104793124365 0.0 0.0 0.0 1.0
0.9245717474205668 0.09268087025793595 0.3693039940377347 -0.22861989832801782 -0.2652346363491446 0.8529229269019382 0.4494258840007911 -0.13724268747517335 -0.2729262550854659 -0.5135706804271817 0.8132562673125714 0.3437798069031309 0.0 0.0 0.0 1.0
0.9131005806465399 0.11004958426716248 0.3925583979459679 -0.191169566769412 -0.3057642438613124 0.8220303378853667 0.47997204709741986 -0.1478117745135093 -0.2696084946361461 -0.5584055496141876 0.7841260446220166 0.30975240684748 0.0 0.0 0.0 1.0
0.9145907817278695 0.048300259217697185 0.401764130760548 -0.23055510075355617 -0.26089139876723433 0.8287555925297146 0.4959108646243921 -0.20227376582238732 -0.3091686194354905 -0.5584143298871053 0.7708732663614821 0.19562778639804823 0.0 0.0 0.0 1.0
0.9330249937382019 0.05052628376644021 0.356830076051457 -0.17415478716955538 -0.23326978656901795 0.8394326085015923 0.4903379007866219 -0.23043985616774157 -0.274486569934864 -0.540539731022397 0.7946875624026124 0.15435060004661785 0.0 0.0 0.0 1.0
0.9579641633697377 0.15729478438099914 0.24097719706731505 -0.1337750378338384 -0.26657132810887973 0.7995413765166806 0.5386595476358852 -0.2333310317338067 -0.10807389359500463 -0.5796132099862817 0.8074577847955269 0.14396332187557184 0.0 0.0 0.0 1.0
0.9788022860490054 0.17202752209324845 0.11248310930803582 -0.06488757351746167 -0.20475981580394162 0.7687968129443254 0.6060179400885005 -0.30500787382123445 0.017447862047845788 -0.6164973319027213 0.7878177409979393 0.17493529153101486 0.0 0.0 0.0 1.0
0.9630169492086126 0.1915782766494924 0.18979691782674493 -0.08241341169787293 -0.26877855078198376 0.7387043848849192 0.6179918431782268 -0.2903225743225172 -0.021676337693696878 -0.6463687014997668 0.7630513597699581 0.18926279739880308 0.0 0.0 0.0 1.0
0.9842669609663489 0.14516009191111612 0.10267449912490556 -0.02034570629411744 -0.1775410613025854 0.7728233875693596 0.6096612380463007 -0.26619935682153717 0.008862657459347008 -0.6184325245775885 0.7865239021379948 0.19275496376723233 0.0 0.0 0.0 1.0
0.9714528827299282 0.15346964026894372 0.18163027449669594 -0.06587938712231178 -0.2365533137712031 0.7007533693512199 0.6727925116759799 -0.34745830323439375 -0.023774186220184092 -0.6961552854498937 0.7170975302484528 0.23708082653024742 0.0 0.0 0.0 1.0
0.9727325168988501 0.1616268593536335 0.16498458563568644 -0.06329391277747283 -0.2308256874637013 0.7121011181920532 0.6626451906345892 -0.33698108618838596 -0.010396479160139442 -0.6824539410749628 0.7306321432914441 0.20516489069279786 0.0 0.0 0.0 1.0
0.9835178902222881 0.1460050868444048 0.10730232763913258 -0.03913561055838634 -0.17971163570601908 0.7139220993875095 0.6768160756469838 -0.41478356778015746 0.022333170188356555 -0.6846688308830962 0.7281457580612908 0.21730924900103504 0.0 0.0 0.0 1.0
0.9723457608009154 0.16806000499782267 0.16252107744892166 -0.08940993490826432 -0.2339446920827724 0.6981745332612104 0.6759238706586996 -0.399207848721191 0.0003161322202005147 -0.6949006081724196 0.7185914066688671 0.2003424091844935 0.0 0.0 0.0 1.0
0.973722646383883 0.21474316067725024 0.07660509318174431 -0.019670396325405334 -0.22663002595872614 0.9474933383162908 0.22614788571595298 -0.10681808299370785 -0.024072245167959336 -0.23737575446812822 0.9710068586687061 0.0611567930260866 0.0 0.0 0.0 1.0
0.9838422192593977 0.1628326447780865 -0.07409541503750873 0.05065808009600076 -0.14639754344834918 0.9709841494516449 0.189841407695144 -0.11162994212384841 0.1029092678631256 -0.17593011479982798 0.9790253923190481 0.06273183836170883 0.0 0.0 0.0 1.0
0.9931289331093512 0.10900873841158011 -0.04757564198514625 0.04536247829420826 -0.1075349254762855 0.993657807823643 0.0330228714078549 -0.03526925038365211 0.05084826412210228 -0.02769852663287786 0.9981085996348544 0.041530297657331045 0.0 0.0 0.0 1.0
0.9973949002300097 0.06955435656464828 -0.014155236002251062 0.021856382180937196 -0.06959672768566971 0.9975919649972496 -0.001008410114038685 -0.006865753664016399 0.01406072129884078 0.001991037586332805 0.999798435139141 0.030194703399712693 0.0 0.0 0.0 1.0
0.9999988888169259 -0.0003142209041103877 0.001006204322305027 -0.0006745181462373865 0.00031472680880724983 0.9999998378979752 -0.00025121490522603924 -0.0003660882549581053 -0.0010060461971166 0.00025160928758616725 0.9999989245026707 0.0005646850131884565 0.0 0.0 0.0 1.0
0.9995775398857912 -0.020480797546660084 -0.0016610109390465394 0.007728836293786054 0.020260521321634684 0.9957828574052668 -0.08775036469538133 0.04127195550724217 0.0034491656559334553 0.08764602600539635 0.996192252892024 0.025077691654451242 0.0 0.0 0.0 1.0
0.9961676014491734 0.02857644247049048 -0.08309175423884 0.07382865057419209 -0.029516047401807632 0.9995119180907337 -0.01022783842220064 -0.006621487144451333 0.08279229824400086 0.012644800337749095 0.9963935931719241 0.022059939692519657 0.0 0.0 0.0 1.0
0.9953808588983669 0.03939281246849543 -0.08628405463653695 0.07999444385715344 -0.039745006477649815 0.9993915788243548 -0.0022740845946940683 -0.01522480631478478 0.08609031214237453 0.0056898375822520214 0.9964458328561621 0.022125643438120676 0.0 0.0 0.0 1.0
0.993970844856532 0.057735733237735176 -0.09489743405748031 0.0864201966937683 -0.05591556915530643 0.9983560211406507 0.02163353835375977 -0.016420299679344944 0.09601525724516526 -0.016185510016216716 0.9953858445215161 0.035647712035096764 0.0 0.0 0.0 1.0
0.9834983220710848 0.12053366822903011 -0.1334337538673571 0.0954940125306185 -0.09262745203355902 0.9758780598046133 0.1984481907372669 -0.11897016920297862 0.15415620586982154 -0.18274736225992178 0.9707824488839935 0.08710997670479347 0.0 0.0 0.0 1.0
0.9903564676361973 0.08331912781353853 -0.10901130826176027 0.08646597456844246 -0.05932193021273217 0.9764764222688552 0.20703791000778898 -0.11176313575440328 0.12375098184379067 -0.1987236122411917 0.9722821525345178 0.1059667741903724 0.0 0.0 0.0 1.0
0.9592393408335399 0.1941998244988124 0.20454291032902083 -0.05952191687979027 -0.2785980824451651 0.7677298757752113 0.5764980536130506 -0.1980414941356253 -0.044974172959429924 -0.6104166602391524 0.7906325218974889 0.16262090106182792 0.0 0.0 0.0 1.0
0.9486897402140054 0.20282513144359057 0.24131609059730505 -0.1062284596699497 -0.3090854715993874 0.7511152154432468 0.5827469287953396 -0.24085306726568662 -0.06263861896759243 -0.6279603547329607 0.7755487365084022 0.18241288959997992 0.0 0.0 0.0 1.0
0.9774234969082531 0.14230530567464222 0.15733468043384577 -0.10854361606337748 -0.20623037232028618 0.46740369179103886 0.8583841398909379 -0.4672005655511925 0.04903902296701481 -0.8719679408592043 0.48636380349305675 0.2995298946535535 0.0 0.0 0.0 1.0
0.9683065780442682 0.14197909960379 0.20458582806011136 -0.13253924142341572 -0.2480900606757706 0.4806468063609862 0.8422756891569018 -0.4599058100144589 0.020981069206019404 -0.8658661149476019 0.5007551010359378 0.3027331117001358 0.0 0.0 0.0 1.0
0.9530953912009686 0.21032932678355967 0.21728940940349825 -0.12359111398685659 -0.28999508979515903 0.4312202959231658 0.8532084278839384 -0.44337257414899495 0.08617322241641762 -0.8767725939171934 0.47240075747759935 0.31650239755944026 0.0 0.0 0.0 1.0
0.9592970966938825 0.22199385771597951 0.17542382392318845 -0.08669762339052658 -0.2514690459166387 0.3858330063335017 0.8873343227833733 -0.46972607132338146 0.12946493933278222 -0.8947132897708062 0.42599416305542176 0.3019069531010985 0.0 0.0 0.0 1.0
0.9607776549014948 0.27532053296986664 0.032447392264785296 -0.015393777646668915 -0.10779759687219084 0.26191654039481166 0.9609902826695271 -0.5501577984030379 0.25560756371221144 -0.9270920715849474 0.28103473970946674 0.3926753246101021 0.0 0.0 0.0 1.0
0.9576879137756112 0.28781639410034504 -0.008767112469752923 -0.012677628394771283 -0.07760868856908591 0.2878600567581972 0.9530758590843604 -0.5473977551124823 0.2771444343271286 -0.9117859978002903 0.29847747582530015 0.36196515121222395 0.0 0.0 0.0 1.0
