19 868 1 0.52032406853851032 0.39714368539723371 -0.59039069014157741 0.47220608831609417 -0.65086302461693912 -0.40579738102050034 -0.29516824588725543
18 823 1 0.43639778045896976 0.44462597570310597 -0.59539459059699285 0.50731646969952127 -0.6629635399156617 -0.11415574721879584 -0.22870633164789608
17 781 1 0.1874125538340205 0.64129568731544395 -0.65781992455953964 0.34769141914707119 -0.71407662225750734 0.49723422680016754 -0.12350472864716056
16 736 1 0.037715810865056612 0.74458954390513366 -0.62156986740755849 0.2404471431497715 0.048307053205558691 1.2070504020359896 0.35934725272758572
15 694 1 0.19287312685987504 0.71309364669758324 -0.6729199151596974 0.038421293006649822 0.061345442591793593 1.4689457880909917 0.40300726700356931
14 649 1 0.0096484962931444648 0.71154846252532222 -0.67934741122821551 0.17914459761503621 -1.0434244374447148 1.0809527684871023 0.54973032820349477
13 607 1 0.16647473005006702 0.61622005911473465 -0.66864106475630825 0.38141595341692353 -0.84399531109126069 0.6452623566839466 -0.1338542164818777
12 562 1 0.39165672555513675 0.40713696844592329 -0.70374547256332021 0.43079787383263712 -0.61983706083614543 0.15681797778452597 -0.26040334046727204
11 520 1 0.43694933084667337 0.30469891501746388 -0.67534316838164976 0.51004456509216878 -0.54958524962357513 -0.070247557435087302 -0.33161139585956995
10 475 1 0.47477808489486412 0.33482460621443083 -0.5673118821174008 0.58363985606307667 0.05889090186599498 -0.402795699229336 -0.25804396198418089
9 433 1 0.35269000333378653 0.24724167565186086 -0.60776880211316231 0.6671569519589865 0.58131663616669471 -0.66959912576199765 0.065700205055060551
8 388 1 0.45974847844832817 0.28436090157790417 -0.52281124607134599 0.65911957579757496 0.16133910462003379 -0.85468952001344034 -0.089474635979140946
7 346 1 0.49344764571249206 0.22302757105556423 -0.53560942282925472 0.64798971416710549 -0.047752842841234808 -0.31965025385399826 -0.15545009181602337
6 301 1 0.30806505259989336 0.32247049819608092 -0.64621147750485364 0.61928945372966782 0.17664812786920694 -0.039056760660601188 0.11932625361820466
5 259 1 0.23904576317292842 0.36067353117779755 -0.68155152917175066 0.59013493380790361 0.55474298634549435 0.40573579105286323 -0.087180127330026114
4 214 1 0.0416358906113595 0.55773711670252557 -0.67652705779453803 0.4790687856010013 0.32620243458935849 1.2127948096918442 0.12422600199312883
3 172 1 -0.045973902639715722 0.58614424012206356 -0.71428602569169786 0.37962719021345359 0.070842754849810979 1.3291717909089933 0.41540664411794248
2 127 1 -0.0094337671774194984 0.61888165327149247 -0.68503489515161253 0.38421829173713967 -0.18290436361334458 1.0995960971200704 0.30561068105197425
1 85 1 0.13191313196495211 0.53814167542180402 -0.69029892352230326 0.46528470743552292 0.013746092161771062 0.6531121659024246 0.12193921665926813
0 40 1 0.27224478010223213 0.44724952058948292 -0.64909953684652921 0.55183370439398338 0.046749983223478356 0.24741371541975798 0.14607486337503656
