19 896 1 0.48118438881381753 0.1697996374885154 -0.67762059901385663 0.52958473435583819 -0.54837792773696692 -0.41737313165969958 -0.68452499143349355
18 852 1 0.52237477613829242 0.39929716223631939 -0.61058055704795478 0.44144960396346544 -0.59051819497228264 -0.31343536243405351 -0.2708657327449478
17 809 1 0.38803212102596291 0.48259107380083083 -0.61512466268269239 0.48801493614371821 -0.67863312317032232 0.091138828720265533 -0.26253640287039903
16 765 1 0.14284522288801285 0.66094692075810402 -0.70330361197266944 0.21933636183873306 -0.17819249263847875 0.76598332517013257 0.11187095706273542
15 722 1 0.026052792582601524 0.78626222897444165 -0.59805774787646304 0.15310091277233998 -0.051768126198933562 1.2923144965950524 0.52991013294152567
14 678 1 0.2008454582507036 0.68842142353073299 -0.67943030082062572 0.15527881971079649 -0.34763662712933979 1.4067762480080865 0.27393259263245229
13 635 1 0.036460136394717027 0.67442704201528925 -0.7173500258528277 0.17096129346005054 -0.89935548256661335 1.0071129252198139 0.53413153950725722
12 591 1 0.23567155441992338 0.5779846479394618 -0.65967832354595302 0.41858950611212703 -0.79898604603970957 0.41364088065793159 -0.13071238687111253
11 548 1 0.34128285729315017 0.35900950604365578 -0.7419972585996657 0.45175021208483629 -0.54514480810352317 0.083892713652736442 -0.33210734411315879
10 504 1 0.39141166275908029 0.31462927753152148 -0.63690273151450938 0.58494464572771465 -0.4003046274249028 -0.22596743600079541 -0.35917813854321506
9 461 1 0.42139918629029932 0.36370320201065659 -0.56220643172750639 0.61160987137659395 0.46223299568044107 -0.40060088383836895 -0.23309223296473106
8 417 1 0.37946616142321915 0.19680668508016605 -0.58554265978487885 0.68877598289613251 0.45698152708066903 -0.74677738629916601 0.12731005679991303
7 374 1 0.47776072711432949 0.23868823253102592 -0.53856778570038499 0.65170342601845099 0.019886354860016744 -0.72820442959795018 -0.14269714625485361
6 330 1 0.42415184284224478 0.35584635822804633 -0.57434931537210687 0.60298544549678557 0.019007911834789407 -0.12736735316026362 -0.056967417248020048
5 287 1 0.31062739032231934 0.29254078205570805 -0.66426984681918566 0.61373942827766581 0.27663450861002542 -0.014519736445961353 0.083657014070650348
4 243 1 0.13963987147378851 0.41020846865945049 -0.7104222912792395 0.55455377249497473 0.56716144834730453 0.69891521291037584 -0.0096316061778412114
3 200 1 -0.012900093203426126 0.58897572561685496 -0.68575336902573458 0.42741490275760935 0.19472258177522794 1.3508960447064513 0.34655214086839981
2 156 1 -0.076711568071121047 0.62935235683887902 -0.70351820018539601 0.32108112413114387 -0.15195217098641914 1.2575889910317495 0.51793352915237745
1 113 1 0.051767183970044185 0.58078027601006743 -0.70674414463607393 0.40065838776207557 -0.075193748906814795 0.97409235234764491 0.30567148814993772
0 69 1 0.17336229531349615 0.49818685868398155 -0.68450744681543008 0.50319471743296762 0.046651026214570845 0.5444073813134539 0.088879341600059419
