19 881 1 0.28049218647381968 0.34162968542513633 -0.62175432972964118 0.64655614205257006 -0.30516544392671102 -0.38277880312562074 -0.63622355692914845
18 839 1 0.02048311752447628 0.43428345211568842 -0.67949191130525444 0.59098990480861124 0.37020550791212298 0.27692214518427388 -0.7529481110115458
17 794 1 0.091553564774008431 0.38537368964343738 -0.70840965204896911 0.58417534096505097 0.5131948833134311 0.060835731454680644 -0.58026508557200529
16 752 1 0.34959076562197966 0.035353331074037687 -0.61722290795742096 0.70396897692042704 0.6266745064091237 -0.83623529629096693 -0.18434613477565018
15 707 1 -0.64247770042573604 0.18572072996171429 0.3866194502863719 -0.63502410629708361 -0.50654890326974844 -0.95200762904898961 0.39801003569684001
14 665 1 -0.51739452407243725 0.069481750113780924 0.50339688428572904 -0.68852506835437943 -0.4608703686232577 -0.93520651855012715 -0.022410375028633897
13 620 1 0.34558565143522157 0.095011767107385375 -0.49865702831882552 0.78923031476335459 -0.3607063059246009 -0.67591353971171708 -0.43396755509468649
12 578 1 0.34102146055683097 0.20846005374894977 -0.5697911746016725 0.71804372205090505 -0.4656377705568247 -0.53540785395330148 -0.5442707102791623
11 533 1 0.058231226311134789 0.48295535753517155 -0.70641361299565308 0.51414302901508246 -0.50316833545415474 0.18552670055733289 -0.83194898209348944
10 491 1 -0.13669725677508554 0.59548968959137816 -0.7249864300426121 0.31796315169308392 -0.82587507215841915 0.73323074104412422 -0.44825316382754671
9 446 1 0.028133239568805528 0.64304581743025468 -0.73206920621323646 0.22310373110089815 -1.0702551891823922 0.87815863206756728 -0.31930027521972287
8 404 1 0.053295951325156118 0.66750330419177273 -0.72192157162514514 0.17443659274272905 -0.91763880757829941 0.95264515689694429 -0.085342501691881428
7 359 1 0.0054218511138861619 0.67639135484521407 -0.70432811988126343 0.21537696758399985 -0.4055230559149971 0.90425311253544716 0.089772192742686649
6 317 1 -0.12823848765582127 0.67009469478202488 -0.70142617311562128 0.20622636586311499 -0.025687272778227976 1.0408234812855766 0.36511531958808691
5 272 1 -0.48886452517192841 0.62330035555555563 -0.55081472105284401 0.26289025441088648 -0.51148539813132532 1.0490103108364128 0.44753383569955379
4 230 1 -0.38617891287204115 0.68112273464071194 -0.58576606546120757 0.20932220179097827 -0.27252808516141125 0.87004880351854119 0.31347913681229406
3 185 1 -0.07066063269662011 0.5030239246094933 -0.73963910163025748 0.44148386787850102 0.17539781532691076 0.2942959097812699 -0.10335647032612189
2 143 1 0.22498528276108623 0.355629757888481 -0.70350878974651632 0.57269929334205261 0.22781138547792054 -0.34245432051146768 -0.23109375983159627
1 98 1 0.36200838370252075 0.3374914844594013 -0.61649719308009776 0.61235662727763385 -0.2498747823634821 -0.40641112094314713 -0.27485181813390808
0 56 1 0.33970717304798376 0.41558013885293416 -0.60331579081080289 0.58983238409658278 -0.19196545638252657 -0.087009023182723869 -0.12299952925129251
