# Frame list with one line of data per frame:
#   FRAME_ID, RIG_ID, RIG_FROM_WORLD[QW, QX, QY, QZ, TX, TY, TZ], NUM_DATA_IDS, DATA_IDS[] as (SENSOR_TYPE, SENSOR_ID, DATA_ID)
# Number of frames: 396
1 1 0.96339027039552039 -0.16376181840236292 -0.064442538231266666 -0.20225828291348058 -0.76678815703656855 0.29918899452845588 4.8387708334289359 1 CAMERA 1 1
2 1 0.95705904869587388 -0.19104259614100746 -0.14183566126527575 -0.16559996667419663 -0.99112732291279926 -0.12032148892057506 2.2457569861146203 1 CAMERA 1 2
3 1 0.9497153095746258 -0.17769319173886555 -0.09435841470913732 -0.23992175796039431 -0.78812510297460003 0.2697058530054684 3.2438866552133074 1 CAMERA 1 3
4 1 0.9628104217832657 -0.15476669333561605 -0.088182930477078827 -0.20314313454302141 -0.78828642496483836 0.24811742884507854 4.6223938553809107 1 CAMERA 1 4
5 1 0.96714806412624588 -0.12609442212156274 -0.10366991717976463 -0.19487782592851602 -0.86652490737146814 0.24186842077146223 4.3565794289219033 1 CAMERA 1 5
6 1 0.95956552055891753 -0.14022263435462709 -0.11418184465136892 -0.215717711190233 -0.82533344219018456 0.23165779815429854 4.2886814774427231 1 CAMERA 1 6
7 1 0.95150369337724727 -0.19902045776145488 -0.058764878189457997 -0.2271084938377613 -0.88037623284861055 0.36257349235108538 3.4830977584833485 1 CAMERA 1 7
8 1 0.82200469205793469 -0.35657749203249683 -0.12907112046113653 -0.42485459191758945 -0.78499477412200502 -0.075007391416839209 2.1574141862123497 1 CAMERA 1 8
9 1 0.95029395458141952 -0.18342657256631084 -0.10074445275787652 -0.23053556688957741 -0.91313394361028066 0.32644344447363344 3.2535807337413125 1 CAMERA 1 9
10 1 0.97293869724106874 -0.11189083511887839 -0.099834540018393439 -0.17579475830231137 -0.93180001587423356 0.23589017084275785 4.3845455656168202 1 CAMERA 1 10
11 1 0.9861958460394582 -0.084775392814633282 -0.089227661954694532 -0.11076691911279617 -1.0821838071873442 0.25878931466501037 4.5527220310699708 1 CAMERA 1 11
12 1 0.99355737328870464 -0.061987604259493963 -0.04483576544147682 -0.083612421559807984 -0.78222569681214615 0.13551596619000653 4.7620014802208832 1 CAMERA 1 12
13 1 0.93682331622920423 -0.22303209141056088 -0.13327749867102959 -0.23421329748402703 -0.79013401294257768 0.0011849554192433567 2.1450908212145556 1 CAMERA 1 13
14 1 0.89132792804192496 -0.30632563125849038 -0.124479313967227 -0.31016774932417646 -0.80747778674717519 0.11158116796917923 2.246164735296321 1 CAMERA 1 14
15 1 0.90750800866246628 -0.33773273725307473 0.059467218423532898 -0.24254785576046375 0.022493125433905518 -0.060760158081102862 2.7770619930235272 1 CAMERA 1 15
16 1 0.80350413445934032 -0.38885554594299993 -0.10682221976364663 -0.43790579313464811 -0.74103756954846889 -0.016370336824550247 2.2464093283002904 1 CAMERA 1 16
17 1 0.69407678653313787 -0.49355863414880369 -0.11350739279607802 -0.51163791965963334 -0.53426014528701904 0.17573738796256841 1.9985283664164912 1 CAMERA 1 17
18 1 0.84025102799706652 -0.37424764425939433 -0.05563322860917215 -0.38835789497663908 0.03865717752417424 0.0037036514999032434 2.1107344348383363 1 CAMERA 1 18
19 1 0.96063643884292127 -0.17800743409283257 -0.13599038578870232 -0.1643094663977584 -0.99061442004344269 -0.21308185740804192 2.2547460492334812 1 CAMERA 1 19
20 1 0.65863290635364569 -0.53194209798782366 -0.066772365100966485 -0.52799786961244999 -0.5090817955423762 -0.20041399177469238 2.3999644373250386 1 CAMERA 1 20
21 1 0.93964722976365156 -0.24139389058321578 -0.16151075661947648 -0.1808489664963509 -0.95826125722147348 -0.20248310975999514 2.4109104215698913 1 CAMERA 1 21
22 1 0.63290779602196989 -0.54329503693777459 -0.11252864871585778 -0.53999585905039871 -0.85101130837173977 -0.32129667422987568 2.4505381352104569 1 CAMERA 1 22
23 1 0.89258482403955108 -0.33109810622190872 -0.15844890731246397 -0.26184025611436346 -0.85392942451677656 0.10372799143139583 2.5176887447567631 1 CAMERA 1 23
24 1 0.9001702928783355 -0.35033280681372558 0.055705197234073182 -0.25270001838239275 0.042894577616281196 -0.20423849310476855 2.6523777001578401 1 CAMERA 1 24
25 1 0.84632708243371901 -0.37533549403830169 -0.063045572993606497 -0.37266471818534275 -1.043873560380929 -0.12079673042296532 2.1060954782329597 1 CAMERA 1 25
26 1 0.69668768240943701 -0.48142318832996028 -0.030285274204774081 -0.53098096866415545 -0.063419663786705535 -0.17058441518294806 2.4351163469490129 1 CAMERA 1 26
27 1 -0.4531634063972162 0.61732694100776797 0.061490995894985911 0.64013219918412645 -0.74696617117082842 -0.32424153690866842 2.0217038313514761 1 CAMERA 1 27
28 1 0.63873703488494238 -0.52507111074102986 -0.097940201657221101 -0.55382582625850518 -0.51157052325866303 -0.16543804785131289 2.5971976828820633 1 CAMERA 1 28
29 1 0.49694235197746511 -0.60261004570424059 -0.066323593983367943 -0.62089500924759244 -0.63420637175762584 -0.31425174123346367 2.0072885421263433 1 CAMERA 1 29
30 1 0.6522657257181329 -0.51358666923989127 -0.09426434118450458 -0.54944734981026477 -0.48327903638907471 -0.18963768642778597 2.5756376183927445 1 CAMERA 1 30
31 1 0.5897445224961273 -0.54302909494938612 -0.11391742350274676 -0.58680799316877186 -1.1481946295531045 -0.38157755633020574 2.4111727348797474 1 CAMERA 1 31
32 1 0.64877007433620792 -0.51652583938136165 -0.097147759244155668 -0.55032786661317679 -0.48006316210162286 -0.13507578727215996 2.5452051946264556 1 CAMERA 1 32
33 1 0.56370276521165674 -0.56536641998726711 -0.11098933286032722 -0.5918457329699458 -1.1359775884422034 -0.36021876883174642 2.4514399090362811 1 CAMERA 1 33
34 1 0.62117511003357162 -0.54037188449576412 -0.085365116354787621 -0.56111719456011178 -0.52611328822584935 -0.50135476805434154 2.5649371791567566 1 CAMERA 1 34
35 1 0.59053761179798947 -0.54414644613473306 -0.07916138689907827 -0.59068049657584065 -0.59161297723119055 -0.52735867602706443 2.4931325220108684 1 CAMERA 1 35
36 1 0.63621542812270049 -0.5269858998216802 -0.093417301721243046 -0.55568786035588857 -0.54247797613849846 -0.2289867792043373 2.6001100740279246 1 CAMERA 1 36
37 1 -0.3639101990869717 0.59677170407173985 0.19714061497478949 0.68743616296144494 -1.2296039057343229 -0.68965994567673061 1.9727143098176261 1 CAMERA 1 37
38 1 -0.37310034544847093 0.61381018336645454 0.17125184842479912 0.67431891226107599 -1.1138781640907032 -0.68926085708556895 1.9260219282760573 1 CAMERA 1 38
39 1 -0.35871195997168759 0.65463388942200684 0.13164996053348807 0.65226412478766382 -1.0152198787463504 -0.59521418942627002 2.0929728639985421 1 CAMERA 1 39
40 1 -0.18389824244974937 0.64685399996471082 -0.0094315001007979366 0.74004890781582533 -0.59960383553046559 -0.10951602569947935 1.7740994523294258 1 CAMERA 1 40
41 1 0.07344541319967153 0.71278328113930756 0.0019845852359229544 0.69752550263746904 -1.060006491858303 -0.13267139224597002 2.9172802241666407 1 CAMERA 1 41
42 1 0.090562170021211211 0.71707375502727955 0.066454530803537221 0.68788626861408431 -0.88228772081229201 -0.67335761961651774 3.2965214729125427 1 CAMERA 1 42
43 1 0.030335071645312729 0.69907501321128351 -0.026339002577605054 0.71391887933793619 -1.2095738034144616 -0.041920291024820956 2.9435169185976324 1 CAMERA 1 43
44 1 0.0190092006258041 0.69042476651901963 0.002108351371594428 0.72315133058248549 -0.68531473727640124 -0.47175263802627265 2.9894627613691149 1 CAMERA 1 44
45 1 0.26811368029666988 0.7357341724365366 -0.039344680619773351 0.62069499599547906 -0.82981125632966679 0.2753208406058314 2.9728315786622121 1 CAMERA 1 45
46 1 0.018435327434092291 0.69344542968546796 -0.0011690518058760757 0.72027231521738355 -0.81242782513127176 -0.45725423543827598 2.9565923466154933 1 CAMERA 1 46
47 1 0.24284556715307185 0.72015755892005529 -0.048955701506227453 0.64807596787293642 -0.78373390912560192 0.15488338957861864 3.1194484416193471 1 CAMERA 1 47
48 1 -0.043116408199829682 0.72896395192821573 -0.017658857752712111 0.6829646380860529 -1.1072518389670085 -0.17877126929658807 2.9386429948424144 1 CAMERA 1 48
49 1 0.26001795948697304 0.66602074874202832 -0.074159954612855641 0.69520308120804386 -1.0444952786332209 -0.30699815852051304 2.9592062872976981 1 CAMERA 1 49
50 1 0.10967692311658453 0.71487063674693985 0.060091571527754746 0.68798252033320484 -0.63908068747130853 -0.70812700359275749 3.1440545502867461 1 CAMERA 1 50
51 1 0.1380319419167077 0.75241807276628858 -0.022026092154594459 0.64368398927561032 -0.80994017139640084 -0.052529003447220994 2.7932544475359493 1 CAMERA 1 51
52 1 0.094069614490995379 0.71601414941372354 0.070135072013537941 0.68815384700117277 -0.78813801208289058 -0.66670089208585259 3.2528519414083115 1 CAMERA 1 52
53 1 0.14776270642459027 0.70806527482324078 0.067868274430914796 0.68717075498404234 -0.53631005929001985 -0.60824163130410824 3.1290737148280505 1 CAMERA 1 53
54 1 0.41071463045030598 0.65125445240205715 -0.097777588859837811 0.63057170383495786 -0.7953116239193776 0.033692442658524252 2.6964939234753946 1 CAMERA 1 54
55 1 0.56462484355011067 0.51930060960078606 -0.16343788164213777 0.62033355685356539 -0.8065074361114053 0.32140122432812296 2.4652421989968984 1 CAMERA 1 55
56 1 0.31362404855935272 0.68223094638784409 -0.045974818171752814 0.65885294872988276 -1.026284784577048 -0.14668451082078418 2.8124767339111374 1 CAMERA 1 56
57 1 0.56846501686724871 0.51729452180626712 -0.16056980220297559 0.61925054778162414 -0.87603778307459135 0.33257644286893662 2.4441105867278154 1 CAMERA 1 57
58 1 0.12993317869528354 0.65725820012341418 0.053798641717499526 0.74042874984296903 -0.8831399469988449 -0.57959623332327148 2.8641016804364243 1 CAMERA 1 58
59 1 0.5605620112951506 0.52942190040313863 -0.15699322896786386 0.61711895848734744 -0.81312058819053534 0.33648746041000499 2.477566776108671 1 CAMERA 1 59
60 1 0.56881833862609421 0.51915308053163634 -0.16463142993594407 0.61629722447404289 -0.85608536474537922 0.34723595508475802 2.4703705165389831 1 CAMERA 1 60
61 1 0.72520107675185319 0.46876932785844139 -0.092596238810462903 0.49574656034636655 -1.1412269052986677 0.064411943169438976 2.394753789655983 1 CAMERA 1 61
62 1 0.71437759822723468 0.47995398559950531 -0.082891145372605307 0.50243196243576638 -1.1132755002199339 0.16543096463549953 2.4185772181313414 1 CAMERA 1 62
63 1 0.66200875338095366 0.52111872261078918 -0.070487537618599772 0.53405167767919381 -1.1149496382773181 0.19521467672619738 2.6808725708618169 1 CAMERA 1 63
64 1 0.67607755755507981 0.50865585765246624 -0.088412377972331452 0.5257105725277641 -1.2360504227882945 0.11449750202620348 2.4001158355463348 1 CAMERA 1 64
65 1 0.89065974291349648 0.29526388221119343 -0.15361074132282868 0.30975506834447408 -0.92444454465779091 0.46009678202613796 2.0827324770652389 1 CAMERA 1 65
66 1 0.88266744059000535 0.30115299673437862 -0.14197468335002592 0.33173521243282655 -0.89378853366660882 0.4588438071060828 2.1310186559743887 1 CAMERA 1 66
67 1 0.63907597649774928 0.5300009897270419 -0.047461479114850165 0.55536317410504921 -1.1344107951565767 0.19713419080505193 2.7321413369900984 1 CAMERA 1 67
68 1 0.85401332521370732 0.35007138009832733 -0.13206643335198037 0.36148267783555815 -0.93977073393346888 0.40105961093646059 2.1991537321088788 1 CAMERA 1 68
69 1 0.80666529583654512 0.38996720855202671 -0.12993358346440337 0.4246574391614707 -1.1376520332055828 0.19963577628202381 2.1207383680843455 1 CAMERA 1 69
70 1 0.59804252733218766 0.55691231917394035 -0.05703819714510476 0.57353330184119988 -1.353739357960102 0.11732441531889166 2.7741249661423377 1 CAMERA 1 70
71 1 0.78601306020083606 0.4113899132622702 -0.1298152258524366 0.44282029718234417 -1.1942721258380491 0.14770238697822324 2.1600878546587099 1 CAMERA 1 71
72 1 0.56397584881009566 0.58042483110025711 -0.04585976867041601 0.58560664188400924 -1.4747662132036086 0.046234546585603289 2.8202533917153114 1 CAMERA 1 72
73 1 0.84635762714744678 -0.39654938684139823 -0.053728316665376717 -0.35148345445178453 -0.45595184117451726 -0.0099382996963571554 1.2220240001150817 1 CAMERA 1 73
74 1 0.8323718726077155 -0.42043692651920084 -0.022542962368734942 -0.360390997887371 -0.19070872926176807 0.042657605643242377 1.2207830195034939 1 CAMERA 1 74
75 1 -0.17024424512041711 0.62592066497281906 -0.01042943125796884 0.76100686273318119 -0.53786326481608926 -0.034003940353375117 1.7415910192526378 1 CAMERA 1 75
76 1 0.71083675761165765 -0.46874814510835977 -0.062106518281990916 -0.5207005481776511 -0.041541212422201781 -0.0023128356851214557 2.3674632664266051 1 CAMERA 1 76
77 1 -0.29972979130191113 0.55116880437675797 0.004337229298525991 0.77868876306905821 -0.36032738300307393 0.10055826945171854 1.2860884601785576 1 CAMERA 1 77
78 1 0.70946094762175427 -0.43655570790925452 -0.062094164660776247 -0.5497532104559032 -0.14932237159693965 -0.0024462636959468893 2.3512685900149832 1 CAMERA 1 78
79 1 0.0059305515087052178 0.66228238533391348 0.040171008962355342 0.74815316658701048 -0.1033570844088904 -0.64349110263852982 3.0303948461163093 1 CAMERA 1 79
80 1 0.016463423719245727 0.66357684580072751 0.047110883974888364 0.74644175258870848 -0.23492191260848713 -0.51734801265951624 3.1167842903580607 1 CAMERA 1 80
81 1 0.10195874486969657 0.60930844733855805 -0.033705832048291376 0.78562812273518068 -0.31925980122108977 -0.44461188897098569 2.4898922569506898 1 CAMERA 1 81
82 1 0.050084588541331791 0.60235454556961432 0.0037123457704501253 0.79664719538271755 -0.22134631199632851 -0.40153452769278658 2.4801623733172238 1 CAMERA 1 82
83 1 0.043112101828437333 0.60434874030854346 0.0025591649365609447 0.79554848842684556 -0.26535933416263002 -0.45118241286255389 2.5356343521801676 1 CAMERA 1 83
84 1 0.17695003227309522 0.61269451756977333 -0.094185112864150003 0.76447581958702981 -0.39139801388754381 -0.45396116715591689 2.4679695741013292 1 CAMERA 1 84
85 1 0.25452389300790274 0.60134589670309424 -0.14554063374337711 0.74324869615494749 -0.49349968236267328 -0.3309691146818679 2.4682936952327013 1 CAMERA 1 85
86 1 0.38649543394937569 0.57380996224748526 -0.1682729999083302 0.70217348587345163 -0.49451385186249613 0.092528474772659103 2.5668576851473635 1 CAMERA 1 86
87 1 0.54130237610416898 0.48728408417941005 -0.2429775396842386 0.64070888407950821 -0.78561317589326374 0.30778347764046371 2.3928093594252982 1 CAMERA 1 87
88 1 0.55594607297586496 0.4875791447090303 -0.22271465521435557 0.63528633224733844 -0.74516083249381337 0.38078356359510124 2.4459567594085225 1 CAMERA 1 88
89 1 0.96604999035130756 0.021217914239990521 -0.2563098105249163 -0.024545820137544336 -0.40649368318056411 0.38866772414777007 2.2326691354325976 1 CAMERA 1 89
90 1 0.91673129366857176 -0.11724110341731196 0.33817427991638527 -0.17747229440471118 -2.1419246483079881 0.93849778076030976 4.3269035544943648 1 CAMERA 1 90
91 1 0.90579104003354749 -0.12526703069585426 0.35130469143294357 -0.20108649032889456 -2.2809033849627722 1.1669915675654396 4.3734415148772872 1 CAMERA 1 91
92 1 0.8751509030813418 -0.14416430637885724 0.4342255100154917 -0.15740316405333471 -1.7777786180613353 0.97916346720910219 4.7370664773909681 1 CAMERA 1 92
93 1 0.87112056545681704 -0.16737558320761597 0.43012043621528606 -0.16772234476681361 -1.7665989123205137 1.2646507634448361 4.6851731786633639 1 CAMERA 1 93
94 1 0.86542506478456627 -0.1449921905953323 0.45077825307534775 -0.16375496469827697 -1.5885277062783425 1.0423758779150643 4.8098644011407181 1 CAMERA 1 94
95 1 0.88155582827196277 -0.15048177564962259 0.42355095766903 -0.14428840249555017 -1.8947984055761911 0.90672731954982178 4.6962977613243542 1 CAMERA 1 95
96 1 0.87784733450552976 -0.14432383243524213 0.43033751591690678 -0.15285388803431446 -1.8211240860051305 0.94234060951938614 4.7325364602501701 1 CAMERA 1 96
97 1 0.88515603693707778 -0.14634364036008951 0.41935585661960584 -0.13864701482123654 -1.948323811674985 0.83143231757226344 4.6848788872775948 1 CAMERA 1 97
98 1 0.15983347261941611 0.91636641451123124 -0.061130771880865083 0.3619238650814538 -2.9852106622221979 0.5280670075175059 3.9186718189539076 1 CAMERA 1 98
99 1 0.16839266415906198 0.923137742146109 -0.059654781241691081 0.34044372039707727 -2.9119042084120697 0.5770888937262707 4.0167472413140315 1 CAMERA 1 99
100 1 0.16907240299102982 0.9243245786089086 -0.080046757485145836 0.33261255620077951 -3.0474944061443261 0.61901146593508127 3.9408519157183535 1 CAMERA 1 100
101 1 0.14167278060810695 0.92175600380352951 -0.088303753785964861 0.34999591391075191 -3.1941688021702879 0.36209762933652423 3.808421647117092 1 CAMERA 1 101
102 1 0.14670699966063735 0.92011673724903975 -0.076450839994754785 0.35498945779959662 -3.0273221461257198 0.32769810424236051 3.7807613384522489 1 CAMERA 1 102
103 1 0.45723424783625616 0.82886702616987507 0.11095804043679447 0.30266253285854094 -3.1024458769387651 0.3294233215892638 4.0028450946815104 1 CAMERA 1 103
104 1 0.45102391851693185 0.83872929108909411 0.15063996312307848 0.26536428302447834 -2.7587438957584638 0.27700532012255097 4.2548769830779714 1 CAMERA 1 104
105 1 0.4544004176781975 0.83836463788430271 0.15734584119433787 0.25672413329846483 -2.7029575432998976 0.32857648443894089 4.3455980635445792 1 CAMERA 1 105
106 1 0.92442971636965598 0.063538856934189133 0.36787612318664281 0.077843889557114535 -2.622191406899633 0.019091590395028814 4.2884359600744659 1 CAMERA 1 106
107 1 0.45320890339583353 0.83702332135374902 0.12627984200375234 0.27936902279277881 -2.9069907773037436 0.31904964437521149 4.1736099126319495 1 CAMERA 1 107
108 1 0.45406090263661469 0.83818825078993586 0.15862325097577654 0.25711440485590498 -2.6873302557951582 0.30069620426552818 4.3588763499110081 1 CAMERA 1 108
109 1 0.92576276498053511 0.026506232968250318 0.36628178621666668 0.089990975521745536 -2.6087557599733184 -0.14574299168032695 4.318352443039192 1 CAMERA 1 109
110 1 0.9141218280623129 0.12741197435405924 0.36005107939082093 0.13605400575036591 -2.7974518383269467 -0.21408067397931529 4.0338835262066839 1 CAMERA 1 110
111 1 0.91487073530054686 -0.087783681093500779 0.38726111295047244 -0.073036931895259408 -2.3075682185672552 0.273939485414888 4.516785417075444 1 CAMERA 1 111
112 1 0.9188565256179454 -0.090831730067005068 0.38399252327309913 0.0014227482951163618 -2.3410997792512029 0.1866973601395093 4.5307237233229998 1 CAMERA 1 112
113 1 0.9240537086974564 -0.098185649949533688 0.36903263717358376 0.017298389727783137 -2.5136624203221891 0.27183009168232475 4.3977723626287419 1 CAMERA 1 113
114 1 0.92014914303660433 -0.096086302866419462 0.37948366485838381 0.0092263251685227345 -2.4073911386912674 0.34456867663384405 4.464810257767561 1 CAMERA 1 114
115 1 0.92335646212826228 -0.075371745449963154 0.37643330081906035 0.0054693572082731299 -2.4304043381602929 0.22998604987211652 4.4587719345788388 1 CAMERA 1 115
116 1 0.92271562355014669 -0.047378504027722312 0.38001534038306223 0.044039714873107184 -2.4844847436601993 0.29514964342003014 4.3671807956197082 1 CAMERA 1 116
117 1 0.92876477801680291 -0.056915571685943508 0.36129336346889018 0.060197261801491771 -2.6659331365623573 0.22921407054667747 4.2435627042493858 1 CAMERA 1 117
118 1 0.93774435281720081 -0.20955335928108421 0.25012598341719516 -0.11899542341217613 -2.1003593753808203 0.060670796296683281 4.3800924201930025 1 CAMERA 1 118
119 1 0.9318490034324306 -0.22941492176675221 0.25288281714674499 -0.12278643762511882 -2.4377176432115384 0.21082623569137149 4.3221975999442988 1 CAMERA 1 119
120 1 0.94679818129667359 -0.17564886818812675 0.24439667078880936 -0.11397783251530812 -2.893523980760679 -0.16575268952064309 3.8683935472940965 1 CAMERA 1 120
121 1 0.95223111256623372 -0.16478783317187645 0.23403241907967001 -0.10644108755132137 -2.9535452890586131 -0.30578032868425159 3.7659046916060928 1 CAMERA 1 121
122 1 0.94503516335967819 -0.20728642466757027 0.19929557520600394 -0.15563467436786058 -2.3224652076564376 0.049111904378582136 4.0358186561871143 1 CAMERA 1 122
123 1 0.95482813641115993 -0.17684384877990844 0.20404192692358353 -0.12408213055718843 -2.6519394619810566 -0.10873408002033756 3.6928125887047099 1 CAMERA 1 123
124 1 0.89154280386400553 -0.35215435345055363 0.18960257851673734 -0.21257846185334561 -2.1254483768096475 0.87451386534518549 3.9070854609543173 1 CAMERA 1 124
125 1 0.89641139201235331 -0.34634025866477114 0.18747136890360575 -0.20334583187245969 -2.0945260068523019 0.64852924954566682 3.9221355248475489 1 CAMERA 1 125
126 1 0.89757731606863322 -0.34099732085545309 0.1869018884219828 -0.20771006945434481 -2.0751655246614265 0.43660039477226986 3.9215445341889854 1 CAMERA 1 126
127 1 0.89934246792849204 -0.33585364960701058 0.18566694165701003 -0.20955485726098833 -2.1130658444180295 0.22325587334873098 3.8714628165585103 1 CAMERA 1 127
128 1 0.90456842834910822 -0.32736210497845397 0.18300637899193833 -0.20272808366469383 -2.1220652254880177 0.11408898444461901 3.860496813353115 1 CAMERA 1 128
129 1 0.90792686223175134 -0.32371001755046541 0.17434199819642174 -0.20121010173538165 -2.1878557504088536 0.075444746357593268 3.8163909475320108 1 CAMERA 1 129
130 1 0.67920683070266019 -0.60852105933873191 0.16706473367459129 -0.37479271101550715 -2.3878803553788472 0.053757866896399671 3.4939545757583637 1 CAMERA 1 130
131 1 0.67766982798231379 -0.60904336061724207 0.19036763309411361 -0.36549959425507206 -2.38173492972235 0.075932863903385314 3.6720677448611432 1 CAMERA 1 131
132 1 0.91437252447880224 -0.30816650951461355 0.16185057400221017 -0.20678655804233784 -2.2561767464395954 0.0083474480413365301 3.7419115939674956 1 CAMERA 1 132
133 1 0.69797505459846032 -0.58329310971268022 0.21870481306714395 -0.35322538988760854 -2.4220910555885404 -0.18700601928880142 3.710798520541454 1 CAMERA 1 133
134 1 0.68731916136008397 -0.59834009029262547 0.19335526527929436 -0.36358664464561624 -2.6924177428437619 0.057046366704367885 3.6990478294817248 1 CAMERA 1 134
135 1 0.70063706438776097 -0.58858595192880869 0.18542870145007628 -0.35817660152039116 -2.8551126261315818 -0.086064105090035717 3.6261485018264614 1 CAMERA 1 135
136 1 0.70416551278473327 -0.57707345640144958 0.18439316220297292 -0.37031921129518253 -2.7900275509645147 -0.071532636339572464 3.5537728069131749 1 CAMERA 1 136
137 1 0.5494775918920074 -0.75335274800005259 0.13318814536280701 -0.33584956606216687 -2.3387164725327487 0.14189249437231441 3.6517124500700411 1 CAMERA 1 137
138 1 0.64827151330392718 -0.66783379470675253 0.11233263394839028 -0.34802794002268322 -2.4568135078782203 -0.28034076194107388 3.2537368588107425 1 CAMERA 1 138
139 1 0.52285118043627155 -0.76373924545619676 0.13840976385744574 -0.35238011484095261 -2.5042327325716056 -0.18902227038746594 3.8244454156093104 1 CAMERA 1 139
140 1 -0.47593026379978642 0.8294173488618507 -0.11134877878986371 0.27047864031832652 -1.9778151714989876 -0.41196781814654088 3.5680768406986352 1 CAMERA 1 140
141 1 0.52377500210521954 -0.75760028192375839 0.097838999790986494 -0.37700011952069534 -2.082062589335715 -0.6012366533194321 3.6198700056370017 1 CAMERA 1 141
142 1 -0.43167618155344722 0.87096574415495798 -0.069312466840223255 0.22421001032192642 -0.71064710104342743 -0.11563386537772402 3.5496875786260005 1 CAMERA 1 142
143 1 -0.45973027823044066 0.8239843205235281 -0.11336681055264773 0.31120070223998769 -2.0044617215735232 -0.14591948286859188 3.2300381247180567 1 CAMERA 1 143
144 1 -0.49002360553640995 0.81906812387163397 -0.13067171860109075 0.26819615290368337 -2.0757357881564595 -0.66390100437163302 3.6335648610833298 1 CAMERA 1 144
145 1 0.50998923206692381 -0.76947647565730748 0.13897412645478044 -0.3584733306146069 -2.5136633106955562 -0.22589788818212558 3.8719424041444253 1 CAMERA 1 145
146 1 0.52910118689601404 -0.78214954025052574 0.1326388511345879 -0.30116601050054981 -2.3239537544507178 -0.49481740543761377 4.1679649457142975 1 CAMERA 1 146
147 1 -0.47209323050194463 0.83098947588822125 -0.14190944948988829 0.25777156713403032 -2.0086210172097405 -0.52621497417153151 3.9867729676867167 1 CAMERA 1 147
148 1 -0.48262826883315751 0.81376624583291279 -0.12494047222684364 0.2987378945929865 -2.223285576499753 0.12691682319422593 3.6776622060161843 1 CAMERA 1 148
149 1 -0.48310473093742129 0.79239161866009966 -0.12137898508442804 0.35212566450485144 -2.4509866028661818 -0.051136426075073751 3.5855692900932206 1 CAMERA 1 149
150 1 -0.37393663623283613 0.80356987068335217 -0.10202734099755886 0.45170485574297314 -2.5335707328345101 -0.25407621131888208 4.0150425104191427 1 CAMERA 1 150
151 1 -0.30414763031669467 0.87634288153638717 -0.06286720257416345 0.3681916454697744 -2.596487539237609 -0.6481403112112939 3.9114750856695144 1 CAMERA 1 151
152 1 -0.28442208931295293 0.87438740198676679 -0.047156576419466634 0.39029092182381353 -2.8284514470689524 -0.5219782781199227 3.851044807273456 1 CAMERA 1 152
153 1 -0.34257285183347613 0.84613079371582089 -0.066270458498944057 0.40288304437249989 -2.749725269757227 -0.45951473321317571 4.1467629109157329 1 CAMERA 1 153
154 1 -0.30347012310169863 0.88052740127193418 -0.062656315054269163 0.358680311946104 -2.4002648270258384 -0.44622855805023792 3.9571712148705989 1 CAMERA 1 154
155 1 -0.29024326094176645 0.87443241726651988 -0.063569094114835203 0.38351762330398842 -2.7363837973691587 -0.54374787318763729 3.8430476400655889 1 CAMERA 1 155
156 1 -0.36711766459193201 0.82649209753299924 -0.095011079481396393 0.41606288927979262 -2.5365721680456592 -0.37721947098957909 4.2463941754823802 1 CAMERA 1 156
157 1 -0.38722417495603184 0.78275207393042878 -0.11588759514587825 0.47320893311362816 -2.8149141495444741 -0.41269536289184366 3.4814012567376968 1 CAMERA 1 157
158 1 -0.26971415100878793 0.83864353151643489 -0.12927508665308191 0.45521341781859787 -2.8520973618862109 0.11595059835553484 3.7572672264340419 1 CAMERA 1 158
159 1 -0.28766444312529854 0.82775300317422018 -0.088098357478789566 0.47361673672602711 -2.4409825384824169 0.048870655988942177 3.4455285312610395 1 CAMERA 1 159
160 1 -0.29229856937912835 0.8757300181675769 -0.063653172930219701 0.37895481946407011 -2.7125342297493233 -0.54484073787514076 3.8742597939254639 1 CAMERA 1 160
161 1 0.13798685257827772 0.9077356504073999 -0.029429949447601061 0.39510694194168139 -2.1063419282446336 0.085703327037035426 3.4909930259803215 1 CAMERA 1 161
162 1 0.16030459093568739 0.90858113456181577 -0.070029185417851886 0.37931342348118624 -2.75984378237023 0.49588894957835866 3.7333368997419281 1 CAMERA 1 162
163 1 0.071368212141485532 0.89516331465291021 0.023136843606430448 0.43937899911497186 -2.1891382540899467 0.055266260004342975 3.2745819341677129 1 CAMERA 1 163
164 1 0.12013229718184132 0.92366193929358875 -0.021694329340554878 0.36324400772577675 -2.336104767791062 0.12058976582093525 3.6005022340929402 1 CAMERA 1 164
165 1 0.065610107656944416 0.89922428865810178 0.024693505047443769 0.43183471753559494 -2.253428063425178 -0.030520084055307505 3.2633263473852798 1 CAMERA 1 165
166 1 0.086902310757274642 0.90680512180842554 0.0027450280153721884 0.41248627161185336 -2.3252139202178914 0.01201709187352153 3.3492552791112593 1 CAMERA 1 166
167 1 0.10453259966629311 0.92958341737898276 -0.030780984241550503 0.3521365314052774 -2.2158687039642326 -0.19593296560376544 3.7335982168492214 1 CAMERA 1 167
168 1 0.10592053999458285 0.90654647168214786 -0.081311616566782624 0.40042821441452053 -2.9720153315665478 0.0065242638620939975 3.5468196792604121 1 CAMERA 1 168
169 1 0.12333298062658141 0.91353485812594548 -0.064695492934137011 0.38217474023354958 -2.8470854281911482 0.15331435910226199 3.683258293498783 1 CAMERA 1 169
170 1 0.14230387685797713 0.91997176146156445 -0.04559491038162098 0.3623846973753001 -2.4326103385797269 0.29268912559127674 3.627627547935572 1 CAMERA 1 170
171 1 0.1676407948094932 0.91187911336650307 -0.029064774568425291 0.37353485165489997 -2.5258570261984516 0.55652613162141651 3.7253652347225592 1 CAMERA 1 171
172 1 0.14816465031407347 0.91798194242820641 -0.053693375687670006 0.3639689700789181 -2.8464459387914252 0.41812666888308581 3.9096659836753758 1 CAMERA 1 172
173 1 0.42331984098836117 0.8367359759689682 0.062325021484873996 0.34174377893643809 -2.2664395042184191 0.37246058096485146 4.1112061438494258 1 CAMERA 1 173
174 1 0.44268208672076131 0.83584393650952715 0.079166440800210847 0.31484942202239558 -2.1717629311748423 0.56904741900555966 4.2056375115693498 1 CAMERA 1 174
175 1 0.46344004099081226 0.82346673417663441 0.092502005051642439 0.31395739388064775 -3.1497114352440536 0.40052738961845274 3.8756944313451904 1 CAMERA 1 175
176 1 0.45499137012364449 0.82478757842696393 0.13047627042693066 0.30932870290529491 -2.8233129088389872 0.2389424639444174 3.9280788468644858 1 CAMERA 1 176
177 1 0.45444320492148388 0.83365210090896369 0.09152473131958562 0.300214542798378 -2.1483188283006358 0.69726314144213242 4.2651950999869381 1 CAMERA 1 177
178 1 0.45927379222056447 0.82461102913265993 0.064709017976113906 0.32387802859206793 -2.265971081279563 0.65706997436549963 4.083142789626141 1 CAMERA 1 178
179 1 0.43693128440532203 0.81353435624173154 0.10964773125041839 0.36773669786125934 -2.7371434751951855 -0.025604491735259288 3.5558705564440394 1 CAMERA 1 179
180 1 0.45793324967171217 0.82974755122741772 0.068886406509228601 0.31156187680050784 -2.351196914897741 0.69563983763556425 4.102217094661051 1 CAMERA 1 180
181 1 0.43249962713352147 0.80777128702626277 0.10560246016256448 0.38639065826299951 -2.5268300225163878 -0.065399307396581993 3.4693183135557004 1 CAMERA 1 181
182 1 0.46909905769043569 0.81837991604572347 0.072521158615962103 0.3239460890949889 -2.2763748027079957 0.71471688182042925 4.077985201007472 1 CAMERA 1 182
183 1 0.46746946708015702 0.81570306984701957 0.053407432846156504 0.33652406348837194 -2.3077278977858358 0.71583499095476466 4.0136495073345104 1 CAMERA 1 183
184 1 0.48128373527837232 0.81075823956513637 0.077258650291410311 0.32414216647774791 -2.5353583970749578 0.82513587519496312 4.0049982021492179 1 CAMERA 1 184
185 1 0.97246858834911909 0.021787993657408633 0.23201314007211654 0.00017561472845760537 -2.0022879381650651 0.48892443244148215 3.6959991226698259 1 CAMERA 1 185
186 1 0.97443635301688825 0.026551479934963141 0.22247823525526425 -0.016499929397208193 -2.3211339332951169 0.52786028116082429 3.5984202538688352 1 CAMERA 1 186
187 1 0.97047266303628732 0.034899795497696319 0.23657727002782045 -0.031559624200225435 -2.4247719908375212 0.53128473940109833 3.5166425030969934 1 CAMERA 1 187
188 1 0.97222279109274157 0.018253553627160322 0.23220813070106969 -0.023000789032873267 -2.5184839484811055 0.60100397564116836 3.4395838644784162 1 CAMERA 1 188
189 1 0.96740180930882147 -0.0090223255078996194 0.2390617523708459 -0.083077166188000554 -2.3900183523231497 0.65346453482718025 3.3986448303232946 1 CAMERA 1 189
190 1 0.96806867761331072 -0.022614067343853534 0.23437225128695141 -0.086030734094680997 -2.4206798331249209 0.57304599423718217 3.363833527421459 1 CAMERA 1 190
191 1 0.96554034568371572 -0.034454305865904769 0.24094144953901606 -0.092151828838646796 -2.3948296288390378 0.60123544667027951 3.4197180550470447 1 CAMERA 1 191
192 1 0.96880693421221908 -0.041116511198436415 0.22517164714429547 -0.094975186504239473 -2.5696097299912117 0.6209856780886629 3.3260979141879075 1 CAMERA 1 192
193 1 0.96425994509209056 -0.033826467702092432 0.24252672020459096 -0.10118951704896019 -2.4184663653104623 0.60475317776318471 3.4632720286123204 1 CAMERA 1 193
194 1 0.9684887460412912 -0.044000366435501724 0.22883288935372811 -0.08791487527678879 -2.4291935041873534 0.51853366220606134 3.4074314352811115 1 CAMERA 1 194
195 1 0.96846023448241025 -0.058608680798788275 0.22963606066122799 -0.076922535094037792 -2.5629758225594346 0.20126788686985098 3.3014490157445393 1 CAMERA 1 195
196 1 0.95731405945038195 -0.21196395365475276 0.11253673868896044 -0.16111038568301242 -1.6177255703443794 0.031922569393304796 3.4616465424320868 1 CAMERA 1 196
197 1 0.93916117795722542 -0.22023954526378792 0.21854939766218456 -0.14733290637699711 -1.972604697467379 0.32154822032569064 4.33027281361107 1 CAMERA 1 197
198 1 0.96145028342118044 -0.22247864704195422 0.11914372395679551 -0.10918505924081517 -1.6741374141320007 0.25266591444864461 3.7708045195179047 1 CAMERA 1 198
199 1 0.94162581617160146 -0.25765072250114196 0.15515544154436944 -0.15127364764881124 -1.1766673622819948 0.258838649829295 3.5425233590689662 1 CAMERA 1 199
200 1 0.94011192860475923 -0.25864772306433603 0.15818367996391872 -0.15578459629163335 -1.0991871514694109 0.32379235502412679 3.5423824882202997 1 CAMERA 1 200
201 1 0.96729167961181572 -0.19190116005843036 0.14937139068122732 -0.072172979486350791 -1.4941826203339821 0.28011643501467254 4.1845767265775686 1 CAMERA 1 201
202 1 0.94324187695945449 -0.25588884950350022 0.13784959339469252 -0.16066470630072499 -1.3442009386473677 0.17867994986120056 3.5828243409951206 1 CAMERA 1 202
203 1 0.93139178704874637 -0.28969098534310722 0.14593630610639055 -0.16520008047547816 -1.5591567456887132 0.30536448070016708 3.5074554874712467 1 CAMERA 1 203
204 1 0.98679932147346638 -0.10745995413424028 0.12106299744532667 -0.0048174730436690355 -1.6763873687739383 -0.31458385982804116 3.8918369988737269 1 CAMERA 1 204
205 1 0.9331550365359278 -0.28060052354060233 0.13394563627998082 -0.1803984215505289 -1.3979813226867397 0.27260749538198709 3.6725098450189755 1 CAMERA 1 205
206 1 0.93082973149529191 -0.28667267602604951 0.13029414844122869 -0.1854675784778608 -1.4498088440206838 0.19505343610874956 3.7389238702627616 1 CAMERA 1 206
207 1 0.94127589943833145 -0.25926619982344362 0.12935560139859528 -0.17334314855937719 -1.5833735834793188 -0.27944824524470047 3.7730891781066891 1 CAMERA 1 207
208 1 0.95306805999050881 -0.24095461238704707 0.11536197787920194 -0.14245617520885018 -1.7351834412692859 -0.22181658296650611 3.6333068501431689 1 CAMERA 1 208
209 1 0.87064160815024705 -0.41491606522836966 0.067138931888790762 -0.25557819311864471 -1.5596279011167513 -0.29575639017828159 2.5348542605580202 1 CAMERA 1 209
210 1 0.87839976804259079 -0.39795830981264846 0.063835223393447035 -0.25684254983956906 -1.7079896257637539 -0.11896452244363201 2.5130542701144249 1 CAMERA 1 210
211 1 0.87965867918629348 -0.3911186403687143 0.071193408252134743 -0.26107147663005792 -1.6917820116822908 -0.068313897934484946 2.7228572704741687 1 CAMERA 1 211
212 1 0.86553768062906955 -0.41417880159233478 0.075219768721310101 -0.27137138779963682 -1.7278544323611051 -0.13543237633742713 2.4363755415596167 1 CAMERA 1 212
213 1 0.87019667192808747 -0.40863145578793458 0.070818764135800086 -0.26601275937855262 -1.5527902671854297 0.13066584004830523 2.8247487174589088 1 CAMERA 1 213
214 1 0.68281519236803667 -0.62560247310356132 0.025084288425042334 -0.37650463103701431 -1.8253169166216294 0.050968912378576876 2.4403070535623828 1 CAMERA 1 214
215 1 0.70432257319797775 -0.57960154431103894 0.053076190381489231 -0.40641688046958135 -1.824828913520953 0.037170010307056044 2.5043362634979727 1 CAMERA 1 215
216 1 0.86529302891806892 -0.41625433862054828 -0.0055248215358588652 -0.2792306860507292 -1.625786529998213 -0.71541927455928922 2.1126902755962793 1 CAMERA 1 216
217 1 0.70829484191471725 -0.57469293635786189 0.059147913364206259 -0.40564512835980743 -1.8270997638998703 -0.037736265257608183 2.5751514157002049 1 CAMERA 1 217
218 1 0.70131544583398886 -0.59095267947704055 0.080517434493729639 -0.39044656330428573 -1.9620212980775698 -0.06994839420376113 2.8795000209813071 1 CAMERA 1 218
219 1 0.69593546277013008 -0.60184703989647881 0.12689355651828535 -0.37061030414832247 -2.1709267799138572 -0.11351765401572579 3.1282122493189339 1 CAMERA 1 219
220 1 0.67683592331885079 -0.61462916337740359 0.14890852705750607 -0.37676302233721914 -2.307405589804445 0.12124414809890646 3.3660433886184142 1 CAMERA 1 220
221 1 0.58285335993393395 -0.70130848184659356 0.053044266031474434 -0.40698240741453717 -1.8259118441759776 -0.23965939133431693 3.1532511432346992 1 CAMERA 1 221
222 1 0.56684730489156165 -0.70932239716847989 0.055826369062214894 -0.4152460551644816 -1.6376655631807866 -0.14551445415684927 3.2370037924896877 1 CAMERA 1 222
223 1 0.59984062531097826 -0.67636282093271816 0.013357949602983638 -0.4272541677606842 -1.4698727824349549 -0.1974577196066459 2.9365366861698785 1 CAMERA 1 223
224 1 0.54421838062119421 -0.704291776707061 0.050626893593426259 -0.45303020329988636 -1.5314820963301932 -0.13369320470463991 3.2194292156597641 1 CAMERA 1 224
225 1 0.57531027184084949 -0.70753033407103094 0.053990236520225734 -0.40682179371837174 -1.7814298154590833 -0.17906698623514078 3.2010699981744271 1 CAMERA 1 225
226 1 0.6586894972650793 -0.65320870078990489 0.054495913394997847 -0.36942757724388525 -1.7179710359280749 -0.18809551396828533 2.7574115333803562 1 CAMERA 1 226
227 1 -0.43266584084107473 0.78011343230116725 -0.08760384073057817 0.44333832453537053 -2.2431945360408596 -0.14373946144894806 3.8053338458870569 1 CAMERA 1 227
228 1 0.56802238431508212 -0.73106247722917228 -0.011494107939313051 -0.3778440297096603 -1.964871372845221 -1.2375094883733724 3.4580533574083203 1 CAMERA 1 228
229 1 -0.49107194851674901 0.76877647623127832 -0.073091348095540756 0.40309890325695369 -2.1171850888785699 -0.73639344575389343 3.5573028319778275 1 CAMERA 1 229
230 1 -0.40705608355346962 0.79798648637767899 -0.086575446605777887 0.43592155767491841 -2.1607707740193001 0.000863561317723364 3.9178447054812557 1 CAMERA 1 230
231 1 0.51631012833170464 -0.77503554053108448 0.064451428505698696 -0.35859416567948138 -1.6537112713466648 -0.76327789066448215 3.6657903220238617 1 CAMERA 1 231
232 1 0.57919899348274195 -0.69798375006163005 -0.041257846125793987 -0.4191002275489038 -2.2626425182817633 -0.96185079457491651 3.0779804931437189 1 CAMERA 1 232
233 1 0.52266787500569534 -0.76854453238477816 0.057773847237171744 -0.36444447691508441 -1.72722821928908 -0.77985924301883069 3.6034403765228751 1 CAMERA 1 233
234 1 -0.49388987036052678 0.77532997406197712 -0.03450026648094278 0.39210452546363184 -1.9546023817708154 -0.6713564456042187 3.4691541974862248 1 CAMERA 1 234
235 1 0.53741304628281128 -0.7580003677653907 0.027157031131527672 -0.36862603789298842 -1.8607417783807279 -0.91038700842238374 3.456930862068448 1 CAMERA 1 235
236 1 0.52998965731700831 -0.76362817762406787 0.049061474564579259 -0.3654804251790979 -1.7811158690700584 -0.84269998183811046 3.5415046673997774 1 CAMERA 1 236
237 1 0.083379095011176921 0.86115428819228157 -0.014355772928036019 0.50125355881709288 -1.7660395910564233 0.11175675778297761 3.224909795669654 1 CAMERA 1 237
238 1 0.057946015676724194 0.86400760203644966 0.0096940572656390219 0.50003914661169047 -2.1336048089547708 -0.021328605672910724 3.0517165403453439 1 CAMERA 1 238
239 1 -0.29051467862179348 0.83826984346074973 -0.13331524090970545 0.44173740795947281 -2.1769807290492422 -0.25284873855014134 3.572806477023363 1 CAMERA 1 239
240 1 -0.39878738727638285 0.80583186150441244 -0.057060240482867459 0.43399050645105963 -2.1597588961540839 -0.50540487476682905 3.5083676792591247 1 CAMERA 1 240
241 1 -0.42149928116304103 0.81036599200608361 -0.074366073077088882 0.40014372687089461 -2.078496990417543 -0.331943274913717 3.7329098073580953 1 CAMERA 1 241
242 1 -0.29384735053178257 0.82679901113371679 -0.13372722570268364 0.46062366296101581 -2.276447333322452 -0.11768954757996752 3.4795490500631909 1 CAMERA 1 242
243 1 0.36901429341796321 0.80253445085475827 0.083317718210542346 0.46132966984216589 -2.0014468576698627 -0.066870807111829328 3.4609286721197168 1 CAMERA 1 243
244 1 0.074467715744783142 0.89495453131790048 0.027490668944856651 0.43903896103452561 -2.1527165458425062 0.092640862979925673 3.3014458079725597 1 CAMERA 1 244
245 1 0.39886848827922505 0.78649531174113307 0.078251035550127676 0.46497938567467312 -2.2026445289111694 0.16845597964693082 3.5810225996827363 1 CAMERA 1 245
246 1 0.30560668155386184 0.77858351120029456 0.015009728335934409 0.54789321982658157 -2.0147260385336518 -0.12873590791399564 2.8114639206752856 1 CAMERA 1 246
247 1 0.41369131279411714 0.78944512180951043 0.067267526359580207 0.4484539856744616 -2.2835300453294716 0.30262379882582363 3.6758576006233787 1 CAMERA 1 247
248 1 0.4019048082675859 0.82853623432291501 0.10323887106609686 0.3759547432955152 -1.993861108128798 0.23603064895053932 4.101016150682522 1 CAMERA 1 248
249 1 0.43504789796845883 0.81444748445846038 0.072060512211834404 0.37711523983031958 -2.0607988836379918 0.1447000759524508 4.2093653556911841 1 CAMERA 1 249
250 1 0.44224256977438198 0.78075561771948776 0.048032258415965222 0.43878819153467896 -2.1541858556176821 0.31474060043915675 3.5700649484509368 1 CAMERA 1 250
251 1 0.47152960723516407 0.76755068488447753 0.033678241203296017 0.43288745847330118 -2.1651037985155352 0.43203155122725695 3.4996769469916842 1 CAMERA 1 251
252 1 0.54087162904478669 0.74512611948116525 -0.0044062996473043844 0.39016090460833863 -2.1993274475588676 0.71966711425652208 3.5167667386256749 1 CAMERA 1 252
253 1 0.41629999987638355 0.82229462418007004 0.091970439771874191 0.37691816002369638 -1.9354704888692535 0.055168095863473821 4.2304710177321176 1 CAMERA 1 253
254 1 0.58675287811023014 0.72773391136029342 0.006155590664079915 0.35508664152455316 -2.0800427446797438 0.88747785845814653 3.9192204135886564 1 CAMERA 1 254
255 1 0.61861046652991847 0.71093385763940542 0.012755357567239476 0.33426253396832012 -1.9733516172368384 1.1647450444103709 4.0174290489960223 1 CAMERA 1 255
256 1 0.58436636460511993 0.71834422041596968 0.012936240312747984 0.37726673137150529 -2.0484486331283138 0.84639230363725348 3.9639551149226784 1 CAMERA 1 256
257 1 0.75510892201001611 0.61676093841893176 0.043633032309888749 0.21797389576028151 -1.7771253412754233 0.62245860219882698 3.0844392725009433 1 CAMERA 1 257
258 1 0.72380397301902932 0.62611212602098998 0.061261117751558451 0.28344045184689826 -1.8663470266038682 0.49245078149904498 3.1758412953685271 1 CAMERA 1 258
259 1 0.51654717136728479 0.77319829835496579 0.058536208982443987 0.36320369410484482 -1.970248905643782 0.44233798147496928 4.1843222865467586 1 CAMERA 1 259
260 1 0.45742481041612482 0.80507836252923837 0.072787224757232316 0.37055821798356176 -2.0534684050391432 0.26093721131244307 4.2791364134783398 1 CAMERA 1 260
261 1 0.49257774708606689 0.78944630621492706 0.051409093780750398 0.3626276296090305 -2.1475492933497322 0.35989979799171107 4.1995612497684496 1 CAMERA 1 261
262 1 0.517398517478458 0.76508057203502422 0.063984712972720528 0.37796355500425249 -2.0826704173327326 0.46725266064747228 4.0842458555437462 1 CAMERA 1 262
263 1 0.47366085432251037 0.79997577529727637 0.065338569615117401 0.36251210371605752 -2.0698231099134605 0.33555454016647146 4.2546539631121059 1 CAMERA 1 263
264 1 0.65392639751061044 0.6876913007037061 0.065730859514029447 0.30844836793665642 -1.9777554241851889 0.54923140272386806 3.5667061905793171 1 CAMERA 1 264
265 1 0.86902093738525987 0.45490946105259289 0.087235636344155182 0.17392508842175142 -1.7626530640422067 0.64695756464664111 2.7067387198591564 1 CAMERA 1 265
266 1 0.8469728174511848 0.49296053493536401 0.089801210740159426 0.1776589430471861 -1.7082027187063615 0.66203377504570471 2.7351228918032149 1 CAMERA 1 266
267 1 0.77484971004123304 0.59218528409463078 0.052394191382132735 0.21489384556145677 -1.8070014333850335 0.77591356706832482 3.0420323859396081 1 CAMERA 1 267
268 1 0.82938626829430273 0.5260435785672094 0.068343235949662962 0.17528768785337906 -1.815507358739604 0.97609422091116438 2.9790895350436881 1 CAMERA 1 268
269 1 0.81789746184365764 0.54308937312740713 0.061636172787381649 0.17971827094067747 -1.849344913953513 0.89440194343022772 2.9876808350150061 1 CAMERA 1 269
270 1 0.81472670045052542 0.54699827358140496 0.06431622924795255 0.18131937273023843 -1.8322688342905045 0.87061908408729705 2.9992331512848263 1 CAMERA 1 270
271 1 0.81078923092541488 0.55159266473815205 0.063106243189386083 0.18542911662670702 -1.8316068148036875 0.82686410160647994 2.9922599541481403 1 CAMERA 1 271
272 1 0.79173393634651235 0.57769121754454233 0.06157671550049585 0.1887817240024367 -1.7834105887052389 0.72210756457532921 3.0171534709823651 1 CAMERA 1 272
273 1 0.94261695985101712 0.30062266838452434 0.09396917820881999 0.11076584221389466 -1.5278531479177826 0.73290105834796659 2.4573718138706204 1 CAMERA 1 273
274 1 0.95024533921381771 0.2826776502986042 0.0858634239317147 0.098765448183053023 -1.8587236759864973 0.84911961013784409 2.4797928529538802 1 CAMERA 1 274
275 1 0.80464641454037567 0.56167182485031131 0.070248656486408281 0.1792596859265739 -1.7651505508814129 0.82981926217723656 3.0347685286875126 1 CAMERA 1 275
276 1 0.77244808708111301 0.5920393315538488 0.030751247891512005 0.22774490863928412 -2.0208927638606173 0.59063494665114102 2.8051027312129704 1 CAMERA 1 276
277 1 0.77191570055357228 0.59564607566616123 0.044793579142987282 0.21759007111987139 -1.8964050394779282 0.69795930043042953 3.0113994425533051 1 CAMERA 1 277
278 1 0.9459265662118338 0.28981773191463389 0.11047709031454385 0.094991716050289707 -1.7764214551392616 0.76514490106700617 2.6063285726071572 1 CAMERA 1 278
279 1 0.93651666555858559 0.32031763722077417 0.075418774700341112 0.12101716753844545 -1.8563863612314639 0.8138090676609393 2.5032118568030675 1 CAMERA 1 279
280 1 0.9435073504992374 0.29684475211473327 0.10676569598268265 0.10138125495960974 -1.765210788607579 0.72842669955073891 2.6354990757774619 1 CAMERA 1 280
281 1 0.93103608532347371 0.32676360119114628 0.096477306218615111 0.13072676140306771 -1.7939218045214889 0.92947204770002168 2.5297096222794142 1 CAMERA 1 281
282 1 0.8873643989102139 0.41922840324030874 0.12023604459920011 0.14958363226782281 -1.6083762706195655 0.73898488000907825 2.7570941611500155 1 CAMERA 1 282
283 1 0.88005499504131168 0.43448130549417718 0.1043300422378569 0.16076207004626236 -1.6944616453232015 0.65529636026548077 2.7279310484289563 1 CAMERA 1 283
284 1 0.92003457149374679 0.35576646480566043 0.10723847447933421 0.12436446183434294 -1.6949808968479951 0.90552183119238983 2.6564653327030441 1 CAMERA 1 284
285 1 0.96674116741628413 0.22279560794980346 0.11698172368655325 0.045704579903992293 -1.6894266702495306 0.88839520747989875 2.9791519297488258 1 CAMERA 1 285
286 1 0.96845234769247845 0.21483447715138868 0.11825445157846015 0.044295398834349888 -1.5177553492052562 0.87438127832766699 3.0042474700584418 1 CAMERA 1 286
287 1 0.94981450761141906 0.27950002405738317 0.10265185826755976 0.09588917393020302 -1.8074925885288633 0.79729896889283824 2.6091338450013479 1 CAMERA 1 287
288 1 0.96697236130512387 0.22037626396003879 0.12270990450945117 0.036620132308469312 -1.5556999984349695 0.91144626875031221 3.0121964024882772 1 CAMERA 1 288
289 1 0.95740159157258331 0.24598895347131824 0.076666451011698555 0.13036058650390087 -1.5041753735436536 0.56106944321827878 2.2875438808133572 1 CAMERA 1 289
290 1 0.96532844586752875 0.21814850784910322 0.13286528020464849 0.053842710168896052 -1.6924229631454861 0.87294084863650501 2.9923350611057891 1 CAMERA 1 290
291 1 0.96517836126901668 0.21684410462760351 0.13464858053139242 0.057263644550355416 -1.6627110559203975 0.84929849204570895 2.9988283808515033 1 CAMERA 1 291
292 1 0.96652244265581022 0.21155928126853424 0.12599728473261326 0.072122968545368135 -1.6511303961490946 0.78136656108186231 2.9177758361906982 1 CAMERA 1 292
293 1 0.97873817391203599 0.15930263992537899 0.089600710777268097 0.093091183623083065 -1.6635526479287117 0.79534137489599899 2.6588536065456099 1 CAMERA 1 293
294 1 0.98073758465520033 0.15936643538026218 0.081396133528495979 0.078299417401944335 -1.7079975069577371 0.77167201387128026 2.6588564345582788 1 CAMERA 1 294
295 1 0.98015479576279652 0.16034129592677496 0.08656351038780366 0.078064100795778538 -1.6886293144964581 0.67793577499788837 2.6927477652417071 1 CAMERA 1 295
296 1 0.98440767102052318 0.10553154140767612 0.14008578963054635 0.013438844729202122 -1.7101146501238174 0.37243711612713726 2.9626578545424569 1 CAMERA 1 296
297 1 0.98051823906492075 0.14113124416764972 0.11916201203503557 0.066830903543796685 -1.7093618908839012 0.62020563850773047 2.7821369805400988 1 CAMERA 1 297
298 1 0.98323269322839901 0.11980855962946328 0.13727983908535077 0.0073229629961211427 -1.7842301763883526 0.36762168984041904 2.9649477135562372 1 CAMERA 1 298
299 1 0.98551012648386394 0.078095272091160572 0.15055653854481993 -0.0019099152254614129 -1.6442240597858615 0.79296636178993263 2.9267525996068273 1 CAMERA 1 299
300 1 0.98292442161893689 0.020124249589524495 0.13828382854324148 0.11971707784172045 -2.0860470074004263 0.10788013551901066 3.3617701334771448 1 CAMERA 1 300
301 1 0.98231930376051857 0.024412410349904514 0.10344796499447298 0.15411469176837142 -2.0875634990321066 -0.28233018421847716 3.3053980644347396 1 CAMERA 1 301
302 1 0.98352902614371529 0.12887053969690493 0.12462307026774361 0.023067923358306246 -1.7637925573286333 0.44092262700896473 2.9403720268503051 1 CAMERA 1 302
303 1 0.98921244411889908 -0.094801095205545236 0.10591494719527483 0.035405037900917882 -1.6440991966460603 0.048831968254721941 3.6998756609470669 1 CAMERA 1 303
304 1 0.98961183153832555 -0.012250233136860186 0.11575222760608007 0.084378767896218287 -1.7172922145588416 0.16977082591001572 3.6580637560696774 1 CAMERA 1 304
305 1 0.98775198571817369 0.015051799171226054 0.15505218642750615 0.0088474592716619952 -1.6172962153696504 -0.06709293977762594 3.2033084628532285 1 CAMERA 1 305
306 1 0.98897646995496702 -0.01331814894589111 0.12060322259446747 0.084870675052673442 -1.7553097876343986 0.23902794964222629 3.6454681547489503 1 CAMERA 1 306
307 1 0.94337164242003257 -0.25792135702816138 0.10170448983774724 -0.18216123246543342 -0.3994340742937163 0.57257371770521859 4.4483055107070344 1 CAMERA 1 307
308 1 0.9659741331839562 -0.16085234234604165 -0.041342826399006875 -0.19827069548129866 -1.3040154313288583 0.32497915292764401 4.4488444971526953 1 CAMERA 1 308
309 1 0.96698677799668853 -0.15932905984486273 -0.031565926641763407 -0.19635277982188606 -1.2192798451913294 0.27231475622470586 4.5583275353820412 1 CAMERA 1 309
310 1 0.96587007487902032 -0.16277025777982032 -0.034609991025637929 -0.19850186436578365 -1.3382408876381937 0.32389190221728609 4.669686599374999 1 CAMERA 1 310
311 1 0.95543187644958361 -0.23005963543526242 0.095721132814250445 -0.15830337438026529 -1.3914516561152039 0.028965357196047811 3.1661321929338762 1 CAMERA 1 311
312 1 0.94770224556579552 -0.24678548397389202 0.10610712947185577 -0.17233297921339197 -0.3465987434331913 0.41201400055863008 4.4026407789392534 1 CAMERA 1 312
313 1 0.9644177970747323 -0.1754272569457811 -0.039503642922327727 -0.19381189953628972 -1.4204946451662959 0.43338694912530001 4.8346126887741914 1 CAMERA 1 313
314 1 0.94520959212831768 -0.24335925508481279 0.089325407717938066 -0.19843404810971452 -1.0774960699881218 0.043082442663918287 2.9718341980053178 1 CAMERA 1 314
315 1 0.87662110972449836 -0.40306797362760954 0.073817075769445198 -0.25223536220357734 -1.3791915820596989 0.095109402993382719 2.8970483776586367 1 CAMERA 1 315
316 1 0.91454624190870348 -0.33075398265526906 0.049781891469537237 -0.2274395252590469 -0.13672710326409657 0.046480419098418067 2.7970979092481891 1 CAMERA 1 316
317 1 0.85498496480300146 -0.40902330967903194 -0.0015491204495214953 -0.31890161856888405 -1.2822716574461981 -0.044663552378013567 2.4908943857482786 1 CAMERA 1 317
318 1 0.72741922344687249 -0.58005405138977373 -0.033395462952666627 -0.3650798732886214 -1.5747216058430302 -0.3681770360634874 2.6561839766973954 1 CAMERA 1 318
319 1 0.85926619032449314 -0.42809019272831123 0.078359128350305701 -0.26881266350239125 -1.3390243127853223 -0.18130228007866994 2.7119038222800058 1 CAMERA 1 319
320 1 0.75908113466416949 -0.46418284857710534 -0.070680151940286887 -0.45092619152750363 -1.2406344109996268 0.18783207135608332 2.6289618290109891 1 CAMERA 1 320
321 1 0.69706313578007206 -0.58005171409497347 0.014326528459679624 -0.42123359824951073 -1.5694754393931287 0.061274263671464241 1.9185612684716815 1 CAMERA 1 321
322 1 0.65540967326619592 -0.64445163577232101 -0.0035972106167859964 -0.39383665321457417 -1.4323429750668379 -0.31221345649072751 2.850843826432707 1 CAMERA 1 322
323 1 0.87034852403823426 -0.40573097511441147 0.0044362122151243664 -0.27902713588172479 -1.4052356360540101 -0.2387123349635972 2.3294740749076537 1 CAMERA 1 323
324 1 0.71241163981338407 -0.56412392306928572 0.023265017497398437 -0.41676443447128436 -1.4886496966633238 0.13585195535611616 1.8726385036546598 1 CAMERA 1 324
325 1 0.71014723279096348 -0.5625948282049601 0.0251038291433603 -0.42254912708312359 -1.4695517220490686 0.2618309166842982 1.8372889736595408 1 CAMERA 1 325
326 1 0.71423878201617519 -0.55665583721465062 0.035108183186242599 -0.42280569607358454 -1.4208944539323607 0.30334221737250361 1.8160515200968974 1 CAMERA 1 326
327 1 0.64985494064825211 -0.64934441886642191 0.038045838733939644 -0.3931830311154294 -1.3993989979263108 -0.04180062737207025 3.5325370499171895 1 CAMERA 1 327
328 1 0.7187974561736179 -0.5561352596331165 0.045560532492443878 -0.41469027944979253 -1.3940272369428046 0.2587538926814606 1.8780315536072818 1 CAMERA 1 328
329 1 0.72980163901405903 -0.54141481381257817 0.041866575479953191 -0.41533932745920665 -1.4982793762682314 0.12399618309286706 1.9639822491730157 1 CAMERA 1 329
330 1 0.75900830365847083 -0.53880587574592953 0.05803153327803915 -0.36086973326195215 -0.12901993355342478 -0.57097007447165493 3.5823072610289848 1 CAMERA 1 330
331 1 -0.33510069689440597 0.68873036083345762 0.054523131707564974 0.64061317588377642 -1.6383990103219277 -0.42764737190902097 1.8282128382824554 1 CAMERA 1 331
332 1 -0.34543947148466753 0.70897567111061988 0.10370257757666457 0.60602874908505422 -0.86003950176998667 -0.70365687052238568 1.8099945584467294 1 CAMERA 1 332
333 1 0.56014318523774842 -0.68775847341640717 0.045320151780164381 -0.45953669942482911 -1.5532125758851458 -0.19996852490464459 3.0838867809325099 1 CAMERA 1 333
334 1 -0.33494916613773001 0.68771149903131767 0.026946829187875422 0.64353385194600066 -1.7196024638787726 -0.47187630239846334 1.7891362917455531 1 CAMERA 1 334
335 1 -0.373629518990577 0.68332047564061849 0.073814749959458151 0.62291692286979317 -1.3980392752065172 -0.61397573457406085 1.8308860634605464 1 CAMERA 1 335
336 1 0.64790419907451235 -0.60689598234115205 -0.023831507019464012 -0.4597058567311974 -0.96854795272311878 -0.30019245666460209 2.2678128508130957 1 CAMERA 1 336
337 1 0.58600496282944636 -0.67682385359549357 0.018969558265516169 -0.44513796805329509 -1.5293760411040345 -0.19262114480833717 2.9484160114924984 1 CAMERA 1 337
338 1 -0.36839510091898442 0.68046337436506665 0.069586488580002534 0.62961287024147128 -1.4539460477065596 -0.62657840181879043 1.8433930552599718 1 CAMERA 1 338
339 1 -0.12692266966093227 0.80348946064881643 0.045804025101084229 0.57982524422187354 -1.3237141034889659 -0.78629995705685884 3.2027499409176019 1 CAMERA 1 339
340 1 -0.13524593652754219 0.83357759095320472 0.029485768818373576 0.53477801558275484 -1.0015486799854945 -1.0041243105174298 3.3207325736253357 1 CAMERA 1 340
341 1 -0.07608830169430901 0.77760260103603562 0.025081177777058272 0.6236310605867732 -1.3334542831070877 -0.38727961535569994 2.6055272832523424 1 CAMERA 1 341
342 1 0.043566564200206416 0.82840197396859994 0.046681747408587881 0.55648264884684162 -0.54727395053686667 -0.82176374157594545 3.0677154905594799 1 CAMERA 1 342
343 1 -0.087524707878175317 0.79048881082114952 0.0037700363309868721 0.60617872966928488 -1.2179984983936822 -0.39293424836030838 2.6395177575765798 1 CAMERA 1 343
344 1 0.027623343197300039 0.84823418985447951 0.055618514516537786 0.52596795616795189 -0.58637594133857418 -0.73104626765604697 3.1199067264799671 1 CAMERA 1 344
345 1 -0.084281456655727852 0.78809326408330871 0.0080541226969721592 0.60970548158769833 -1.2431543944171841 -0.3693954662158131 2.6263630934309172 1 CAMERA 1 345
346 1 0.095345913360588508 0.70770227297364441 0.041652822015264414 0.6988073354305443 -1.0508745972193121 0.050781344803218935 3.1277807245038254 1 CAMERA 1 346
347 1 -0.086334470678799527 0.78432257130244898 0.0070587170408225909 0.61427570180812474 -1.2772353837020645 -0.38515703854091282 2.6048267847556299 1 CAMERA 1 347
348 1 -0.084739929920777377 0.78114784602488607 0.0081974135835980594 0.61851434044672082 -1.3112549691442166 -0.37739571469270006 2.587306657368746 1 CAMERA 1 348
349 1 0.14386003142725315 0.79658839671518433 0.0088633660100426587 0.58708828835146576 -1.6074597637178891 0.30490179406138268 3.3088011725359521 1 CAMERA 1 349
350 1 0.085391863214531794 0.7942083405783833 0.0025364646005376383 0.60161026237906867 -1.8492879992623219 -0.059187999392313312 3.3828984228465586 1 CAMERA 1 350
351 1 -0.010049048696228332 0.80299146185578707 -0.0074263825127265969 0.59585952845430057 -1.4608495542288999 -0.48701289145721116 2.645483489870446 1 CAMERA 1 351
352 1 -0.098515879185316943 0.82481389145739392 0.011441663598791592 0.55663790235784927 -1.2591533217815238 -0.94316474249476268 3.3059790990400142 1 CAMERA 1 352
353 1 0.086230584565263085 0.85439569794551495 -0.030134671188248138 0.51153121039688831 -0.73358361007648687 0.10396155566484279 3.3413546978015218 1 CAMERA 1 353
354 1 -0.077426960613961926 0.80349593001430886 -0.018568982184516254 0.5899614810486834 -1.3231004147168035 -0.80610161182191409 2.6628613293992389 1 CAMERA 1 354
355 1 0.090978928279473945 0.82880395256378359 -0.032353779579919494 0.55114433297518539 -1.9176606167140149 0.12581376743419076 3.078499959265018 1 CAMERA 1 355
356 1 0.34367977459473498 0.74046502466519515 -0.010383530178025074 0.57748414877217735 -1.6303990944477906 0.047656130117865188 2.9575825918278067 1 CAMERA 1 356
357 1 0.17600479452631912 0.74979654576538568 -0.016894111464973206 0.63760649405401548 -1.5177372273469605 -0.54039355346398654 2.9653413212802899 1 CAMERA 1 357
358 1 0.38289953944661975 0.70884331086267738 0.037410508897419203 0.59121024784829324 -1.4053000944187846 0.064530290713362831 3.7500563720969944 1 CAMERA 1 358
359 1 0.39825088286400745 0.72215551347032292 0.052172117153602995 0.56317467881125793 -1.487396414136356 0.26421774560940364 3.71962752788665 1 CAMERA 1 359
360 1 0.30234933411659343 0.75017175186648399 -0.034781283410860689 0.58704129768280899 -1.7129165304244356 0.15221510492304141 3.0112544947627016 1 CAMERA 1 360
361 1 0.51907034523678119 0.61100682894189806 -0.023688171357380969 0.5972231594805063 -1.5445708500759918 -0.076015787861002479 3.0339591929268486 1 CAMERA 1 361
362 1 0.47661258932282868 0.64251815199325546 0.00065780821596957909 0.60000869272579016 -1.4772626483245082 -0.11171428619290305 3.0884981289281068 1 CAMERA 1 362
363 1 0.52340022429980637 0.62318312199495118 -0.0013019643170616372 0.58111384990589876 -1.3365416399816228 0.094168108490594593 3.0788835065917159 1 CAMERA 1 363
364 1 0.41726559118660012 0.7139045669465699 0.035173923215960821 0.56124191827600101 -1.4580690069645317 -0.27323348881143161 3.3342296968052576 1 CAMERA 1 364
365 1 0.90904713610132537 0.35449182188036116 -0.029999612540203696 0.21695362595116624 -1.437213177929612 0.57559161208240028 3.0101307440668936 1 CAMERA 1 365
366 1 0.89894894943490389 0.3746961886821063 -0.046084453230913071 0.22219310445509746 -1.561679597089501 0.51747813984517355 2.9702444713644458 1 CAMERA 1 366
367 1 0.89612923863089911 0.37745047754668709 -0.04112355820502029 0.22976591921157788 -1.5628923767690748 0.5596307818641364 2.9764038218608846 1 CAMERA 1 367
368 1 0.89693606686030503 0.37767730040725211 0.012902664994736433 0.22956277999338273 -1.5048139181936231 0.70068298117269689 2.8471423597478633 1 CAMERA 1 368
369 1 0.90636812041325854 0.3593226988019288 0.016674663722040874 0.22159870038877036 -1.5190755077960048 0.68772343996281904 2.8414017324378982 1 CAMERA 1 369
370 1 0.92233004710018707 0.32111154392493974 0.013139881555562989 0.21452739705458121 -1.5773911305901325 0.71592581296367308 2.7399341160505695 1 CAMERA 1 370
371 1 0.88429645485057362 0.39753929379579128 -0.042336090886445278 0.24122592156628958 -1.6375820193687509 0.67309469108378783 3.0006735845168393 1 CAMERA 1 371
372 1 0.87901694901485716 0.40762955597745826 -0.042679879714878292 0.24360988548446863 -1.6485672225071908 0.70196892072742678 2.991607800371562 1 CAMERA 1 372
373 1 0.86641812807597085 0.43140301713500623 -0.036193177438559342 0.24879935300367073 -1.6154551899233591 0.7594033384794886 2.989234805164088 1 CAMERA 1 373
374 1 0.86998281265299504 0.42492294023630783 -0.03686029911879949 0.2474100218224547 -1.6257643674754194 0.72246447062112851 2.9985845316908493 1 CAMERA 1 374
375 1 0.87402754149521333 0.41739237714891758 -0.032647149786907616 0.24656363036060344 -1.600244058961876 0.74883622600666921 2.9211899797901295 1 CAMERA 1 375
376 1 0.88395980313834965 0.39914081943373003 -0.024003281965886483 0.2423334792228401 -1.5874229921950462 0.75311586988138257 2.8401512002329725 1 CAMERA 1 376
377 1 0.94736555082785145 0.25656175892526673 -0.013963356097807014 0.19099633935837895 -1.2068575875663312 0.6147850698190146 3.0590583641950819 1 CAMERA 1 377
378 1 0.91802182507890373 0.33461422349126552 -0.016917238665678 0.21209209592076947 -1.3260016845562603 0.5713389890806968 3.0270168972702471 1 CAMERA 1 378
379 1 0.92807821689151482 0.30983202675679161 0.023685952377837591 0.20521674928523775 -1.581563741323061 0.63604463819715973 2.7587392628069196 1 CAMERA 1 379
380 1 0.93178330128062825 0.30016023291979999 0.033577897053511628 0.2013857960670738 -1.6121324579125136 0.59554527876117835 2.7948309007227596 1 CAMERA 1 380
381 1 0.93310485608263305 0.28680301624932297 0.027171275317918395 0.21522332406804162 -1.5377074433142868 0.52060427933219255 2.7085901970249573 1 CAMERA 1 381
382 1 0.93292754288632695 0.29580758285381809 0.056036061461252569 0.19749438844223641 -1.557938078087252 0.60622769438281099 2.8439529490486306 1 CAMERA 1 382
383 1 0.93527199241027592 0.29345011345716276 0.068169280321138739 0.18575866156222517 -1.549870137179221 0.62782797952887526 2.8502869847874028 1 CAMERA 1 383
384 1 0.97565064060611539 0.16063815828772784 0.084201071674070205 0.12333446037398396 -1.5667100373574872 0.68628214098305862 2.6558064535251424 1 CAMERA 1 384
385 1 0.98461902369278453 0.13177587919971512 0.05431718913438835 0.10104523149535265 -0.7025377120619678 0.33552374719310185 3.8427507325853734 1 CAMERA 1 385
386 1 0.98238807264575945 0.14841127206406041 0.036592580345206432 0.10746512044080754 -0.87576742411138064 0.38022755882210613 3.7318960105294194 1 CAMERA 1 386
387 1 0.97900389243773278 0.16323135241656778 0.031130354325206371 0.11805848220104195 -0.92188749414706095 0.32751157138860876 3.7166132096283602 1 CAMERA 1 387
388 1 0.98293762900596027 0.13490738894681881 0.089632290884230664 0.087176065078311216 -1.5086831911171268 0.55321258567742415 3.026512889325943 1 CAMERA 1 388
389 1 0.99621414417908194 -0.05613966282739271 -0.024050585853913512 -0.061865067002709308 -0.6740085536355751 0.14940254122203822 4.8437973278492263 1 CAMERA 1 389
390 1 0.99792346126624132 -0.040392130598446929 0.038161967942448714 -0.032571543452563689 -0.32647711778155103 0.1777368997262164 5.0077561020893295 1 CAMERA 1 390
391 1 0.99815826558198051 -0.028673040266138337 0.034201945989836523 -0.04108723041015544 -0.5419860836582564 0.26484842529448444 5.0421645301268834 1 CAMERA 1 391
392 1 0.99841702884717531 -0.025712742494676089 0.032000596788282931 -0.038448058293949379 -0.62769805363762476 0.42542986523821363 5.0947380600931194 1 CAMERA 1 392
393 1 0.99854416710348826 0.00055596103922735932 0.039625675838383403 -0.03659293736877698 -0.64492527802025301 0.38053446915593098 4.6722783668380421 1 CAMERA 1 393
394 1 0.99856952834515356 -0.0073485447872902229 0.02373978206480332 -0.047342567500743907 -0.72092975518849134 0.41703000062011625 4.7854721406654459 1 CAMERA 1 394
395 1 0.99897383319475097 -0.021966258413542997 0.027749996258850721 -0.02826131262218955 -0.6940904505913128 0.41786878148845197 4.9735432776717481 1 CAMERA 1 395
396 1 1 7.769946496233082e-14 1.186380612594872e-15 2.0435137655723775e-14 -1.1379732271191378 0.39312905310210294 4.4756996923570567 1 CAMERA 1 396
