12 1594 1 -0.0098055378604777442 0.64458364133322243 -0.74334144591400741 0.17849166798297122 -0.06088416951691028 -0.66836514911219935 -0.15743634961937447
11 1466 1 -0.0098467623580537622 0.64872747103720763 -0.73032874649030854 0.21371858048056497 -0.0799903856476189 -0.68950957298908255 -0.1129833311715451
10 1338 1 0.096517805123863654 0.66200241932681281 -0.74185981954102664 0.045619274984091067 0.20414120274830244 -0.4896819158288318 -0.060909939579894372
9 1210 1 0.0083586083776251829 0.63735482398937915 -0.74427653423805296 0.19940261429091058 -0.12003798836014683 -0.5036753394601301 -0.07375219840669342
8 1082 1 -0.025888018873605964 0.60028138017276789 -0.77140871480737094 0.20957258841727613 -0.031647773803505128 -0.39286316245538133 -0.14634396865031218
7 954 1 -0.065652887878369537 0.67907110784138391 -0.72998713732393172 -0.040876743386882318 0.20993951231805127 -0.19145021184516678 -0.11666581085495799
6 826 1 -0.27850958159450045 0.73300403208182041 -0.6094111615804696 -0.11728400595559897 0.23894992786780261 -0.34132881702863899 -0.29845864492745533
5 698 1 -0.053233471836883359 0.65765064973208609 -0.73526551884441027 0.15506913677975054 -0.11271657542028879 -0.33671513698043548 -0.0075101120486964794
4 570 1 0.05812114631405392 0.68466793777846613 -0.7169062637007072 0.11788620104157677 0.045921662402789526 -0.05161798715895418 0.048927401920732742
3 442 1 -0.24535832461248447 0.84840815538706948 -0.46553930482846811 -0.057236789531660032 0.17589553387422996 0.29690384866164521 0.2075598176061467
2 314 1 -0.26494235461529547 0.76562015939104267 -0.58361819536041371 -0.054964736960996595 0.21723909027881377 0.31147999915536384 0.19590094723846735
1 186 1 -0.25417024723381726 0.74920771950548271 -0.61151107808187732 -0.011810158239171734 0.06690221786981651 0.096522769282154058 0.066036751838994004
0 58 1 -0.13236035759155745 0.69621599853903593 -0.69079527508446226 0.14340818330036181 -0.043801629146119798 0.0031425029906905631 -0.0081784676828882893
