19 881 1 0.28181976743721765 0.33751840886905254 -0.62306802125106175 0.64687339043310632 -0.30968499835036384 -0.39154580179187659 -0.63479025792315524
18 839 1 0.023741110163120874 0.43228695262479283 -0.68153576539070437 0.58997741547613458 0.36763214056001181 0.27182794220434742 -0.75662539836215248
17 794 1 0.094213696521320861 0.38173759286740272 -0.71008296957139239 0.58410817996691566 0.51487468989365781 0.052412724047640281 -0.58153532597330615
16 752 1 0.35046157276341128 0.031291115801118576 -0.61855721690361465 0.70255570704718628 0.62635748164690885 -0.84256240608633282 -0.17908328029965598
15 707 1 -0.64236856919237173 0.18896260219950897 0.38610935879171848 -0.634488234199172 -0.51523790134820868 -0.95268323480841033 0.40808623063002358
14 665 1 -0.51716387503446037 0.07436385151587592 0.50326261205921974 -0.68828648631975708 -0.46891827718232687 -0.94169172998653017 -0.015802023832148421
13 620 1 0.34723936299496128 0.091142307595796085 -0.4992274333605749 0.78859994568423575 -0.37395633927746114 -0.6813101682435726 -0.42950811286781376
12 578 1 0.34298753123079834 0.20280894349011855 -0.5718658331958455 0.71707569662054893 -0.47479730168794243 -0.53832443498805427 -0.5422745038786515
11 533 1 0.061546265614813855 0.48027267674230417 -0.70785793253744733 0.5142833465196629 -0.51108622294591322 0.17666633588719571 -0.83522798660663811
10 491 1 -0.1340340485029633 0.59505043576681549 -0.72605888581697664 0.31747180514470708 -0.82173344162217177 0.72883225234613913 -0.4499865894970812
9 446 1 0.027519208525423468 0.64215694142620516 -0.73321789191358289 0.22196548992597265 -1.0536582860383068 0.87534697779508086 -0.30888147779298153
8 404 1 0.053767005564455586 0.66700249005270262 -0.7226617252732852 0.17313814773516842 -0.91411792578313378 0.94233042797598465 -0.080053085521436404
7 359 1 0.0092072134788522379 0.67377287166999256 -0.70686620821252955 0.21514067097777612 -0.40872831396780512 0.90568400426182782 0.087123616239561844
6 317 1 -0.12510064359398401 0.66799526830305878 -0.70378215745391326 0.20693676654140242 -0.021102500689031339 1.0421309414682298 0.36412953297656653
5 272 1 -0.48522268137136942 0.62199156773270237 -0.55389619881687624 0.26624131927334144 -0.49996079856320697 1.0445131049074503 0.44451404080057116
4 230 1 -0.38336143780718901 0.67977290978244753 -0.58923169157978228 0.20916216858298597 -0.26860313806888364 0.8737346414044046 0.3133276002104235
3 185 1 -0.067880379544353428 0.49990234651724214 -0.74164392497059883 0.44210200923958104 0.17894653461664009 0.28628088447037076 -0.1042080235971674
2 143 1 0.22699655877322431 0.35140262623720864 -0.70465447189646102 0.57310630062408707 0.22774923764352686 -0.35295962520132296 -0.22874863733068812
1 98 1 0.36406175290492382 0.33445500685934526 -0.6173854626737949 0.61191018862049829 -0.25769003549864206 -0.41311613851009454 -0.26804276839618307
0 56 1 0.34196127208960575 0.41275207354014032 -0.60447064275510121 0.58933306052385026 -0.19807774188187727 -0.090842635126730034 -0.11495469381783371
