19 867 1 0.52400885948812947 0.39742908336486227 -0.59096686170988733 0.46714345466299995 -0.65771273074332015 -0.39542109767345918 -0.28751977488197583
18 824 1 0.4407916922338696 0.44344824876839528 -0.59453603353969053 0.50555241028476672 -0.6655851600075211 -0.12347295661976465 -0.22974949140796533
17 780 1 0.17418529346957978 0.65779573931624258 -0.65430750294346729 0.32991808145083368 -0.7106509142381503 0.4941870538476637 -0.088936513848599033
16 737 1 0.040301450832645511 0.74743839713742122 -0.61966595535817803 0.2360629986157573 0.051112068411897006 1.191821830341345 0.35597057650622871
15 693 1 0.20202302000243402 0.71118425614560499 -0.67142083052111068 0.050967848120759662 0.030136277246066528 1.4697991339742504 0.36651265609403078
14 650 1 0.014940495520800805 0.71107240530929106 -0.67980958663547397 0.17891825485332194 -1.0359844107180645 1.0916261975770807 0.54939073608340117
13 606 1 0.1701910122157595 0.61683361226621058 -0.66645106128140019 0.38261507688078467 -0.84592923830783051 0.62576528475742532 -0.13634706562530466
12 563 1 0.38809786479109037 0.40683246114030558 -0.71090872979463227 0.42246440537505747 -0.62651559437728255 0.18549116969717974 -0.25578360702837444
11 519 1 0.43694286957685546 0.30669874800870062 -0.66979864940695233 0.51612651157294898 -0.54785172390458792 -0.086090184565422348 -0.33399112239185896
10 476 1 0.46273740869512103 0.33917874983750984 -0.58549844403576479 0.57273330467547201 0.033883612159131188 -0.38677957861668771 -0.28093394406086158
9 432 1 0.35225726271894059 0.23786887347886229 -0.60764363343667505 0.67089673917491355 0.57086569212323224 -0.68252183618517193 0.080619811816159681
8 389 1 0.45414857917962342 0.28482239471550286 -0.52685028592100325 0.65958627011378346 0.17689647302997158 -0.85705395112730842 -0.090677976935361754
7 345 1 0.49292700806244188 0.22766057928257008 -0.53918606587657769 0.64379500753568508 -0.04641812805646868 -0.30372523530148154 -0.15627620917729818
6 302 1 0.30613343569647145 0.32642924633600318 -0.64849001363180303 0.61578159188547299 0.16741297389678678 -0.042350484884675313 0.11403824582338674
5 258 1 0.22833819170121628 0.363764380651107 -0.68638007156865144 0.58687268034348672 0.55886441432812017 0.43218834861370203 -0.075075982561519275
4 215 1 0.046465075219104042 0.55557036439936114 -0.67546387655084461 0.48262938002254879 0.33964285196975919 1.1990996467794106 0.10618746716907988
3 171 1 -0.04715436104010777 0.59128233249099049 -0.71536330095949918 0.36934674380484495 0.059545707752783096 1.3237425968943295 0.43267242110467219
2 128 1 -0.017033009556964584 0.62099501150274417 -0.68580923209786715 0.37913159910969274 -0.18962149524034841 1.1062148487872996 0.31752269038890873
1 84 1 0.13545574561457727 0.53475456643793817 -0.69037035923648216 0.46805775470711125 0.016807065156829053 0.64598631432619447 0.11741357342749871
0 41 1 0.2697002477288778 0.4497313204016482 -0.65063362460583463 0.54925349553466285 0.043939759483200058 0.25457237304908331 0.14585661406440151
