18 853 1 0.5224438144003184 0.40394550793193823 -0.60906641481588197 0.43922498763137591 -0.59291562301707201 -0.31394107927483056 -0.26965080913935402
17 811 1 0.38351633511390693 0.48344790307747237 -0.61206838577658318 0.49453577913396746 -0.67704226027453196 0.04500002265707792 -0.2576636664701828
16 766 1 0.15162725486597226 0.67850948499853725 -0.68404581322979752 0.22071560830991213 -0.26004266833972456 0.75028538952379031 0.10463939360851428
15 724 1 0.010972734137932027 0.78281734309568418 -0.59517266590885221 0.18123494202030083 -0.078481911801532536 1.2862030022387347 0.50501135691936783
14 679 1 0.2114364280834761 0.67993917703304574 -0.68413777491687711 0.1579014165443432 -0.29746546134055457 1.4248386340010892 0.23535904995172899
13 637 1 0.036712057047503598 0.67922966194867951 -0.71459105395473788 0.16327558545073603 -0.90401198198430421 1.0338329096956422 0.57051298467256595
12 592 1 0.23349354265302019 0.58161394532723987 -0.65768348105316787 0.41792155111936025 -0.80535034886625423 0.42114510850515213 -0.13306641961151369
11 550 1 0.33564639308027816 0.36435536571111354 -0.73473982515996339 0.46340485065828424 -0.54658978251250756 0.075480306066464983 -0.3505054845726534
10 505 1 0.39214019023533359 0.3161371353429791 -0.64154927143553608 0.57853082474477036 -0.41604234516097888 -0.21553548361498512 -0.36522803636717616
9 463 1 0.44022777293759019 0.36050265967162182 -0.54809815265395889 0.61304629136910538 0.40256445541314162 -0.41756597929614409 -0.24257337325984288
8 418 1 0.37843362193309243 0.20273216924255258 -0.58858492268434293 0.68502222601421969 0.46457208221582491 -0.73813184682554056 0.120638537370637
7 376 1 0.47047626114262486 0.25695656918232057 -0.53419637338118708 0.65365101080140275 0.049626177761753119 -0.74858214164145398 -0.14433657871372624
6 331 1 0.42620380096246763 0.35322610718497449 -0.57682330673815152 0.60071333433823371 0.01238722073673899 -0.13179330804482292 -0.071402797891352926
5 289 1 0.33004817265782749 0.28600318403983849 -0.64856388870442938 0.62340617955943611 0.25976521108082895 -0.018425587317381625 0.097851683969533823
4 244 1 0.14301476655616288 0.4034780895723209 -0.71191460253106364 0.55671339707698253 0.57169449767072456 0.6814434265946776 -0.0099485804704078258
3 202 1 -0.0064459845375268087 0.58395890108588899 -0.6849175815490498 0.4357044383649355 0.21146530381344 1.3417564635483381 0.31983503213172532
2 157 1 -0.074176309530127021 0.6287148996315024 -0.70217246035062442 0.32583628713050283 -0.14019364995621131 1.2658598243343075 0.509143754356436
1 115 1 0.038911050166204726 0.58223197310071451 -0.70996603190960694 0.39425891646066658 -0.081501100847272412 0.98397991844300192 0.32171072395003636
0 70 1 0.16753909686098209 0.49831541325512224 -0.68641290040914182 0.50244375813347786 0.047594821882884088 0.55059115151348159 0.089414891451511588
