18 853 1 0.52327216479893834 0.40271392269488349 -0.60857939641629566 0.4400441526391522 -0.59287230233991017 -0.31813025794190658 -0.26744109371406538
17 811 1 0.38414321511732702 0.48196441546093016 -0.61199186911156367 0.49559080363749858 -0.67586984601019573 0.041579240958929245 -0.25478927048549393
16 766 1 0.1547339563035616 0.67508305357240761 -0.68448954408142559 0.22758369359249639 -0.25272707259541155 0.74576671371111969 0.093322573898889094
15 724 1 0.01183278205901072 0.78205053323355189 -0.59582488378246079 0.18234488367782106 -0.074274340817136575 1.2871586097139895 0.50569129699671689
14 679 1 0.2123566413191991 0.67874232416409408 -0.68487914631233293 0.15860034433267461 -0.29344731541003044 1.425576650090455 0.2362253173285809
13 637 1 0.038039547335082635 0.67834821682000312 -0.71464183437248197 0.16638430857625416 -0.90227649553678579 1.0311774844542416 0.56643499492933524
12 592 1 0.23335082886667349 0.57911751241736609 -0.65804429009534382 0.42088954578567672 -0.79978798737683376 0.41669818327106822 -0.13649783660023856
11 550 1 0.33660949139622692 0.36291971324468347 -0.73429859132108311 0.46453085023951113 -0.54721168635181383 0.070335262313567973 -0.34847663244818733
10 505 1 0.39286533340982527 0.31477028193477796 -0.6413282040890389 0.57902904422439416 -0.41646504173919036 -0.21866622688629755 -0.36253896687439435
9 463 1 0.44060713272694191 0.35920776921041048 -0.54789917692949897 0.61371135320197645 0.4051835247983433 -0.42022819194073602 -0.23913322774619977
8 418 1 0.37883364401050745 0.2012400073325796 -0.58846205731834045 0.68534658145435412 0.46579088060618967 -0.74106583718622721 0.12546582574099596
7 376 1 0.47087222083310959 0.25559233743764559 -0.53392711005912985 0.65412059273100542 0.050553570496689147 -0.75141999704889584 -0.14019273742630334
6 331 1 0.42671603864624558 0.35162128617379873 -0.57657713205400718 0.60152697717052994 0.014195429211021527 -0.13468318866692799 -0.067409733671048869
5 289 1 0.33059223274180466 0.28430799888774183 -0.64843043511397669 0.62403181668656538 0.26119566225825142 -0.021285019689894345 0.10240214967468846
4 244 1 0.14362839719650525 0.40196735850811227 -0.71221595897522438 0.55726255391312185 0.57443840654478528 0.67968696316218458 -0.0066205286131898319
3 202 1 -0.0056839933366022713 0.58272331822146228 -0.68547419273141164 0.43649325048611876 0.21494317136110005 1.3416165773293629 0.32259660957827752
2 157 1 -0.073194523093589439 0.62769475310372369 -0.70284285967217575 0.32657889295390119 -0.1372863830246259 1.2654775266508869 0.51125939668848819
1 115 1 0.039786728221674984 0.58107109185872541 -0.71046363931592638 0.39498711330053854 -0.078985010552831858 0.9827605441956313 0.32419527909291923
0 70 1 0.1682778436129212 0.4968604374045697 -0.68673630795759255 0.50319530644064991 0.050032312912609928 0.54833202674084558 0.092475125322162399
