19 867 1 0.27172012513406335 0.28787320387687415 -0.67904647299911725 0.61821766360583041 -0.023198814411766171 -0.36439464958011641 -0.77481633821513507
18 824 1 -0.035724457814574603 0.54672385438771032 -0.64469831113275289 0.53308618231940363 0.2569614708956004 0.51972009994493495 -0.74328722796478153
17 780 1 0.20030558774170462 0.26876759018584834 -0.66614938624119746 0.66624818888730808 0.70788514579952022 -0.24963846912382981 -0.52567448143580897
15 693 1 -0.56813670486959456 0.13350001926915517 0.45425225727788465 -0.67309235339067774 -0.42978494732433786 -0.97595449507714349 0.25534093909207933
14 650 1 0.49034645017247053 0.051359226464919749 -0.47791940527473209 0.72699080511518732 -0.4996952765114645 -0.92807332884364002 -0.1608696878968823
13 606 1 0.40263229374101495 0.18451768741702568 -0.53542195215781374 0.71914100996580466 -0.49661215641916928 -0.57810749200856137 -0.43923579962282949
12 563 1 0.31771248008022246 0.26382691383998563 -0.60552607851807672 0.68028840043724337 -0.57617401914812194 -0.37851474476889357 -0.60270518111982663
11 519 1 -0.054386336150598159 0.48867966399711998 -0.7658167389739895 0.41443821583321749 -0.51785752254391515 0.52678412596557689 -0.71178221461470415
10 476 1 -0.066539839370035408 0.60369206179980317 -0.75017691614226445 0.26146307346123382 -0.94741729122258822 0.75325470519792104 -0.41878718399328141
9 432 1 0.034194608815649188 0.62439018264584267 -0.76168948433450145 0.16969607537499912 -1.0084858317018404 1.1334532523962049 -0.17424792789933186
7 345 1 -0.021252751021154859 0.65297874080305296 -0.72254435667137817 0.2260458742725393 -0.19365259171693427 0.92331781478830621 0.24031786854832698
6 302 1 -0.28648773074478523 0.67485570362442537 -0.66362105552146955 0.14866625066522632 -0.21330118350271429 1.0298663474719969 0.63788633793035432
5 258 1 -0.50046322435074309 0.61688767013317825 -0.50276306067414289 0.3409038989681481 -0.500114294187046 1.0564824240651607 0.24150582873811527
4 215 1 -0.22273666278335755 0.61272322211773089 -0.68957333850673297 0.3153525692783829 0.040963042465677744 0.7934671194396592 0.040459221757349416
3 171 1 0.052356713318232197 0.42903649159035268 -0.7467701872186745 0.50549060420124492 0.2616509463920827 0.08139395248882042 -0.14278870947499261
2 128 1 0.24362778405345786 0.32194257915128072 -0.70545632315398143 0.58252026118298095 0.088592451145658654 -0.40798650094485744 -0.3022819173774704
1 84 1 0.38036478679386437 0.32357641160198969 -0.58783371917554361 0.63645302530688475 -0.25287041110228098 -0.35352750990970372 -0.19805249317473636
0 41 1 0.31194648725605018 0.3709605232049174 -0.61757138459949767 0.61942171760118681 -0.12771604891657135 -0.12196909063172139 -0.08974001745401769
