19 868 1 0.28395351632636545 0.30215445049765283 -0.66916903416009776 0.61667324599952933 -0.066897858677536795 -0.38350024706915337 -0.75911187656658385
18 823 1 -0.037797327822377276 0.54942242144062226 -0.64521843943092572 0.52952764823579512 0.27299028339316372 0.50667458443339308 -0.77765517711735188
17 781 1 0.042492706135874234 0.41065472663974784 -0.70505615987142334 0.57658726732477039 0.5547762131773516 0.37414859145360285 -0.53520445405483386
16 736 1 -0.53823658550082998 0.13378182169083438 0.48835499664985993 -0.67373080637640803 0.015300345206479819 -1.137188888198756 0.24332565127182185
15 694 1 -0.56499928498982133 0.13873694731714672 0.46177100307307301 -0.66954866001732682 -0.43698006075375462 -0.97849134179918795 0.26906240946273685
14 649 1 0.49123298509240465 0.06436985570792482 -0.48811254734602411 0.71853518853061171 -0.51141693191097071 -0.91244454779294315 -0.1773375951943344
13 607 1 0.39578858419601803 0.19348346383795664 -0.54430013823128132 0.71389978663870302 -0.49999725255077898 -0.57752757753536765 -0.4434684167129232
12 562 1 0.31302957922348673 0.27982020085236975 -0.61350786806264423 0.66882077834898013 -0.59383504831530687 -0.3658789907751101 -0.60844406463204015
11 520 1 -0.059637200925405157 0.48770872276258664 -0.77320840396399892 0.40091441735925942 -0.52010347863485251 0.54854163795568289 -0.71217165171976093
10 475 1 -0.06364363881743651 0.60955336235730762 -0.75190288499190672 0.24297373771217329 -1.0116628238239767 0.79211276285321042 -0.39599704317846962
9 433 1 0.062976225401033301 0.61831285832145166 -0.7593595307596992 0.19260401686622339 -1.0481966023545262 1.06728644423031 -0.23126651818047381
8 388 1 0.041168642935675202 0.65487892784795232 -0.70941005150117931 0.25724717982641798 -0.7745072907037881 0.90398716993289741 -0.22538156735670409
7 346 1 -0.02279724190686537 0.65745000551718857 -0.72152634740961574 0.2159618160708672 -0.1899315658410097 0.93048075206990266 0.25646532635107216
6 301 1 -0.30239228878081331 0.67728088870373626 -0.65722627586806492 0.13380255524904169 -0.23216912262852485 1.0269932610887056 0.69021861954734021
5 259 1 -0.49681783141908659 0.61967315304691284 -0.50495982761150104 0.33792424931557763 -0.50932571545498739 1.0732956622662191 0.27518560807163722
4 214 1 -0.21677279337387717 0.61416097417747328 -0.69357576500223705 0.30784494806935658 0.04912830138184212 0.78762498268864956 0.046212912922650569
3 172 1 0.044302628851941368 0.43922695795448469 -0.75140399290322668 0.49041716520931883 0.25417697519688254 0.10345785242546277 -0.12432410262001038
2 127 1 0.24459271432564617 0.33050466272940232 -0.71091348665412668 0.57056383210488348 0.074724520671283878 -0.40471275183299582 -0.30141372413246725
1 85 1 0.38058193586683065 0.32673921609873902 -0.59677476679797092 0.62630563822167895 -0.26021877183775494 -0.35159821011469988 -0.19298276359102934
0 40 1 0.30375158262126389 0.37240466555429425 -0.62932899579415003 0.61073296634552032 -0.12715627937275539 -0.10419716495045529 -0.080881820802493204
