19 867 1 0.51880516818584166 0.39975055415060756 -0.59134598069638156 0.47047914197568574 -0.66020338527147193 -0.39345563649762494 -0.27473320221697001
18 824 1 0.43557523892418781 0.44506201828854614 -0.59454368946787672 0.50863721101290593 -0.67111239682531865 -0.11942824346725824 -0.21485612697655601
17 780 1 0.16847677572438968 0.65652853908285047 -0.65516750466213935 0.33367857924361499 -0.71447817842552463 0.49286228230065166 -0.076191737644499505
16 737 1 0.034442677348618507 0.74640561004682759 -0.62063121830184553 0.23771676031960653 0.057513419698435417 1.1962824257639761 0.37486731919288274
15 693 1 0.20102370646343343 0.70884886902950894 -0.67348506043164302 0.059503140174914017 0.03913581420126469 1.4741420482010639 0.35798494132412106
14 650 1 0.0070408420371459767 0.70746232291705846 -0.68199157780833231 0.18529699402502248 -1.036738472631076 1.095762767944088 0.55615679784207339
13 606 1 0.16490472514389115 0.61620309111369331 -0.66685671622144571 0.38523019372512524 -0.85532475319846679 0.62785038634890522 -0.1208069095119641
12 563 1 0.38307684096398037 0.40756820335769295 -0.71106343570696506 0.42606230052592853 -0.63333919955236384 0.18876779653599646 -0.24025111477814251
11 519 1 0.43216502131170037 0.3081633137149547 -0.66930711308042501 0.51990071630535717 -0.55463780008983177 -0.080934228499812896 -0.32035015307254949
10 476 1 0.45743182852465664 0.34172835476673713 -0.58495247075752232 0.57602817705011478 0.035875337671399506 -0.38169080104344189 -0.26752354428205782
9 432 1 0.34778893632959207 0.24003651336383519 -0.60610313796223414 0.67384294473652939 0.57230853630712686 -0.67998020025698791 0.096074198823500989
8 389 1 0.44964257296239196 0.28751640432247111 -0.52596927596860721 0.66220253288725528 0.17752925629102881 -0.8548226053941399 -0.077987865388929045
7 345 1 0.48852490021319328 0.2301150507668546 -0.53788733676338851 0.64735438380522825 -0.046551830963618562 -0.29487399468016678 -0.14391406248191915
6 302 1 0.30113641437662575 0.32750669312756164 -0.64711654280377384 0.61910936507432202 0.16459798859606886 -0.036668432285260753 0.13322555646993889
5 258 1 0.22317787194831037 0.36436955086929662 -0.68508242805226705 0.58999028351824678 0.55960257715985495 0.4409788380475918 -0.058399336893608114
4 215 1 0.040751937639848475 0.55526648347343088 -0.67441859251817071 0.48495151713904122 0.33851585262597639 1.2086162212916276 0.12459178549664864
3 171 1 -0.052915117196266022 0.59025152557601768 -0.71479470173830029 0.37131073414883053 0.055492984570000917 1.3297867347041818 0.45351828194710159
2 128 1 -0.022867595430221457 0.62023964604725224 -0.68527896941705302 0.3810152078659339 -0.19551702140005428 1.1104581523154631 0.3374803282493648
1 84 1 0.12981817285779812 0.53453503083369169 -0.68982610284703316 0.47070106292461411 0.013537257315998124 0.64986772252526526 0.13731143430951404
0 41 1 0.26426988662303869 0.4504458656878978 -0.64989966125331056 0.55216879612285141 0.041546828430617952 0.2601345649852671 0.16691683820944672
