19 19 1 0.22528739917639459 0.33055417293419276 -0.63522467645484026 0.66065810897238753 -0.44393617817580916 -0.48982957154595058 0.35339184573593047
18 18 1 0.38363076705592286 0.19049827151902776 -0.59097877563870937 0.68358022927884565 -0.61905568199829952 -0.45434128465575085 0.48789190799447807
17 17 1 0.37055933366519545 0.16190457967064092 -0.58575605592240665 0.70239770092555542 -0.58919936376574022 -0.35717250272194151 0.48801117870474131
16 16 1 0.10173495752739965 0.3847500614412267 -0.68872932847006918 0.60602747523774703 -0.46946222265016846 -0.41857915394909828 0.18482650559574723
15 15 1 0.10808629671042626 0.40609877853504023 -0.70048514551077679 0.57682033203981287 -0.33280293377638331 -0.39127903788127777 0.2789418291970035
14 14 1 0.013737052276638091 0.37954012349457461 -0.73708527810827718 0.55898647644510646 -0.16351996434198701 -0.35343020112678075 0.34749281758804451
13 13 1 -0.072247223590461027 0.39208363249909428 -0.72475682616431258 0.56194155099798204 -0.023485308528061834 -0.26397124553534357 0.32540481841432567
12 12 1 0.15363197263526973 0.19296700342633621 -0.72228056153026221 0.64612053287941984 -0.16368152978416781 -0.38465736807019946 0.35202850602635066
11 11 1 0.2198050763597971 0.10325924091494287 -0.72156620535755145 0.64835597387394939 -0.26695432384074991 -0.41987861647417357 0.34709295284636205
10 10 1 0.42835505892599224 -0.09981311869742511 -0.59553052860518951 0.67222962916523343 -0.47940800121078014 -0.30985275828984238 0.42710131212983621
9 9 1 0.49708804015599445 -0.0041301494708854926 -0.5157470463752396 0.69777604312160013 -0.47209222835545156 -0.30230367615677106 0.69853679910741673
8 8 1 0.40941910876837817 0.039475963694450361 -0.57519192063475455 0.70708690845058331 -0.41059876157455971 -0.25916244658031118 0.68376021886168126
7 7 1 0.19677063153178914 0.24107010603051063 -0.67910148655675018 0.66482155011809851 -0.22044500877031922 -0.37341827423104501 0.52518687747210302
6 6 1 0.053555148516361881 0.35932087153867803 -0.70593040772773785 0.60801530966697304 -0.079510344932423371 -0.33778368736191494 0.37274973524849103
5 5 1 -0.068548665250538515 0.42423276844659058 -0.7213965079562501 0.54306050949874751 -0.035297909251253208 -0.26258115623761075 0.26962195162099789
4 4 1 -0.13665633040642416 0.46942132114300367 -0.70691668579400357 0.51111395007593885 -0.019643540662373008 -0.26736034643324041 0.049952892763319406
0 0 1 -0.34800770889533333 0.60619121002573106 -0.64119262153761214 0.31669365879771827 -0.015473551398398792 0.022136637142747263 -0.030559836046047895
3 3 1 -0.23835991708738086 0.49597429899909284 -0.70417396710878244 0.44870153632981352 0.021738949321239754 -0.20783585030490936 -0.0095729709846329274
2 2 1 -0.27810810743923581 0.52375021431375679 -0.67312482180729749 0.44186487510295958 0.028613792990293912 -0.16104805211678599 0.011688772942167735
1 1 1 -0.29693491047972786 0.57820936600884565 -0.6591472626239866 0.37819105512075518 0.02266015663158024 -0.087860423827066145 -0.010377574369729381
