19 868 1 -0.26348953717085949 0.72443956575740365 -0.59438908423045012 0.22904627461366298 -0.55564664551667842 0.90447176108127658 0.31884621465425494
18 823 1 -0.22749103050198227 0.66310700462448535 -0.63937076351172439 0.31581950260476899 -0.40326962738016769 0.87474530777241699 0.14501046552275726
17 781 1 0.028677658373116793 0.60195689223867244 -0.66746495647700455 0.43739687204156424 -0.091988616125345909 0.63329052992282875 -0.16825632784468841
15 694 1 0.29745033156920475 0.53097331167813278 -0.67597983729474864 0.41550198808897626 -0.42680830089075888 0.41364495310801846 -0.57731747793142829
14 649 1 0.21769532615154669 0.39711621634309757 -0.75713763287949853 0.47079726057693205 -0.1441762359569127 0.16627518291452384 -0.59338802110473865
13 607 1 0.34281786802128128 0.29498911522654153 -0.67958753751477508 0.57759684046730186 -0.37489192941352706 -0.1866399317618761 -0.52725063850139542
12 562 1 0.3691218490123887 0.35053308096878194 -0.63480594006612701 0.58128911755250467 -0.44750252592930506 0.12643124121562019 -0.40970834557540547
10 475 1 -0.0244847596548242 0.54968247019301553 -0.77091324004856643 0.3208464661251102 -0.57765626181420349 0.93145193865296605 -0.093635733632446289
9 433 1 0.067389192304825651 0.56334090177724461 -0.75032577372717602 0.33928890112412863 -0.24249386841091944 1.0044877114276707 -0.0014953829042248911
8 388 1 -0.031056618978276884 0.59707464712589298 -0.66197531217306227 0.45202437793829814 0.19518715274452689 0.7572010341042037 0.22608997728141025
7 346 1 0.13365598611353879 0.45208600284576372 -0.71315313784818601 0.51881299654523283 0.57530155142895523 0.23565904003857147 0.34794345364020435
6 301 1 0.19933677413660078 0.3493154682219215 -0.74499072331176419 0.53219580636935515 0.52946858706810696 -0.0095471983058255279 0.079901976282256204
5 259 1 0.065793071759124994 0.43644807858475715 -0.73374869332673831 0.51652415379096883 0.43093901908223053 0.44201273778659206 0.064006782348770525
4 214 1 -0.10664600213421806 0.60548437096131669 -0.66525986229810918 0.42360904424418033 -0.21031396369678729 0.71768800764305418 0.074915736228576446
3 172 1 -0.079976062384034055 0.60330726186993711 -0.69775877126780195 0.37783180694508983 -0.33939816045305921 0.70300540033298708 0.031981457798193037
2 127 1 0.038621815412279444 0.55340744857280555 -0.70564414230935513 0.44081163285794989 -0.1740428771333154 0.51715093872435758 0.054903947720735036
1 85 1 0.16433572287255405 0.46774983574087919 -0.70163094350226318 0.51177913250977691 -0.031375181533036853 0.34221654876395957 0.078989311732096876
0 40 1 0.24336836678673382 0.46811011990839202 -0.65766107605345503 0.53770499600721633 0.039748534964114395 0.13141109812159446 0.075146147063010427
