19 867 1 -0.26303455009775834 0.63898327768039065 -0.67567060615975916 0.25687045036632417 0.059127739893911249 -0.33293851872018604 -0.71027709705185915
18 824 1 -0.45870885799654104 0.77031961650161551 -0.44273301114402108 0.013466732033472789 0.27833596992492821 0.56451080810001064 -0.66854392283648889
17 780 1 -0.30061615599958225 0.65815786129589804 -0.6211434529736064 0.30106306182338161 0.75712887508025395 -0.20591215534057111 -0.46498614745049782
15 693 1 0.10877702278447821 0.36503983063422424 -0.724412768655189 0.57457777713204827 -0.34545666907751338 -0.96217130558963093 0.28165310353683665
14 650 1 0.035556256658365988 0.53575226872060322 -0.68701606945087801 0.48960614731581686 -0.41512134703596071 -0.8906272564340304 -0.14580557225770599
13 614 1 -0.084391584868660705 0.64258090137927404 -0.63958093908866676 0.41340545223837399 -0.36880150956177216 -0.56551152903169244 -0.41939062571572605
12 563 1 -0.17644341107382572 0.66331996304923102 -0.65701066993242274 0.31178731357120482 -0.51043927418340329 -0.33049097798748467 -0.56693391650830105
11 519 1 -0.55439542342720816 0.64915407447460594 -0.51943607293245231 -0.037826818693838714 -0.5005644400663446 0.54156238484098085 -0.62698550651508578
10 476 1 -0.55338828412443319 0.6283717197920814 -0.49708197396858023 -0.22763984693997991 -0.92132530308922633 0.76669603696174304 -0.33690223456812812
9 432 1 -0.50255445564786894 0.5738740460887195 -0.5589395616240288 -0.32510638994915964 -0.97008649310911166 1.2405953588671896 -0.038495288156813114
7 345 1 -0.50730471070071947 0.63891087480105646 -0.50293284351878331 -0.28547045288771838 -0.13483664826265393 0.9481735057595394 0.31395118383435983
6 302 1 -0.65676173536025262 0.60406844735837939 -0.28201849554986175 -0.35246404361355638 -0.18278252306192611 1.0157032075329062 0.72003340398714499
5 258 1 -0.70234601643503347 0.69023315852125644 -0.019560594424848771 -0.17293248168391201 -0.53567410257309611 1.0510877601647219 0.32661259744526372
4 215 1 -0.6275703874437204 0.67128595287839365 -0.34524351832178735 -0.19062395266251186 0.05714562153429071 0.79930041392746265 0.1264516413628291
3 171 1 -0.46588304659252577 0.66609999017707167 -0.57825838829053811 0.069864342517487327 0.29460817969615977 0.11556064745749871 -0.067905068049899389
2 128 1 -0.29907303970746563 0.63887098274315013 -0.68085445025228963 0.19706953569892779 0.14270228942344287 -0.36162928574651698 -0.2466789734078968
1 84 1 -0.11669771697116278 0.67503216327301907 -0.68852329585316396 0.23801027807252984 -0.18324966758146277 -0.30621421456498715 -0.16895967220768657
0 53 1 -0.14886784383693163 0.70946849710427584 -0.67365711875449019 0.14380161000260666 -0.11105884805984219 -0.056557642920805735 -0.061452973606078418
