22 22 1 -0.064184753074023035 0.68023427068581499 -0.68800181698019713 0.24457136849866815 -0.14765624927115206 -0.11184158951497263 -0.21400857991491135
21 21 1 -0.0071159499886541125 0.70474775667330203 -0.64913324664967353 0.28619222703239389 -0.14926629407528128 -0.27996974591270163 -0.14883154449996849
20 20 1 0.064546001519601659 0.63189983644082515 -0.65058766494004738 0.41625965528951581 -0.12525890787704433 -0.50533003729177617 0.030817649462869159
19 19 1 0.025101985029282913 0.60599201421758098 -0.70002994133000995 0.37696372543470513 -0.022616993626263716 -0.55096172864134718 0.0085550448578426974
18 18 1 -0.0087747555176417857 0.63336870190375472 -0.70785027783870202 0.31259410627526324 0.047173793790332902 -0.45826284123350891 0.045082775561971364
17 17 1 -0.0021626459834035434 0.59885333203348523 -0.7284976322519704 0.33265779635838388 0.1987023500336908 -0.47961442025198581 0.1305509449422641
16 16 1 -0.027999355537406137 0.59216686079325376 -0.75181728272896031 0.28866107887589537 0.26699465893444568 -0.42923864490030006 0.20745754483049417
15 15 1 -0.079845456554957714 0.6333508374104897 -0.71680390154611373 0.28050594743646928 0.33758825529672021 -0.19847073123980347 0.2705625474714477
14 14 1 -0.14567169987322262 0.69757471116631453 -0.67442222895141368 0.19319403534655438 0.36547342425960455 0.027480723498644482 0.28170247227018114
13 13 1 -0.19207045310553195 0.71867402441672135 -0.64957325324980431 0.15707060939263953 0.20872943463078791 0.23102298040358957 0.40767379020418337
12 12 1 -0.17620892814453168 0.71407505594631349 -0.6672663348516602 0.11748560120736759 0.066449030741135215 0.38920892216248321 0.22897597386945992
11 11 1 -0.18673960440668638 0.70893986516955476 -0.66032071229891054 0.16281629104136755 0.036753148783319575 0.24340825870563698 0.12638505868124428
10 10 1 -0.14988330930856442 0.69135273217529514 -0.6835196676555908 0.17990902487773855 0.046154116177251792 0.080161373263740607 0.13697315819733752
9 9 1 -0.12924141901660979 0.67672223294983369 -0.69459299152837073 0.20708513022820599 0.036907914232844209 -0.067853132989528164 0.12223933484258322
8 8 1 -0.13684883490498548 0.68767943265854536 -0.67624648376611041 0.22596479256189705 0.051160191887433891 -0.12459645506606784 0.065354644892094457
7 7 1 -0.17096596144660184 0.68851925282205328 -0.67323544017594827 0.20848482105682803 0.0011241332216073818 0.0062876641298617387 -0.01193088981293086
6 6 1 -0.16854411676525272 0.71611782316789541 -0.66878441108173392 0.10721732853953184 0.02041525857785316 0.3093083066295938 0.22536577213609829
5 5 1 -0.21342099235932274 0.68484026553465005 -0.67943245655891982 0.15432701544805263 -0.026788514654992102 0.22689310225499804 -0.11863299177919494
4 4 1 -0.16508329707402519 0.66515593833427589 -0.68431560690345272 0.24905267088344485 -0.025114159801281212 -0.079103653646398306 -0.25141130458848066
3 3 1 -0.11916644497899331 0.66170850972653861 -0.68301467905484903 0.28536319794632553 -0.075781874013088404 -0.27604282805345126 -0.25384225375255476
2 2 1 -0.075229776651933866 0.6118982694969427 -0.72994004538466928 0.29514152306202868 -0.031959654643053621 -0.36364313929692149 -0.17872479958960111
1 1 1 -0.053655119103643262 0.60895015111345119 -0.73629130618209049 0.29013092577929361 0.014366093865886803 -0.26882323845138673 -0.12312241927357477
0 0 1 -0.08801600322925679 0.66367887875353027 -0.71421499646542397 0.2041579484024533 0.031503721687877143 -0.1141140957441564 -0.18080906930468277
