189 189 1 0.57826573970493578 -0.027360232809507522 -0.41132021110348255 0.70404249579261879 0.82764435728915131 -1.4561862485873951 0.50559527125001535
188 188 1 0.63017119799136778 -0.00029806868809820197 -0.32987151258026626 0.70290038950422329 0.74937905948762962 -1.8449387574524747 -0.013725239565614195
187 187 1 0.65648065914625031 -0.048238414152697986 -0.296489898776163 0.69195371195668731 0.66997350216946638 -2.0269644333378611 -0.032733049070843206
186 186 1 0.66585390621320617 -0.094926193014022345 -0.20967244783309022 0.70969363677586939 0.68467342463894842 -2.1938030835620057 0.068898567368977051
185 185 1 -0.70501524081503564 0.1314416300578993 0.13112494113149809 -0.6844580760861112 0.25947811137901783 -2.4683382031662386 0.13948324678352958
184 184 1 -0.73618178257836731 -0.077480666729868641 0.16656053763640602 -0.65137601781544263 -0.15457571191244524 -2.5336774658947658 -1.0580797441797138
183 183 1 -0.72773558047526388 0.027784162450620802 0.11757387529778558 -0.6751335786899576 -0.090700773615348868 -2.7005278379919622 -0.49042383511876486
182 182 1 -0.73776484652590246 0.13211708158189625 0.10023642358219509 -0.65437051230350007 0.01068630811281661 -2.7820322228955976 0.028669968528845624
181 181 1 -0.7596704553657958 0.14746948800109896 0.10155131027197614 -0.62517268073314192 -0.057514367191514676 -2.7427463910751513 0.2051095742573372
180 180 1 -0.78603497815621559 0.28355944407467387 0.051618398063723529 -0.54688078753267122 -0.87669116432573391 -2.3104024871844908 0.68468200441996885
179 179 1 -0.78297898761867635 0.306001174424885 0.02447693492225396 -0.54102501407516812 -0.96904399950007869 -2.1050767783981938 0.85825277908287512
178 178 1 -0.77450944083031681 0.32095804094203673 0.021970288126848238 -0.54464517665998236 -0.88212015615670381 -2.031457647313998 0.96013046001878843
177 177 1 -0.71435381763328487 0.080932601793721054 0.13699321588000105 -0.68145535143727953 -0.048182982280124471 -2.2897802035219197 0.10418548797673866
176 176 1 -0.75187870937917445 0.44611721692537948 -0.13783591970403994 -0.46546653411862193 -1.1111731908577727 -0.9191727408105631 1.605932810884767
175 175 1 -0.74456254466382354 0.46068504680090261 0.057646344468637298 -0.47965904943739501 -1.1422058560230404 -1.3999703620296158 1.127288434927334
174 174 1 -0.74191199812284803 0.13458962847756253 0.10961160591669615 -0.64763995768945415 -0.29395678126800845 -2.1060057291038263 0.69010106882665512
173 173 1 -0.72481743557928524 0.36081545133115178 0.1068121354148524 -0.57709883286061603 -0.95197789956925372 -1.6729324417648019 1.1702393732911418
172 172 1 -0.71746886283086153 0.41467278737527891 -0.017211417221606903 -0.55945390998350431 -0.9457745843003329 -1.2408259566530206 1.5110660335895976
171 171 1 -0.71880272951513735 0.4513091792014538 0.0023774233461394444 -0.52880715640801579 -0.94735785562667008 -1.1588535330821288 1.5886037482600512
170 170 1 -0.75225324711813324 0.43005408878171009 0.071416985143792425 -0.49403253653512458 -1.0496111622182036 -1.3158244402590857 1.3896947048513923
169 169 1 -0.748009842193057 0.41119472705885746 0.11643960916441511 -0.50778143904533168 -0.89133716291162757 -1.4059953121556208 1.4000305134491964
168 168 1 -0.75095083366944226 0.32518785232583958 0.12547684321591232 -0.56087544778448539 -0.56947283094899181 -1.542477644146002 1.393316563588346
167 167 1 -0.70290534072483124 0.26555088365700708 0.16978725160149358 -0.63763555371630798 -0.10484315659758944 -1.4178210066386669 1.6463540175560021
166 166 1 0.65341132348989817 -0.10857208188891475 -0.32465000418784018 0.6751800649829065 0.27159976932181706 -1.9838707565656573 1.068122455689877
165 165 1 0.59925666032625957 0.13617060349567073 -0.42216607267169337 0.66642691188396741 0.46944175565464896 -1.6195742438737224 -0.5476257997280144
164 164 1 0.63460491718424528 0.093467934184546381 -0.34067343994417199 0.68737322589802352 0.40560587444236262 -1.2495430935939698 -0.23497708067848469
163 163 1 0.64973838904014514 -0.007553066445263869 -0.29863395892225625 0.69899981085348706 0.44113662580869095 -1.1090650386261016 0.095040277317676183
162 162 1 0.5783607514585456 -0.045277829858069919 -0.36727619022149888 0.72701922903870408 0.78720264917149096 -0.30090819275536917 0.32827772449848797
161 161 1 0.56666375215902653 0.0041630900257621384 -0.43713185102237168 0.69842007809930973 0.79688547689425526 -0.56213812769798588 0.28847985584419178
160 160 1 0.57620594956747073 -0.020275431847749235 -0.39274140572266181 0.71647037536622837 0.63461790043256128 -0.90864595547809113 0.39331676640241015
159 159 1 0.58931847224834333 0.0083552245215125168 -0.4140167891851777 0.69370312581310312 0.63637975271480574 -1.223148303180762 0.3433545893026072
158 158 1 -0.68123781230900926 0.17678702014395126 0.21291573687555601 -0.6777376200121964 0.27224859579910377 -1.1672015398000637 0.95741922736993812
157 157 1 0.67689395625868343 0.075552351123842176 -0.22845735526882927 0.69563902351988494 0.77707895731924903 -1.5159932607193869 0.52324669479327568
156 156 1 0.57829941978919142 0.11033614282330775 -0.47092564262243714 0.65698154904000439 0.72976662118375224 -1.792742077005302 0.10596164383123961
155 155 1 -0.74761395811310161 0.071008293237721773 0.32028622001245649 -0.57744950358975933 -0.38365232006166683 -2.0255405051442015 0.51767857629012326
154 154 1 0.61954201615625215 0.1101163132644349 -0.35257019603016249 0.69263002002609442 -0.12634668027850127 -1.7161459368276966 -0.28053336058447215
153 153 1 0.61922746595885003 0.13766142015557237 -0.3909012348939418 0.66693545666827725 -0.10179917979880906 -1.033138034339661 -0.41622361689181653
152 152 1 0.5548783249036332 0.053464389802067948 -0.42723060000104696 0.71184662533299703 0.22321467334649892 -0.81435645634802556 -0.14373718999028859
151 151 1 0.54889608899960407 0.037774138825148969 -0.45101683462918418 0.70275885821384576 0.27274165126642935 -0.47624304473485879 -0.10195631051358263
150 150 1 0.51979022521795204 -0.0081605715619507777 -0.56519281436355662 0.64055336189224343 0.50751132468764115 -0.33691531685249093 0.16415168931910595
149 149 1 0.46095840625113338 0.16006304798625556 -0.55092574916781611 0.67703617870808463 0.94267763973868368 0.073303826574306813 0.23207685249026438
148 148 1 0.047107871174506058 0.50012065584410947 -0.71608518546585886 0.48464645384836008 0.40101267651675826 1.909824782410688 0.65420788815482944
147 147 1 0.03084807627728034 0.45879434690298132 -0.71204244970953745 0.53061444877754604 0.65133775713526187 2.252955618860458 0.65527086858205019
146 146 1 -0.044292915900832099 0.48444048986534061 -0.72496423126008003 0.48762938054788263 -0.10813348179150301 2.1071596013884255 0.7688664223243914
145 145 1 -0.0054509948026711299 0.65110686292920195 -0.69103601748689025 0.31384608048853069 0.089982848079605354 2.1029365706417043 1.4408438416757274
144 144 1 0.15227354361620651 0.57877108168678681 -0.67748450255810544 0.4276114494623201 0.51595344295485412 2.5947014970045563 0.64404160121185383
143 143 1 0.33407454914449308 0.60639115623029483 -0.62262551739487559 0.36472102537193213 0.33003263459200399 2.421817068471336 0.08247503533348724
142 142 1 0.14130586140537971 0.50287797997939632 -0.62779172259981519 0.57708226780891669 0.3887300991477407 2.8088555847049026 0.18044978321678154
141 141 1 0.12182611609986392 0.49249162318878026 -0.64577290697589596 0.57060297154922335 0.45426659027413968 2.2171240476797789 0.3599167730618506
140 140 1 -0.74685767742651399 0.10904371491557614 0.064086790902932844 -0.65284451528541421 -0.20487562906323831 -2.7576909568245314 0.026976486799308176
139 139 1 -0.8038406228445536 0.25447297480604514 0.06261356672697177 -0.53400683461915455 -0.7748110993626619 -2.4527930459972662 0.59003302578665129
138 138 1 -0.68916574455773982 -0.044193107888373627 0.23528579708825417 -0.68391383918728221 0.14954085508641424 -2.289332578686234 -0.64778888128969658
137 137 1 -0.77842452894125957 0.41955236580140476 -0.098170995475673012 -0.45650139182738314 -1.2013811587135312 -1.2000062735804315 1.4872682765469585
136 136 1 -0.75841754964153851 0.46390250892028778 0.1309635995714169 -0.43868646913312048 -1.1147023586194444 -1.403211726111034 1.0015215381501132
135 135 1 -0.71932545531488945 -0.23821310916195712 0.17291618406455564 -0.62922603033248181 0.25943457236701739 -2.1531900667246551 -0.70558314898919805
134 134 1 0.64646116081066962 0.12868568231655891 -0.32506758247648876 0.67812906555679686 0.34254874493609139 -2.1724900046451654 -0.77643649490056454
133 133 1 -0.71098677001391686 0.00086988320133555988 0.22181078646694263 -0.66730580034592113 -0.0069445181699795073 -2.2807724643522933 -0.061754628461953162
132 132 1 -0.713744233527835 0.43208226355536572 -0.0087990395368114285 -0.55117752451443847 -0.91324314105171811 -1.2085277438234585 1.5522851168802858
131 131 1 -0.76800735256515629 0.4288313697301423 0.10237422274570375 -0.46452974206012149 -1.083472973391628 -1.3805551376356213 1.325909739362084
130 130 1 -0.71223701243869153 0.25296852508866141 0.17185492854007162 -0.63181583310594658 -0.2678319987460393 -1.6275413019357634 1.4020490974501507
129 129 1 -0.68216037797802875 0.20205005298626069 0.22354919335780077 -0.66622725323586007 0.064218072939255827 -1.6653271888917947 1.4983760001043531
128 128 1 0.66746600539982914 -0.1210522977881133 -0.27185559070638332 0.6825906611121314 0.18590116325503628 -1.9653237064610356 0.85699996066900164
127 127 1 0.60489786497121645 0.053253330085925504 -0.35607866138684402 0.71026096802018968 0.5612589795606171 -2.1260631902695737 -0.022663240211969016
126 126 1 0.61322064944716548 0.11029143932764608 -0.39246624979884148 0.67658441917580858 0.4584399513693066 -1.9088411708657991 -0.39979800294769124
125 125 1 0.63714116141096999 0.16150875111129967 -0.34984413213805299 0.66751415487532639 0.32829665954182036 -1.3700411697256225 -0.43864267120847888
124 124 1 0.62424159553125491 -0.079346563904491144 -0.31215441990531417 0.71174867146958587 0.62702959231621869 -0.99975648720032628 0.38537080741068092
123 123 1 0.58027157867556323 -0.027364971870253978 -0.4190081353457758 0.6978310940406468 0.75387746811490064 -0.45663970549864535 0.33153465135770832
122 122 1 0.57197210988740688 -0.045495033205493154 -0.37003018593965997 0.7306543430090866 0.65006260689314832 -0.75705466865180426 0.42745572949005034
121 121 1 0.59148442186261529 -0.0016392109793542562 -0.40574017491044401 0.69679150550566793 0.61967784563889861 -1.0863313542304038 0.34266238995676623
120 120 1 0.57106347454988382 0.008622341987478568 -0.41565436982662946 0.70784433888934417 0.6544417367593941 -1.3731048017779719 0.32148042500345031
119 119 1 0.68879751111885268 -0.052301741789974057 -0.17851661105720171 0.70068133702765401 0.61353996420355428 -1.3293488317166151 0.83646698655271801
118 118 1 -0.65136745285915754 -0.24145454748905948 0.36269264017741853 -0.62118772654790932 0.76312602379799477 -1.7355438187494581 -0.14686736389676217
117 117 1 0.59047702022349435 0.042897018386208678 -0.43406893037859412 0.67902937939498575 0.62457165835857253 -1.6666383508034399 0.36313298235215874
116 116 1 0.64654608944636194 -0.095409225549150531 -0.28344876833876004 0.701806262175658 0.22957546063915069 -1.82364500531268 0.83533586659674441
115 115 1 -0.73149889681616576 0.065575577154881867 0.27478348540708514 -0.62056687293560131 -0.47203909392029914 -2.0649897625202356 0.46413240972088676
114 114 1 -0.72878780087999517 0.04876543396285319 0.21916710642981632 -0.64688179229137122 -0.5797321095619129 -2.0775255081254036 0.56772411907003995
113 113 1 0.6493082695227641 0.06384618131897582 -0.3483772750769269 0.67301984403902493 -0.25474062489020588 -2.1549686955626441 -0.17051308169691162
112 112 1 0.64019876702029799 0.064991899157352359 -0.33236642144446843 0.68953183657160388 -0.19355714677177532 -2.0880532066822717 -0.094860584661703856
111 111 1 0.63932636887734262 0.070302707663577726 -0.32854253736008621 0.69164956769904662 -0.21010682895647151 -1.9594094500183168 -0.10109327916535202
110 110 1 0.61427537926283149 0.1145280270061141 -0.36117941817833799 0.69216942820811489 -0.084382298878938333 -1.476952637999529 -0.26806798461147158
108 108 1 0.63789815972386743 0.084116126763179269 -0.35382275377940853 0.67883714832588538 -0.14637558706783818 -0.9310188376233004 -0.27926264823634117
107 107 1 0.61715870044848509 0.13687114090867658 -0.4144097557685692 0.65471061055318858 0.012607683309266557 -0.87504914887305252 -0.33707859845800531
106 106 1 0.56952295313227741 0.025816379105706212 -0.40583606438549197 0.71433480194475696 0.23705341170677077 -0.6014495355019327 -0.083375880719347567
105 105 1 0.59645018231105551 0.028640415648867382 -0.40475511951185628 0.69253173201053519 0.193488933379799 -0.68960849086374176 -0.096382668164788632
104 104 1 0.56789175149626003 0.044701293832031544 -0.46894105117993667 0.6749778095837734 0.32237174522981382 -0.42426304933716608 -0.045963913974527766
103 103 1 0.54361370201868009 0.060582720681477117 -0.54422613621285931 0.63610674386866728 0.38112211503191745 -0.33471406691073502 0.0082893151386855286
102 102 1 0.49271243275799892 -0.062622304401913229 -0.57757379182078161 0.64785910551512127 0.67373583136287263 -0.29051851064473128 0.21542439196114013
101 101 1 0.44497540090611953 -0.025663049731623123 -0.60130530748903188 0.66315173803016703 0.82583514065811825 -0.38619059268021272 0.25610141212773041
100 100 1 0.085006028994625282 0.47728763771859184 -0.71042948682748164 0.51015726022630759 0.44603043995526409 0.91370858566640289 0.57086979410751515
99 99 1 0.13452207706356414 0.49162784940982218 -0.6981745354122344 0.50275062065510023 0.69451560202876506 0.9142333487077976 0.65013269263618023
98 98 1 0.099089644508961308 0.48130260641525707 -0.70298744581575712 0.5141378165768451 0.79081881646515839 0.95500098524343957 0.6619998648843346
97 97 1 0.075023324301670899 0.49427599948858891 -0.70383020193544887 0.50466403080048039 0.40031901190917912 0.81077879017961674 0.5852134887655086
96 96 1 0.11555467933071362 0.49168765573333911 -0.70018537566603767 0.50460955697215959 0.51624382138320246 1.2611623582818305 0.5020113307603995
95 95 1 0.089544821089288421 0.47680722674867132 -0.70494385409190319 0.51738839967125483 0.46750199378080048 1.0364548958444793 0.52633111602529958
94 94 1 0.062514489163849565 0.49785704991442004 -0.72856756157116964 0.46628275190203372 0.47793106085447279 1.4344555523102027 0.65835070532317441
93 93 1 0.096086586388399606 0.48484912923918222 -0.70743600004386309 0.50519599724678244 0.53451831897019919 1.6421653968635679 0.46360922123889819
92 92 1 -0.17160226884159666 0.5686172790434606 -0.77599698202139078 0.21226336281921362 -0.46787231972806631 1.4821200763146254 2.1706271751874859
91 91 1 -0.1089065378422982 0.56118939354324748 -0.79130879990977954 0.2168783386489084 -0.30468382250525555 1.687411125780192 1.9373652078807109
90 90 1 -0.042543884060603721 0.54043497399429907 -0.78801475148453215 0.29180954106332851 -0.070099503608315072 2.0175410647013368 1.8452634977812727
89 89 1 -0.02096588774363484 0.59996384670572667 -0.71772421048706236 0.35281124114448426 -0.21673422899517164 2.2789018928383453 1.6701688382744293
88 88 1 0.13062110493263129 0.43071714993715576 -0.68049248983276833 0.57823078003284456 0.60013498923663577 2.7161630184571481 0.28968788168192217
87 87 1 0.020845596595555953 0.53407879497658595 -0.70998056759449535 0.45853341808109405 -0.072733783395269369 2.6294968947106026 1.1824237010197174
86 86 1 0.20644600421261577 0.55578172541264348 -0.64068417619385387 0.48786320563944213 0.32690870531351518 2.8525973400385634 0.35190522364829335
85 85 1 0.11558182500433402 0.46065035282309064 -0.68683959542607265 0.55017584854987822 0.41694668271471236 2.7458286171684336 0.50689156359063325
84 84 1 0.012614000810991512 0.42431794738974588 -0.71326981202833206 0.55771080476852963 0.85808285125998318 2.2862375211147041 0.70059380891026835
83 83 1 -0.008350925175599308 0.38831101015564157 -0.6918917987989569 0.60863006842856571 1.1318925931628732 2.1864113489757484 0.54015952309190718
82 82 1 0.03673982154654485 0.47492568375118449 -0.71219577330832284 0.51562870450350029 0.41886668724730969 2.2123324723353757 0.63518838880336048
81 81 1 0.019878187985570613 0.60394013631495236 -0.71082639565265493 0.35998195042771597 0.081782762015014082 2.0607433903882981 1.1165133572291643
80 80 1 -0.15060752919187723 0.63039771116695065 -0.71445159012428516 0.26358115121356529 -0.35033021104027379 1.4150126840302288 1.6728516660938755
79 79 1 0.32519708978613304 0.5986125902976569 -0.64624690913863136 0.34391096516471359 0.66580632460828415 2.4190543313066764 0.18897018139135319
78 78 1 0.32503228590120048 0.63643288799147935 -0.59833293694515577 0.36236016443760721 0.6216866859880833 2.5276402632362904 0.14462319643136015
77 77 1 0.25112790908899102 0.53366803817781505 -0.64491519713134593 0.48602220814801317 0.66803289670558819 2.5701599532019737 0.11568242336020647
76 76 1 0.12571047306887997 0.57137206221357251 -0.6288811542459013 0.51209309438514272 0.24860334402370179 2.8480108099986632 0.40063677867593167
75 75 1 0.15461236936560771 0.50754710841526096 -0.63051764027253521 0.56651430104068357 0.42327696772000956 2.9071193469755028 0.16311100479351631
74 74 1 0.13363373009694696 0.50374527120895018 -0.63435085753699827 0.57094808648166306 0.38583484811250207 2.6773107539309056 0.24393971579920237
73 73 1 0.12736216561026098 0.47891484599104656 -0.63484901523500858 0.59277835395329381 0.47603918567936776 2.4553187098822358 0.1698469056599515
72 72 1 0.12134291812076484 0.48488584329239859 -0.6451353526124034 0.57789444711489213 0.45559053147885059 1.9613365500616993 0.3695644361276702
71 71 1 0.11116867640344448 0.49034657040623514 -0.67437376002146865 0.54076038877866783 0.47583528907605066 1.6307567225865365 0.53483701000354433
70 70 1 0.42001068897866567 0.26826187136052704 -0.52436090559492732 0.69041453504505701 1.0622210786714654 1.0782619438685521 -0.7130232119725427
69 69 1 0.60152859533494141 0.15639823682371301 -0.35245990100713315 0.69962486998022599 0.82476106400179072 0.030620604851900025 -1.4282755579351407
68 68 1 0.66496836394060121 0.15702096474920751 -0.24324831987425707 0.68847058504030478 -0.12817678985038627 -0.27701522306944482 -1.5654988852978036
67 67 1 0.66620126159753734 0.11047226003756593 -0.24926363577332902 0.6941465253742205 0.20226818142777939 -0.40559682479316006 -1.598366571846765
66 66 1 0.65932079388720921 0.15757765539978003 -0.27398490714663104 0.68220058921295323 0.084908466466705745 -0.15458351320890132 -1.5477636596028432
65 65 1 0.63538250048815181 0.18508881238483471 -0.31905946660973267 0.67840420574323412 0.24681138556918189 0.22112313033051359 -1.5269117509952037
64 64 1 0.61350351480586596 0.20143986557980914 -0.38661919492754693 0.65845350328600483 0.35119444202459216 0.59934501610355961 -1.6394247995103577
63 63 1 0.51261327190600237 0.35784084365391777 -0.39988174169902502 0.67027767136809036 -0.14569054327184375 1.1713679168495912 -1.5320299496786436
62 62 1 0.27062520275232421 0.54362700673073816 -0.63579937425265176 0.47643554956381878 -0.46572080865473164 1.9083065519305662 -0.1175121302716718
61 61 1 0.46034113565942208 0.40306916799215464 -0.48737950345877856 0.62296268286485668 -0.17445904910154619 1.5980343767477274 -1.3602165584358379
60 60 1 0.40699098249887833 0.41089694475879335 -0.54383436090705062 0.60808406396591808 -0.12971198238120529 1.8912932741244246 -1.1672137728506753
59 59 1 0.22694692377078809 0.53803589867962698 -0.64195001758644643 0.49690304934035517 -0.54052989476261348 2.2725945889228063 -0.12975161849417285
58 58 1 0.23899965941933518 0.52972533929807908 -0.65823421777363633 0.47853729452876098 -0.4426370722920322 2.1980542393762437 -0.079637352647687995
57 57 1 0.2458241864659923 0.52644287964419112 -0.66917949005800026 0.4632787216201274 -0.37470646562020565 2.1011494794385781 -0.028531937351171984
56 56 1 0.2336983786089081 0.55983523054805739 -0.66419777984026163 0.4368190606281257 -0.52119730217584015 1.770273368768601 0.099522568110368012
55 55 1 0.208791307651675 0.53145974219021996 -0.68371066309113848 0.45441881723327043 -0.36651235301826968 1.7428949043253605 0.12382845611289547
54 54 1 0.2228360968838092 0.52443607476168652 -0.68019713765140755 0.46113201075719773 -0.33521082107357081 1.6334629744950322 0.081740748981739442
53 53 1 0.23963545399551597 0.52313176572920805 -0.6714610756867424 0.46695613146312454 -0.37497767650149749 1.4857599265947963 0.04341601465064588
52 52 1 0.26389919075186319 0.5139061626378274 -0.64872645114387806 0.49539041644913179 -0.31618087536500211 1.3679588489457339 0.023610138154367837
51 51 1 0.60484284476774153 0.12027561354180305 -0.38601698533813711 0.68606836171832397 0.56998663253245541 0.076243003396613981 -0.72635915954948993
50 50 1 0.56038068174316102 0.1165018728190543 -0.46002245465023156 0.67880788620661936 1.0025138429033331 0.10341418021652146 -0.45514934763148429
49 49 1 0.41947588801604085 0.073446931279790059 -0.5934926576669507 0.68294362355479643 1.7777963838036126 0.18357697164133419 -0.06875544477898389
48 48 1 0.50346330825556596 -0.031950590158600405 -0.51917513770507995 0.68989929222879298 1.7668207234267908 -0.10175209245261653 -0.055763019409952222
47 47 1 0.55173328168212599 0.025591236405195811 -0.46207045607168196 0.69384895195513063 1.5170470718600668 -0.1603286001877767 -0.25035945158531764
46 46 1 0.49888372228192757 0.08083221295601177 -0.50535445734074269 0.69942694932108962 1.5371909696099981 -0.042146661681698006 -0.24488161575623585
45 45 1 0.39148948418380902 0.18964174266229086 -0.57511941388697974 0.69282728943352234 1.5198789779784254 0.22838662704707702 -0.18543100466549375
44 44 1 0.11315756503966864 0.46275466340377425 -0.67836329711235577 0.55935384516708797 1.2382247018506274 0.66798535205955822 0.13040756205918691
43 43 1 0.21188933499601456 0.36336897633367771 -0.66297937144270913 0.61929334712605488 1.393839692643764 0.57760295816622953 0.047337716997663121
42 42 1 0.33505492653441438 0.22035468823573254 -0.64609163766185751 0.64942097542423904 1.6100924332883664 0.27509998515830159 0.027631454189466605
41 41 1 0.32846280814351986 0.23454292399101548 -0.65245645860284562 0.64140655601548946 1.3754559192576321 0.34053783105802032 0.17359867940530743
40 40 1 0.35982446530017392 0.24159522138286821 -0.61321770630872874 0.66039544808082129 1.1214539123303098 0.32338812063436634 0.05447508051225685
39 39 1 0.35790376744165225 0.26482619568974963 -0.61537804154441988 0.65044741932958772 0.85952529924524346 0.382839768908314 -0.036266778987831184
38 38 1 0.41770731159235214 0.30924512492734357 -0.56764949258849717 0.63848422698997276 0.66543882488372508 0.34106140866560669 -0.23558632165546819
37 37 1 0.56993742962320015 0.24420743496585656 -0.40867505579722258 0.66971542746978263 0.3572927598479782 0.17938440288706545 -0.52497690022307408
36 36 1 0.55400487235012741 0.39216380207033991 -0.4136686280338695 0.60676553951145795 0.33861679285786067 0.28662236398980961 -0.37528737849692001
35 35 1 0.46621954098180129 0.55019237295752921 -0.5715402269479769 0.39149643845932591 0.29664132530927689 0.66360089153198454 -0.1221573326167103
34 34 1 0.43148484392399289 0.51479550653153272 -0.59638520423884656 0.43946684071021747 0.45318215191931993 0.68326416368343201 -0.096782870327129511
33 33 1 0.47051743270364033 0.45698073675137257 -0.52418981258506769 0.54314546131048536 0.52455954029437624 0.80470198548228056 -0.21552244529167439
32 32 1 0.5299865259826233 0.29992950740757307 -0.45308236722262568 0.65105525216763482 0.57166909642877417 0.79898530924789113 -0.52074304205867195
31 31 1 0.40927771994395196 0.37152218568910794 -0.53909286420250924 0.63548556023264835 0.48492637322312715 0.94528938909631821 -0.2515281389008181
30 30 1 0.13183878671689916 0.50701509514418153 -0.64456538864702839 0.55685697209540075 0.1552761649356916 0.98256843837439689 0.29242632309728461
29 29 1 0.19969202732436472 0.47329815019095939 -0.66530024933952481 0.54174489704811013 0.16215613628113024 0.99090210391447187 0.16330231526189082
28 28 1 0.19110096264387352 0.48230671072590348 -0.65198538004863393 0.55296991153966324 -0.054063758880591083 1.0456791386077469 0.031210167537430774
27 27 1 0.26074610703406415 0.5356930961192472 -0.61465266772788485 0.51695886924565837 -0.51941065071568748 1.0414695708477992 0.032545405398094897
26 26 1 0.27706181044310868 0.54535500017160443 -0.61571703013128953 0.49670636777488664 -0.41581182578805131 1.2076152794382766 0.029744751202648374
25 25 1 0.19148330528930368 0.52120128946646738 -0.6563605342366613 0.51075846419862658 -0.284980703288367 1.3026651870060491 0.17710826588192047
24 24 1 0.26237956860839162 0.50216966150375042 -0.63487670786504447 0.52527531719330378 -0.24090709312468811 1.2332923463734882 0.057280043403273903
23 23 1 0.22542516043615579 0.5353154005832923 -0.59612187199024225 0.55431005103239117 -0.40354495607383178 1.0561898250764019 0.025411347961896522
22 22 1 0.27458309172148476 0.5878700250320521 -0.59035936174871095 0.48009247380597408 -0.46050272687460347 0.95914703465338036 0.089928267861816708
21 21 1 0.3060094042616841 0.58694572131020117 -0.60344973848851935 0.44463623093175247 -0.42894635386174607 0.86108681533783338 0.11994713432126081
20 20 1 0.31124038046352959 0.59412485197105824 -0.63341957827245465 0.38590766214268307 -0.38489625995308707 0.76189867161098279 0.20561069940194407
19 19 1 0.29413721208890781 0.58180717789892578 -0.63070843129035326 0.42094011796111158 -0.32397211439105561 0.76724907412461296 0.16718225681210619
18 18 1 0.2925901795161539 0.58261003868904004 -0.62737835568767808 0.42585552536521737 -0.33133892661270209 0.76616189072604901 0.16147571799173613
17 17 1 0.22561106780225379 0.55392546985402724 -0.64961638968741409 0.46932373281308887 -0.24669360700811024 0.78050176229953638 0.14615102734059493
16 16 1 0.298311322376832 0.41396647257483132 -0.63750496724882821 0.57726036695654726 0.028179829393825209 0.64252426440521504 -0.17380814950573792
15 15 1 0.61903849389245635 0.20925171455161473 -0.34454664206763869 0.67401236967616807 -0.031417091618470554 0.20334129722548314 -0.59591252509465109
14 14 1 0.58214993821071626 0.21891742841041545 -0.38816933209118726 0.68007439196260844 0.16606230057374805 0.28309749984367671 -0.5070750879848549
13 13 1 0.58211439821487765 0.25192364660741046 -0.40587589557612314 0.6579833288626965 0.27474991472115123 0.37940317630706472 -0.35514790612718178
12 12 1 0.47589272602132859 0.49452714120391217 -0.51464582178502627 0.51391506890914362 0.16200992783893872 0.52481945725441781 -0.11297181555873551
11 11 1 0.45052207132706396 0.4714291701880185 -0.52930310205859477 0.5427915132849418 0.082932341926208339 0.50245592915029025 7.9337154642980417e-05
10 10 1 0.44701965453164133 0.42074130486139549 -0.5429212362904563 0.57305035907046142 0.23754420608351248 0.50952429134425081 -0.0025717199267201434
9 9 1 0.53671084179828565 0.17535944550139959 -0.4694832412430241 0.67880484924723505 0.4502724506347715 0.10208030171183859 0.016248028923896984
8 8 1 0.60203117136728046 0.10185729843247246 -0.3914214709705493 0.68845681892289368 0.29431340108161597 -0.18322324102496693 -0.0067077274832193371
7 7 1 0.54300897864941822 0.17612874778460039 -0.44687440515971499 0.6887838407825021 0.26792888513862817 -0.061303610505730917 -0.020424648620466796
6 6 1 0.55011400143925782 0.2096302413159532 -0.47204786449028935 0.65620161610320726 0.31682814834519396 0.0012260396749047937 0.0062889625944810837
5 5 1 0.57630717103974216 0.20167875190034631 -0.54033148617882754 0.57899707312202153 0.35144409200633453 0.043870949706998709 0.064940069591566119
4 4 1 0.4294985255123544 0.30314657180084703 -0.58749280124136594 0.61521165551189005 0.38402275902062677 0.1795919011707558 0.14487441275325927
3 3 1 0.35164929813742035 0.40210189352126913 -0.61689130316034868 0.57801553476632139 0.31870462191171622 0.29506468075939468 0.23080861690182503
2 2 1 0.36055989571811897 0.40252152999123592 -0.63145817914761782 0.55608771563560822 0.29319109902904633 0.36725877801775014 0.20909351334844004
1 1 1 0.34084939889816102 0.41096297507101609 -0.63136582573331579 0.56241293947386206 0.22787544065706566 0.43093377872120225 0.15409765174164405
0 0 1 0.32255880618600341 0.39662018320155984 -0.62465586960444719 0.59029932356198178 0.19810466271589502 0.4667153916011188 0.045241012385658939
