19 883 1 -0.21294054201790508 0.68521454817608796 -0.66115315369523397 0.21912064232245898 -0.59656269223068126 1.0152914900252394 0.30749436268007313
18 838 1 -0.29503513293739109 0.6850802996569072 -0.61060736631472934 0.2660411576369498 -0.49151601242996174 0.87124834087459768 0.23016235614495462
17 796 1 -0.073541683391161239 0.62240372206207639 -0.66614488535100602 0.40429719178837098 -0.17439019973283762 0.70674914422495172 -0.046743742056022754
16 751 1 0.15623538959900679 0.57280884711962399 -0.69004536449196163 0.41390569293196439 -0.26387893402591545 0.66396084993368276 -0.39045165237711504
15 709 1 0.35395774526926221 0.47175203677138722 -0.68743631266549154 0.42378679355876636 -0.51198442190636007 0.46614093799833523 -0.57188727027588471
14 664 1 0.1893480513910078 0.4304559372486072 -0.77558336326205179 0.42110028277475131 -0.13022554058546643 0.40627430322707064 -0.50988804990999259
13 622 1 0.30749261836255826 0.32942383586320495 -0.68919262923866975 0.56739910629185863 -0.27498756196697621 -0.19688364434854849 -0.57765173067772946
12 577 1 0.38329397256096898 0.33219302305830195 -0.63809958116061871 0.579277524639495 -0.43418411566845899 0.047294183017483303 -0.43814116240080769
11 535 1 0.31804229779979387 0.41328860622001573 -0.70791351543311276 0.47634029794473215 -0.47996810485596381 0.47651588645479154 -0.40848558642860228
9 448 1 0.13715762534425457 0.59444169966146632 -0.71240285072216258 0.34685592080350658 -0.42067433097874907 0.9878128067720976 -0.086149104979066304
8 403 1 -0.039643663268185692 0.6437313088943637 -0.64804974034491836 0.40505544799534787 -0.088455181097063559 0.8498467723347024 0.13816480567324221
7 361 1 0.067299998468774949 0.5009038065994581 -0.71253843334842837 0.48667758089071983 0.50006820296940591 0.41957568223905445 0.35703222648417127
6 316 1 0.20899716288726705 0.33893079591431929 -0.71788500372948172 0.57104047396509594 0.5309057721738264 0.0013035510870267168 0.1744558705041078
5 274 1 0.17117764204206251 0.37288525690010754 -0.74914466120583856 0.52003564939170244 0.50666470720808066 0.22977145898634346 0.0035207762987436802
4 229 1 -0.053875703934478547 0.53817541339658326 -0.67913125567067056 0.49623116640549625 0.02761079060303848 0.66710951413475628 0.026902353017678845
3 187 1 -0.12616087691064992 0.60970501029322843 -0.67549391330457054 0.39503317158049833 -0.37146353265234738 0.75176644049641672 0.027133297848978315
2 142 1 -0.002969480718259785 0.54327288031525389 -0.71961753298672337 0.4324307643037596 -0.19391853834116035 0.60435282434125748 0.0065069700205906559
1 100 1 0.14820591518606735 0.4819512466521379 -0.70618629431769753 0.49705021906458191 -0.068132242103604371 0.4137110887585615 0.050707319637442232
0 55 1 0.22565169490121978 0.46894305448487816 -0.65722119728581363 0.54519172964820473 0.015765901082861671 0.20626844771625591 0.077092858916176135
