19 881 1 -0.03225914771463629 0.57931670066959595 -0.81101243173348236 0.074902224851888535 -0.85217539140669307 -0.52720601105456377 -0.431682799268719
18 839 1 -0.0013627858437389245 0.66404537021502064 -0.73997229074039239 0.10715828501407021 -0.77164918143074901 -0.51310595632112332 -0.27317497750272129
17 794 1 -0.2717282417912445 0.69527002348549194 -0.66335743776275147 -0.05215617720232113 -0.75344765116206225 0.22974876373424555 -0.4733185173766149
16 752 1 -0.3887390145511988 0.67538650882554718 -0.54003438444287177 -0.31795896886486863 0.070591138581833704 0.78295436163808219 -0.037131207078613254
15 707 1 -0.32949966757807725 0.59741604744030896 -0.53712864689711237 -0.49600085887951062 -0.097936816615865216 1.3456744379752543 0.27568417182593546
14 665 1 -0.40210817886826117 0.60738565202911787 -0.57383865922804944 -0.37430051478961163 -0.82476747130923134 1.2235758944328854 0.31849574182245122
13 620 1 -0.40199672713759088 0.67655707061699633 -0.58835431883045042 -0.18576425135738828 -0.86299413700968608 0.7604305452987935 -0.22765205033961913
12 578 1 -0.27479331219932929 0.65736456514972397 -0.69406634972572712 -0.10311336593497959 -0.86207719998577714 0.16219311032805137 -0.29312514321706834
11 533 1 -0.12760231689908119 0.52936712322163149 -0.81967961928006527 0.17780162910088229 -0.71172516754084203 -0.085667833537259069 -0.34789300971314813
10 491 1 -0.13496731044745286 0.59640263915759406 -0.76194480314471258 0.21337252418529173 -0.36492222274277214 -0.44840212440983179 -0.41087904423138055
9 446 1 -0.14128054791080741 0.67204190096969885 -0.68480737471301434 0.243799814728651 0.57526739774705038 -0.71122513398322695 -0.12307311841484822
8 404 1 -0.11138535464261284 0.64243993041211878 -0.67414568003743147 0.34697527385979632 0.28435510755603005 -1.032686530975365 -0.0037557462206280422
7 359 1 0.039786536602282936 0.60255563172842597 -0.71765895028831772 0.346856415896582 -0.19809586874456186 -0.72913242481839813 -0.10580370409265377
6 317 1 -0.16694597607282602 0.67003038796534287 -0.69977822494676301 0.18302665425139975 0.016566695735837262 -0.29173674172758318 -0.057096736553942443
5 272 1 -0.2378604927599697 0.61769367725361646 -0.71694786800087984 0.21877536797793898 0.39061289706551705 -0.083066909105168729 -0.21287301033339276
4 230 1 -0.41061333546420836 0.72778870395231376 -0.54541492483957954 0.065137169884825971 0.52097282879705187 0.77618243234091411 -0.22248372248975942
3 185 1 -0.50185607444156854 0.71170426950087406 -0.48042640464746078 -0.10396144976788516 0.18348724996509347 1.2689923761768396 0.13899768635165999
2 143 1 -0.53647871607293496 0.69144954606982301 -0.44960791287106655 -0.17871999643099373 -0.20420934351615602 1.1462950017707496 0.17626859303897149
1 98 1 -0.43002340630290842 0.70330689087315612 -0.55798523828731383 -0.09535072697902118 -0.051729976117230667 0.69079295922486039 0.018810965279979951
0 56 1 -0.30847561063800094 0.72010569487564857 -0.61826734140065553 0.063530153522064259 -0.0070527641424132925 0.22779475229005558 -0.069658429819333539
