19 881 1 -0.22578323206155984 0.69038015119786478 -0.6502227079023658 0.2227276567468974 -0.59117432965513539 1.0086318946719435 0.29633547096645452
18 839 1 -0.30935331859890153 0.6864042724943541 -0.60588255392463342 0.25701367633475619 -0.49117969574221043 0.87237353031330023 0.24218182859706872
17 794 1 -0.065669482073549112 0.62034951603524924 -0.66433220372811974 0.41172408257079629 -0.15692873561289805 0.6873796845208604 -0.073291257141218633
16 752 1 0.14058130113094366 0.56801191827666453 -0.69203361986382106 0.42271601276290821 -0.23968818877888365 0.6499421947721169 -0.39333186165312994
15 707 1 0.35169190652847215 0.4821419400808456 -0.68674800131020663 0.41500498213139952 -0.52573731729671291 0.45450093821269116 -0.54427013562194271
14 665 1 0.17883935510098989 0.43436384072931034 -0.77830614639717044 0.41663422976794728 -0.13175491288964961 0.4035617614049043 -0.50498149978746043
13 620 1 0.30900983389092251 0.32325234392848978 -0.69422936739839247 0.56397378498035688 -0.29748262949266452 -0.2140548158556615 -0.56451317043009597
12 578 1 0.37933792531892607 0.33468340685860826 -0.63850734564804801 0.57999838374062085 -0.44780584320417161 0.024360855071135716 -0.42706095459584859
11 533 1 0.29566489614934771 0.42879981799834799 -0.71086323501401461 0.47263775386123058 -0.50608256844873534 0.47889878703981736 -0.40344952965625414
10 491 1 0.072641758305115489 0.55948785885574703 -0.73344802172037871 0.37914444500456013 -0.65640081588299815 0.84997753552538013 -0.27213361291991339
9 446 1 0.11924606469148452 0.59654990821155762 -0.7224360851402486 0.32862544934257337 -0.39549322024327782 1.000345340071511 -0.045170718969191621
8 404 1 -0.041492204437640769 0.64449852824338127 -0.65111418250936492 0.39868579783857611 -0.096541898868116302 0.85415671612360322 0.13460086889616846
7 359 1 0.068776644578673204 0.5035568842768926 -0.71009853126880529 0.48729899789321623 0.5151562770123147 0.40453601063259009 0.37288631561409413
6 317 1 0.19976268173173331 0.34381545408550807 -0.71964521892528643 0.56920696007453986 0.53615705227290911 0.0068249772000125277 0.1996155696980125
5 272 1 0.15811237308130943 0.37598164807711837 -0.75149289292666133 0.51855251389664325 0.50929988857322406 0.24773862813864175 0.018710763188360416
4 230 1 -0.054463375876332397 0.53416335498814949 -0.68362691388795005 0.49432529116361729 0.050528740722598879 0.65953342624967515 0.035641156036807536
3 185 1 -0.12857301178432085 0.60940720148777316 -0.68047231920826845 0.38606899151171148 -0.36803220261887498 0.7443870640030178 0.034893148535009286
2 143 1 -0.012411801806257915 0.54739747086155943 -0.72256435366031468 0.42202216871835285 -0.19399547270358627 0.60312242002427907 0.017035628697696679
1 98 1 0.14225799534194108 0.4756656194069665 -0.71259791256669369 0.4956905247037412 -0.057139108009968534 0.3991685180892322 0.064886185169321181
0 59 1 0.21153011092222787 0.46760002753792057 -0.66222623199826913 0.5459502212410402 0.016975445509673646 0.21363690301037144 0.093949180227947279
