18 853 1 -0.30748359847508955 0.71937064748585167 -0.56323040335162178 0.26595341875028783 -0.52523070470799071 0.86499741673735264 0.25706024117205994
17 811 1 -0.14385737075831756 0.63317697177024179 -0.64517958384028262 0.40266025864747335 -0.28788535346308775 0.78519198574757854 0.026880634474343901
16 766 1 0.105584813577164 0.5643890591744527 -0.67727434295273392 0.46001771857613716 -0.11516452644930854 0.6160802115072076 -0.29152727313291488
15 724 1 0.24761883801790846 0.54007041193685557 -0.712023764183772 0.37420718919682483 -0.42111160890426974 0.52361103037105095 -0.56048187763618695
14 679 1 0.25110220905216812 0.47746716214345719 -0.74527216111719319 0.39184460637796636 -0.24099356192262422 0.46251798301740393 -0.53497771964737395
13 637 1 0.265446802311819 0.37761519859201598 -0.70511251406415132 0.53829462141551687 -0.18096087868837732 -0.053414964843287178 -0.61232038979944325
12 592 1 0.37619847548089058 0.31832047707258454 -0.63766721537723148 0.59205346325748609 -0.40856735280040191 -0.081762175206928633 -0.46071169234405007
11 550 1 0.37095902710782169 0.3645434391018359 -0.64744999226439792 0.55705115450186038 -0.46631911879322691 0.27637147785793365 -0.44042910440120187
10 505 1 0.15996022242809627 0.52889489297785031 -0.73094833699862205 0.40049650193435066 -0.60289082606450906 0.78571598505014573 -0.31346905249841978
9 463 1 0.099744972113481586 0.54545025495850619 -0.70671894501271026 0.4394124402698486 -0.55182011075125681 0.91156134235423647 -0.33066270070247472
8 418 1 -0.0031195837086975594 0.60390403495988232 -0.67225913531868919 0.42820303564690654 -0.21483198097642936 0.90023608872707139 -0.033670806458325792
7 376 1 -0.0072893968545059522 0.50744614489290041 -0.69921178214982749 0.5035356575553448 0.3530056035006921 0.62657975061266447 0.29637234010389968
6 331 1 0.16649668950709418 0.39686487978992768 -0.70281862990381316 0.56641247605665568 0.55479795380216357 0.12669157588212554 0.2612849708888933
5 289 1 0.19018237650070352 0.3660310467386686 -0.74768463314124001 0.52040332998203298 0.52260572291910889 0.088756043597625747 0.013428728570982948
4 244 1 0.018467475766957914 0.48009567402668168 -0.69215375920153388 0.53860028754434242 0.2469557018493726 0.57689530551206347 0.034348926075434223
3 202 1 -0.10455300765113883 0.6272687570354708 -0.6514101110650552 0.41384470788024935 -0.33323387379168012 0.74150855320876363 0.045755543182780425
2 157 1 -0.038703807037534142 0.55291786466104487 -0.72261553868338735 0.41305040069317184 -0.23220925715080137 0.65494726383619262 -0.0053737105591761354
1 115 1 0.093437552028605222 0.50975797315959692 -0.71149664922714617 0.47454056813897871 -0.11119743130949263 0.4800585744054352 0.039260478140824166
0 70 1 0.21775494687025956 0.46994029064239518 -0.6668484125649784 0.53577243397177499 0.00514129842533199 0.26417589875279462 0.092529534964480797
