114 895 1 0.48005634873660197 0.17297878068379199 -0.6676824245345887 0.54205573831336185 -0.55518519679458933 -0.43665133171759746 -0.65715849018637862
113 889 1 0.5315601056978243 0.33522394525433724 -0.61460701282566432 0.47678819232878328 -0.68715966813871898 -0.39855781678045732 -0.46078768151568289
112 880 1 0.53121071567695943 0.36931646920667455 -0.60530551899996365 0.46370869065704678 -0.67586245036413128 -0.37515877393017499 -0.35146625044622221
111 874 1 0.53064003621718525 0.38077049815402148 -0.58867121968627945 0.47634144771584902 -0.66524103653779321 -0.39815820002070823 -0.2970102707052229
110 865 1 0.52782924056227076 0.38821817926006197 -0.59232738223117909 0.46886161109502 -0.66515029062321052 -0.37563148016972187 -0.26893322923276231
109 859 1 0.52444507681969676 0.3950924329787433 -0.59627584199149541 0.4618597742387322 -0.62319707743103603 -0.36103536498668654 -0.26112516676734177
108 850 1 0.52589725539220078 0.39643646002041272 -0.59517295846957086 0.46047731697013333 -0.58839650589248593 -0.31653291054668475 -0.2447466669125184
107 844 1 0.51946395926228262 0.41142132718611357 -0.54444865614219895 0.51426194433277284 -0.60369589285636938 -0.33424285801560683 -0.21581232783656881
106 835 1 0.49205571803371839 0.41670136973014044 -0.54051188304961306 0.5404517028352378 -0.66439342472106522 -0.27518934094077235 -0.22329076522265012
105 829 1 0.45324521025309156 0.44751396872458965 -0.57785502247952025 0.51027796363765421 -0.6670107483237574 -0.19056927381644365 -0.22530801939373774
104 820 1 0.44141541958460673 0.44162640880667209 -0.58847050213694096 0.51363509470456203 -0.6703523637644877 -0.066988481634458447 -0.19901470130985585
103 814 1 0.38932875645804332 0.46707919492701283 -0.61091515873696234 0.50699389925970439 -0.66646014374169249 0.00077171114162503907 -0.24389007174911531
102 805 1 0.35659529961801084 0.49594574218938647 -0.63068184842383979 0.47866274052118207 -0.68274572435477787 0.1782197316688526 -0.27794259270966293
101 799 1 0.30824351656209448 0.51604064666916616 -0.65243901676175065 0.46153148851369064 -0.6863481140624561 0.30847280957953083 -0.29432181411689395
100 790 1 0.22510052003890391 0.56890333563086071 -0.66474413538315613 0.42871200713298846 -0.72063046678761367 0.4108828898869456 -0.26298147765454716
99 784 1 0.19918836601912396 0.60504220079442617 -0.65990866926105796 0.39845762426457398 -0.72661337305252871 0.46726430457952478 -0.20762956145168915
98 775 1 0.14619620464376099 0.67133795115012063 -0.66931026389271575 0.28276455884919754 -0.60765206046350739 0.59147906760483049 0.021447020551254144
97 769 1 0.16644774096903941 0.68102653615209596 -0.66897897673781404 0.2469111890251405 -0.39446569062638515 0.71073953870402506 0.072896679809961507
96 760 1 0.13102720612088106 0.69401458406405725 -0.6775858133237701 0.20506851036888801 -0.0099066471806675514 0.76505756287166715 0.16890607508038513
95 754 1 0.10075048374594711 0.70955347135878821 -0.65423600687876371 0.2415749544364674 0.11015024965221794 0.83057210933688541 0.17581212772259791
94 745 1 0.06875468677124838 0.73284891835566757 -0.64385993051723367 0.20892497645389077 0.18353680212150492 0.9872688924159978 0.32945973763111491
93 739 1 0.031910963860718185 0.73655090095136166 -0.63009011724354091 0.24384606793064809 0.091470323660324246 1.1422544985877876 0.3714974449480371
92 730 1 0.024346981455097165 0.76089809486627136 -0.60883842032966862 0.22306297687733315 -0.0027751531030625587 1.2790043786900176 0.41973999189580158
91 724 1 0.007645058248803507 0.78269479493390626 -0.59447556224972264 0.18419885166748207 -0.077143015017095209 1.2813694093956218 0.51694384723083764
90 715 1 0.072889774832244611 0.78485597839974841 -0.60673477635969886 0.10276713993696968 0.0026232585839464245 1.3367016206411058 0.53342286156980534
89 709 1 0.10957206484800891 0.77554828397010633 -0.61839376014960634 0.064093519516392972 0.051032495077654297 1.3714772831364184 0.51982019552870984
88 700 1 0.16280225175366225 0.73781304018706939 -0.65445946066045335 0.028463290496356111 0.12896846657933009 1.4350611231337986 0.46711191262705537
87 694 1 0.18498549226258573 0.71701947429870916 -0.67027193477600155 0.04897932809264665 0.048130302349127609 1.4689993068970841 0.41422863331522186
86 685 1 0.2353600324648511 0.68051255074183614 -0.68363005766653906 0.11898851900846776 -0.12163106511448137 1.4780901072844359 0.244327735806431
85 679 1 0.20909713799207913 0.67960196633323 -0.68571245142398696 0.15562129739092626 -0.29320121828827422 1.4262733244036105 0.2605388480379548
84 670 1 0.13311851079431286 0.69135834265376617 -0.69285832004104519 0.15572556783278294 -0.57060218137800456 1.3061236146805824 0.45276223152430006
83 664 1 0.090449278450381115 0.70083756568875955 -0.6907360472554549 0.15339278851748253 -0.76404399062376405 1.2493573837983023 0.56273029920864159
82 655 1 0.020140950924439162 0.71150190734107743 -0.68280227566135065 0.16474352884878121 -1.0047899095978288 1.1107375480912334 0.59682691653557918
81 649 1 0.0089749101191513494 0.71039209576483087 -0.67948597370961616 0.18319752398735994 -1.0491160463666764 1.0740723250908688 0.55789162096029232
80 640 1 0.014200524179843165 0.69144594060481812 -0.70325388927945598 0.16472651136794758 -0.95981588815302377 1.0175455240874314 0.59617371352277015
79 634 1 0.034225632578708531 0.66970521949884176 -0.71962359475892668 0.18018159427875932 -0.90021776985658775 0.99482575432434794 0.5181458078584471
78 625 1 0.083270716588083937 0.63186444244800566 -0.71250551504645043 0.29351184841019679 -0.87588882234266185 0.93105432732796478 0.12997622432945266
77 619 1 0.12057659915988907 0.6128936325851051 -0.70184278228365471 0.34240237707704108 -0.81293684999729898 0.84034421787753899 -0.0089457057370083779
76 610 1 0.15511623329937474 0.61966735072559853 -0.66839742024437854 0.38104621402448263 -0.85085556718910449 0.67090392911138785 -0.11289556752993106
75 604 1 0.17078819051947705 0.6174971563624172 -0.6638738472069311 0.38574625190412387 -0.85681092172049489 0.58761620137644754 -0.11973969406281267
74 595 1 0.21892302409501391 0.59115251726866713 -0.6593070831433524 0.40978723865564304 -0.8127053897395965 0.46159686256643689 -0.11840970070811607
73 589 1 0.23404989292999936 0.569462880235727 -0.66416258636247127 0.42405274970149531 -0.79266717995874469 0.39378013943758339 -0.12693718311947647
72 580 1 0.26783621761003085 0.55746926133037089 -0.68326988456034066 0.38811602396837658 -0.77816510575335163 0.30560783730898022 -0.094236059942961706
71 574 1 0.31048780172755114 0.51655551464147298 -0.6917466647808449 0.39781186135716645 -0.75961011583608551 0.26009319596242225 -0.13642138083048669
70 565 1 0.363592866767736 0.4394255114697449 -0.70536310588997331 0.4209136918115432 -0.66030479552931431 0.18504139438094433 -0.22151462563805868
69 559 1 0.39663029498167218 0.3841232524288854 -0.70899688805224281 0.43869938315256585 -0.60220103355882537 0.13734337040172812 -0.27271648070287635
68 550 1 0.33523622071278991 0.36374392943154116 -0.73140397501971111 0.46942012680462841 -0.55314591816869185 0.067286014657636256 -0.33744709408734064
67 544 1 0.37121541711001244 0.34172853796923025 -0.73392953962010221 0.45471766109342698 -0.55876642465037141 0.0856156871191638 -0.28307297229691386
66 535 1 0.46659206097558015 0.25498858026320009 -0.6814880559433647 0.50283864427513092 -0.55900828775885258 0.075022166050614902 -0.24255680407026223
65 529 1 0.46926343975386992 0.26702135674632826 -0.67670887623117693 0.50055620661585454 -0.56226822195617598 0.031586306572515953 -0.24319339384503813
64 520 1 0.4346223214712065 0.3046787889072417 -0.67301571727920451 0.51509622165587043 -0.55595235707418467 -0.071938232571452265 -0.32022900848957508
63 514 1 0.43185793643937925 0.31328960259343658 -0.65972484893373518 0.52925558224786651 -0.53351713371057463 -0.11964068849883866 -0.33152966110229259
62 505 1 0.39038033590560189 0.31556426594566223 -0.63923353798822169 0.5825829308411512 -0.41962515743317169 -0.21490639028050587 -0.35186123913619866
61 499 1 0.40242378395719847 0.30667548649908843 -0.64094100646107643 0.5772346752602272 -0.3472815647061519 -0.22808851262535512 -0.33566211839904458
60 490 1 0.43004889886141262 0.28224407523447964 -0.64191282858065457 0.56863357892996724 -0.23056352877610634 -0.27399936009268372 -0.30008252503631883
59 484 1 0.42278433074079363 0.28918190722219184 -0.63943721568059164 0.57336487633796296 -0.12400428517106195 -0.32907520100904353 -0.30703075699727622
58 475 1 0.47296136532376337 0.33188539980295301 -0.56495678102986258 0.58905302297593864 0.062649523021389486 -0.4097583056175253 -0.25018830703939798
57 469 1 0.47677192488868092 0.34846663800885092 -0.52572861935851689 0.61226542660854066 0.25102502228698959 -0.43255731790341445 -0.22187067382746206
56 460 1 0.41333880557488517 0.35771489816126645 -0.56075641326947312 0.62188690966811488 0.48893414333882901 -0.40385676523461828 -0.21109014942329488
55 454 1 0.38395678307239273 0.35676953331230116 -0.57373723890795647 0.62937927319152875 0.59984430514248444 -0.41085878945772925 -0.15435730411596316
54 445 1 0.36147692347663202 0.30908275461757506 -0.58304789354348519 0.65867855470357162 0.66760020612710602 -0.48792816781786652 0.0056656973931277499
53 439 1 0.35203684955665099 0.28411870106852671 -0.60817836960249683 0.65227731142897349 0.63043745218813363 -0.58703944011882636 0.021578645451871211
52 430 1 0.3588287246275777 0.22299540055011538 -0.60791864274860341 0.67227220789969866 0.53722910468081464 -0.70623648714678333 0.098424026894880084
51 424 1 0.36677207914146498 0.19354104752745041 -0.60390033212260741 0.68067943537793818 0.4834247535076116 -0.74240648307156665 0.13490526737580755
50 415 1 0.37020326805937637 0.19305500983785318 -0.58465364108303852 0.69560004561745781 0.4451979148061474 -0.75560303101585768 0.13477042714256871
49 409 1 0.37981043131045472 0.2064647368638006 -0.57392197950510004 0.6955069447104576 0.39641149616239107 -0.78691197223009379 0.097052661024383508
48 400 1 0.40940941864164748 0.25006101953714527 -0.55690161252071557 0.67802212973278275 0.31389483363547571 -0.83308859101126287 -0.00030740853906817964
47 394 1 0.44095756552503251 0.26340572683308755 -0.55998283597473475 0.65007158982027724 0.19592626748793296 -0.86232918033094474 -0.078117319017343478
46 385 1 0.45213296604220266 0.29009185735341947 -0.50953463777028596 0.67215842494714539 0.16503575741386842 -0.83427051117470841 -0.079944831310733211
45 379 1 0.46163626717345652 0.27336696933538041 -0.51792592345921651 0.66626961113010719 0.098341370145239235 -0.78866008028687762 -0.11126428393684266
44 370 1 0.49853738221488209 0.21449594917378989 -0.51841599805585736 0.66083040129984705 -0.018769486393468315 -0.68460593920969648 -0.1062507851195902
43 364 1 0.51633942726828808 0.2058134812247801 -0.49527339334891651 0.66763663218478575 -0.042211562358704775 -0.6029207357614379 -0.090756289284981473
42 355 1 0.52628213446441796 0.20322774413571015 -0.4894538726446177 0.66495150613429932 -0.065293205162593418 -0.46625147460794708 -0.11055829812479862
41 349 1 0.49973084054446498 0.22091201447171635 -0.52762347948758836 0.65044633350045189 -0.054333996441963177 -0.36341374887464317 -0.1512057956276549
40 340 1 0.4769944920142915 0.26663811257909786 -0.54926135158240896 0.63221225800054681 -0.033015440399593844 -0.21977855704947413 -0.12801461648515317
39 334 1 0.43754685505002761 0.32340240841201562 -0.57569570480659282 0.61035898235086072 -0.0045126030649392003 -0.14874867978773579 -0.087017588732585027
38 325 1 0.39708809403975548 0.36894157494434537 -0.58367548335536357 0.60458753706915191 0.04972127977536589 -0.10022137421547113 0.00082354712395623362
37 319 1 0.37508892767136803 0.36374188795597112 -0.61058104612503983 0.59513941341287491 0.089682054177179824 -0.082903405165837357 0.049486580969659057
36 310 1 0.32908543839903126 0.37088393812622411 -0.65478631860415748 0.57044084324539357 0.13612181268577611 -0.077596647633091778 0.086963175685073224
35 304 1 0.29317440016888785 0.33507399060835141 -0.65200741372399851 0.61372675055952219 0.15925889214180866 -0.048692863971198576 0.11909184885814257
34 295 1 0.32245190050094585 0.31471858678358305 -0.64443509782724184 0.61780287121756383 0.22122869713628399 -0.026750740412220649 0.14079418186116269
33 289 1 0.32730206522105015 0.28439516574631202 -0.64718499519557315 0.62701222459842754 0.25965504658792443 -0.015176534100017871 0.11273377833061274
32 280 1 0.31055727599149618 0.2933655984527605 -0.66272905277025496 0.61504553212541579 0.37563594436372544 0.035377963946235651 0.025125721206699009
31 274 1 0.31901304697489502 0.28725221848489862 -0.67861071342864221 0.59599021674450903 0.45745045696095504 0.083233260973152076 -0.045128246907603274
30 265 1 0.28783155114760206 0.32587198439049886 -0.67734319705242574 0.59343629932804298 0.53670226218153061 0.25263869826338414 -0.093401018699161606
29 259 1 0.23492779638704583 0.35880800402847129 -0.68099311483500002 0.59356054811380099 0.55737230507283564 0.40942108663521981 -0.075722461453390177
28 250 1 0.16541338632695446 0.38523143967636886 -0.71406243011591441 0.56066923886162767 0.57654120673570719 0.59058267510869655 -0.001001472010027998
27 244 1 0.14014906089837631 0.40186684358331815 -0.71195991246075496 0.55854665320504637 0.57023556794078401 0.68462067116205294 0.0013572548536510158
26 235 1 0.099072032347144845 0.46420679731165004 -0.68583913424643239 0.55165339088269105 0.52113831995961379 0.85238122236838876 -0.01623011022647871
25 229 1 0.072805424904417326 0.48101769901419056 -0.67846405893882589 0.55046150098606761 0.49762662916670553 0.96108386839132143 -0.011190851781649903
24 220 1 0.05783256880233812 0.53134294413318417 -0.68388380856006814 0.4966215924574553 0.42290771224606771 1.1149023710817503 0.068525761354408674
23 214 1 0.03642447241075264 0.55436246223018781 -0.67584163466041902 0.48434863800697781 0.33093501952349808 1.2148241250727572 0.13894732241616534
22 205 1 -0.00067330749083531342 0.57794196380395202 -0.68455292075899932 0.44426335861938615 0.23419752610696673 1.3194139123128643 0.30210392428526162
21 199 1 -0.015643717581777277 0.58961164277186118 -0.68462724770163841 0.4282509970946573 0.18938778643173029 1.3544255945606614 0.36447218260144354
20 190 1 -0.03063893758964166 0.59081663703874276 -0.69226870073785873 0.4132323836297509 0.16776820365116685 1.3583972530491437 0.41064463435469628
19 184 1 -0.033610155132910144 0.58314202815304694 -0.69446285020781773 0.42016316134892984 0.14708238674851923 1.3604299142565675 0.38269181140247865
18 175 1 -0.04932525994437828 0.58522244413085223 -0.70636407788903288 0.3951347859717077 0.08044987545941866 1.338710852508332 0.41370210556947523
17 169 1 -0.056830356990746088 0.59127117455440237 -0.71744281564253232 0.36392927190359003 0.036051664018720342 1.3118734464114896 0.46903981319772509
16 160 1 -0.07693969294891799 0.62244949619480816 -0.69952774882107405 0.3424877179769753 -0.12375715914836814 1.2750986956587418 0.50227894850789601
15 154 1 -0.085027699724109132 0.62293697004656623 -0.70447460119979233 0.32929524426147394 -0.16995175395290515 1.2478050066051343 0.51878867510173121
14 145 1 -0.08536622994663276 0.62388688486965604 -0.69673196661680392 0.34357288654172929 -0.24177945881848295 1.2037736303495563 0.45814711301060657
13 139 1 -0.071091651652847185 0.61488723259434597 -0.69523742267922584 0.36538280523867617 -0.22045103970181154 1.1730326808693912 0.39612437740254569
12 130 1 -0.030726720849849249 0.61404988698117102 -0.69109197600042516 0.37998748088858703 -0.18542863740637086 1.1176951767694001 0.33953949769028813
11 124 1 -0.008327519716239953 0.60605154199960565 -0.69174998360862305 0.39257373961173941 -0.16768945752623174 1.0647720037579382 0.32263493534705612
10 115 1 0.036217575227974093 0.58010111245675955 -0.71009991230652025 0.39740294552671385 -0.08213434450456418 0.98048698139093982 0.33540493801881516
9 109 1 0.054870072267700583 0.57583612643444226 -0.70014827850664707 0.4185623236347164 -0.075800630913163289 0.93922870219892585 0.29522068801930418
8 100 1 0.06529520430513025 0.57462728216602132 -0.70070054372242718 0.41780231080301367 -0.051968297079196021 0.82697957031235148 0.27464830275105057
7 94 1 0.087761721182771785 0.56353916417146155 -0.69777344359849458 0.43339786818657361 -0.025820980712286834 0.75350288696122103 0.2163053119227562
6 85 1 0.12792296729341451 0.5360636341865237 -0.68987482252909049 0.46940837634413912 0.014191743131637775 0.65205173476301403 0.13357449916592856
5 79 1 0.14898442795248384 0.50890399299352573 -0.68940859802916388 0.49349382073778753 0.042044923066201875 0.6079887845835602 0.10216317203486606
4 70 1 0.16478978556941729 0.49636597346715838 -0.68618826588640824 0.50557967791020797 0.046914035993607314 0.5492752557970213 0.10474541209670907
3 64 1 0.18234391218444923 0.48874836191635335 -0.67349013443427452 0.52372394945529643 0.039609404471576765 0.50360516650828646 0.10291333209799032
2 55 1 0.20707975680867904 0.47198988537320508 -0.65647732172783513 0.55080037080824074 0.018852362333692599 0.39666527977688948 0.11502704358313215
1 49 1 0.22483757412556943 0.46005803048117028 -0.66615496832782972 0.54224739005666378 0.02873406205280879 0.31416973665060671 0.14874919960204677
0 40 1 0.26790166748819738 0.44601787789887049 -0.64833383705136671 0.55584169048919274 0.047529272593862561 0.24876031792274458 0.16027310406021528
