108 1694 1 0.54482959305612533 0.3580828519390421 -0.40323335557715367 0.64213724905777569 0.35344539544303205 -0.49783692029521415 0.09624201424472531
107 1679 1 0.51761574694606116 0.34568378736431837 -0.46865093641572059 0.6268516231642064 0.28709644633997222 -0.55375306269381352 0.043456008436597783
106 1664 1 0.50282720159522343 0.33469685996533549 -0.50754558661053928 0.6144430769220407 0.23474836961519002 -0.58628981292129534 -0.0018862291571704124
105 1649 1 0.51453879421548387 0.34032295075185776 -0.48852612260034628 0.61706753761310118 0.2076475702255314 -0.59853044341819817 -0.012641587637122122
104 1634 1 0.53455319877748031 0.33100945937653725 -0.49033527549025085 0.60353701882313393 0.13781833206486702 -0.61072391994072217 -0.03102901268664789
103 1619 1 0.52867412814063175 0.34945979636802371 -0.51935785394905187 0.57327910872331433 0.079242709666782443 -0.62690931787652004 -0.10442995350696367
102 1604 1 0.50925143775954707 0.33969472383100197 -0.55083036008839958 0.56732387764494596 0.026448724408982383 -0.63650465288711966 -0.1476486835151834
101 1589 1 0.49106584353848204 0.34778542515471117 -0.54363759373182652 0.58511349500867404 0.0058839313352552309 -0.65683365530488003 -0.15291235775441722
100 1574 1 0.46864393034137652 0.33198176588496436 -0.55684009979608862 0.600075059416045 -0.050377818738827664 -0.65927041997285729 -0.17912872817560968
99 1559 1 0.43696934171191187 0.34274752362022881 -0.55779295803341222 0.6168054356313627 -0.065907604339615358 -0.66995478409741638 -0.20708304099866573
98 1544 1 0.43780764839663966 0.32572815178052844 -0.55119313315895435 0.63119867244906391 -0.090216215162707683 -0.65460829850020297 -0.19426629342376456
97 1529 1 0.4300549472169819 0.32216464594366145 -0.55248331107426174 0.6372008115677622 -0.079494802418161023 -0.65573100201951007 -0.19489152232629148
96 1514 1 0.4145198824540115 0.34046089029120286 -0.55080479021433881 0.63943235162867096 -0.027386191680625806 -0.6688069429088862 -0.19709243480819025
95 1499 1 0.43851601660155659 0.35765979845719781 -0.52620948149250035 0.63473360816869795 0.0244122162411512 -0.6802909549881534 -0.14435606340344001
94 1484 1 0.48670731299888942 0.331017048333002 -0.53656657225450166 0.60468174995228907 -0.023461736911219343 -0.67159384879552542 -0.11570794184093179
93 1469 1 0.49456530451505948 0.34391511116076606 -0.53818919054756942 0.58947430059584138 -0.017991072499422122 -0.66609175079384086 -0.12870954400959644
92 1454 1 0.48763162083806671 0.31332652757076812 -0.5323571208053276 0.61695849569249528 0.010714853343537823 -0.66591131233025291 -0.085581332012092934
91 1439 1 0.51438003397135368 0.30245780125787836 -0.53771761222348879 0.59564438099804873 -0.011524848962118913 -0.63918700183374377 -0.081181950438957165
90 1424 1 0.51268760483398979 0.32331068411193048 -0.54680847431834168 0.57760030626923142 0.020291783460110506 -0.61457300245753654 -0.11518355672201351
89 1409 1 0.4831760946425035 0.36822891083934722 -0.59053301184525553 0.53124296956200545 0.057872088230735204 -0.57830306855084024 -0.21265590435247933
88 1394 1 0.47103308117126597 0.40948544928009756 -0.58066624000519251 0.52275828160672166 0.11928926479005052 -0.55355671142696283 -0.217834416962285
87 1379 1 0.49421019270228567 0.42686937668115721 -0.55186842870630348 0.51863287408170122 0.1629356359300827 -0.53643073161481036 -0.17193962318499756
86 1364 1 0.51655722660139858 0.43875914536950822 -0.53439033625457266 0.50506040482126002 0.20022235930872878 -0.51603165709228371 -0.14339208042408283
85 1349 1 0.54805990227803991 0.4525508190320025 -0.49915440065579159 0.49565409714276226 0.25592382889532439 -0.48605148347309035 -0.10721215257640473
84 1334 1 0.5839000304568005 0.45592534351057756 -0.47013381103317819 0.47975726706401145 0.2929550002898143 -0.44901345387609692 -0.079119869633455936
83 1319 1 0.59295613319007967 0.43856938573670823 -0.46060243313895416 0.49386771163264975 0.30186511609059197 -0.41869907672169721 -0.055080769416855274
82 1304 1 0.59722552507257753 0.39322850019409411 -0.47025811696897402 0.51725266771828482 0.26554108578215269 -0.39302927482560934 -0.026603103152993256
81 1289 1 0.60300703349541207 0.35335964216283866 -0.46686745873322705 0.54180647543342642 0.22355318547314126 -0.36654884520220232 -0.0065446770010614552
80 1274 1 0.59896324480316721 0.31724808632248491 -0.46474159096771883 0.56974725688183536 0.17717023336790216 -0.35402226312455859 0.012143990810525159
79 1259 1 0.57926783019980488 0.29210869672758194 -0.47945471783760518 0.59096908864591724 0.13136606327746092 -0.37272654846110032 0.01105587095904491
78 1244 1 0.5550307780927527 0.29681995924862792 -0.50702810396848197 0.58886437228577726 0.096115127099265771 -0.41015373670461769 -0.024336078821381182
77 1229 1 0.55183942058240132 0.31705396974532241 -0.50514567087052631 0.58290469663640365 0.038477511639902248 -0.44200792944836259 -0.044316909104233283
76 1214 1 0.52152371716077728 0.32982459004822012 -0.52848056965746315 0.58304119900128204 -0.035676945168863126 -0.46864752876830224 -0.071223628066314298
75 1199 1 0.49800861521912498 0.31425211182846158 -0.568482487018386 0.5745090872495161 -0.12036483001062093 -0.46639863206036342 -0.094137288659279006
74 1184 1 0.48323374870985281 0.32254307161645829 -0.58147254219784217 0.56950925693093146 -0.13641810290087431 -0.42092384329507426 -0.10811751058983059
73 1169 1 0.44398848546359976 0.29735873017973075 -0.57994394279660433 0.61491221615379055 -0.10589201937188367 -0.40887429057054842 -0.11547558096013875
72 1154 1 0.51237318491080008 0.25721467365286055 -0.5490636155596802 0.60814757839733868 -0.14508196904561493 -0.37238939255526904 -0.073441741508617875
71 1139 1 0.57068554428253915 0.22148482082746168 -0.51269427458914574 0.60200254525498387 -0.17008237062123432 -0.34863923165973054 -0.031409302293472559
70 1124 1 0.5732767242501885 0.219462557538529 -0.50541268901271807 0.60642229267776337 -0.13106160235397665 -0.34816708652247824 -0.020872499250641694
69 1109 1 0.55948160307698414 0.24946029993292951 -0.51241034290489174 0.60181852336054931 -0.069264976990016922 -0.35769902723166946 -0.043913374029296189
68 1094 1 0.53006695197942555 0.2763477418321692 -0.54529427016990228 0.58763518523262037 -0.0026922088228221695 -0.35961515993539384 -0.09427265583269713
67 1079 1 0.50416267763550304 0.29384303898137554 -0.59286868978993434 0.55496214248213016 0.047743521895586026 -0.35903682013298627 -0.16015910866046543
66 1064 1 0.51437473815406909 0.29794931813750575 -0.61347462938975283 0.51989778963314859 0.083853051363458872 -0.3591794445163195 -0.18304725446995113
65 1049 1 0.51184952972766817 0.35072820666823584 -0.58895884541574361 0.51781006399200313 0.14159536428660607 -0.3365234474229053 -0.13878006524985215
64 1034 1 0.46338206807807131 0.40178730102149779 -0.61079026750973531 0.50077866651539404 0.18571815069820072 -0.30952294683399667 -0.11348719583854895
63 1019 1 0.45125875948423122 0.42500033397760439 -0.61313827951329969 0.48969551591080368 0.20884564714576045 -0.29782269766369351 -0.086257375725548396
62 1004 1 0.4438003871320238 0.4371008420616932 -0.62330670119400999 0.47272912592420802 0.22506085061233483 -0.2700316380313123 -0.082038024861520092
61 989 1 0.45784559283507137 0.45142089328599627 -0.6025279952120044 0.47281772937589606 0.24403125966558706 -0.23999003012370387 -0.07450061493881871
60 974 1 0.46334375530940919 0.46591642628926117 -0.59918876709553359 0.45739181181581318 0.25948870689051695 -0.20739729934948831 -0.079280197612730682
59 959 1 0.45976930050658271 0.50520048594048139 -0.57329916100150358 0.45245191049675254 0.28803502751189552 -0.15431014619528813 -0.090821148547802336
58 944 1 0.43301523837847183 0.54993995293952813 -0.57417347559299459 0.42472187537065448 0.30647179115585127 -0.12179721202282147 -0.11630227269991877
57 929 1 0.38255408113797795 0.59767429708889153 -0.58100770526105927 0.39858230772483472 0.3277759619005946 -0.1027625393188074 -0.13560979568641524
56 914 1 0.33238195926565872 0.63560499683250848 -0.60424284107002413 0.34701456766524169 0.33452830159136193 -0.11464991933553197 -0.16965199596102967
55 899 1 0.2838997175000732 0.66421138749444175 -0.62012519512988806 0.30605379509361674 0.33974149713633278 -0.13133899795163845 -0.21113998892256511
54 884 1 0.23833804929341043 0.68955520786299929 -0.61949292957876911 0.28971900139608037 0.34426619477246101 -0.1337134642677994 -0.25099327026256346
53 869 1 0.18174261804435562 0.68418438855234176 -0.63809381013916233 0.30281616982870735 0.33673718925951546 -0.14708637575187428 -0.28124447245965978
52 854 1 0.17195160299245968 0.6706925430064542 -0.63599017426125715 0.34076481219015969 0.3305280671307716 -0.18258448702146846 -0.28562045294899041
51 839 1 0.17929709413224862 0.66512661019483366 -0.61218082838680044 0.38819296464788283 0.34102080325631828 -0.22836756630965802 -0.27267189825746146
50 824 1 0.22786084044854393 0.5986950683234622 -0.64046047370094472 0.42362015318208091 0.28174697846738889 -0.3298468605324153 -0.2413779224378248
49 809 1 0.34234762307792438 0.49840092934904662 -0.64841154861421646 0.46255495048763207 0.13947552671326297 -0.43815880299786847 -0.13983087246274772
48 794 1 0.37654771142257243 0.44941287185341494 -0.65159498844533315 0.48131472309479095 0.0695622078187461 -0.46480778075105217 -0.084814788841824945
47 779 1 0.42214470990833669 0.41162728540995475 -0.62677039609105556 0.50942682731310829 0.036350227968309952 -0.47178824505605055 -0.018676643585113756
46 764 1 0.46129754918750859 0.35984039093608455 -0.60351678167959555 0.54174436627958333 -0.014480601821507051 -0.42818704912820155 0.015389325405847625
45 749 1 0.45342773931930369 0.3489765685742498 -0.61147813225149517 0.54654655207049907 -0.056954725091702171 -0.40449891479750139 -0.010761100966965675
44 734 1 0.45619724877910423 0.35215682530096737 -0.60833941252273138 0.54570394883289797 -0.07601693549659326 -0.37475749963909882 -0.015007268705315354
43 719 1 0.45869222837411394 0.35022474514569457 -0.59547904858942047 0.55888171396804665 -0.075104459003349819 -0.33666729745933416 -0.0032373363017488724
42 704 1 0.46659575531619313 0.36412647926575603 -0.57473915759384731 0.565132912638037 -0.062962005512671254 -0.30387330295722481 0.012403005554181923
41 689 1 0.44249045978055856 0.38515944221426246 -0.57578087025679381 0.56950047104696722 -0.038351347872903098 -0.27715193117539855 -0.00048772942680258346
40 674 1 0.44094656350969147 0.39390971676388153 -0.56859167817824841 0.57193073590639942 -0.027889465861705091 -0.24362395924772301 0.010488988433796219
39 659 1 0.44939416307722418 0.40590238061874806 -0.56393271767093833 0.56148734049880766 -0.023279616986547128 -0.2025191243806595 0.022290389952109531
38 644 1 0.45406016179089609 0.41204736528108665 -0.55530955174436181 0.56185197337093684 -0.01556620050202499 -0.16202217715387229 0.032934142597440326
37 629 1 0.46424347212664069 0.41141922702521899 -0.54547908572609094 0.56361758778199977 -0.0068217172498190991 -0.1205092722389329 0.041733147592089473
36 614 1 0.48896963842971963 0.39787406319331453 -0.52068974481795982 0.57574917470488796 0.011608666274979253 -0.07498550481447451 0.052178238307388602
35 599 1 0.52063952407135217 0.39115966248174794 -0.50030689742157131 0.570632642611972 0.039640991539009289 -0.033017626694405042 0.055716723120007
34 584 1 0.53204550852745347 0.40423832844187974 -0.48818615489550604 0.56142072355998718 0.077161483153575669 -0.0041097467995758552 0.052358308726271292
33 569 1 0.53267704907763103 0.4164285971672485 -0.48044697953354487 0.5585813143172248 0.11991482013460519 0.017750925185466542 0.055201638290123055
32 554 1 0.5158120151408313 0.43101125013527258 -0.49747593689187897 0.54834748062403971 0.15272959938217662 0.038210434705930114 0.0568401330702199
31 539 1 0.4816297466759647 0.44013956592396147 -0.52871914100379236 0.54292358537949414 0.1823709477876346 0.057423261203043911 0.07003599790955943
30 524 1 0.43375521252741328 0.45601612912362405 -0.55627152179556305 0.54264878109478243 0.20322957595350674 0.080419451516014831 0.088760142307222969
29 509 1 0.39773821960866573 0.47463489558865257 -0.5721788560051233 0.53771496286856857 0.22659550558693609 0.11460227015476714 0.10974427573237118
28 494 1 0.36647511018055529 0.48529990998709371 -0.58626433827423752 0.535232768664755 0.24979914766803293 0.15791600800861028 0.14621613829112198
27 479 1 0.3274189659451458 0.50246279948186423 -0.59607197773596887 0.53387840678771614 0.25645711458897341 0.20047875891111264 0.18896712768461338
26 464 1 0.25080428643387048 0.54955776143613566 -0.57955124388235091 0.54699527645686341 0.2423647008463525 0.26763033849817297 0.22934578103766406
25 449 1 0.17541325318536313 0.63483010714376287 -0.52700530234167353 0.5371092411926347 0.22379901631995755 0.35485016311120848 0.26070826801150682
24 434 1 0.090978250335071148 0.66500620747547434 -0.49591950069297208 0.55095694098313042 0.14769699990327842 0.41923698558794231 0.31681833386000702
23 419 1 0.039018101772032743 0.69038527387188386 -0.47855920692224579 0.54113477695016265 0.086197977671249634 0.45518739822693127 0.35729790708142012
22 404 1 0.01205232162310774 0.71442715006809387 -0.47619925188309636 0.51252596158151231 0.061855708391990429 0.46636564094849897 0.38914655187027597
21 389 1 0.01349557361546558 0.70777589848309264 -0.48731451057759112 0.51126873051240218 0.050500108698684251 0.47858428511571482 0.39968582414642062
20 374 1 0.056295953049101406 0.68641024592368693 -0.50243262317436432 0.52271713108659867 0.07415149537436623 0.5120002619625742 0.38074153147590023
19 359 1 0.11703446273669706 0.64855955490300743 -0.5492948909224471 0.51375924427930508 0.16173069694515688 0.50942691574721088 0.35753201829414072
18 344 1 0.15684718810470455 0.61647570257897355 -0.57711802699283565 0.5121439745162536 0.21457584097950019 0.48108122817905996 0.32106558887349279
17 329 1 0.19506624425178049 0.60284347365464019 -0.58821446765774432 0.50252626465054384 0.24387918172377884 0.44833339097304298 0.28320789806106195
16 314 1 0.21042347530989755 0.59337936016610759 -0.60564402345972734 0.48663971561605912 0.26114802602619641 0.39941035338600323 0.26989733357651396
15 299 1 0.22365420567678035 0.58528672661452164 -0.62207406720121028 0.4695126184115726 0.25842074016363803 0.34336369932044908 0.25600305573490473
14 284 1 0.23090080270009394 0.57009191328017561 -0.61819168693764159 0.48940685316635479 0.23287856060241646 0.30658934557477208 0.23061793398612637
13 269 1 0.23731728991132317 0.59010423602896867 -0.60915675438782901 0.47369351179164182 0.22689696829969314 0.27302599423109447 0.20429089278742824
12 254 1 0.24466077661571745 0.57418391003463454 -0.61008460107618911 0.48810933342115059 0.20410856925939444 0.25075004512969151 0.18402271952635074
11 239 1 0.24175691618801887 0.55555980401706939 -0.61090008982085153 0.50961551967404839 0.17039387104378292 0.23432341087547476 0.16771193613913812
10 224 1 0.24385720494880941 0.55642384319047911 -0.61253321101027769 0.5056967824033789 0.15535401712434033 0.21132070369621481 0.16153176470682426
9 209 1 0.25215157390925003 0.54648281045905667 -0.61448859095378128 0.51007832068761283 0.13678908869526182 0.1994780054725481 0.14998902096132086
8 194 1 0.23952487031159631 0.55485551133437183 -0.61658423172932153 0.50456623274536361 0.11405919005378484 0.1808602080505376 0.1364317563025593
7 179 1 0.23807304520849898 0.55438418068087059 -0.61880233854966582 0.50305374579801798 0.095543065667019492 0.16697317793510824 0.12017614293123383
6 164 1 0.2521264760389198 0.53475077460384979 -0.62129010452682054 0.51426885493662866 0.078163315849975476 0.14972036689636067 0.10166316560287596
5 149 1 0.27412913258952987 0.52393104289906556 -0.61651163478971038 0.51986814205270193 0.067252449997897659 0.12671709966479616 0.082527754486608429
4 134 1 0.26854858357805222 0.5300730837065013 -0.63116657492012618 0.49853078028512854 0.060091333011502386 0.1025497002118896 0.06739792603564336
3 119 1 0.26686683357396002 0.53056884524455328 -0.62917536449652556 0.50141515165053985 0.055007423630555802 0.084052320570442193 0.046324840421151807
2 104 1 0.30150749611352379 0.50227841541046458 -0.61866767953118129 0.52350733089767676 0.048853871575555131 0.080686990122732269 0.034856534675919912
1 89 1 0.32665547607439394 0.46644991513662726 -0.6101847774984015 0.55081322962404489 0.032262853507167885 0.080128082648994417 0.033014033046194997
0 74 1 0.34876542180170478 0.44427077524116165 -0.60510966128472921 0.56109576423457019 0.01820317359668451 0.077064495234658165 0.029592952176650276
