18 852 1 0.51874431362328688 0.40147206780046707 -0.61039895686126233 0.4440018348185118 -0.58872333833171275 -0.31036534554337247 -0.26196539287429049
17 809 1 0.3871512747265406 0.48271685862056962 -0.61248031317835272 0.49190059041441558 -0.68479560316888222 0.086458397918229429 -0.25001362289367263
16 765 1 0.14405962378412979 0.66442458937973048 -0.69935938419497201 0.22064279177254151 -0.18617711628757766 0.75638484794560878 0.12452317334891923
15 722 1 0.023967284749704127 0.78550871365084851 -0.59807460704206683 0.15718904049517282 -0.043495676274451063 1.2933523521212043 0.53772368271250393
14 678 1 0.20040948299344824 0.68746286843419502 -0.67894956861976252 0.16204421286045939 -0.34414213512940112 1.4061946082692753 0.27240488286774051
13 635 1 0.035309721251586337 0.67387082518510633 -0.71686388084890429 0.17537819386607656 -0.90547760330535543 1.0021498001058 0.543372796060694
12 591 1 0.23460112191179613 0.57769870501979959 -0.65761707070629627 0.42280764909334745 -0.80612183031159135 0.40756524215481965 -0.1197851193256334
11 548 1 0.34134034320575313 0.35900223118865421 -0.73949040433687863 0.45580490343504076 -0.55541604943190437 0.077654665223427954 -0.32140257630411417
10 504 1 0.39127909346377504 0.31439822152623415 -0.63369100211373208 0.58863413353236793 -0.40820707795855143 -0.23060750922135856 -0.3472065887239425
9 461 1 0.42029027600413787 0.36310056926035839 -0.55907319491675067 0.61559014224136688 0.46786911746362064 -0.40610636951215789 -0.21982043225981396
8 417 1 0.37915352435852034 0.19586723144220181 -0.58185914596532073 0.69232836636251405 0.45711829616810368 -0.75318445511155241 0.14313385671733556
7 374 1 0.47714152356136164 0.23807864909220655 -0.5349584259538297 0.65534266291839538 0.019595794683827439 -0.73391316138011953 -0.12899167209708662
6 330 1 0.42340363475161985 0.3559491842489263 -0.57129762173777987 0.60634030684789342 0.017819816090073957 -0.12890151808197878 -0.042220570742155988
5 287 1 0.31000618370950939 0.29201277684485855 -0.66154060872618092 0.61724284299408017 0.27461549956513226 -0.016207343888047572 0.098443705372949539
4 243 1 0.13865903545343142 0.40898664931550766 -0.708329075148173 0.55836682733533882 0.56843152555534937 0.6985267889818183 0.0027935417106452832
3 200 1 -0.014192170946886427 0.58748957148623082 -0.68449299153402854 0.43142082728993925 0.1974478363639493 1.3521142975134508 0.35905753506925597
2 156 1 -0.078257101636104484 0.62757726457726959 -0.70291318169555517 0.32547759066924964 -0.15085126179538819 1.2563553721947538 0.52831867867355964
1 113 1 0.050697232733309817 0.57944373668423466 -0.70541727046516245 0.40504471498845179 -0.075301345809085402 0.97134024995377133 0.31736033578567108
0 69 1 0.17223698163619106 0.4973155568444535 -0.68254874248131736 0.50708862461557724 0.045427236523012837 0.54139105281904454 0.1023647286992423
