0.8400051504279782 0.16414934156308514 0.5161727109503593 -0.23156468085799595 -0.49306067421800587 0.6272630779686562 0.602409444413029 -0.3098376235623488 -0.22455498916016356 -0.7611074676284385 0.6082773739682417 0.22463474915510467 0.0 0.0 0.0 1.0
0.9624649236439636 0.15992297641769365 0.21841112697912496 -0.14283013535354686 -0.18424493204575257 0.9781652000300668 0.09664940030046892 -0.045762082908131475 -0.1980804125463568 -0.13333446998932466 0.9709296340870254 0.059422659855547434 0.0 0.0 0.0 1.0
0.9400716730473908 0.08903964682166328 0.3293321775396955 -0.1614217234792205 -0.09258016493567499 0.99578034840213 -0.004839363966069431 0.011054561215326405 -0.32833682618266974 -0.025908592466991967 0.9440626113843567 0.04448618755694313 0.0 0.0 0.0 1.0
0.9525135805349333 0.11958570253527537 0.2805217753665003 -0.13557394030893646 -0.10731328289628643 0.9922892910887097 -0.058869521163435364 0.024579045032958744 -0.2857423850135521 0.025896575238739134 0.9580051997268443 0.049580104793124365 0.0 0.0 0.0 1.0
0.9245717474205668 0.09268087025793595 0.3693039940377347 -0.22861989832801782 -0.2652346363491446 0.8529229269019382 0.4494258840007911 -0.13724268747517335 -0.2729262550854659 -0.5135706804271817 0.8132562673125714 0.3437798069031309 0.0 0.0 0.0 1.0
0.9131005806465399 0.11004958426716248 0.3925583979459679 -0.191169566769412 -0.3057642438613124 0.8220303378853667 0.47997204709741986 -0.1478117745135093 -0.2696084946361461 -0.5584055496141876 0.7841260446220166 0.30975240684748 0.0 0.0 0.0 1.0
0.9145907817278695 0.048300259217697185 0.401764130760548 -0.23055510075355617 -0.26089139876723433 0.8287555925297146 0.4959108646243921 -0.20227376582238732 -0.3091686194354905 -0.5584143298871053 0.7708732663614821 0.19562778639804823 0.0 0.0 0.0 1.0
0.9330249937382019 0.05052628376644021 0.356830076051457 -0.17415478716955538 -0.23326978656901795 0.8394326085015923 0.4903379007866219 -0.23043985616774157 -0.274486569934864 -0.540539731022397 0.7946875624026124 0.15435060004661785 0.0 0.0 0.0 1.0
0.9579641633697377 0.15729478438099914 0.24097719706731505 -0.1337750378338384 -0.26657132810887973 0.7995413765166806 0.5386595476358852 -0.2333310317338067 -0.10807389359500463 -0.5796132099862817 0.8074577847955269 0.14396332187557184 0.0 0.0 0.0 1.0
0.9788022860490054 0.17202752209324845 0.11248310930803582 -0.06488757351746167 -0.20475981580394162 0.7687968129443254 0.6060179400885005 -0.30500787382123445 0.017447862047845788 -0.6164973319027213 0.7878177409979393 0.17493529153101486 0.0 0.0 0.0 1.0
0.9630169492086126 0.1915782766494924 0.18979691782674493 -0.08241341169787293 -0.26877855078198376 0.7387043848849192 0.6179918431782268 -0.2903225743225172 -0.021676337693696878 -0.6463687014997668 0.7630513597699581 0.18926279739880308 0.0 0.0 0.0 1.0
0.9842669609663489 0.14516009191111612 0.10267449912490556 -0.02034570629411744 -0.1775410613025854 0.7728233875693596 0.6096612380463007 -0.26619935682153717 0.008862657459347008 -0.6184325245775885 0.7865239021379948 0.19275496376723233 0.0 0.0 0.0 1.0
0.9714528827299282 0.15346964026894372 0.18163027449669594 -0.06587938712231178 -0.2365533137712031 0.7007533693512199 0.6727925116759799 -0.34745830323439375 -0.023774186220184092 -0.6961552854498937 0.7170975302484528 0.23708082653024742 0.0 0.0 0.0 1.0
0.9727325168988501 0.1616268593536335 0.16498458563568644 -0.06329391277747283 -0.2308256874637013 0.7121011181920532 0.6626451906345892 -0.33698108618838596 -0.010396479160139442 -0.6824539410749628 0.7306321432914441 0.20516489069279786 0.0 0.0 0.0 1.0
0.9835178902222881 0.1460050868444048 0.10730232763913258 -0.03913561055838634 -0.17971163570601908 0.7139220993875095 0.6768160756469838 -0.41478356778015746 0.022333170188356555 -0.6846688308830962 0.7281457580612908 0.21730924900103504 0.0 0.0 0.0 1.0
0.9723457608009154 0.16806000499782267 0.16252107744892166 -0.08940993490826432 -0.2339446920827724 0.6981745332612104 0.6759238706586996 -0.399207848721191 0.0003161322202005147 -0.6949006081724196 0.7185914066688671 0.2003424091844935 0.0 0.0 0.0 1.0
0.973722646383883 0.21474316067725024 0.07660509318174431 -0.019670396325405334 -0.22663002595872614 0.9474933383162908 0.22614788571595298 -0.10681808299370785 -0.024072245167959336 -0.23737575446812822 0.9710068586687061 0.0611567930260866 0.0 0.0 0.0 1.0
