18 853 1 0.52354653911835303 0.40246912889598951 -0.60833818899535141 0.44027522014389425 -0.59342174709863027 -0.31923619273186565 -0.26651537190832297
17 811 1 0.38412547683333259 0.48183939316876423 -0.61187365365483415 0.4958720088908084 -0.67570282374941659 0.04104832552004227 -0.25412626899758728
16 766 1 0.15243437074108632 0.676869483257864 -0.68491506188716589 0.22249229930741657 -0.25576435826010196 0.74863068690483214 0.10340557357647134
15 724 1 0.01184550777630195 0.78199947087649091 -0.59585135162258018 0.18247651428047942 -0.074340584539210164 1.2867737888939994 0.50539930270107891
14 679 1 0.21070751231042761 0.67919302055218989 -0.68483735369158771 0.15905025645325743 -0.29474714665131618 1.4249868704278814 0.23790662754894285
13 637 1 0.03784635245522696 0.67810197452745158 -0.71485118866378172 0.16653271094227878 -0.90158063697840296 1.0313877597215528 0.56561394363903306
12 592 1 0.23299560954589099 0.57889714464928854 -0.65818533068689766 0.421168864373684 -0.79887237625959817 0.41675090875766407 -0.13765913298871293
11 550 1 0.33654498854900733 0.36275144194944181 -0.73433011132971426 0.46465917578440075 -0.54714016805190446 0.070153716352852322 -0.34812192507725992
10 505 1 0.39278010369547112 0.31456993847404652 -0.64140841953476446 0.57910688417538725 -0.41622870124391914 -0.21860764971259725 -0.36236141747607675
9 463 1 0.44059861529914368 0.35901960751075274 -0.54786860521172942 0.61385484688373715 0.40525332309455997 -0.42037578734595943 -0.23884564086762616
8 418 1 0.3788671868871118 0.2009202404604499 -0.58833282519096364 0.68553278439209619 0.46578411971483052 -0.74153727901506405 0.12591628749712624
7 376 1 0.47090259871773443 0.25532518314878661 -0.53377053723303602 0.65433080850047043 0.05060445195873263 -0.75186618467672672 -0.139721869008883
6 331 1 0.42666476650477236 0.35153132699351125 -0.57659324869263617 0.60160047267907035 0.014258452621773688 -0.1345782975534823 -0.067354982791149418
5 289 1 0.33056799564848194 0.28422639737160599 -0.64842366497724679 0.62408886065013092 0.2611100988515509 -0.021230427122200333 0.10241625706376675
4 244 1 0.14365117991602155 0.40185897706925239 -0.71221368107854388 0.55733775535319618 0.57427844904157022 0.67943207520499616 -0.0066361719477421432
3 202 1 -0.0056692694631918254 0.58259816949330245 -0.68550138210862122 0.43661778183438327 0.2149719092164471 1.341190899574318 0.32244778238676386
2 157 1 -0.073143020416719204 0.62754391571130841 -0.70289286732753775 0.32677262657406025 -0.13710831896019038 1.2650979422598836 0.51076999457940353
1 115 1 0.039832884363800697 0.58089268712727415 -0.71050057053964677 0.39517839848371189 -0.078755475757251156 0.98241512475285808 0.3238002172826257
0 70 1 0.1682527028007654 0.49673868732138987 -0.68678637748374305 0.50325557743677063 0.050098205448438453 0.5482076270808276 0.092506280443160088
