19 867 1 -0.2633935071796093 0.64039100805975113 -0.67758525296096439 0.24779314385524687 0.045692468214518549 -0.31663623025900323 -0.71835927754806572
18 824 1 -0.45811942996272964 0.77089172678991236 -0.44237082766776537 0.012672185526854538 0.27893510594085658 0.56496630595855868 -0.67540202403469995
17 780 1 -0.30037644682665215 0.65777595768383346 -0.62308967151412531 0.29810072280578381 0.7545235374049345 -0.20402750498671243 -0.47188960375127087
15 693 1 0.10915932809851366 0.36567447136276116 -0.72458749216557583 0.57388098790589681 -0.34490749388682607 -0.96595003598055718 0.28426553566803453
14 650 1 0.038363848134018469 0.53907511939651653 -0.68575481311134445 0.48751058152475663 -0.42114266476963302 -0.89662050870712051 -0.14019233077486187
13 606 1 -0.065462884150609843 0.63109206881224578 -0.66610245402761148 0.39210321628285244 -0.42449816250928479 -0.53098676459007765 -0.41567068958325942
12 563 1 -0.17487918597840801 0.66351478126676455 -0.65830299976034135 0.30951989573948713 -0.51554261082416841 -0.32712189215108811 -0.56466366458935036
11 519 1 -0.55403963504554121 0.65109900480894556 -0.51731251019983948 -0.038703172042420242 -0.50058005979827136 0.54067526719977199 -0.62668025753461254
10 476 1 -0.55362421891537572 0.62967618002780623 -0.49474229281314747 -0.22855676808600497 -0.90835968585046278 0.75015269543687046 -0.33813138119622999
9 432 1 -0.50632819380105198 0.57133408299243704 -0.55411008459336364 -0.33192038190700324 -0.96355614254066291 1.2118755382716002 -0.033053324448524275
7 345 1 -0.50607047118666071 0.63800078783447378 -0.50427109317598984 -0.28732966693781248 -0.14237490375716666 0.95121045463011888 0.31496642771984168
6 302 1 -0.65679034603926056 0.60315981705632782 -0.28173077394078039 -0.35419266995935228 -0.18770013990697176 1.0207856453531339 0.7245931764502177
5 258 1 -0.69936989913964964 0.69359900075777392 -0.01923075458625987 -0.17155858592112744 -0.5323751734831117 1.0415100995471804 0.32426704131543277
4 215 1 -0.62733069977870659 0.67177728442682949 -0.34455148527568158 -0.19093388184812771 0.057773401826450556 0.80226202911528732 0.12836940799207869
3 171 1 -0.46554783874882888 0.6669362861947058 -0.57759515224626334 0.069606322232423426 0.29739155678431295 0.11596735545417697 -0.066974430749221991
2 128 1 -0.29793685184131496 0.64014194629833887 -0.6802229361963863 0.19684683887893142 0.14373517133793762 -0.3659133417918724 -0.24605213368503684
1 84 1 -0.1167991911667188 0.67630811064286933 -0.68841959415640186 0.23461404647422046 -0.18675425774399224 -0.30275610309261813 -0.16932901770726894
0 41 1 -0.1863375584071284 0.70000368261689261 -0.66251233209469573 0.19065825046954166 -0.06861349766729502 -0.069356357921134607 -0.050415470568909014
