19 883 1 -0.22408801569007336 0.68479197223899135 -0.66187483167202021 0.20679995933329673 -0.59246025502327748 1.0251285740168357 0.32490132119535409
18 838 1 -0.30450395344146641 0.68665931210396236 -0.60994947729802995 0.25246379261844748 -0.49188067942659247 0.8783151780558428 0.25068932595856952
17 796 1 -0.077102652682631515 0.62510136313989462 -0.66863309464460874 0.39526352158518369 -0.1703495557702617 0.70310135540802632 -0.039635550646956078
16 751 1 0.15812124689280399 0.57351496992147499 -0.68874827685301476 0.41437188815004999 -0.26273650950438038 0.63463490447185844 -0.40108729105852847
15 709 1 0.34435131965503085 0.46910144577255142 -0.70307822626930849 0.40871384851989545 -0.48410074885477339 0.4962904029902574 -0.54927330335932878
14 664 1 0.18327033821672792 0.43307349262062866 -0.77941281105547544 0.41397464062657047 -0.135007644236179 0.39769015054044521 -0.5076606476759794
13 622 1 0.30170193490253128 0.33304445336746336 -0.69494865518082372 0.5613409848029991 -0.28449362294554237 -0.20914861578362645 -0.57159201624519917
12 577 1 0.38234612299964182 0.33784197402002242 -0.64081128409948018 0.57361584792278242 -0.45648179050885351 0.035231543442202466 -0.42328299815470399
11 535 1 0.32229806633112468 0.40890898614274085 -0.71023334276137473 0.47379953178632156 -0.48857984733411919 0.47223221714196756 -0.40022064666654145
9 448 1 0.13428769234707266 0.5957292940857325 -0.71491913332874024 0.34053495657963778 -0.42361921720615719 0.98402481844359679 -0.086516467408860459
8 403 1 -0.043097696279147418 0.64720972906833618 -0.65013298618642945 0.39571360280768381 -0.084308631460999844 0.8489216756338247 0.14845497978138933
7 361 1 0.061894078430020413 0.50462688661340138 -0.71636233123340176 0.47785545801215856 0.50897972823222204 0.4143353572316576 0.37548856244429407
6 316 1 0.20235301322743202 0.34194377286717337 -0.7235449791627786 0.564455824102716 0.53773259555544073 -0.0063042484313720754 0.19244029376366364
5 274 1 0.1645823513470315 0.37602801957656773 -0.75397419458094783 0.51287278347014853 0.51311047212276228 0.22295685951491334 0.018149474373887399
4 229 1 -0.058090700719665475 0.54235950705094504 -0.6816506806505358 0.48767200572722597 0.029200264624051918 0.6636826015840297 0.037872667767902012
3 187 1 -0.13017573416415909 0.61321655579087708 -0.67688073063479137 0.38581369912706226 -0.37281252062147402 0.74883467953169713 0.034132325893904289
2 142 1 -0.0079858058653454415 0.54640580254417725 -0.72232066208634238 0.42382754390657845 -0.19509669511308486 0.59926607201650639 0.015495979496696647
1 100 1 0.14243609896042522 0.48489225493616156 -0.71078546140458432 0.48926014212454788 -0.067891102829850197 0.40890712204450791 0.064752883294998551
0 55 1 0.21981380351331042 0.47180730019197104 -0.66288922353217994 0.53819851411489328 0.01946046455643629 0.20042118217712329 0.09354941650262652
