19 867 1 -0.26697357640103886 0.72626601306134786 -0.58849981547381047 0.23437311057991203 -0.55555836467193542 0.90136223431434281 0.31155209336285411
18 824 1 -0.23750939567222115 0.66832387146929806 -0.63318698599505963 0.30984952889781459 -0.42378756238903004 0.87436098246319849 0.15204700242684344
17 780 1 0.030974757988345314 0.60140154614322927 -0.66587428491408918 0.44041818917279868 -0.089317975613648071 0.63035996967351182 -0.17406000461514506
15 693 1 0.28280853544619583 0.54722636988670403 -0.67465130990875477 0.40670412146645302 -0.43162226773341955 0.42993639196394151 -0.5693721560544901
14 650 1 0.21886576908523253 0.39583071644546486 -0.75551896962538456 0.473927109983378 -0.14214524389654987 0.17774516741345089 -0.59529591457726838
13 606 1 0.33993728858206768 0.2979877499233593 -0.67609729442852273 0.58184051869349651 -0.37474972488555486 -0.18459511972068424 -0.53087435071286193
12 563 1 0.36926219195927695 0.35446629673656732 -0.6326264249625424 0.58119091915342835 -0.4531817663879486 0.11719753450784212 -0.40511735352070927
10 476 1 -0.030171162543887062 0.55828783693321316 -0.76873749834693439 0.31055925476224572 -0.61137813893819615 0.92778017069856944 -0.090486137288501217
9 432 1 0.0610752942910247 0.57064079333540418 -0.74568030876659874 0.33852587866595285 -0.25001573630747564 1.0027824664947664 0.0081536369910621877
8 389 1 -0.040845879202219063 0.60675590149905367 -0.65771870173134594 0.44450534253381185 0.16402874541851339 0.76564330311072082 0.23356950165815696
7 345 1 0.13677292015232881 0.44673695725326046 -0.71342102786597694 0.52225443639643343 0.57571494689215508 0.22442723518268148 0.34896717127675625
6 302 1 0.20226432758046825 0.34727098447485444 -0.74021103945620792 0.53905437777412268 0.53158109171858536 -0.014750484807842083 0.08353295237251164
5 258 1 0.059037350077487269 0.44650188789412454 -0.73306215928605889 0.50967688394282884 0.41664509367944302 0.45695130143157514 0.069712479857360996
4 215 1 -0.10817329557516725 0.60087707374807586 -0.66533388952973205 0.42962320213367805 -0.19092282329055227 0.71401311285242985 0.072867592596155342
3 171 1 -0.076709596441807304 0.60364387549548804 -0.69679613994668499 0.37974313521895681 -0.33580397247526544 0.69584882964122741 0.030489448345821967
2 128 1 0.034365586119897283 0.55236107620812247 -0.70478619394945297 0.44383856164047375 -0.17507041942007526 0.52304355466742913 0.050275367820413218
1 84 1 0.16609214934768371 0.47029901542459224 -0.6982620205402531 0.51348065658481157 -0.027124608237397315 0.33733176011637117 0.082108313208064582
0 41 1 0.24196348045701091 0.46836951688558487 -0.65691069914528399 0.53902875908985382 0.037443267406388217 0.14004272702407936 0.075705458360432451
