19 896 1 0.47979571737271648 0.17111521124692677 -0.6768385137897156 0.53141817838840366 -0.54134753316100881 -0.40557841755472895 -0.67593453281408777
18 852 1 0.52174433188740932 0.40201481665079331 -0.60671861824574913 0.44503871473227902 -0.59014435972211376 -0.31345023454188181 -0.26100622770477055
17 809 1 0.38738689808373167 0.48365701459946203 -0.61122667436460143 0.49235072455211221 -0.68108095201199448 0.090851649378186905 -0.24928309989757957
16 765 1 0.14131999192201969 0.66087549072573626 -0.70220935448356681 0.2239961341562616 -0.17350649057248371 0.76293211937394656 0.12350520130440856
15 722 1 0.023725424444184649 0.78637408433970402 -0.59689222668331532 0.15739305397275077 -0.043655302889108037 1.2927464460052736 0.54219492639705746
14 678 1 0.20074385644826501 0.68925981374025314 -0.67784930730319237 0.15856585335314888 -0.34318300615614605 1.4080762964177549 0.28528683851456244
13 635 1 0.039828421587399084 0.67523951180220876 -0.71520159006686068 0.175931759784313 -0.9046500587148647 1.0000741044279375 0.5475737061968643
12 591 1 0.2396704717028029 0.57722973967685631 -0.65500959434856321 0.42464847101770592 -0.80478910646005153 0.40569451595135153 -0.11987161511048648
11 548 1 0.34134395061483513 0.36125635515956378 -0.7384539978501109 0.45570148814182376 -0.55085731516058978 0.084552960076369602 -0.32222715057193502
10 504 1 0.39183976491610034 0.31677186326669965 -0.63225567814181494 0.58853202353862821 -0.4059360951961874 -0.22376077236404873 -0.34899376663601828
9 461 1 0.42126471022872947 0.36458128976717852 -0.55728802548176315 0.61566759190511489 0.46645998093961899 -0.4009618456588615 -0.22091018658630993
8 417 1 0.38001341580718251 0.19782614317987529 -0.5808834829656806 0.6921192094565739 0.45718117141781167 -0.74475869950886531 0.14009950329939408
7 374 1 0.47791749646756437 0.24038212499338996 -0.53394701088091534 0.65476094120310324 0.020698177357079659 -0.72534907208759214 -0.13186072499278084
6 330 1 0.42412381730230747 0.35734999017889385 -0.56996943178393777 0.60626299486935431 0.018763862167050154 -0.12354681824084884 -0.043496480631919833
5 287 1 0.31103083008531041 0.29364187272672976 -0.66007365959252484 0.61752492842808659 0.27406970033777805 -0.0115164920210929 0.097606486178121149
4 243 1 0.13944174496711051 0.41008568120241295 -0.70721982993916288 0.55877172975563283 0.56686082534558169 0.70192137842528113 0.0044112113797634715
3 200 1 -0.013921343788817693 0.58847906410006223 -0.68345149023459839 0.4317321482112898 0.19511325722104117 1.3530683051958019 0.36217882174898341
2 156 1 -0.077844324605602949 0.62873905464675117 -0.70182692600354768 0.32567841227968697 -0.15269318269226032 1.2562505742670058 0.53198387572136974
1 113 1 0.050904185534354933 0.58065239661166512 -0.70436752534620817 0.40511473367661222 -0.076666151065549915 0.97356099620604719 0.32049091448484684
0 69 1 0.17273621912323769 0.49837660426696706 -0.68155729824890998 0.50721061515506782 0.045066140660591038 0.54556987569316162 0.1039975953286278
