0.22275
0.175417
0.078667
0.062792
0.046417
0.070042
0.059042
0.045625
0.05325
0.04625
0.054791
0.048292
0.056583
0.056291
0.053917
0.055625
0.055375
0.054125
0.056625
0.057666
0.050917
0.05425
0.070791
0.052917
0.0515
0.051792
0.051958
0.055
0.068625
0.063791
0.064916
0.061541
0.067791
0.052875
0.058292
0.05925
0.089791
0.067459
0.082917
0.071542
0.050209
0.060625
0.054917
0.091417
0.044959
0.040334
0.042083
0.045416
0.049125
0.067416
0.045458
0.044458
0.055583
0.051916
0.044583
0.049167
0.050166
0.049875
0.061083
0.071167
0.058542
0.057167
0.049792
0.048583
0.069
0.052333
0.051792
0.173416
0.056792
0.053708
0.063875
0.063791
0.065417
0.05275
0.058833
0.064334
0.06
0.056708
0.06425
0.078667
0.0465
0.049792
0.053709
0.056291
0.057459
0.057625
0.058666
0.054916
0.087417
0.050333
0.069125
0.071875
0.079416
0.048792
0.086083
0.060791
0.086583
0.141625
0.069875
0.067708
0.191291
0.059958
0.147875
0.094375
0.056959
0.052334
0.244792
0.080166
0.054708
0.135334
0.063083
0.05625
0.078042
0.052792
0.107708
0.081417
0.063584
0.055625
0.057042
0.0555
0.053791
0.0715
0.058375
0.046875
0.069833
0.051792
0.06425
0.102458
0.06375
0.0865
0.086334
0.052958
0.055042
0.097
0.058708
0.055333
0.069208
0.056333
0.068625
0.087041
0.076958
0.059167
0.073542
0.166541
0.062417
0.0825
0.077125
0.062209
0.139208
0.063208
0.0715
0.09375
0.056542
0.13125
0.182083
0.078
0.092875
0.105667
0.057333
0.058
0.056125
0.086167
0.062208
0.082917
0.060542
0.053792
0.083459
0.068
0.087125
0.136875
0.069042
0.059041
0.110375
0.0855
0.066209
0.060291
0.062834
0.068083
0.046208
0.088083
0.052667
0.079291
0.042083
0.0495
0.053875
0.052375
0.050625
0.093916
0.06175
0.051834
0.080083
0.056666
0.074708
0.067083
0.06
0.057084
0.05725
0.064834
0.046667
0.057791
0.061458
0.054042
0.067333
0.063333
0.112291
0.095875
0.062833
0.064208
0.143166
0.10875
0.065584
0.183416
0.067708
0.093375
0.142416
0.069292
0.052542
0.0765
0.079375
0.118209
0.090666
0.086584
0.078833
0.090625
0.077042
0.147292
0.18025
0.138583
0.067042
0.091166
0.104625
0.057167
0.176083
0.059083
0.053625
0.070792
0.062209
0.057625
0.080083
0.081958
0.080417
0.074917
0.056459
0.05275
0.084458
0.060166
0.146666
0.066958
0.064708
0.083292
0.098084
0.0645
0.058542
0.075417
0.070291
0.055459
0.130541
0.049042
0.370875
0.061084
0.068084
0.053375
0.06075
0.059083
0.052667
0.069167
0.067917
0.048917
0.077833
0.05925
0.188959
0.066167
0.074291
0.06525
0.06075
0.05325
0.050417
0.060417
0.059958
0.051291
0.066959
0.054375
0.056833
0.084042
0.074875
0.065209
0.057208
0.052042
0.064375
0.068042
0.06325
0.056208
0.216958
0.056875
0.05175
0.062459
0.091875
0.058042
0.079667
0.053166
0.051459
0.097416
0.086625
0.054208
0.095959
0.081834
0.073
0.100834
0.091916
0.09575
0.093584
0.079084
0.061917
0.063042
0.062708
0.05075
0.082833
0.071958
0.064417
0.054958
0.081708
0.066792
0.087875
0.097834
0.107042
0.077459
0.079458
0.074792
0.091084
0.080667
0.114375
0.086417
0.07275
0.07725
0.11
0.085625
0.076542
0.226041
0.075417
0.072917
0.083583
0.167667
0.071166
0.159959
0.0965
0.075083
0.069375
0.077417
0.074083
0.156708
0.081958
0.091084
0.108833
0.092208
0.064167
0.084667
0.105625
0.058417
0.111625
0.07025
0.05175
0.147791
0.103125
0.055875
0.062458
0.061542
0.0635
0.282792
0.077166
0.082167
0.082833
0.078416
0.060625
0.145792
0.068083
0.068459
0.087125
0.061708
0.066708
0.085334
0.072459
0.07225
0.075625
0.08125
0.056667
0.084833
0.087333
0.083667
0.19475
0.069417
0.178625
0.060875
0.068542
0.06775
0.062792
0.056916
0.0615
0.07675
0.07275
0.057916
0.067
0.056625
0.068042
0.121
0.067792
0.052541
0.072583
0.057916
0.05075
0.188875
0.0655
0.064916
0.082542
0.163917
0.0555
0.078
0.100417
0.059
0.084833
0.0685
0.058083
0.1485
0.069959
0.061417
0.057834
0.077958
0.066
0.124709
0.080792
0.081917
0.069
0.086208
0.04875
0.063917
0.049042
0.045042
0.060917
0.062167
0.048333
0.061458
0.075042
0.09175
0.06525
0.212042
0.061041
0.058958
0.1955
0.045459
0.061333
0.088458
0.118166
0.050666
0.045167
0.046583
0.079917
0.057125
0.05675
0.05725
0.140333
0.053667
0.0825
0.054416
0.052375
0.091958
0.073875
0.053625
0.064375
0.097375
0.077375
0.069209
0.057458
0.059
0.061917
0.05725
0.058208
0.061208
0.065583
0.050916
0.071708
0.058875
0.063541
0.079042
0.065834
0.061625
0.080208
0.065125
0.057458
0.074542
0.074042
0.052125
0.073834
0.052625
0.064791
0.099209
0.072875
0.069625
0.058959
0.055083
0.070584
0.082
0.066209
0.056709
0.05975
0.055416
0.071375
0.088083
0.122
0.065583
0.098959
0.087125
0.060125
0.060833
0.06625
0.0765
0.056083
0.04925
0.059083
0.06125
0.066042
0.052916
0.056542
0.056625
0.061917
0.093292
0.060291
0.056625
0.065167
0.074167
0.058167
0.161959
0.058625
0.088791
0.070708
0.0535
0.059542
0.056125
0.048792
0.049417
0.055084
0.049167
0.047125
0.051333
0.043291
0.052791
0.049084
0.0565
0.047
0.062042
0.056542
0.050583
0.058708
0.057417
0.057375
0.054791
0.07
0.053083
0.063125
0.064084
0.069667
0.081542
0.062667
0.052292
0.095291
0.093167
0.072416
0.074958
0.06375
0.051
0.067041
0.082458
0.064625
0.09075
0.056458
0.066916
0.056417
0.061167
0.073667
0.111
0.072458
0.058917
0.069708
0.068459
0.055292
0.12875
0.080625
0.065791
0.057708
0.054792
0.063417
0.087709
0.090375
0.079167
0.050083
0.060209
0.06675
0.094458
0.074042
0.0545
0.078458
0.055583
0.071833
0.09275
0.050584
0.057125
0.125334
0.059792
0.065917
0.141916
0.057375
0.066792
0.078625
0.070625
0.082458
0.073208
0.056375
0.0585
0.107959
0.062917
0.062125
0.0635
0.09625
0.070875
0.050292
0.088541
0.088959
0.098167
0.047375
0.051
0.081833
0.060834
0.047375
0.06
0.067334
0.052792
0.073583
0.072875
0.065875
0.107334
0.053334
0.080833
0.061958
0.073292
0.056959
0.08225
0.079625
0.084208
0.062583
0.056209
0.051583
0.07275
0.066042
0.052083
0.257959
0.060792
0.135542
0.07
0.083959
0.097125
0.08075
0.110792
0.093875
0.139209
0.0525
0.050416
0.06475
0.0825
0.055084
0.068292
0.064083
0.051208
0.061292
0.054791
0.061583
0.057416
0.059875
0.05
0.086375
0.052375
0.065833
0.054209
0.069
0.05225
0.056542
0.061291
0.088916
0.07975
0.058875
0.062417
0.088042
0.050917
0.054875
0.054709
0.067458
0.049208
0.054209
0.060875
0.063792
0.077792
0.055333
0.042709
0.066125
0.042875
0.052042
0.078375
0.039375
0.038875
0.047084
0.054917
0.047584
0.064542
0.044166
0.155459
0.051875
0.04175
0.051208
0.058
0.043625
0.044167
0.052084
0.052709
0.045917
0.056
0.058125
0.048625
0.071167
0.057792
0.049458
0.053584
0.070334
0.045916
0.048209
0.056042
0.065209
0.063834
0.08325
0.07025
0.073333
0.048583
0.058458
0.061375
0.060416
0.058583
0.056166
0.051834
0.053875
0.092
0.059541
0.048792
0.065125
0.060875
0.063167
0.049667
0.132166
0.041208
0.115542
0.049
0.054042
0.049666
0.085791
0.091625
0.063333
0.053708
0.057208
0.073541
0.050166
0.038959
0.064708
0.041792
0.040042
0.060208
0.052084
0.054458
0.058833
0.075125
0.080083
0.051416
0.038875
0.041167
0.041625
0.075667
0.050083
0.201625
0.071417
0.04025
0.044125
0.044958
0.04375
0.04225
0.051083
0.044041
0.046459
0.044667
0.0395
0.039333
0.037417
0.038459
0.0455
0.048583
0.042583
0.0525
0.047916
0.043292
0.056709
0.04525
0.056
0.044792
0.042667
0.041125
0.040083
0.055208
0.0455
0.048
0.04275
0.04375
0.043042
0.047167
0.039541
0.041042
0.040125
0.043958
0.04425
0.0435
0.043791
0.045166
0.045458
0.042125
0.055875
0.058708
0.063
0.053625
0.052167
0.218625
0.62925
0.118333
0.068667
0.131958
0.070458
0.090375
0.081041
0.070333
