0.114875
0.15275
0.0525
0.056417
0.055833
0.052666
0.036458
0.032958
0.052291
0.034042
0.067125
0.073166
0.074416
0.042125
0.082875
0.045208
0.073708
0.064417
0.067125
0.134459
0.06725
0.085208
0.225333
0.070875
0.068792
0.063792
0.063958
0.079
0.084041
0.059916
0.069167
0.069459
0.106583
0.082958
0.062084
0.061875
0.052875
0.054959
0.0455
0.029584
0.05175
0.034917
0.042792
0.041417
0.036625
0.032708
0.0305
0.03275
0.029
0.034666
0.031083
0.037459
0.039
0.033292
0.033417
0.043792
0.033834
0.039042
0.035333
0.031417
0.038125
0.043833
0.031084
0.045834
0.040125
0.034459
0.039458
0.0525
0.035625
0.033333
0.04325
0.033625
0.049208
0.035
0.034667
0.030458
0.047542
0.05325
0.070042
0.033125
0.037291
0.029167
0.054333
0.031875
0.033708
0.030416
0.0365
0.05925
0.108084
0.040959
0.09125
0.073833
0.066
0.065958
0.070958
0.067792
0.0535
0.077083
0.07875
0.07475
0.071458
0.267167
0.054459
0.073083
0.113916
0.041667
0.06425
0.0795
0.043625
0.048625
0.054125
0.036167
0.038583
0.0805
0.040167
0.076084
0.064625
0.093042
0.09375
0.086334
0.067541
0.091167
0.076167
0.066625
0.043584
0.09475
0.075875
0.06275
0.069625
0.035667
0.050959
0.201125
0.088042
0.044083
0.092042
0.180959
0.079333
0.106375
0.073416
0.049667
0.045917
0.061917
0.03375
0.046625
0.044666
0.05875
0.080667
0.049875
0.045833
0.069541
0.045375
0.037625
0.071416
0.040875
0.054417
0.033584
0.038333
0.061333
0.097125
0.046708
0.043709
0.051958
0.029541
0.0315
0.031541
0.035625
0.038334
0.032542
0.035709
0.036042
0.037125
0.046
0.052334
0.059625
0.039667
0.055458
0.045042
0.048375
0.053334
0.047042
0.04875
0.076334
0.066834
0.057083
0.046917
0.050209
0.048416
0.04
0.035625
0.037375
0.032458
0.035792
0.027458
0.03375
0.028792
0.029625
0.033667
0.037334
0.030416
0.031125
0.03025
0.031375
0.045125
0.038959
0.031833
0.048875
0.041625
0.09525
0.059
0.048667
0.028875
0.055209
0.052
0.0335
0.040375
0.054917
0.053167
0.1285
0.065458
0.131167
0.0695
0.043041
0.043917
0.047
0.043667
0.039875
0.052959
0.053167
0.046375
0.052708
0.044833
0.043458
0.053
0.060166
0.052875
0.059292
0.107167
0.074792
0.034583
0.126875
0.0755
0.050583
0.074833
0.076708
0.037291
0.12625
0.134083
0.033125
0.078209
0.082917
0.035083
0.059042
0.07325
0.044459
0.057791
0.068708
0.062667
0.083333
0.035417
0.071291
0.03875
0.033209
0.053917
0.04175
0.038958
0.053
0.036958
0.048708
0.063417
0.050458
0.033959
0.064584
0.035667
0.034834
0.050292
0.046833
0.065458
0.071542
0.047333
0.033583
0.079084
0.05425
0.072917
0.074084
0.059833
0.063084
0.050667
0.034042
0.051
0.05025
0.032916
0.044833
0.03375
0.04525
0.049667
0.044459
0.02975
0.027542
0.034042
0.035208
0.050125
0.046375
0.028584
0.044333
0.031709
0.03025
0.057166
0.028709
0.030417
0.039
0.050167
0.030333
0.046333
0.029292
0.030917
0.04325
0.031375
0.030625
0.041208
0.029583
0.04725
0.029834
0.029959
0.028625
0.049834
0.028292
0.032584
0.03175
0.072542
0.031584
0.036042
0.0305
0.033
0.053333
0.037209
0.049291
0.035833
0.039791
0.053625
0.029125
0.027416
0.029459
0.027458
0.027084
0.02925
0.027584
0.029042
0.049916
0.057959
0.029833
0.035458
0.031458
0.033584
0.030334
0.031542
0.026791
0.0305
0.030792
0.036417
0.030041
0.031583
0.037417
0.030208
0.031083
0.036834
0.033333
0.032708
0.030084
0.048916
0.029458
0.060583
0.032792
0.036875
0.034166
0.029959
0.03025
0.029666
0.032333
0.029666
0.03125
0.031125
0.024542
0.030875
0.02925
0.037208
0.036333
0.043625
0.037708
0.041375
0.036791
0.034084
0.0295
0.04625
0.034417
0.033667
0.026375
0.026833
0.033292
0.086958
0.025041
0.024875
0.028209
0.032708
0.034458
0.040625
0.025166
0.034833
0.02975
0.03175
0.047458
0.028458
0.026166
0.041708
0.026833
0.046375
0.030208
0.024917
0.025083
0.029084
0.024583
0.026291
0.032875
0.035167
0.029208
0.031084
0.029167
0.033458
0.030292
0.045125
0.03225
0.033792
0.030709
0.033792
0.030375
0.086041
0.028917
0.043833
0.030208
0.044209
0.03475
0.031416
0.030584
0.034875
0.024875
0.03825
0.028667
0.031042
0.029208
0.065667
0.028
0.038459
0.028375
0.02825
0.025459
0.029541
0.027208
0.061375
0.026666
0.032708
0.024708
0.033542
0.025875
0.071959
0.034041
0.034875
0.032042
0.036208
0.027792
0.032459
0.028
0.035209
0.0335
0.046875
0.037917
0.078583
0.029875
0.031916
0.028916
0.153917
0.2625
0.196417
0.032167
0.050875
0.029125
0.080167
0.049666
0.037375
0.04
0.036917
0.064583
0.036083
0.034542
0.02575
0.030167
0.050541
0.027416
0.031083
0.023958
0.024333
0.029667
0.038958
0.025084
0.027875
0.04325
0.03075
0.047709
0.045667
0.026625
0.063042
0.078875
0.03375
0.042625
0.075375
0.030458
0.08175
0.046333
0.026958
0.083583
0.048625
0.028208
0.047125
0.028041
0.041208
0.066
0.033875
0.025458
0.036125
0.0255
0.029375
0.048875
0.032541
0.032458
0.03575
0.033958
0.030583
0.02925
0.033666
0.031334
0.030375
0.029959
0.040625
0.035167
0.031792
0.0355
0.034916
0.0325
0.036916
0.03175
0.300625
0.031708
0.031792
0.034667
0.03775
0.030333
0.029667
0.028375
0.032792
0.029541
0.034833
0.029084
0.031417
0.031625
0.036208
0.032917
0.039958
0.030167
0.039459
0.036333
0.035875
0.038208
0.031583
0.033958
0.043292
0.030708
0.031208
0.033542
0.032875
0.029583
0.034417
0.03125
0.028416
0.03
0.028917
0.0345
0.032625
0.036
0.031834
0.032667
0.032583
0.03175
0.038125
0.036209
0.034209
0.0315
0.032416
0.027917
0.032041
0.031416
0.03525
0.037042
0.033625
0.031875
0.029833
0.030542
0.030125
0.034125
0.029875
0.029417
0.029083
0.028667
0.029917
0.03125
0.033542
0.030333
0.027875
0.032
0.030833
0.0285
0.02875
0.0275
0.029625
0.032667
0.032458
0.027541
0.030875
0.03
0.029584
0.028458
0.026708
0.03025
0.028917
0.028625
0.028583
0.028834
0.027167
0.029667
0.029333
0.028667
0.029083
0.03275
0.031459
0.032833
0.032166
0.029667
0.031375
0.032208
0.029375
0.030834
0.03475
0.0335
0.039042
0.030791
0.031958
0.035208
0.0325
0.033458
0.040333
0.0305
0.034167
0.034416
0.02975
0.029833
0.029875
0.029333
0.0295
0.031791
0.031917
0.029583
0.032083
0.031167
0.030084
0.030333
0.030458
0.03225
0.03
0.031709
0.0315
0.031791
0.031458
0.033583
0.032208
0.031583
0.037167
0.0315
0.028083
0.031834
0.032709
0.030084
0.033916
0.032833
0.027916
0.031042
0.02775
0.027792
0.029542
0.029125
0.025083
0.030792
0.026583
0.028291
0.031583
0.02925
0.029083
0.027458
0.031291
0.025625
0.039333
0.035542
0.027875
0.031208
0.038959
0.050333
0.035167
0.032584
0.035042
0.0315
0.030042
0.034292
0.034
0.032208
0.030708
0.028708
0.029166
0.029917
0.0345
0.032584
0.029916
0.030917
0.031208
0.037084
0.033625
0.0305
0.031875
0.046875
0.032334
0.030625
0.0255
0.0315
0.030667
0.023958
0.025833
0.024792
0.034916
0.03225
0.0345
0.060125
0.044417
0.039041
0.124166
0.059667
0.092875
0.053875
0.035042
0.034292
0.126583
0.042292
0.063792
0.082167
0.039083
0.036375
0.059584
0.033334
0.056375
0.103583
0.039125
0.047292
0.115875
0.049167
0.105375
0.075917
0.050417
0.06375
0.091167
0.077125
0.065958
0.0685
0.052875
0.054833
0.063917
0.060584
0.0595
0.039208
0.045125
0.051042
0.042834
0.048917
0.048666
0.045959
0.052083
0.064042
0.06375
0.042583
0.045667
0.217458
0.063125
0.057042
0.051792
0.064542
0.03825
0.058709
0.082333
0.06975
0.052459
0.036625
0.037834
0.069542
0.173875
0.043708
0.465417
0.046459
0.061
0.111167
0.066
0.038541
0.046333
0.059625
0.070208
0.118916
0.083125
0.047208
0.077875
0.117291
0.052291
0.142875
0.11525
0.049
0.035125
0.053792
0.044334
0.08725
0.075459
0.168083
0.107291
0.1055
0.064666
0.067792
0.067375
0.064083
0.09625
0.04925
