0.477041
0.547583
2.1385
0.135375
0.200834
0.326792
0.117125
0.107375
0.364167
0.105667
0.101083
0.30425
0.121875
0.105458
0.09825
0.1865
0.10475
0.206666
0.205542
0.292167
0.113667
0.239334
0.142666
0.368125
0.108041
0.129375
0.116375
0.155209
0.103
0.130958
0.110667
0.09875
0.216667
0.107584
0.105
0.12475
0.11025
0.144125
0.389666
0.111917
0.094333
0.176084
0.347958
0.15475
0.102125
0.112625
0.097666
0.299083
0.212667
0.102292
0.102167
0.228291
0.170958
0.205167
0.158583
0.099458
0.0955
0.109667
0.102
0.113125
0.115667
0.099542
0.124042
0.11775
0.102417
0.114542
0.1315
0.20075
0.120042
0.210709
0.194666
0.127084
0.103166
0.220459
0.202166
0.107209
0.157417
0.187833
0.098083
0.1495
0.127791
0.121333
0.208584
0.140625
0.110709
0.252917
0.135334
0.102041
0.091625
0.09825
0.134625
0.131625
0.096333
0.099792
0.091291
0.11325
0.094375
0.0985
0.11125
0.130333
0.098834
0.112833
0.093333
0.160584
0.221042
0.114166
0.2905
0.129959
0.108209
0.136042
0.3115
0.138708
0.262083
0.143542
0.090875
0.199417
0.097375
0.116625
0.096833
0.223209
0.108584
0.098292
0.099
0.106333
0.101875
0.094875
0.111292
0.100375
0.105625
0.108625
0.099125
0.097625
0.111084
0.102292
0.1005
0.127125
0.101459
0.110167
0.104208
0.106
0.091458
0.122791
0.090708
0.150583
0.19425
0.11525
0.091041
0.099625
0.096
0.188292
0.198792
0.09525
0.09675
0.100375
0.092667
0.127125
0.095708
0.153417
0.104875
0.12125
0.101417
0.106917
0.1035
0.158
0.090166
0.14625
0.102166
0.153084
0.090334
0.115292
0.093084
0.097834
0.107625
0.109417
0.216542
0.112084
0.147292
0.191541
0.101167
0.113667
0.142875
0.15275
0.142625
0.101958
0.109958
0.400417
0.155083
0.110083
0.235291
0.10225
0.10475
0.175584
0.177666
0.09875
0.140125
0.114916
0.110792
0.209958
0.094791
0.226458
0.212875
0.098792
0.128834
0.096333
0.164125
0.094584
0.103208
0.152292
0.355083
0.095
0.10325
0.123709
0.107959
0.186958
0.121208
0.221042
0.119625
0.106417
0.138375
0.201042
0.104625
0.10725
0.194
0.133791
0.105125
0.152625
0.127291
0.096917
0.202167
0.109708
0.111084
0.112625
0.207
0.114542
0.116625
0.102958
0.220958
0.295
0.162833
0.13825
0.202
0.164166
0.160125
0.090042
0.109875
0.088417
0.133958
0.124417
0.137
0.090833
0.188667
0.10175
0.103666
0.123708
0.139125
0.106458
0.144417
0.26075
0.120875
0.227958
0.097333
0.094375
0.095375
0.100167
0.093375
0.103458
0.214417
0.207875
0.100584
0.105209
0.1155
0.10025
0.176042
0.212583
0.133417
0.148292
0.241667
0.105625
0.147167
0.222125
0.10525
0.114959
0.130625
0.092917
0.143209
0.104
0.095042
0.360334
0.104333
0.095708
0.09175
0.106583
0.100334
0.110167
0.098583
0.099
0.10575
0.149583
0.096417
0.097833
0.107584
0.094792
0.110209
0.177875
0.092375
0.094416
0.102625
0.098041
0.096
0.106583
0.094667
0.183708
0.113625
0.199875
0.101458
0.104209
0.090959
0.281708
0.089583
0.19625
0.093708
0.237292
0.101375
0.1765
0.196625
0.196917
0.131375
0.197
0.098333
0.094625
0.123375
0.12375
0.094625
0.092834
0.164084
0.115292
0.30475
0.133542
0.152666
0.212042
0.112958
0.09025
0.099083
0.116833
0.090208
0.141042
0.096375
0.096542
0.097459
0.103084
0.101
0.110041
0.098
0.095667
0.090709
0.099458
0.093333
0.094292
0.106208
0.094709
0.12375
0.115708
0.131208
0.178833
0.198
0.158583
0.254417
0.248125
0.192291
0.116916
0.151208
0.1065
0.116458
0.109125
0.18975
0.189417
0.225792
0.261125
0.136334
0.175334
0.130792
0.187125
0.267209
0.129417
0.145375
0.237666
0.167208
0.222583
0.285583
0.106875
0.117208
0.093208
0.102833
0.113625
0.134042
0.096209
0.113709
0.095583
0.098708
0.10325
0.096083
0.0945
0.104208
0.103083
0.096333
0.160667
0.118166
0.095125
0.156208
0.108833
0.123875
0.188083
0.092959
0.101709
0.162917
0.101042
0.159042
0.094166
0.0935
0.093542
0.114
0.096083
0.090584
0.106208
0.105792
0.127583
0.2265
0.142
0.255917
0.125833
0.250709
0.23525
0.150125
0.233625
0.140792
0.116042
0.106583
0.0925
0.107542
0.124958
0.141
0.087459
0.102292
0.0895
0.109583
0.113167
0.103084
0.117083
0.126125
0.102583
0.118541
0.125292
0.154083
0.091916
0.103917
0.158917
0.124292
0.101542
0.113709
0.103
0.097042
0.164167
0.096917
0.229375
0.143334
0.182416
0.09625
0.119916
0.112375
0.092833
0.117584
0.127
0.110709
0.16625
0.094
0.09975
0.095583
0.155959
0.095458
0.094209
0.136041
0.10075
0.097625
0.096958
0.099083
0.10125
0.092125
0.114917
0.098084
0.120458
0.205041
0.122417
3.97625
0.100167
0.090666
0.125375
0.134334
0.117625
0.19425
0.14025
0.11175
0.15375
0.119
0.214542
0.101417
0.128084
0.094292
0.188833
0.096625
0.100334
0.107917
0.135083
0.094542
0.326
0.097833
0.115
0.09175
0.119166
0.095291
0.178167
0.098167
0.110792
0.215708
0.131583
0.193084
0.098416
0.096917
0.318375
0.105375
0.10125
0.099875
0.312
0.148958
0.105
0.110167
0.102584
0.107625
0.221458
0.127708
0.108166
0.108
0.268584
0.132291
0.241791
0.124667
0.099042
0.117041
0.109209
0.10175
0.093375
0.106583
0.106208
0.094458
0.093292
0.130417
0.120541
0.127583
0.108916
0.097292
0.094208
0.09625
0.107541
0.101125
0.090708
0.091958
0.095083
0.093167
0.107208
0.107083
0.094542
0.124792
0.163291
0.095667
0.098625
0.0955
0.101958
0.126
0.116083
0.100041
0.132083
0.168375
0.092083
0.12825
0.09325
0.099917
0.128792
0.118583
0.091209
0.121667
0.095166
0.09875
0.1865
0.101375
0.089708
0.140667
0.095625
0.094
0.100958
0.097917
0.099791
0.130333
0.109417
0.094167
0.095208
0.112125
0.090333
0.109542
0.116167
0.096167
0.109292
0.111584
0.103375
0.094417
0.12875
0.105959
0.114083
0.181917
0.10325
0.096167
0.105167
0.09425
0.097042
0.177083
0.123333
0.097792
0.132584
0.09475
0.09375
0.103792
0.12325
0.119792
0.104291
0.187375
0.125584
0.137084
0.363958
0.189084
0.116459
0.124584
0.126584
0.12675
0.102875
0.115083
0.224958
0.135458
0.14475
0.109
0.199625
0.1055
0.113625
0.121542
0.725459
0.268417
0.12175
0.128291
0.125333
0.142333
0.2875
0.121042
0.188708
0.195791
0.108583
0.10325
0.120292
0.121791
0.415125
0.169083
0.120333
0.249292
0.111125
0.138334
0.216
0.114708
0.475666
0.167666
0.282167
0.14175
0.221042
0.850959
0.111083
0.099583
0.128333
1.12838
0.159667
2.06621
0.159042
0.139584
0.12575
0.202166
0.181
0.242041
0.172
0.221292
0.1015
0.129667
0.11
1.10038
0.281125
0.118
0.140375
0.117667
0.102583
0.200625
0.098292
0.112042
0.123083
0.109667
0.162542
0.099833
0.153333
0.097417
0.100291
0.142125
0.139333
0.136167
0.208708
0.099833
0.095333
0.198042
0.099833
0.096916
0.096667
0.098292
0.411916
0.119958
0.476291
0.106542
0.150125
0.104792
0.12925
0.102875
0.170042
0.120958
0.984958
0.137792
0.1125
0.105125
0.173833
0.223125
0.163
0.141625
0.116791
0.113375
0.12575
0.153417
0.188083
0.112625
0.166458
0.124333
0.169084
0.142708
0.119708
0.13475
0.121458
0.11225
0.105584
0.103667
0.110959
0.128167
0.162958
0.141625
0.127125
0.168209
0.173958
0.11625
0.112125
0.104125
0.106542
0.118542
0.107541
0.104333
0.112917
0.098459
0.091834
0.093167
0.100209
0.096709
0.091708
0.09075
0.098833
0.110875
0.099917
0.134042
0.100291
0.108042
0.096333
0.105
0.162583
0.100833
0.109625
0.100708
0.116292
0.10125
0.107958
0.150084
0.127667
0.119791
0.152958
0.095792
0.11125
0.095625
0.101625
0.108084
0.108833
0.111041
0.1275
0.108625
0.13375
0.098958
0.211042
0.096292
0.099792
0.100792
0.096584
0.093
0.094083
0.092875
0.094375
0.10175
0.09175
0.098416
0.12475
0.100666
0.124542
0.138375
0.107125
0.11225
0.10775
0.095
0.092834
0.091125
0.346375
0.109292
0.115916
0.094
0.168083
0.094208
0.106167
0.093166
0.105791
