0.188375
0.195041
0.103083
0.04625
0.042042
0.042375
0.057291
0.040792
0.056458
0.052916
0.047291
0.048416
0.047875
0.042208
0.086333
0.049125
0.044667
0.049958
0.070041
0.046459
0.057209
0.044917
0.040792
0.057667
0.043125
0.043792
0.047958
0.044125
0.053208
0.059
0.05925
0.068125
0.044375
0.065792
0.054458
0.043959
0.041458
0.059291
0.040167
0.046041
0.051458
0.04075
0.0435
0.064875
0.069667
0.076375
0.05125
0.046791
0.04625
0.048459
0.039833
0.05225
0.050292
0.044042
0.046708
0.050291
0.047917
0.066041
0.04575
0.043292
0.046459
0.052667
0.045125
0.0675
0.040833
0.044417
0.039833
0.049584
0.04525
0.068625
0.046625
0.053
0.042584
0.045208
0.040917
0.092417
0.04625
0.045625
0.042584
0.043667
0.047833
0.048875
0.0445
0.046667
0.045042
0.048459
0.060583
0.065084
0.155084
0.212875
0.1395
0.22125
0.051625
0.067791
0.066458
0.074
0.099833
0.05525
0.052958
0.054416
0.057167
0.055916
0.105958
0.067542
0.089667
0.086834
0.090084
0.053625
0.060458
0.057375
0.067959
0.049917
0.046875
0.062541
0.155125
0.134167
0.052959
0.047958
0.041916
0.055291
0.047417
0.0465
0.089417
0.04225
0.052125
0.054959
0.04825
0.054709
0.047584
0.049916
0.077333
0.072625
0.077084
0.097166
0.049083
0.078125
0.0545
0.048833
0.04725
0.048292
0.042584
0.050125
0.081166
0.058833
0.047333
0.051709
0.046167
0.054875
0.056833
0.041667
0.045875
0.045959
0.051667
0.055042
0.056334
0.055791
0.08025
0.082125
0.046
0.065666
0.063583
0.05075
0.047291
0.076916
0.048209
0.04475
0.190208
0.134667
0.050958
0.044833
0.102
0.06975
0.049125
0.045542
0.046375
0.052291
0.0645
0.047167
0.042584
0.050792
0.051916
0.045083
0.047791
0.052666
0.05225
0.048583
0.058708
0.042333
0.053334
0.074542
0.053375
0.092458
0.06
0.060625
0.048083
0.05075
0.047
0.046333
0.055375
0.049667
0.045208
0.04125
0.132208
0.060042
0.059
0.052916
0.055084
0.074083
0.049917
0.122125
0.108958
0.215958
0.197917
0.045542
0.082209
0.076416
0.044958
0.050792
0.063125
0.04175
0.081833
0.057584
0.056042
0.084375
0.072958
0.050583
0.051584
0.044875
0.0595
0.0665
0.097916
0.061792
0.087667
0.05175
0.056833
0.079667
0.058333
0.04975
0.072042
0.057458
0.062583
0.056833
0.064292
0.051542
0.053708
0.049792
0.088083
0.068125
0.074458
0.056459
0.05875
0.057584
0.061583
0.06275
0.048541
0.071375
0.0825
0.057375
0.047208
0.055666
0.0525
0.051
0.043875
0.092167
0.071458
0.069791
0.075459
0.06575
0.072875
0.048708
0.06275
0.063542
0.049875
0.077208
0.138333
0.113041
0.081917
0.0665
0.06725
0.107792
0.066875
0.048709
0.056417
0.064084
0.0805
0.082583
0.12475
0.06125
0.044541
0.043291
0.095917
0.053292
0.050375
0.082333
0.119042
0.049
0.058
0.050583
0.091042
0.048375
0.04625
0.080875
0.072
0.064291
0.083792
0.06725
0.04275
0.047208
0.155041
0.051458
0.050625
0.0515
0.044792
0.057041
0.052291
0.049125
0.053709
0.056791
0.077
0.07775
0.0555
0.055417
0.098125
0.05
0.046083
0.05925
0.052041
0.045583
0.05525
0.048625
0.047042
0.058834
0.064375
0.05125
0.065917
0.044209
0.057709
0.044667
0.054292
0.085708
0.049458
0.048291
0.091667
0.05
0.048792
0.050208
0.048833
0.047625
0.118375
0.051584
0.131541
0.064042
0.075625
0.04475
0.047916
0.047291
0.04625
0.045083
0.072333
0.043875
0.054958
0.053708
0.073333
0.045333
0.053334
0.046208
0.04825
0.054792
0.089166
0.072041
0.043875
0.086667
0.052833
0.044334
0.050667
0.043917
0.052625
0.048292
0.056625
0.049875
0.051959
0.056375
0.051875
0.04575
0.050542
0.045666
0.057333
0.047834
0.0595
0.046666
0.048959
0.049792
0.058917
0.050625
0.084458
0.053583
0.054708
0.048667
0.04925
0.046417
0.055666
0.068333
0.052
0.144083
0.077125
0.057542
0.059209
0.055333
0.101333
0.062583
0.04675
0.0535
0.069917
0.0815
0.055375
0.085542
0.056791
0.048833
0.077208
0.113833
0.060125
0.05725
0.372167
0.348375
0.083625
0.047916
0.138667
0.088084
0.051625
0.087
0.087458
0.051666
0.074666
0.05575
0.080166
0.062
0.057292
0.048292
0.067709
0.071042
0.055917
0.053625
0.058583
0.043417
0.043666
0.04975
0.046417
0.045083
0.047083
0.044542
0.047125
0.050667
0.05125
0.046083
0.052
0.05675
0.050958
0.05
0.061667
0.05
0.046375
0.043875
0.051
0.051042
0.051584
0.053167
0.068625
0.049375
0.049833
0.1115
0.074
0.046584
0.056041
0.056625
0.052333
0.04725
0.094917
0.053917
0.064208
0.05825
0.099708
0.227125
0.066542
0.069708
0.152041
0.074875
0.060208
0.064416
0.076375
0.074959
0.087791
0.057125
0.046125
0.06325
0.134959
0.051083
0.053959
0.043542
0.054375
0.060292
0.046666
0.051125
0.0535
0.04525
0.048375
0.046625
0.081083
1.02488
0.059833
0.089875
0.204458
0.469958
0.190708
0.054084
0.064875
0.060166
0.059917
0.056041
0.253584
0.068667
0.05875
0.441209
0.056167
0.234625
0.059083
0.081541
0.064791
0.133
0.195209
0.133
0.090459
0.054875
0.077583
0.225125
0.174167
0.050292
0.101417
0.18325
0.302333
0.05625
0.23775
0.088917
0.075708
0.143833
0.105083
0.060958
0.058875
0.102084
0.110625
0.131583
0.187541
0.049666
0.09675
0.073333
0.051791
0.135333
0.066709
0.147958
0.089125
0.055167
0.078959
0.056292
0.057084
0.073167
0.056
0.051625
0.057208
0.052084
0.052166
0.138625
0.085375
0.050334
0.094834
0.079875
0.115292
0.067833
0.211583
0.064209
0.075541
0.328334
0.08025
0.055167
0.137042
0.050458
0.07475
0.102666
0.053792
0.164125
0.0555
0.049084
0.0695
0.052334
0.050875
0.23325
0.053083
0.12675
0.166583
0.058875
0.295791
0.133042
0.810167
0.270916
0.131667
0.142542
0.081375
0.204416
0.186208
0.138208
0.117792
0.051334
0.486375
0.166291
0.173834
0.464667
0.087167
0.0855
0.606042
0.126292
0.307458
0.357625
0.329958
0.123416
0.297459
0.204125
0.134166
0.083042
0.132667
0.154791
0.1715
0.163834
0.084208
0.15625
0.3455
0.058083
0.074
0.054292
0.099833
0.06825
0.13625
0.31375
0.074
0.059667
0.189042
0.050083
0.08025
0.085375
0.05575
0.077625
0.056416
0.084417
0.129042
0.059417
0.059958
0.058584
0.055667
0.05275
0.064167
0.083292
0.051542
0.062666
0.067916
0.140709
0.139667
0.351458
0.340292
0.116625
0.053625
0.293833
0.34175
0.137
0.347833
0.134
0.355375
0.121958
0.05725
0.086458
0.232583
0.087791
0.05375
0.061833
0.055
0.05275
0.145584
0.065833
0.165625
0.056292
0.059458
0.190084
0.053625
0.085125
0.104834
0.066125
0.053584
0.053375
0.438583
0.142416
0.063458
0.053209
0.057417
0.0535
0.14175
0.277833
0.054208
0.13625
0.140834
0.135125
0.090209
0.082167
0.133792
0.061375
0.062333
0.088666
0.101209
0.117208
0.099542
0.072333
0.242
0.159375
0.071875
0.126458
0.154791
0.086542
0.315167
0.2105
0.080333
0.066208
0.17975
0.270792
0.133
0.117958
0.058625
0.087333
0.183959
0.078417
0.141958
0.061542
0.060042
0.077542
0.052083
0.05125
0.050958
0.080875
0.220042
0.074958
0.174208
0.062041
0.076708
0.07875
0.051583
0.052375
0.073375
0.107625
0.087042
0.12075
0.080708
0.057375
0.103917
0.054667
0.056041
0.052416
0.050083
0.079542
0.137833
0.068042
0.063541
0.063125
0.062417
0.1185
0.058042
0.049583
0.133208
0.14575
0.078917
0.076125
0.1605
0.087542
0.059792
0.220542
0.051166
0.050041
0.047083
0.074875
0.072875
0.072416
0.057334
0.059875
0.059166
0.050834
0.0775
0.0855
0.0565
0.067375
0.06425
0.046667
0.051125
0.051792
0.047833
0.044875
0.04725
0.085458
0.064083
0.078833
0.063292
0.051958
0.050208
0.059208
0.05
0.052666
0.051875
0.055084
0.049334
0.083375
0.055083
0.085584
0.067708
0.058334
0.046209
0.056458
0.052791
0.052042
0.049167
0.079125
0.05
0.0805
0.059083
0.049833
0.058458
0.054291
0.068167
0.086125
0.08025
1.66646
0.0865
0.06875
0.080083
0.360417
0.104583
0.062083
0.050208
0.046625
