0.447208
0.410084
0.225375
0.096625
0.102875
0.093
0.097292
0.092166
0.114375
0.098083
0.09925
0.105666
0.10025
0.081334
0.092
0.1345
0.107042
0.125792
0.217584
0.10775
0.094
0.089083
0.089875
0.090042
0.09325
0.082666
0.101791
0.09725
0.086958
0.093125
0.103209
0.085458
0.08975
0.093458
0.087458
0.104292
0.110584
0.08825
0.097584
0.090042
0.098875
0.093208
0.096208
0.089292
0.098583
0.098084
0.094709
0.089708
0.099792
0.089208
0.092042
0.087583
0.1015
0.08825
0.101958
0.090459
0.101792
0.092292
0.09675
0.094416
0.097208
0.096834
0.095167
0.088083
0.089208
0.093834
0.106417
0.090875
0.099792
0.096708
0.097334
0.088333
0.10575
0.094959
0.089833
0.092792
0.086458
0.103209
0.126042
0.095875
0.124083
0.120625
0.160625
0.11425
0.126584
0.104375
0.119625
0.112333
0.14575
0.106875
0.156541
0.121875
0.164625
0.1525
0.143167
0.118875
0.1115
0.112208
0.137084
0.099084
0.103084
0.110625
0.133959
0.111542
0.139333
0.111042
0.146041
0.126583
0.143917
0.113667
0.129792
0.121084
0.107959
0.128708
0.171208
0.116916
0.144334
0.116875
0.122625
0.126375
0.1615
0.122917
0.11
0.090667
0.102084
0.105125
0.132375
0.097083
0.12075
0.094916
0.107042
0.107917
0.107625
0.095792
0.118458
0.087042
0.118292
0.094875
0.093125
0.09075
0.108166
0.110125
0.110125
0.116459
0.095458
0.09925
0.087667
0.100334
0.09775
0.099291
0.104167
0.088417
0.125333
0.087167
0.099208
0.091042
0.10825
0.097167
0.122583
0.089084
0.128584
0.09575
0.110166
0.116333
0.231792
0.198291
0.1595
0.113209
0.182542
0.115584
0.104625
0.09125
0.102167
0.109958
0.112875
0.099125
0.110042
0.1005
0.11825
0.102167
0.099708
0.095209
0.097166
0.0865
0.091958
0.104792
0.097125
0.102709
0.093666
0.086541
0.1325
0.097292
0.122125
0.088375
0.094917
0.093625
0.108417
0.092042
0.0885
0.090292
0.092459
0.092833
0.102416
0.091625
0.101084
0.095416
0.101292
0.093833
0.09175
0.093583
0.092834
0.115209
0.118125
0.104916
0.111
0.10925
0.123667
0.130916
0.116125
0.113042
0.114042
0.110958
0.159667
0.096958
0.107833
0.095542
0.103917
0.086959
0.097375
0.088708
0.115042
0.100834
0.104875
0.118208
0.1095
0.098
0.1295
0.098625
0.090125
0.091125
0.097209
0.144167
0.114
0.109167
0.097959
0.122417
0.177334
0.113042
0.114375
0.118542
0.096042
0.100834
0.09975
0.096042
0.09275
0.107333
0.113292
0.094625
0.114541
0.12275
0.110333
0.124833
0.09575
0.108167
0.101625
0.10225
0.101834
0.111
0.103375
0.123833
0.123917
0.168917
0.106583
0.154541
0.10525
0.1095
0.107958
0.100583
0.10875
0.111708
0.106625
0.104958
0.105458
0.115125
0.150417
0.113333
0.104
0.103084
0.114292
0.087875
0.095791
0.113667
0.115
0.139208
0.138583
0.165584
0.107
0.114708
0.143708
0.124208
0.105042
0.129125
0.141917
0.135417
0.11125
0.119292
0.145708
0.1175
0.111875
0.118209
0.117584
0.133583
0.119667
0.103458
0.093042
0.099
0.092541
0.10675
0.097292
0.1225
0.094291
0.093167
0.095542
0.095125
0.10125
0.104208
0.092125
0.116667
0.11575
0.1255
0.153417
0.119166
0.091125
0.109959
0.11275
0.105
0.102041
0.100292
0.090625
0.090333
0.0895
0.093208
0.0995
0.107792
0.086917
0.102042
0.105
0.161542
0.122458
0.098292
0.101292
0.105875
0.099875
0.098792
0.132792
0.095209
0.093291
0.096625
0.092708
0.108417
0.104417
0.11475
0.135208
0.098708
0.106833
0.118166
0.131208
0.114583
0.166041
0.223416
0.150375
0.141583
0.1815
0.107417
0.140208
0.11125
0.104
0.112791
0.108459
0.12675
0.128042
0.112333
0.142084
0.125708
0.085
0.0845
0.115292
0.083834
0.085833
0.091334
0.082
0.09
0.117125
0.082375
0.0985
0.098541
0.108917
0.083375
0.086625
4.7385
0.326667
0.355375
0.217542
0.087333
0.098542
0.08425
0.089083
0.109792
0.08675
0.112833
0.185459
0.128708
0.153125
0.145458
0.113042
0.128167
0.123917
0.123792
0.128583
0.14125
0.135959
0.107
0.095584
0.081917
0.136792
0.124292
0.141
0.112125
0.082708
0.088667
0.085292
0.093875
0.098792
0.090875
0.093667
0.087708
0.092084
0.117125
0.127708
0.105625
0.116666
0.145417
0.100167
0.099083
0.116084
0.098417
0.098
0.088292
0.093709
0.095041
0.091458
0.086333
0.083833
0.093833
0.089917
0.101291
0.10725
0.110667
0.094459
0.105
0.106875
0.105416
0.101875
0.094
0.091042
0.101458
0.095625
0.118625
0.1025
0.103958
0.114708
0.115833
0.095459
0.094291
0.089625
0.105583
0.101542
0.11425
0.098916
0.105041
0.107833
0.1005
0.119083
0.129875
0.109583
0.124166
0.105209
0.102916
0.10125
0.100125
0.095209
0.107
0.125917
0.100958
0.119708
0.145542
0.113458
0.109625
0.11125
0.096209
0.12325
0.0965
0.113292
0.117458
0.098208
0.1015
0.10825
0.119
0.123542
0.130083
0.116959
0.111541
0.110458
0.12675
0.097584
0.091708
0.115959
0.1255
0.104708
0.117875
0.101917
0.098583
0.096167
0.089209
0.094709
0.093375
0.088167
0.087833
0.098334
0.086791
0.104458
0.121916
0.107958
0.103041
0.17175
0.090417
0.113875
0.098
0.11125
0.088
0.095292
0.096291
0.090625
0.096458
0.08925
0.089583
0.267
0.10225
0.090792
0.095666
0.1015
0.341417
0.108875
0.523667
0.105167
0.216541
0.096625
0.098416
0.095625
0.094708
0.108292
0.096459
0.096333
0.097875
0.089792
0.097459
0.111292
0.092917
0.104292
0.105792
0.096458
0.096
0.101083
0.105459
0.104458
0.098291
0.096958
0.096125
0.097917
0.09025
0.094375
0.101666
0.094625
0.096375
0.10425
0.113417
0.095875
0.102042
0.100292
0.102
0.092667
0.087583
0.089625
0.104708
0.098375
0.099833
0.128416
0.121
0.120333
0.126167
0.116875
0.115541
0.099833
0.100417
0.106917
0.098333
0.106375
0.100458
0.116291
0.103708
0.100375
0.096041
0.105583
0.096625
0.092417
0.092917
0.089625
0.091208
0.093625
0.086375
0.101
0.097625
0.1045
0.088917
0.101458
0.104458
0.107375
0.094791
0.090208
0.090208
0.095083
0.087542
0.091792
0.098584
0.098625
0.098584
0.098833
0.086833
0.109334
0.100833
0.088583
0.095792
0.109791
0.0995
0.097917
0.097333
0.1035
0.09975
0.097917
0.100916
0.101709
0.109
0.082917
0.100291
0.110125
0.105792
0.099459
0.096
0.094417
0.103125
0.095375
0.10125
0.090334
0.09775
0.099167
0.0905
0.099
0.102833
0.098667
0.089875
0.108708
0.090583
0.10975
0.096041
0.099875
0.094375
0.101667
0.101834
0.106042
0.090375
0.100542
0.090459
0.114584
0.094417
0.108125
0.087375
0.102208
0.090375
0.114667
0.10525
0.099625
0.087125
0.096833
0.0955
0.10425
0.109416
0.094542
0.095041
0.091917
0.09175
0.091125
0.0885
0.091167
0.091625
0.099583
0.092125
0.09275
0.107917
0.107292
0.116458
0.099583
0.100583
0.151416
0.110042
0.099458
0.101209
0.098667
0.0985
0.103083
0.123875
0.154375
0.104208
0.094583
0.1105
0.091792
0.092917
0.090667
0.091083
0.085875
0.105667
0.086458
0.088708
0.097334
0.11225
0.102416
0.10825
0.094084
0.100542
0.090708
0.095083
0.088834
0.095208
0.090083
0.090167
0.094
0.094792
0.100875
0.127084
0.086375
0.11075
0.09475
0.093083
0.086708
0.114333
0.090167
0.094625
0.094458
0.101417
0.09575
0.095209
0.091042
0.130459
0.0975
0.09775
0.094708
0.111792
0.088083
0.102875
0.077875
0.090167
0.093459
0.098625
0.095958
0.096167
0.089416
0.093792
0.090875
0.092667
0.09075
0.109583
0.091875
0.10525
0.092208
0.093625
0.0875
0.113916
0.113167
0.09725
0.101958
0.102
0.091917
0.097833
0.088458
0.117417
0.098542
0.109
0.108291
0.096375
0.084166
0.084209
0.090208
0.098708
0.091375
0.099917
0.085833
0.103458
0.117625
0.118167
0.111125
0.104334
0.097958
0.118
0.101583
0.110167
0.087625
0.084875
0.095875
0.092209
0.086375
0.094875
0.08975
0.090292
0.094792
0.107209
0.100334
0.101417
0.11475
0.11625
0.11025
0.114459
0.129708
0.5285
0.320583
0.167125
0.228584
0.174875
0.195417
0.446292
0.255666
0.177333
