0.456792
0.407916
0.452667
0.123167
0.082208
0.184333
0.094541
0.089709
0.09725
0.090458
0.090833
0.08425
0.118958
0.078875
0.079542
0.124917
0.085333
0.087125
0.106834
0.081083
0.088875
0.121125
0.10175
0.080459
0.0975
0.086333
0.086417
0.119416
0.084584
0.083583
0.128291
0.091625
0.084625
0.128291
0.088042
0.095416
0.130625
0.077
0.089042
0.117541
0.093542
0.082583
0.121958
0.083333
0.088917
0.10425
0.091792
0.083583
0.110042
0.093833
0.089666
0.091959
0.091875
0.091833
0.108625
0.085666
0.092125
0.098459
0.108625
0.090625
0.15275
0.081583
0.096958
0.094208
0.07875
0.102166
0.192042
0.083709
0.109166
0.102042
0.109792
0.12275
0.153334
0.147
0.20875
0.494167
0.275959
0.154708
0.399375
0.163083
0.221917
0.178875
0.198542
0.135375
0.511625
0.157833
0.242333
0.169125
0.22525
0.268208
0.46475
0.109208
0.229333
0.127792
0.224583
0.235667
0.158375
0.108542
0.131334
0.231042
0.173875
0.139583
0.363833
0.129958
0.183875
0.142208
0.233334
0.146875
0.319792
0.137333
0.185583
0.5035
0.233125
0.131875
0.315542
0.118667
0.313875
0.264375
0.17825
0.188208
0.316958
0.119333
0.146792
0.315541
0.14225
0.115125
0.472833
0.123875
0.344084
0.173958
0.146917
0.10275
0.522625
0.130708
0.130125
0.245333
0.15
0.122709
0.173084
0.174834
0.133833
0.144958
0.210916
0.127417
0.288375
0.138125
0.193417
0.160083
0.216833
0.255625
0.358709
0.189208
0.207709
0.25625
0.247292
0.127916
0.345708
0.128167
0.129958
0.108625
0.142584
0.133541
0.140417
0.113791
0.103416
0.164916
0.118458
0.111791
0.161
0.101708
0.102166
0.108791
0.115375
0.104875
0.132167
0.130083
0.146
0.147709
0.2155
0.093125
0.223666
0.152167
0.115333
0.134
0.100958
0.101542
0.1015
0.080375
0.098292
0.101041
0.080958
0.085791
0.103625
0.083208
0.088708
0.133459
0.103167
0.088209
0.087958
0.0915
0.103
0.126208
0.121542
0.12425
0.151083
0.107375
0.114708
0.180084
0.112
0.110417
0.142166
0.103667
0.139
0.123
0.125042
0.200084
0.432625
0.159625
0.2
0.151375
0.23075
0.339417
0.234917
0.148667
0.340792
0.141083
0.241792
0.131959
0.246833
0.133875
0.175709
0.154708
0.208625
0.139584
0.4665
0.151459
0.223166
0.165416
0.202958
0.213167
0.3895
0.271083
0.185792
0.167583
0.190667
0.1445
0.174833
0.12975
0.131125
0.141375
0.144084
0.265291
0.168834
0.123875
0.126625
0.150917
0.197625
0.128584
0.100916
0.099166
0.098875
0.1095
0.091208
0.083792
0.095833
0.083917
0.094834
0.087708
0.08975
0.083875
0.102167
0.079625
0.089125
0.085667
0.093625
0.091625
0.109333
0.080708
0.086375
0.092167
0.09325
0.08175
0.085209
0.085583
0.086458
0.083125
0.083417
0.088541
0.089333
0.083792
0.087041
0.091209
0.087583
0.115583
0.108917
0.081125
0.085584
0.137375
0.090417
0.083
0.103875
0.09575
0.097083
0.094667
0.109708
0.1165
0.102334
0.130666
0.10425
0.164208
0.114583
0.109792
0.115
0.091542
0.092333
0.105375
0.113375
0.138667
0.10425
0.092833
0.094875
0.091459
0.091541
0.084625
0.101083
0.1055
0.09575
0.148417
0.27575
0.112958
0.116083
0.237916
0.106916
0.088583
0.129416
0.111416
0.093166
0.125292
0.100292
0.1355
0.255125
0.112792
0.270625
0.619792
0.167541
0.221334
0.236708
0.242959
0.47575
0.139708
0.2715
0.155166
0.314375
0.176667
0.607333
0.100375
0.123458
0.158291
0.192125
0.151708
0.295417
0.133
0.242083
0.150666
0.231667
0.281417
0.202875
0.153291
0.214709
0.195417
0.224833
0.126542
0.189875
0.125
0.190208
0.209084
0.261792
0.134167
0.512375
0.150834
0.214042
0.166167
0.250167
0.184208
0.402083
0.145084
0.194958
0.372625
0.286417
0.153291
0.256583
0.155125
0.206292
0.16025
0.141167
0.145333
0.162167
0.139459
0.137583
0.155209
0.126375
0.116
0.15075
0.25575
0.2505
0.608959
0.375917
0.13325
0.24725
0.173459
0.205833
0.15725
0.195708
0.133917
0.345375
0.169042
0.214375
0.193
0.292333
0.118458
0.241583
0.118542
0.178375
0.190666
0.1555
0.120875
0.249458
0.175042
0.192792
0.214125
0.136583
0.130583
0.437583
0.121334
0.132708
0.162875
0.151458
0.1475
0.176166
0.133792
0.190792
0.177
0.195917
0.123333
0.252709
0.187875
0.285125
0.174208
0.148917
0.125291
0.148
0.1355
0.164083
0.196291
0.156125
0.18675
0.203459
0.154667
0.506125
0.281083
0.351709
0.209625
0.502083
0.095167
0.23625
0.185625
0.221792
0.1575
0.250458
0.203084
0.214209
0.16125
0.125209
0.159542
0.18775
0.175084
0.234667
0.215709
0.278292
0.35675
0.47225
0.151541
0.261708
0.251959
0.295
0.436584
0.209625
0.1685
0.487417
0.146209
0.162166
0.237541
0.139334
0.136208
0.229625
0.158083
0.28875
0.1915
0.131375
0.131125
0.12875
0.151709
0.121792
0.141
0.14625
0.136833
0.155917
0.152959
0.141041
0.132292
0.126834
0.111834
0.142791
0.165291
0.129375
0.159958
0.381041
0.159375
0.193875
0.216375
0.203667
0.211
0.159625
0.119417
0.1855
0.141458
0.258042
0.199625
0.169916
0.21925
0.224708
0.306542
0.203417
0.116
0.416583
0.206416
0.146292
0.172875
0.227125
0.197916
0.231
0.1005
0.264709
0.143584
0.217625
0.185458
0.164666
0.138417
0.254333
0.130459
0.122208
0.153625
0.171959
0.298166
0.187208
0.18075
0.183875
0.177542
0.193416
0.116792
0.209542
0.187584
0.189917
0.131958
0.181584
0.107291
0.193167
0.139875
0.203959
0.111125
0.328125
0.179375
0.23175
0.144125
0.168708
0.110459
0.240542
0.151542
0.214042
0.148084
0.191458
0.138083
0.248041
0.546334
0.176708
0.146666
0.143333
0.153542
0.139625
0.13425
0.152833
0.139958
0.133125
0.128667
0.145916
0.122125
0.133
0.132084
0.193958
0.17325
0.412041
0.168208
0.283459
0.143666
0.149167
0.112667
0.362667
0.168916
0.21075
0.200209
0.176125
0.125833
0.125792
0.127875
0.204166
0.181125
0.176167
0.142333
0.222667
0.176833
0.229875
0.1635
0.21125
0.136792
0.255375
0.131458
0.1325
0.1405
0.196542
0.216041
0.161334
0.20275
0.174375
0.15175
0.129333
0.127125
0.13
0.115416
0.140041
0.138583
0.131959
0.264208
0.2355
0.136542
0.145708
0.17125
0.257583
0.2065
0.180583
0.166209
0.234042
0.217375
0.166541
0.181125
0.286875
0.164125
0.2265
0.210875
0.238417
0.23975
0.190791
0.257208
0.212083
0.196417
0.324292
0.223583
0.200542
0.142333
0.198042
0.181834
0.191792
0.156333
0.188667
0.18
0.19075
0.157875
0.217167
0.136875
0.135
0.145083
0.202583
0.166458
0.21075
0.168917
0.201291
0.130458
0.254
0.189417
0.144834
0.164709
0.154333
0.172125
0.218042
0.168792
0.239333
0.163541
0.176792
0.260541
0.17575
0.182583
0.201708
0.181625
0.131833
0.133667
0.122667
0.139958
0.149792
0.13625
0.17075
0.182625
0.143958
0.127625
0.187792
0.38875
0.353
0.392958
0.303917
0.257417
0.570125
0.135458
0.117917
0.123666
0.137125
0.13
0.133833
0.194375
0.147166
0.148083
0.919667
0.130584
0.127959
0.12175
0.161125
0.149125
0.124875
0.144375
0.111167
0.107667
0.103
1.6875
0.486333
0.166333
0.092166
0.095375
0.137417
0.089792
0.108333
0.164
0.131084
0.19125
0.21625
0.161291
0.1425
0.2755
0.172166
0.178125
0.261125
0.181125
0.143542
0.171583
0.168292
0.146083
0.211292
0.1725
0.1465
0.189
0.142916
0.167833
0.36975
0.172792
0.1445
0.427375
0.140875
0.182333
0.421834
0.218875
0.170042
0.366583
0.185166
0.152875
0.309584
0.129709
0.142708
0.215208
0.147
0.13475
0.297542
0.125
0.156041
0.32
0.187833
0.132125
0.135458
0.118375
0.131666
0.217625
0.127917
0.128125
0.367792
0.155291
0.167792
0.19225
0.152916
0.170458
0.437292
0.151416
0.158709
0.2655
0.156542
0.306458
0.380292
0.170292
0.173375
0.297708
0.154333
0.19225
0.176
0.153875
0.145541
0.15425
0.130625
0.224584
0.112208
0.144125
0.133333
0.153708
0.146792
0.129459
0.331833
0.131875
0.124875
0.510875
0.3045
0.215875
0.183917
0.387292
0.139084
0.15475
0.180667
0.359459
