0.476416
0.519375
0.47875
0.126041
0.290125
0.123792
0.098209
0.19775
0.09875
0.104083
0.116708
0.106375
0.104584
0.118291
0.11975
0.112375
0.422625
0.098458
0.097708
0.107375
0.110792
0.098791
0.181041
0.121
0.087125
0.109584
0.087834
0.125958
0.086958
0.111209
0.11225
0.12975
0.21075
0.101917
0.240292
0.187083
0.113709
0.102
0.393
0.112125
0.108333
0.243958
0.097083
0.119542
0.091917
0.110917
0.108166
0.197208
0.094875
0.103875
0.102917
0.098292
0.103
0.099
0.096458
0.106459
0.092875
0.091625
0.086083
0.101625
0.090916
0.098416
0.089125
0.093875
0.102084
0.108208
0.100834
0.094084
0.103917
0.095792
0.09725
0.095542
0.107084
0.101916
0.098
0.09625
0.092417
0.096041
0.108084
0.1035
0.096625
0.092875
0.1035
0.135625
0.112708
0.113792
0.094375
0.101333
0.103458
0.123625
0.095666
0.124042
0.095167
0.093833
0.10475
0.106459
0.110125
0.117541
0.101
0.094334
0.096417
0.094625
0.095
0.106167
0.097834
0.086458
0.098959
0.140084
0.10075
0.096708
0.112459
0.167125
0.094292
0.098958
0.089333
0.110542
0.091958
0.094625
0.1085
0.100542
0.095459
0.102
0.096834
0.100125
0.117625
0.096083
0.097416
0.120875
0.116292
0.1125
0.128042
0.120666
0.124792
0.161459
0.109667
0.155083
0.132208
0.093792
0.089333
0.094833
0.090375
0.092458
0.098709
0.102333
0.093917
0.11325
0.110834
0.122417
0.105916
0.095
0.100125
0.105208
0.100833
0.114542
0.085834
0.095709
0.098375
0.117541
0.107
0.103291
0.105
0.104709
0.090208
0.111542
0.098791
0.097083
0.112791
0.112125
0.104125
0.107583
0.099167
0.109083
0.108209
0.138459
0.094917
0.121209
0.103042
0.105209
0.09
0.122958
0.100417
0.132791
0.130917
0.157208
0.125
0.118792
0.131584
0.17
0.117709
0.10125
0.112791
0.110417
0.124416
0.138417
0.099417
0.095417
0.094666
0.104208
0.087708
0.10125
0.100833
0.09575
0.11525
0.151125
0.093125
0.096417
0.098541
0.091208
0.1105
0.106375
0.0955
0.102
0.101667
0.097167
0.107833
0.105083
0.089292
0.099042
0.105083
0.154291
0.139875
0.172
0.154709
0.269333
0.133709
0.20325
0.129
0.16725
0.118042
0.123042
0.118542
0.125792
0.140375
0.099833
0.102167
0.10175
0.104041
0.100167
0.109625
0.188209
0.117708
0.1215
0.121667
0.128083
0.194042
0.15375
0.103042
0.096416
0.105917
0.087417
0.103833
0.098167
0.10075
0.099458
0.116458
0.120459
0.107667
0.098041
0.100167
0.092125
0.096959
0.093167
0.104792
0.094
0.088667
0.10325
0.166
0.158625
0.096583
0.09775
0.105
0.102958
0.098625
0.096542
0.092042
0.099375
0.088209
0.099625
0.097417
0.091083
0.092375
0.112708
0.088208
0.110708
0.095
0.093333
0.111666
0.091458
0.093666
0.096375
0.098875
0.086917
0.08925
0.092875
0.090709
0.10875
0.093334
0.091375
0.091792
0.097125
0.104417
0.127167
0.104833
0.094875
0.120458
0.095083
0.103417
0.109666
0.102291
0.118125
0.107416
0.094166
0.087666
0.109458
0.102084
0.111875
0.128333
0.10575
0.098541
0.114667
0.111083
0.12775
0.14575
0.122042
0.11275
0.110916
0.105
0.147458
0.112709
0.107833
0.101667
0.093834
0.099
0.114125
0.129666
0.127292
0.112
0.130375
0.103459
0.106834
0.1055
0.107583
0.115083
0.112
0.104458
0.098042
0.107666
0.090125
0.091
0.105834
0.090875
0.091625
0.095459
0.092292
0.097292
0.094708
0.0875
0.088417
0.093125
0.097375
0.093708
0.113291
0.10025
0.09725
0.110584
0.092916
0.098834
0.103625
0.097916
0.097791
0.087
0.110709
0.12025
0.160916
0.121583
0.109375
0.155125
0.154625
0.136458
0.126375
0.120333
0.11325
0.105541
0.105833
0.0965
0.104208
0.111
0.109917
0.115541
0.09875
0.098083
0.100208
0.103875
0.106375
0.110584
0.096542
0.095125
0.102583
0.10675
0.100208
0.104042
0.094416
0.099542
0.103792
0.105917
0.100125
0.097958
0.09225
0.094042
0.099708
0.096083
0.09425
0.100125
0.087125
0.09425
0.096625
0.095292
0.099334
0.112459
0.096333
0.096208
0.094875
0.105167
0.090125
0.115875
0.116416
0.121209
0.108083
0.097875
0.088833
0.107375
0.232417
0.106708
0.096208
0.10725
0.113125
0.109458
0.09875
0.092916
0.200083
0.094417
0.090459
0.0935
0.089458
0.099417
0.100416
0.099209
0.085875
0.098417
0.243125
0.097667
0.085667
0.097292
0.135083
0.153167
0.128583
0.175958
0.102834
0.118042
0.114208
0.136584
0.111584
0.152
0.128834
0.114666
0.106334
0.114291
0.113541
0.288375
0.179667
0.132292
0.09475
0.110291
0.118958
0.107792
0.101125
0.160792
0.120833
0.106166
0.138208
0.113125
0.095583
0.146917
0.151291
0.170916
0.168167
0.185042
0.319292
0.12775
0.105708
0.169333
0.105
0.127333
0.182958
0.13975
0.240125
0.135167
0.116959
0.096792
0.089833
0.09125
0.082416
0.093
0.097167
0.09475
0.082583
0.091375
0.117334
0.159833
0.104541
0.122334
0.133792
0.128
0.272834
0.126417
0.140375
0.118167
0.211583
0.137958
0.141833
0.172417
0.118375
0.117583
0.110166
0.113417
0.133875
0.117542
0.211
0.088958
0.083625
0.09675
0.09275
0.101958
0.094583
0.092375
0.086541
0.104209
0.094666
0.09475
0.0895
0.093291
0.109708
0.126375
0.118916
0.144791
0.178917
0.195667
0.227667
0.132375
0.0965
0.107667
0.108666
0.197542
0.106875
0.115083
0.102208
0.1035
0.124417
0.132417
0.108959
0.117583
0.096209
0.114833
0.107625
0.121291
0.117667
0.200916
0.119416
0.129792
0.148917
0.142625
0.132084
0.305291
0.156875
0.103833
0.096125
0.133125
0.113167
0.18975
0.341458
0.509583
0.125875
0.126041
0.24425
0.132
0.134292
0.129417
0.11175
0.110292
0.103709
0.094667
0.0965
0.097667
0.092334
0.0955
0.101292
0.097667
0.131125
0.094458
0.107084
0.107958
0.093291
0.103167
0.097375
0.098542
0.109083
0.112791
0.098041
0.123875
0.119375
0.135917
0.117667
0.104459
0.100625
0.092083
0.102041
0.097667
0.152208
0.095708
0.099708
0.097209
0.095209
0.101208
0.1095
0.199667
0.096916
0.107083
0.092458
0.111959
0.102167
0.273958
0.098333
0.104916
0.1215
0.118583
0.122709
0.118125
0.101458
0.100167
0.095042
0.095584
0.10125
0.098708
0.096416
0.094833
0.110083
0.113166
0.1105
0.098
0.097084
0.097625
0.104541
0.094458
0.099833
0.194
0.195375
0.125875
0.151833
0.113042
0.266417
0.121041
0.103333
0.095125
0.203917
0.098084
0.097375
0.098166
0.097708
0.096959
0.09275
0.099375
0.108375
0.092708
0.094875
0.152416
0.128209
0.102958
0.097
0.0915
0.096667
0.098333
0.091958
0.113583
0.132
0.111708
0.144416
0.100625
0.083292
0.092958
0.097
0.131083
0.089917
0.10875
0.105875
0.12025
0.158667
0.171875
0.290458
0.132834
0.27625
0.108417
0.316791
0.117
0.226708
0.118208
0.146791
0.115791
0.128416
0.097083
0.099917
0.121417
0.093625
0.077834
0.089083
0.085959
0.086584
0.178375
0.127458
0.117625
0.135625
0.132041
0.106292
0.107208
0.104458
0.087125
0.104292
0.137708
0.107583
0.103334
0.120541
0.092084
0.1395
0.125958
0.15325
0.141084
0.153041
0.091792
0.278666
0.119917
0.132375
0.131459
0.52375
0.130708
0.137
0.116166
0.123166
0.083625
0.122459
0.089458
0.114167
0.088791
0.115667
0.104417
0.152167
0.111333
0.143834
0.115667
0.1535
0.132792
0.12175
0.084375
0.121667
0.093958
0.111209
0.099917
0.111584
0.12
0.145
0.104083
0.271625
0.160292
0.346
0.117542
0.269917
0.106334
0.327583
0.142208
0.223958
0.101917
0.215583
0.088875
0.271791
0.105375
0.267333
0.094458
0.314208
0.101709
0.283917
0.103792
0.115417
0.122375
0.281333
0.0905
0.239875
0.129666
0.33825
0.103833
0.226084
0.120833
0.10775
0.108042
0.118083
0.091584
0.127542
0.087708
0.112542
0.162875
0.128167
0.140333
0.1385
0.088292
0.388583
0.096667
0.132334
0.156833
0.249541
0.111916
0.122
0.110708
0.117666
0.092708
0.14025
0.0985
0.137292
0.11
0.165625
0.144292
0.274167
0.107208
0.098667
0.112958
0.447792
0.566583
0.222583
0.336625
0.153625
0.194209
0.325375
0.201958
0.185292
