0.780958
0.694167
0.605291
0.810209
3.23625
0.119584
0.216292
0.285834
0.146
0.126917
0.150333
0.2145
0.102458
0.097917
0.097166
0.098542
0.092333
0.091667
0.093333
0.136625
0.096334
0.095666
0.101292
0.102333
0.103916
0.097333
0.101917
0.096
0.096917
0.098542
0.09475
0.093083
0.105708
0.092333
0.0955
0.091458
0.097125
0.08825
0.089625
0.112708
0.109375
0.097417
0.132209
0.105208
0.101625
0.115166
0.105
0.113292
0.107958
0.112333
0.100667
0.139417
0.117292
0.09575
0.106334
0.1045
0.115459
0.12675
0.115125
0.121125
0.12125
0.101125
0.105208
0.093625
0.100667
0.099209
0.129791
0.127584
0.122416
0.127458
0.111709
0.127
0.127958
0.126167
0.129042
0.122542
0.103542
0.109833
0.105209
0.107
0.104042
0.112958
0.145958
0.108125
0.103125
0.099458
0.113083
0.125959
0.125667
0.114
0.106875
0.1085
0.092375
0.111958
0.094875
0.089375
0.113334
0.094667
0.202
0.134875
0.105333
0.099792
0.162791
0.113666
0.0995
0.098167
0.102084
0.210083
0.097917
0.114833
0.107834
0.116833
0.094792
0.153458
0.110166
0.140208
0.105958
0.103333
0.253333
0.181708
0.110291
0.100375
0.104333
0.101625
0.114417
0.1
0.100792
0.442584
0.110334
0.10675
0.092166
0.110417
0.10475
0.139666
0.102083
0.110458
0.107917
0.226083
0.105625
0.102334
0.4275
0.116875
0.103833
0.097542
0.114667
0.090708
0.09325
0.0925
0.094625
0.090459
0.090292
0.089833
0.093
0.089084
0.089083
0.097542
0.09425
0.091208
0.0875
0.088083
0.090708
0.09275
0.086166
0.08725
0.092583
0.104625
0.09725
0.088375
0.100417
0.104333
0.107625
0.11275
0.092708
0.17175
0.223292
0.145333
0.232084
0.231708
0.218958
0.247292
0.141709
0.223625
0.151375
0.148458
0.145125
0.154583
0.132125
0.128625
0.230583
0.201375
0.191166
0.164125
0.235667
0.145958
0.140834
0.29125
0.1015
0.249459
0.142541
0.385125
0.273125
0.151292
0.164292
0.149125
0.121084
0.162833
0.163125
0.168375
0.170334
0.26025
0.13475
0.128
0.142125
0.156209
0.1695
0.10375
0.145875
0.244375
0.166375
0.155291
0.224125
0.2635
0.142125
0.228125
0.234125
0.255833
0.242292
0.122459
0.121
0.25
0.188917
0.15325
0.15025
0.166125
0.204625
0.14725
0.097875
0.160584
0.146667
0.114791
0.185209
0.223541
0.240958
0.246167
0.157084
0.250167
0.25325
0.279208
0.235458
0.231
0.234083
0.224375
0.233833
0.152083
0.256292
0.146041
0.137625
0.222
0.092084
0.135458
0.109166
0.219625
0.135666
0.224875
0.232458
0.1355
0.182
0.231292
0.152417
0.208584
0.137584
0.176292
0.21275
0.230125
0.247917
0.172417
0.115
0.098292
0.254917
0.1835
0.11175
0.154
0.157125
0.158792
0.16275
0.241916
0.19125
0.217375
0.235791
0.235834
0.232792
0.267375
0.13825
0.139417
0.243375
0.200917
0.314292
0.216292
0.2395
0.153375
0.434542
0.265042
0.281166
0.148125
0.111542
0.221042
0.134833
0.150375
0.147583
0.274042
0.240042
0.225167
0.123709
0.310542
0.242667
0.138875
0.185834
0.167625
0.245
0.261375
0.250208
0.109083
0.285583
0.252667
0.092209
0.170083
0.136292
0.15525
0.236625
0.245833
0.213791
0.136834
0.236875
0.293333
0.164292
0.15175
0.176167
0.162666
0.228833
0.2395
0.117625
0.152917
0.137542
0.286667
0.166708
0.143875
0.294792
0.246875
0.258959
0.164583
0.20375
0.236375
0.300542
0.304167
0.293083
0.120833
0.160875
0.245375
0.175291
0.227
0.154833
0.157375
0.158375
0.171708
0.110083
0.25475
0.2365
0.215833
0.35325
0.271791
0.314458
0.258542
0.2335
0.329792
0.132583
0.22975
0.333375
0.283
0.153542
0.1885
0.168958
0.154791
0.170333
0.24975
0.244417
0.373416
0.302666
0.267584
0.131375
0.301292
0.09225
0.304708
0.173
0.258667
0.16375
0.139958
0.137292
0.204833
0.284708
0.306959
0.305333
0.164666
0.146041
0.189625
0.249916
0.145458
0.252292
0.293958
0.274209
0.241542
0.289917
0.251833
0.232333
0.300209
0.24225
0.138792
0.262625
0.223917
0.125625
0.138541
0.234416
0.128916
0.151541
0.133208
0.228542
0.132125
0.132125
0.249417
0.248791
0.26325
0.142083
0.265083
0.270583
0.259916
0.248292
0.251458
0.281583
0.289333
0.2685
0.243375
0.309541
0.273625
0.133167
0.267833
0.271166
0.279708
0.361458
0.289167
0.158916
0.152
0.16
0.208542
0.272083
0.256625
0.279959
0.267625
0.271292
0.250708
0.288709
0.251333
0.308542
0.302459
0.135375
0.146
0.164125
0.255125
0.257084
0.155958
0.221
0.176
0.1925
0.212334
0.202167
0.166792
0.15225
0.177792
0.281334
0.246666
0.356125
0.324208
0.256916
0.286917
0.280458
0.155
0.299292
0.226125
0.265375
0.288042
0.248083
0.250125
0.257417
0.157875
0.175084
0.129584
0.174333
0.202459
0.091167
0.132917
0.192833
0.157916
0.148083
0.288042
0.218708
0.15175
0.187583
0.189208
0.142583
0.235083
0.126042
0.239833
0.150583
0.108458
0.1755
0.136042
0.240041
0.234917
0.140542
0.213875
0.24575
0.1845
0.144792
0.14775
0.120084
0.229291
0.175458
0.099
0.234334
0.230334
0.100792
0.131041
0.118709
0.237792
0.259166
0.15225
0.108208
0.224209
0.152625
0.219875
0.222583
0.218375
0.226166
0.220584
0.167625
0.222375
0.268167
0.110666
0.237792
0.162833
0.15175
0.148834
0.141625
0.236541
0.223625
0.146917
0.266667
0.223916
0.224375
0.221708
0.224458
0.104041
0.122083
0.1855
0.249917
0.267084
0.228625
0.156417
0.237458
0.233792
0.254333
0.231083
0.142459
0.12575
0.233416
0.224083
0.178125
0.131833
0.163375
0.10925
0.105625
0.243875
0.153
0.174334
0.216541
0.657667
0.595792
0.297333
0.2955
0.256208
0.118459
0.16275
0.2725
0.227416
0.233833
0.23825
0.187208
0.157625
0.241209
0.239
0.237833
0.242584
0.651459
7.69683
0.511709
0.548
1.72388
0.646708
0.355667
0.664583
0.221
0.511583
2.54212
0.695042
0.152833
0.163042
0.146209
0.17475
0.241333
0.144209
0.148917
0.231083
0.26975
0.198917
0.22975
0.221416
0.092292
0.097917
0.088167
0.090333
0.102917
0.092583
0.093334
0.096917
0.096542
0.098166
0.098083
0.099041
0.08825
0.089959
0.093875
0.093834
0.101166
0.104417
0.103459
0.103375
0.102417
0.103333
0.089208
0.094875
0.096542
0.088083
0.091458
0.088041
0.093125
0.088084
0.089958
0.098625
0.105083
0.094333
0.085958
0.08625
0.101125
0.100208
0.094292
0.087792
0.087041
0.09275
0.086625
0.099625
0.102042
0.096708
0.093208
0.103667
0.091875
0.096375
0.101209
0.103417
0.11525
0.108667
0.115042
0.10425
0.104291
0.112083
0.106709
0.085834
0.093958
0.143417
0.093584
0.090334
0.103083
0.113625
0.094625
0.087375
0.097
0.093417
0.095208
0.091959
0.091125
0.095083
0.097958
0.103459
0.096792
0.090292
0.090459
0.101209
0.093417
0.098
0.101083
0.098666
0.107833
0.102375
0.103333
0.097
0.090666
0.102833
0.106792
0.105666
0.096291
0.09175
0.092583
0.093125
0.096917
0.092416
0.095333
0.089084
0.093209
0.095208
0.089667
0.0905
0.090209
0.086333
0.091667
0.097709
0.090084
0.093333
0.095
0.086417
0.093375
0.096875
0.088334
0.09775
0.107083
0.109208
0.099375
0.096333
0.091917
0.086375
0.089709
0.091083
0.089625
0.085334
0.090541
0.08975
0.090042
0.09175
0.094667
0.088667
0.088375
0.092292
0.094667
0.08875
0.096875
0.091083
0.088667
0.088417
0.091958
0.088959
0.090917
0.084791
0.092209
0.088042
0.105291
0.087667
0.093042
0.092708
0.08975
0.087667
0.089875
0.093291
0.092667
0.094292
0.101291
0.0965
0.098083
0.092333
0.089042
0.092541
0.089417
0.089125
0.100917
0.093792
0.08825
0.114
0.085084
0.0905
0.089958
0.087791
0.094833
0.10075
0.091333
0.092292
0.090458
0.088667
0.091459
0.094166
0.090666
0.086208
0.091
0.083875
0.084375
0.092584
0.093167
0.08625
0.093375
0.096416
0.099
0.106459
0.104667
0.097458
0.091292
0.09025
0.086417
0.090375
0.088291
0.088041
0.086458
0.087458
0.091083
0.090917
0.098208
0.088958
0.100417
0.083542
0.301167
0.280125
0.124417
0.112292
0.100959
0.09775
0.103375
0.106917
0.106666
