0.248042
0.177958
0.1435
0.066708
0.112875
0.041458
0.054625
0.042709
0.090042
0.073583
0.049208
0.054083
0.078792
0.055833
0.051167
0.04875
0.044792
0.100541
0.047875
0.049208
0.045917
0.076458
0.037083
0.040666
0.081916
0.045666
0.0555
0.064708
0.044208
0.044125
0.07525
0.04525
0.065208
0.114084
0.059875
0.044125
0.09675
0.058333
0.042583
0.043791
0.045584
0.04125
0.049583
0.041166
0.037875
0.053041
0.043166
0.04325
0.051292
0.043041
0.040583
0.064625
0.042083
0.054916
0.06075
0.070333
0.084708
0.09025
0.049542
0.07975
0.136833
0.046042
0.045667
0.071542
0.07925
0.246083
0.162875
0.205625
0.166375
0.126625
0.1055
0.088541
0.072333
0.086541
0.203417
0.134125
0.308209
0.198875
0.156208
0.098333
0.084292
0.084417
0.051333
0.077083
0.169875
0.056959
0.073083
0.099042
0.056209
0.066166
0.163292
0.087875
0.073375
0.056292
0.059
0.075083
0.153041
0.056042
0.077209
0.088708
0.064209
0.068791
0.147792
0.1195
0.057792
0.072583
0.061458
0.089791
0.166667
0.079292
0.0595
0.094
0.083917
0.058208
0.086042
0.081542
0.082916
0.068834
0.053792
0.074542
0.099292
0.09825
0.064958
0.065
0.059375
0.044959
0.112334
0.079041
0.087709
0.087417
0.065292
0.045417
0.161542
0.066292
0.079291
0.084958
0.075167
0.062875
0.110542
0.060375
0.056583
0.076125
0.066292
0.071833
0.125041
0.077667
0.056667
0.096417
0.049
0.043208
0.05675
0.042167
0.045
0.06425
0.0445
0.046375
0.043667
0.05725
0.097042
0.06625
0.051459
0.079792
0.200417
0.07025
0.052875
0.16625
0.0665
0.120958
0.111834
0.095
0.079833
0.100875
0.061667
0.059166
0.121209
0.083041
0.098875
0.079791
0.060416
0.108292
0.2025
0.07625
0.055541
0.099375
0.075667
0.085333
0.127042
0.081875
0.140584
0.118958
0.081083
0.056625
0.131167
0.05475
0.139875
0.0705
0.102209
0.092375
0.208583
0.077875
0.067542
0.071334
0.05875
0.056834
0.09925
0.047875
0.060917
0.119292
0.077209
0.062875
0.222458
0.068542
0.152834
0.072708
0.041792
0.174416
0.0975
0.078834
0.191375
0.090666
0.052458
0.307958
0.053291
0.060667
0.300666
0.092584
0.156167
0.144084
0.07675
0.077417
0.153458
0.080167
0.067583
0.095708
0.08775
0.069333
0.098875
0.071667
0.055
0.083542
0.075417
0.051833
0.055458
0.059666
0.087833
0.057542
0.140125
0.064125
0.121875
0.08725
0.056375
0.062208
0.110625
0.065208
0.059291
0.148
0.067709
0.084334
0.295167
0.047291
0.077084
0.063541
0.062666
0.070125
0.1285
0.059833
0.129375
0.085291
0.048708
0.069334
0.269083
0.056041
0.088791
0.077458
0.052959
0.060167
0.159292
0.083958
0.059125
0.168084
0.061625
0.059084
0.096917
0.058542
0.104833
0.09725
0.110083
0.083584
0.081625
0.04325
0.053083
0.05675
0.049208
0.041667
0.053917
0.039792
0.04325
0.05075
0.047709
0.042333
0.068833
0.044292
0.044292
0.042625
0.055167
0.048083
0.053209
0.047834
0.041708
0.047541
0.04525
0.053833
0.047458
0.060583
0.049042
0.08075
0.046667
0.056417
0.119167
0.091125
0.111792
0.055084
0.060584
0.044458
0.084375
0.101916
0.06225
0.145
0.065542
0.060708
0.134209
0.082208
0.065875
0.148875
0.080042
0.083541
0.103333
0.0655
0.086625
0.165333
0.123208
0.051
0.116916
0.066792
0.061459
0.185208
0.136208
0.09275
0.121875
0.099959
0.050625
0.052334
0.056041
0.053042
0.114292
0.0925
0.04525
0.062875
0.054
0.066583
0.326708
0.09675
0.089833
0.058625
0.05625
0.060542
0.071792
0.079041
0.146375
0.060917
0.125042
0.132375
0.089417
0.085208
0.138875
0.06025
0.111125
0.073916
0.052375
0.076084
0.057792
0.098667
0.06225
0.054833
0.096833
0.083334
0.130917
0.051416
0.116666
0.072083
0.080791
0.051458
0.057417
0.054042
0.042375
0.062959
0.10425
0.058292
0.097959
0.12725
0.059292
0.091458
0.154709
0.064
0.1335
0.522708
0.155959
0.050833
0.10775
0.044041
0.051459
0.116167
0.114292
0.064125
0.132875
0.205625
0.05775
0.166583
0.053709
0.054041
0.211625
0.04975
0.087958
0.061917
0.050459
0.055834
0.058833
0.043833
0.04025
0.04125
0.115459
0.530916
0.051
0.095625
0.04525
0.044
0.046417
0.0775
0.046459
0.040084
0.044083
0.04375
0.048459
0.0485
0.043334
0.051958
0.043791
0.054167
0.050042
0.0485
0.043
0.041875
0.044833
0.042208
0.039458
0.043875
0.045625
0.042041
0.100792
0.044166
0.043291
0.041042
0.044333
0.046166
0.042958
0.0425
0.038791
0.038917
0.038667
0.040334
0.05325
0.041542
0.041875
0.043791
0.042625
0.04525
0.039084
0.043875
0.036458
0.051625
0.042416
0.03775
0.058958
0.0485
0.054375
0.048167
0.04375
0.051542
0.046833
0.089833
0.053917
0.055833
0.044
0.042333
0.045458
0.048416
0.053667
0.062291
0.056333
0.062375
0.046917
0.04625
0.040667
0.054542
0.057
0.073167
0.0575
0.05375
0.051791
0.086333
0.039167
0.043125
0.044417
0.060958
0.04925
0.042125
0.069542
0.051167
0.045584
0.054416
0.068875
0.091208
0.08375
0.087792
0.170875
0.097708
0.120458
0.231625
0.118959
0.080167
0.055959
0.073542
0.083208
0.05875
0.088375
0.083333
0.230167
0.129334
0.091708
0.10025
0.063042
0.064375
0.173875
0.108041
0.099958
0.096125
0.345875
0.077916
0.114375
0.227833
0.0595
0.090459
0.131583
0.077
0.097375
0.070667
0.117958
0.115375
0.128167
0.058416
0.124042
0.133459
0.074459
0.090792
0.111958
0.142667
0.067958
0.250625
0.081375
0.06275
0.104333
0.170959
0.132084
0.100958
0.139708
0.398583
0.150333
0.126709
0.099791
0.187
0.10375
0.096334
0.153958
0.109208
0.080709
0.070583
0.219167
0.087375
0.067666
0.100917
0.098583
0.068458
0.061333
0.058792
0.114541
0.14275
0.101417
0.104666
0.069417
0.230166
0.09025
0.108375
0.21125
0.156708
0.405208
0.114834
0.068
0.088834
0.096208
0.127042
0.11275
0.207083
0.4125
0.184625
0.176625
0.138792
0.074
0.0695
0.1175
0.039459
0.085708
0.313292
0.073125
0.080333
0.136
0.095458
0.055375
0.123209
0.0865
0.056
0.105625
0.099292
0.066708
0.109959
0.062208
0.054875
0.090167
0.105333
0.106167
0.101875
0.085417
0.129583
0.112709
0.133458
0.048833
0.168167
0.102042
0.095
0.057416
0.04775
0.051542
0.057875
0.046959
0.055459
0.107083
0.048084
0.053416
0.068333
0.058292
0.05675
0.067458
0.051875
0.099792
0.115125
0.121125
0.055208
0.055458
0.084125
0.077583
0.123375
0.065625
0.065625
0.102625
0.078667
0.08925
0.060333
0.115417
0.050958
0.09725
0.057041
0.100833
0.074167
0.084125
0.075458
0.139042
0.072334
0.068791
0.060375
0.094375
0.053625
0.060458
0.043541
0.067625
0.049875
0.054958
0.113541
0.121542
0.064125
0.090292
0.118917
0.047167
0.088666
0.080667
0.08725
0.085459
0.120834
0.068333
0.104
0.115875
0.094708
0.146459
0.132625
0.056875
0.100542
0.0895
0.118833
0.07725
0.111959
0.057792
0.152125
0.06325
0.060209
0.085125
0.057167
0.071917
0.19075
0.101375
0.090666
0.084083
0.050792
0.075917
0.08
0.048208
0.1375
0.057375
0.06525
0.064625
0.233791
0.144125
0.065833
0.099625
0.077875
0.105125
0.100125
0.164458
0.101125
0.059375
0.0745
0.093083
0.063584
0.115916
0.084834
0.060541
0.130791
0.0505
0.083959
0.066583
0.090291
0.060667
0.114667
0.086917
0.117417
0.055834
0.115583
0.183167
0.077333
0.077541
0.050042
0.080041
0.049708
0.137583
0.049292
0.060958
0.091542
0.135
0.09675
0.148917
0.057583
0.081583
0.104833
0.088625
0.053375
0.100917
0.067208
0.055375
0.084625
0.063375
0.05975
0.086125
0.072792
0.105917
0.14325
0.090833
0.084083
0.097125
0.127125
0.0795
0.118417
0.258042
0.097959
0.105334
0.086417
0.12625
0.110708
0.054041
0.059083
0.070292
0.06375
0.055959
0.1005
0.130375
0.065375
0.0985
0.066
0.109291
0.095875
0.100209
0.076417
0.093583
0.118625
0.05325
0.097542
0.144792
0.093791
0.067792
0.051208
0.06925
0.059042
0.10125
0.065042
0.075625
0.160209
0.108833
0.110166
0.08625
0.101166
0.081667
0.04275
0.082291
0.115875
