0.36925
0.457958
1.08987
0.109333
0.104583
0.112458
0.084625
0.096666
0.077417
0.108458
0.116208
0.106
0.090458
0.2605
0.0875
0.092042
0.112958
0.09525
0.081291
0.094291
0.088125
0.094042
0.093625
0.093334
0.089167
0.096542
0.080584
0.089917
0.1
0.091917
0.082583
0.098958
0.093167
0.089917
0.090875
0.111833
0.102625
0.458125
0.106375
0.101458
0.10075
0.0955
0.089
0.121292
0.091542
0.153333
0.115625
0.096792
0.088459
0.1335
0.085
0.143958
0.09775
0.099833
0.08375
0.084958
0.091333
0.096959
0.093417
0.094166
0.092375
0.099541
0.134416
0.113166
0.099708
0.110958
0.106416
0.113292
0.107542
0.099042
0.12375
0.108958
0.105125
0.118334
0.109667
0.113542
0.15425
0.138875
0.100708
0.112625
0.08725
0.100542
0.103209
0.105292
0.095042
0.121209
0.088875
0.094333
0.106291
0.091791
0.097375
0.126333
0.227625
0.105083
0.09475
0.113125
0.102458
0.121458
0.109125
0.108208
0.10875
0.120875
0.099167
0.131875
0.100833
0.100584
0.139083
0.104334
0.080917
0.09475
0.08825
0.104458
0.100084
0.114459
0.114042
0.116958
0.100709
0.107583
0.098709
0.104125
0.114917
0.104084
0.093708
0.110791
0.098125
0.092708
0.105333
0.101417
0.091333
0.094958
0.107333
0.099958
0.09575
0.097667
0.098584
0.107167
0.108875
0.097875
0.096292
0.103542
0.098625
0.104125
0.095083
0.11625
0.103042
0.114667
0.109375
0.110584
0.092375
0.122417
0.087167
0.100375
0.098375
0.104333
0.102709
0.124958
0.118
0.13925
0.10975
0.124917
0.097792
0.106625
0.082959
0.094333
0.098791
0.095708
0.08875
0.108916
0.09975
0.0995
0.102708
0.092333
0.096125
0.095916
0.088333
0.106792
0.087542
0.105583
0.088042
0.093042
0.099542
0.125875
0.111834
0.102125
0.116916
0.105834
0.097292
0.122833
0.104667
0.112917
0.107
0.102083
0.099208
0.119166
0.102
0.096042
0.096042
0.117042
0.089333
0.10475
0.091167
0.105792
0.102458
0.097458
0.0865
0.096958
0.093375
0.098708
0.101334
0.109125
0.113084
0.10275
0.096375
0.098708
0.095125
0.111667
0.102917
0.131208
0.21025
0.176041
0.1705
0.141042
0.102459
0.11425
0.096958
0.101375
0.096667
0.122667
0.109833
0.118958
0.134667
0.1735
0.117959
0.102167
0.092042
0.121292
0.106041
0.113834
0.102125
0.127583
0.097792
0.11975
0.120083
0.112042
0.122333
0.112
0.133708
0.158125
0.126458
0.152583
0.191042
0.130292
0.12175
0.155667
0.141334
0.121792
0.167958
0.121833
0.236709
0.218458
0.143042
0.131625
0.165292
0.133334
0.136292
0.1715
0.147625
0.146667
0.128
0.127083
0.119667
0.122167
0.123708
0.114125
0.155542
0.116667
0.103167
0.125666
0.107166
0.28725
0.142792
0.125958
0.112209
0.111167
0.104208
0.109541
0.101833
0.105667
0.095166
0.102709
0.093875
0.092458
0.096083
0.099875
0.084833
0.110834
0.094375
0.085833
0.102792
0.098583
0.091875
0.098916
0.107042
0.1145
0.106916
0.101958
0.109041
0.132708
0.119458
0.099625
0.100041
0.0995
0.083542
0.097209
0.100708
0.084208
0.100083
0.10875
0.089875
0.140333
0.115292
0.092875
0.09675
0.104458
0.097125
0.112792
0.112667
0.125417
0.101417
0.106792
0.102916
0.122875
0.111583
0.153042
0.109125
0.111042
0.108541
0.111333
0.118416
0.121541
0.122375
0.116209
0.115458
0.114709
0.16475
0.128334
0.113709
0.178791
0.112625
0.119208
0.132833
0.112333
0.116459
0.113709
0.106042
0.114834
0.140709
0.115458
0.1145
0.150458
0.101417
0.1115
0.108791
0.109417
0.111458
0.1145
0.104375
0.104583
0.116375
0.111208
0.112166
0.122625
0.256208
0.130125
0.1825
0.134917
0.160041
0.174458
0.149125
0.146416
0.229834
0.153083
0.159208
0.168625
0.2105
0.135791
0.186542
0.103959
0.111416
0.131667
0.0985
0.111209
0.116167
0.148458
0.13375
0.126875
0.112375
0.106833
0.135666
0.147291
0.144708
0.15775
0.148958
0.089
0.201583
0.140167
0.142541
0.214
0.128959
0.133458
0.270792
0.13425
0.125916
0.170916
0.238
0.131875
0.149083
0.135042
0.138709
0.11175
0.173416
0.151708
0.139042
0.169666
0.167083
0.15525
0.134
0.129375
0.132959
0.14675
0.146708
0.161167
0.168708
0.121208
0.186542
0.137584
0.120917
0.156584
0.155083
0.126416
0.151375
0.161292
0.162333
0.15875
0.140375
0.140083
0.15375
0.138709
0.270625
0.3895
0.155542
0.2855
0.358625
0.133833
0.164041
0.133666
0.132042
0.142
0.158333
0.217667
0.14625
0.137083
0.123834
0.115917
0.108667
0.101958
0.143917
0.119375
0.102959
0.106291
0.116792
0.12125
0.143291
0.115667
0.127292
0.121667
0.104042
0.097459
0.113708
0.110792
0.104917
0.146375
0.131208
0.131459
0.14225
0.130791
0.125709
0.14725
0.188292
0.136125
0.157209
0.159542
0.157
0.163917
0.171125
0.186792
0.131333
0.129916
0.133667
0.1315
0.105167
0.180375
0.118333
0.108791
0.1035
0.11825
0.13725
0.107083
0.102458
0.152958
0.09775
0.121208
0.117292
0.213292
0.105875
0.119834
0.128459
0.146667
0.128125
0.13425
0.181
0.144292
0.127209
0.16975
0.202167
0.127459
0.173917
0.126083
0.123041
0.195584
0.147125
0.162709
0.217458
0.182334
0.161542
0.1705
0.128375
0.118334
0.144709
0.127375
0.103958
0.126375
0.122125
0.115625
0.125833
0.114458
0.102917
0.242417
0.119042
0.143833
0.188834
0.128667
0.148125
0.22575
0.250875
0.6795
0.352167
0.266375
0.255292
0.223333
0.104
0.123166
0.164125
0.122708
0.111167
0.292375
0.113042
0.135208
0.152208
0.117625
0.173208
0.147167
0.264959
0.207291
0.486125
0.10475
0.098167
0.103875
0.12625
0.126042
0.116875
0.11675
0.105042
0.1155
0.152041
0.103833
0.149667
0.145667
0.116541
0.142875
0.181209
0.131333
0.234208
0.152542
0.139375
0.142875
0.184375
0.135916
0.134917
0.162042
0.192667
0.138167
0.155833
0.159709
0.144459
0.168375
0.167208
0.143333
0.14975
0.14325
0.131917
0.200459
0.128583
0.146834
0.134041
0.125292
0.130375
0.145959
0.124125
0.122791
0.165792
0.136459
0.160209
0.197916
0.216458
0.146041
0.150125
0.132625
0.153792
0.160833
0.153834
0.13625
0.134667
0.132292
0.19675
0.188459
0.197625
0.141542
0.152792
0.133584
0.126167
0.180458
0.718292
0.235083
0.161375
0.244625
0.150292
0.158875
0.538292
0.204458
0.143375
0.15525
0.15625
0.139167
0.124167
0.12175
0.132541
0.11825
0.151708
0.145541
0.132209
0.140625
0.150084
0.138375
0.124208
0.155917
0.18575
0.141792
0.14475
0.181458
0.140459
0.145667
0.137584
0.136125
0.150458
0.127917
0.254625
0.157292
0.151292
0.166709
0.15225
0.13875
0.155125
0.1475
0.178
0.163583
0.184291
0.188958
0.144875
0.148583
0.138875
0.13225
0.1355
0.132542
0.127584
0.136375
0.1725
0.209625
0.174709
0.219208
0.253334
0.149
0.474375
0.182166
0.158792
0.233125
0.178125
0.148375
0.154958
0.131917
0.151792
0.216041
0.144542
0.148625
0.185791
0.207666
0.2015
0.247542
0.162292
0.144375
0.374292
0.155958
0.159459
0.306958
0.177875
0.139083
0.201041
0.155625
0.145292
0.1725
0.392375
0.149
0.193084
0.135875
0.128708
0.147542
0.133
0.125958
0.129125
0.120167
0.130084
0.137334
0.118959
0.137833
0.137958
0.12475
0.137875
0.129083
0.12475
0.14525
0.126834
0.135875
0.220416
0.349792
0.145875
0.141625
0.1565
0.138709
0.177792
0.3515
0.142917
0.138791
0.385417
0.141666
0.208292
0.243625
0.212333
0.141708
0.135334
0.100208
0.165209
0.107792
0.151
0.127041
0.23675
0.124792
0.151625
0.267459
0.130958
0.26675
0.396625
0.180208
0.14625
0.270375
0.177833
0.14375
0.228917
0.153208
0.158959
0.145833
0.196584
0.135042
0.341041
0.151792
0.171625
0.202
0.210417
0.185167
0.151
0.143125
0.233
0.201083
0.185833
0.158084
0.234791
0.273333
0.132292
0.102541
0.125834
0.117459
0.101125
0.107625
0.126958
0.108333
0.134958
0.119333
0.101709
0.107625
0.190458
0.129292
0.1805
0.159541
0.479416
0.131
0.163125
0.167
0.146292
0.146792
0.23575
0.129542
0.151875
0.787667
0.473666
0.525875
0.137792
0.104542
0.175333
0.141208
0.124708
0.127667
