0.359709
0.382416
0.626375
0.107125
0.089583
0.111417
0.086125
0.093916
0.1375
0.090625
0.091708
0.1185
0.08475
0.087958
0.089833
0.106959
0.090667
0.111916
0.088375
0.093125
0.120458
0.236792
0.090833
0.097959
0.09325
0.087667
0.123667
0.093333
0.096208
0.104625
0.100875
0.091625
0.106916
0.089208
0.098875
0.094875
0.097459
0.085042
0.099209
0.098208
0.083125
0.085167
0.09075
0.088667
0.128333
0.080292
0.093125
0.08325
0.079708
0.092666
0.090083
0.087875
0.085917
0.098792
0.087542
0.084916
0.080292
0.079208
0.087584
0.082167
0.080917
0.087541
0.12125
0.086584
0.089833
0.080625
0.083625
0.083458
0.141875
0.092791
0.100875
0.101708
0.096959
0.102292
0.105
0.090833
0.095792
0.16
0.104
0.11475
0.093041
0.098
0.096083
0.103833
0.09275
0.10875
0.109333
0.10475
0.117
0.111458
0.096791
0.094125
0.105125
0.094208
0.09825
0.110542
0.113792
0.12025
0.113083
0.092875
0.092292
0.095541
0.100292
0.101833
0.103875
0.089792
0.091
0.099916
0.108833
0.10175
0.09825
0.092708
0.094125
0.117875
0.101333
0.092375
0.107416
0.09925
0.089709
0.104
0.1025
0.100416
0.098958
0.103333
0.104916
0.113333
0.099416
0.109125
0.125958
0.112709
0.115333
0.107209
0.104458
0.116583
0.139042
0.102334
0.107917
0.11675
0.111625
0.109667
0.097917
0.093458
0.101458
0.109083
0.099
0.110125
0.112416
0.092459
0.100042
0.106667
0.094375
0.11175
0.123042
0.11625
0.117083
0.139542
0.107458
0.111958
0.120541
0.120208
0.101917
0.102792
0.097334
0.095125
0.109083
0.109792
0.111542
0.123584
0.176375
0.108583
0.112541
0.112333
0.106209
0.11025
0.101875
0.096583
0.115041
0.10675
0.1025
0.111583
0.116542
0.117042
0.113542
0.099125
0.105334
0.110333
0.092291
0.119125
0.136041
0.117291
0.106125
0.143417
0.117834
0.120459
0.129042
0.108333
0.108208
0.134209
0.162959
0.127292
0.141167
0.143875
0.116833
0.135041
0.123292
0.128792
0.143542
0.131458
0.130958
0.151833
0.12475
0.135625
0.126292
0.10125
0.096542
0.1115
0.095417
0.111167
0.117792
0.107167
0.100875
0.094875
0.093083
0.102125
0.112375
0.09975
0.104167
0.132
0.135709
0.123584
0.10025
0.093917
0.118209
0.100875
0.121375
0.109
0.108542
0.097792
0.097625
0.103375
0.092334
0.093666
0.121792
0.12025
0.130834
0.114833
0.101583
0.096541
0.126458
0.100667
0.132416
0.206084
0.0985
0.103417
0.099209
0.098125
0.09575
0.097083
0.094
0.091708
0.105125
0.097792
0.0885
0.105167
0.096917
0.107334
0.13475
0.13675
0.171708
0.1675
0.148458
0.130667
0.158708
0.132667
0.105083
0.130333
0.122167
0.119209
0.153625
0.107916
0.125
0.143834
0.1295
0.117958
0.214958
0.108666
0.100708
0.113709
0.097667
0.113041
0.110292
0.120416
0.109791
0.111959
0.095417
0.089083
0.096084
0.101042
0.090792
0.1195
0.108292
0.11025
0.126583
0.101625
0.118375
0.132334
0.096084
0.107416
0.107041
0.099125
0.101667
0.113542
0.092458
0.096541
0.136792
0.129041
0.119541
0.134083
0.108584
0.120084
0.151292
0.13875
0.119542
0.123834
0.108625
0.104375
0.123083
0.119958
0.124917
0.158208
0.1095
0.096791
0.106417
0.107542
0.099917
0.122667
0.100916
0.118541
0.118708
0.114042
0.1075
0.11425
0.113
0.110041
0.125041
0.146042
0.115167
0.123375
0.098666
0.115375
0.115875
0.112167
0.091208
0.106333
0.099125
0.241708
0.105375
0.094167
0.09225
0.116667
0.1015
0.11175
0.094625
0.11575
0.100375
0.108209
0.0945
0.09225
0.111833
0.09825
0.086916
0.093
0.092375
0.092125
0.112334
0.138792
0.132375
0.116417
0.110792
0.115125
0.123334
0.131875
0.110708
0.14925
0.119792
0.119416
0.120125
0.1215
0.103667
0.117042
0.100542
0.110375
0.122667
0.109416
0.101916
0.163958
0.096708
0.106417
0.132291
0.099375
0.1205
0.147667
0.119833
0.125041
0.109
0.117791
0.10375
0.13
0.090458
0.107208
0.0995
0.097792
0.095209
0.116625
0.093458
0.116417
0.133542
0.116833
0.1315
0.135958
0.110208
0.236541
0.119833
0.107167
0.10875
0.111292
0.096
0.090792
0.113959
0.106666
0.106833
0.1205
0.106167
0.097459
0.104292
0.107459
0.11325
0.110458
0.139291
0.128542
0.115792
0.11975
0.096375
0.130917
0.092375
0.108834
0.100833
0.208167
0.116458
0.13075
0.1195
0.109208
0.134
0.110834
0.112375
0.131958
0.103375
0.128042
0.133333
0.146125
0.118375
0.127166
0.154
0.151041
0.189417
0.141459
0.150542
0.150375
0.13675
0.141208
0.191791
0.159875
0.102084
0.160625
0.122166
0.138958
0.118166
0.095167
0.093417
0.093125
0.086042
0.091583
0.096958
0.086917
0.096917
0.124792
0.135292
0.113625
0.101083
0.097
0.095166
0.117084
0.107083
0.095334
0.097417
0.096208
0.100167
0.104
0.099917
0.114875
0.107584
0.106459
0.10275
0.096041
0.089958
0.0865
0.108
0.111375
0.10125
0.165583
0.104542
0.140292
0.119875
0.106083
0.08925
0.109959
0.097708
0.092958
0.113125
0.100625
0.096208
0.110125
0.088875
0.096667
0.108375
0.104625
0.106666
0.126667
0.096417
0.104083
0.094959
0.11875
0.084375
0.105709
0.096042
0.11625
0.105917
0.164083
0.100166
0.109208
0.097084
0.094459
0.134916
0.124375
0.109375
0.296792
0.114291
0.123416
0.125709
0.162166
0.119208
0.106292
0.153042
0.109375
0.095167
0.102458
0.083792
0.093959
0.101083
0.105375
0.103542
0.089833
0.101291
0.12975
0.109791
0.118625
0.13875
0.120791
0.103583
0.197875
0.110041
0.136042
0.121708
0.109792
0.099209
0.106083
0.088333
0.109791
0.113458
0.116417
0.098375
0.123333
0.088458
0.142625
0.124041
0.133459
0.112166
0.125292
0.119
0.099083
0.1135
0.154167
0.094
0.145541
0.091541
0.10325
0.139375
0.177917
0.117375
0.166208
0.126958
0.181916
0.153791
0.174625
0.110583
0.191375
0.103583
0.1155
0.129166
0.159083
0.098792
0.156875
0.09775
0.143292
0.109166
0.145708
0.09475
0.127334
0.096417
0.143333
0.116333
0.109041
0.101875
0.104292
0.109709
0.105167
0.119584
0.108709
0.098666
0.107291
0.12275
0.111875
0.116417
0.126792
0.111041
0.109958
0.101708
0.103916
0.129666
0.126458
0.107125
0.106625
0.115375
0.108167
0.103625
0.104
0.107875
0.121791
0.101375
0.115208
0.171917
0.340125
0.412333
0.138791
0.095125
0.099458
0.099083
0.09325
0.106166
0.112875
0.087541
0.094458
0.102375
0.120125
0.10275
0.096166
0.098167
0.098416
0.105208
0.101083
0.094584
0.103167
0.101625
0.115667
0.104542
0.115334
0.165166
0.15425
0.134041
0.117833
0.096875
0.09325
0.119416
0.100875
0.095542
0.111291
0.100583
0.131916
0.103292
0.109584
0.090709
0.102791
0.099167
0.111
0.104
0.142916
0.139584
0.15575
0.149417
0.170958
0.105042
0.106125
0.178541
0.099375
0.118708
0.101666
0.104833
0.107375
0.094125
0.093834
0.104667
0.120667
0.096792
0.163875
0.09275
0.096709
0.097792
0.089541
0.087292
0.103375
0.084542
0.109959
0.091542
0.091625
0.095209
0.116542
0.096666
0.092958
0.1065
0.108708
0.101125
0.110875
0.127334
0.101542
0.106834
0.109083
0.104417
0.2125
0.100458
0.095417
0.106209
0.102208
0.148042
0.114583
0.087583
0.094209
0.105834
0.099625
0.090125
0.116583
0.085292
0.115625
0.122333
0.11675
0.108792
0.152958
0.102791
0.1385
0.098
0.105792
0.089458
0.100875
0.113708
0.101584
0.139875
0.156583
0.106625
0.121083
0.12825
0.11275
0.1345
0.090917
0.097959
0.09725
0.121167
0.096083
0.114833
0.121458
0.114333
0.099083
0.113542
0.096833
0.113042
0.098167
0.1125
0.11325
0.098167
0.108166
0.094667
0.085458
0.094792
0.094584
0.100375
0.095
0.097666
0.091166
0.101417
0.093334
0.092708
0.09475
0.086583
0.093
0.100417
0.0945
0.084292
0.094083
0.088708
0.111791
0.099334
0.09525
0.095458
0.096875
0.11125
0.108042
0.093083
0.094875
0.091333
0.105125
0.095542
0.093792
0.099333
0.09375
0.084709
0.099166
0.10075
0.092041
0.085292
0.103083
0.36075
0.396083
0.161333
0.127417
0.276667
0.168083
0.4745
0.312833
0.18675
0.16325
0.198458
0.1245
0.128583
