0.457958
0.41475
0.506292
0.166583
0.765791
0.2665
0.151042
0.111458
0.1645
0.224916
0.227625
0.215541
0.193584
0.155459
0.274625
0.106916
0.196834
0.134917
0.096375
0.19375
0.128625
0.166
0.110167
0.092791
0.1885
0.185084
0.2065
0.170375
0.173
0.12125
0.123166
0.098875
0.151291
0.105125
0.1035
0.112416
0.095834
0.177667
0.206292
0.136
0.259125
0.205709
0.096375
0.162333
0.114917
0.105958
0.151125
0.102083
0.101291
0.12225
0.098666
0.119916
0.105
0.1035
0.1015
0.128458
0.156625
0.198792
0.116792
0.103917
0.162167
0.143458
0.107083
0.1525
0.112334
0.192667
0.096792
0.180375
0.099333
0.174583
0.166417
0.104708
0.10075
0.176291
0.094958
0.098083
0.173667
0.168041
0.1855
0.207125
0.17325
0.136708
0.110375
0.110583
0.15725
0.12775
0.103042
0.121292
0.125042
0.117
0.116333
0.113958
0.14525
0.105333
0.147917
0.098708
0.132625
0.134792
0.146458
0.111833
0.142375
0.153625
0.106
0.110458
0.390208
0.107292
0.109667
0.165542
0.099791
0.138084
0.167625
0.099959
0.107833
0.159
0.1025
0.235083
0.1735
0.165917
0.122041
0.137417
0.175083
0.133417
0.099083
0.182125
0.201417
0.108958
0.186125
0.207375
0.134084
0.097125
0.201167
0.18875
0.136291
0.182959
0.160041
0.189833
0.143
0.201875
0.140458
0.163792
0.26125
0.108125
0.098208
0.182458
0.155
0.093792
0.099292
0.168583
0.107667
0.162333
0.174833
0.096459
0.136833
0.127583
0.141875
0.108458
0.149958
0.164958
0.11475
0.134625
0.106083
0.09875
0.094917
0.202
0.176833
0.160958
0.191291
0.137625
0.157875
0.100666
0.096458
0.092167
0.104917
0.199625
0.103708
0.189416
0.100583
0.09125
0.171958
0.100375
0.175625
0.217875
0.132708
0.1555
0.162959
0.137209
0.100042
0.1515
0.124292
0.09675
0.161541
0.109791
0.103375
0.191959
0.109291
0.099708
0.196958
0.106333
0.211166
0.152958
0.144792
0.101333
0.141083
0.147459
0.149583
0.152666
0.141834
0.101875
0.145333
0.150833
0.110042
0.139417
0.137291
0.164708
0.1995
0.181375
0.094083
0.100292
0.104542
0.19675
0.128333
0.151375
0.1055
0.135417
0.196542
0.109375
0.242
0.145667
0.105833
0.107375
0.117042
0.137375
0.146167
0.097625
0.108
0.1015
0.214458
0.09425
0.096208
0.184583
0.136375
0.241083
0.230083
0.090666
0.116584
0.212625
0.235958
0.105583
0.1085
0.1705
0.218833
0.092917
0.100708
0.102458
0.110458
0.092708
0.096125
0.219417
0.142333
0.103583
0.153917
0.128416
0.1545
0.0945
0.116708
0.106083
0.115333
0.103125
0.193625
0.183334
0.103917
0.110792
0.104459
0.118083
0.122958
0.225208
0.112375
0.177791
0.145833
0.155792
0.146791
0.15
0.116458
0.104208
0.128792
0.191709
0.104625
0.1
0.216666
0.103875
0.138792
0.117
0.152416
0.180834
0.157208
0.1305
0.125834
0.096833
0.157292
0.100875
0.1065
0.103458
0.130333
0.096084
0.106416
0.097208
0.178417
0.135292
0.173
0.089416
0.108125
0.112375
0.197458
0.098042
0.233709
0.092417
0.165458
0.169167
0.102084
0.117375
0.109916
0.136708
0.103458
0.117083
0.224833
0.181791
0.238792
0.158
0.15975
0.093875
0.13275
0.122042
0.118292
0.095542
0.102375
0.109458
0.102958
0.09975
0.162791
0.100334
0.194125
0.178917
0.216583
0.166833
0.145125
0.130583
0.106416
0.129166
0.105167
0.102916
0.112959
0.0915
0.107958
0.136125
0.097667
0.151166
0.131708
0.178958
0.145958
0.134166
0.167708
0.09125
0.120792
0.099542
0.104042
0.095916
0.1855
0.141542
0.108459
0.096875
0.164792
0.219375
0.11775
0.159292
0.177667
0.125416
0.098542
0.135292
0.136666
0.103459
0.112625
0.197917
0.17375
0.157083
0.103959
0.096708
0.109083
0.101959
0.098917
0.100458
0.103292
0.098667
0.112584
0.091667
0.102042
0.10275
0.098917
0.095709
0.115084
0.148875
0.109792
0.109083
0.112084
0.100834
0.112417
0.099125
0.178541
0.116667
0.099667
0.096875
0.132042
0.1015
0.126792
0.110666
0.127458
0.162375
0.142583
0.102125
0.098791
0.119667
0.10375
0.095375
0.116167
0.159125
0.152292
0.103959
0.113
0.09875
0.123209
0.105625
0.2895
0.118625
0.104291
0.100417
0.11
0.094875
0.112875
0.106584
0.134209
0.108334
0.134167
0.108167
0.104708
0.1275
0.106458
0.114709
0.115042
0.096458
0.120708
0.10275
0.097792
0.22925
0.172125
0.204458
0.135292
0.097208
0.100625
0.194583
0.137583
0.1285
0.15675
0.109666
0.255084
0.160792
0.112458
0.100208
0.189375
0.106125
0.097625
0.163459
0.164625
0.136208
0.239334
0.104375
0.096792
0.0985
0.226
0.127208
0.208625
0.219
0.138084
0.100042
0.1035
0.091542
0.171875
0.101458
0.196
0.150458
0.106958
0.100375
0.169958
0.098875
0.092292
0.103125
0.1835
0.145458
0.141417
0.128792
0.11625
0.129542
0.126042
0.1145
0.177875
0.179792
0.170583
0.108541
0.121166
0.092042
0.09825
0.096166
0.193917
0.136167
0.134958
0.099708
0.104542
0.096792
0.239292
0.106416
0.114792
0.126166
0.09325
0.107958
0.095084
0.096125
0.108542
0.095916
0.142542
0.140791
0.103708
0.105209
0.102375
0.0965
0.1005
0.103583
0.139834
0.118625
0.107375
0.10175
0.095791
0.107292
0.093375
0.097416
0.11975
0.226542
0.109875
0.107292
0.098292
0.101125
0.114416
0.097167
0.127291
0.212292
0.10975
0.099209
0.103625
0.110791
0.093834
0.101459
0.101084
0.102625
0.140292
0.097417
0.139125
0.111917
0.156708
0.103958
0.163125
0.102542
0.16175
0.180667
0.141333
0.173917
0.235583
0.160708
0.162875
0.098667
0.098333
0.105875
0.108
0.116667
0.10325
0.099708
0.138666
0.143167
0.154541
0.135583
0.135709
0.223583
0.09725
0.178041
0.110833
0.104416
0.101875
0.102833
0.161834
0.147583
0.208959
0.134333
0.137
0.099417
0.167959
0.109959
0.168416
0.099292
0.123459
0.117041
0.179375
0.099042
0.10375
0.096167
0.10025
0.105458
0.095459
0.096792
0.236917
0.150375
0.132792
0.118666
0.114625
0.13125
0.205084
0.106125
0.098291
0.09875
0.100333
0.20225
0.152958
0.097959
0.110625
0.123417
0.115667
0.116041
0.101708
0.110833
0.178125
0.22025
0.184792
0.097792
0.126833
0.132375
0.105959
0.104375
0.216042
0.095917
0.127416
0.145541
0.182167
0.156667
0.134958
0.099041
0.111459
0.098125
0.096542
0.110917
0.093084
0.100542
0.111917
0.095083
0.094208
0.116208
0.102208
0.125917
0.133959
0.10775
0.113833
0.112792
0.108584
0.106041
0.106
0.105125
0.140625
0.11125
0.110292
0.094875
0.099083
0.10075
0.101625
0.1305
0.179542
0.197959
0.155709
0.096209
0.097292
0.119708
0.104708
0.109
0.175916
0.099166
0.14325
0.108208
0.098625
0.094875
0.106459
0.094667
0.102042
0.269
0.117583
0.113833
0.105417
0.118292
0.095833
0.102958
0.096209
0.112125
0.10525
0.093792
0.090917
0.116209
0.101875
0.241125
0.108125
0.162166
0.200041
0.108708
0.100292
0.1045
0.105667
0.09725
0.09325
0.103917
0.145375
0.103375
0.163084
0.142959
0.101334
0.096625
0.095917
0.096916
0.107792
0.101208
0.100208
0.167084
0.094958
0.114042
0.122833
0.115125
0.09825
0.106
0.162
0.108292
0.188333
0.17625
0.102833
0.0985
0.13075
0.089917
0.102084
0.191708
0.097208
0.245417
0.118375
0.156875
0.124125
0.106083
0.09725
0.099625
0.094292
0.092042
0.109542
0.101625
0.096125
0.107916
0.174917
0.09775
0.180208
0.127125
0.1625
0.104708
0.097583
0.114541
0.216917
0.116917
0.099667
0.117042
0.095958
0.093625
0.101583
0.095333
0.112375
0.197375
0.103375
0.189041
0.119625
0.08775
0.102375
0.107792
0.177042
0.112792
0.142666
0.098083
0.105708
0.186417
0.096667
0.10825
0.117458
0.089375
0.10075
0.102709
0.098041
0.095292
0.094833
0.094667
0.154167
0.095291
0.094292
0.092083
0.105625
0.102292
0.161417
0.099416
0.102334
0.192084
0.124709
0.129791
0.110541
0.113041
0.109292
0.241
0.133333
0.102791
0.102667
0.227375
0.099166
0.100166
0.196958
0.378833
0.215458
0.126375
0.165625
0.161709
0.203208
0.143375
0.18325
0.149042
0.20175
0.278916
0.134875
0.144792
0.107917
0.170833
