0.43975
0.464709
0.45
0.25175
0.130792
0.093542
0.113458
0.095666
0.091959
0.085292
0.135708
0.086458
0.09125
0.080875
0.079958
0.08825
0.084333
0.078792
0.092333
0.08025
0.094666
0.086709
0.089417
0.102084
0.110625
0.099916
0.088334
0.132084
0.0985
0.083958
0.092833
0.080333
0.091042
0.088916
0.085791
0.095
0.116875
0.081458
0.081208
0.094417
0.103125
0.10275
0.107833
0.100583
0.109917
0.147917
0.099666
0.094666
0.097666
0.094083
0.09825
0.097291
0.098
0.103292
0.102833
0.086084
0.107875
0.102084
0.099541
0.085542
0.086584
0.090042
0.0995
0.092834
0.098583
0.108333
0.094292
0.104333
0.090875
0.091209
0.094125
0.105958
0.098417
0.092542
0.10875
0.096667
0.130708
0.12775
0.148958
0.159042
0.156083
0.197375
0.180458
0.116084
0.0995
0.10475
0.091958
0.099417
0.116958
0.098625
0.112
0.121625
0.129459
0.108916
0.139583
0.134375
0.13625
0.136917
0.161833
0.113209
0.11975
0.100625
0.102542
0.112625
0.113875
0.1085
0.125375
0.1095
0.115042
0.116
0.143958
0.135083
0.136833
0.118084
0.140291
0.126792
0.159917
0.140334
0.142667
0.125125
0.160917
0.110125
0.146667
0.137917
0.117875
0.138708
0.120959
0.108125
0.125209
0.111042
0.142375
0.114834
0.15375
0.13525
0.127792
0.103209
0.11625
0.094375
0.106708
0.091291
0.105834
0.098166
0.101959
0.093666
0.1045
0.117208
0.1045
0.098833
0.120042
0.102
0.11025
0.114458
0.1635
0.108208
0.144875
0.133458
0.124375
0.1845
0.164791
0.114708
0.174959
0.136584
0.127334
0.130042
0.118417
0.131125
0.160833
0.124
0.121625
0.152458
0.157833
0.274292
0.152083
0.14025
0.125375
0.121458
0.112042
0.083958
0.098417
0.0955
0.123084
0.1065
0.140833
0.14075
0.182125
0.135083
0.264041
0.144625
0.238666
0.192291
0.315
0.19975
0.404875
0.19575
0.181875
0.206542
0.664959
0.145
0.112417
0.188542
0.131125
0.127625
0.171458
0.1245
0.145666
0.160291
0.134625
0.147125
0.179292
0.147625
0.123292
0.156917
0.141417
0.151833
0.140709
0.120917
0.149833
0.150667
0.118
0.110375
0.144375
0.175833
0.214042
0.120042
0.1855
0.110292
0.20275
0.104458
0.102375
0.13225
0.11625
0.100083
0.185375
0.100792
0.133417
0.0975
0.10075
0.08625
0.133708
0.107125
0.088542
0.123375
0.091458
0.082166
0.203917
0.095333
0.125959
0.103
0.106708
0.091292
0.096917
0.093083
0.094208
0.098834
0.121917
0.088
0.119916
0.10125
0.095125
0.093417
0.123875
0.095333
0.132916
0.105167
0.120458
0.129125
0.122458
0.115333
0.133791
0.103875
0.104375
0.106083
0.092333
0.093041
0.092625
0.104375
0.093459
0.101542
0.105541
0.093209
0.103459
0.099958
0.0895
0.111917
0.118292
0.110542
0.1305
0.107666
0.112375
0.096
0.102666
0.094125
0.109583
0.12375
0.109292
0.124708
0.09425
0.879834
0.491333
0.107291
0.115458
0.092708
0.091708
0.094917
0.10275
0.100125
0.097625
0.104792
0.117
0.124167
0.128917
0.154209
0.213708
0.150959
0.219916
0.122709
0.105292
0.113875
0.086583
0.104458
0.11225
0.097333
0.098583
0.108291
0.096291
0.095167
0.095417
0.104833
0.103959
0.098708
0.11125
0.095875
0.103209
0.099125
0.105709
0.110709
0.093417
0.105958
0.10825
0.092958
0.099458
0.106
0.098625
0.104375
0.1045
0.099583
0.096917
0.111916
0.092958
0.093709
0.105291
0.097166
0.090417
0.101375
0.091125
0.092584
0.099459
0.089125
0.091708
0.101709
0.093458
0.09875
0.099542
0.096083
0.097667
0.094708
0.103375
0.097042
0.097916
0.096125
0.102167
0.099625
0.096458
0.096042
0.099292
0.093458
0.100125
0.104375
0.100292
0.096375
0.110958
0.101625
0.101917
0.119375
0.12975
0.1155
0.117834
0.11175
0.123125
0.124917
0.113584
0.123834
0.140959
0.111541
0.117
0.121041
0.113875
0.097125
0.097125
0.090084
0.100458
0.112459
0.086125
0.087292
0.09775
0.10825
0.098292
0.094375
0.08975
0.088584
0.102375
0.092125
0.083333
0.085834
0.094875
0.094125
0.096166
0.09725
0.094334
0.098917
0.086042
0.105333
0.097292
0.088041
0.093084
0.104917
0.091584
0.103625
0.111167
0.098708
0.127708
0.127292
0.101083
0.091958
0.101208
0.095541
0.095292
0.093583
0.095792
0.097542
0.102791
0.098958
0.090291
0.088292
0.095083
0.090375
0.093375
0.093
0.089667
0.10425
0.091666
0.110542
0.0995
0.084958
0.096209
0.10025
0.100125
0.107583
0.099625
0.092708
0.096875
0.108166
0.09975
0.095958
0.105625
0.088292
0.094667
0.099333
0.104083
0.107959
0.097
0.089208
0.096041
0.091542
0.090167
0.095708
0.099333
0.097417
0.087708
0.093
0.096083
0.101792
0.099542
0.095708
0.097292
0.104833
0.094333
0.100875
0.098625
0.091083
0.094
0.100625
0.099208
0.099583
0.105084
0.096958
0.110416
0.091708
0.092083
0.091917
0.105458
0.088209
0.087791
0.095
0.098375
0.0955
0.102125
0.093791
0.084084
0.089167
0.096666
0.095167
0.126625
0.106125
0.110791
0.13275
0.100333
0.107
0.108083
0.091709
0.098917
0.110916
0.097834
0.099416
0.119709
0.125125
0.1015
0.116958
0.101958
0.107875
0.119458
0.095458
0.114458
0.126458
0.121541
0.115583
0.126375
0.112583
0.119708
0.116583
0.11125
0.120542
0.166
0.138041
0.11225
0.10975
0.107292
0.122
0.125709
0.094125
0.099792
0.117125
0.096166
0.104833
0.119
0.104959
0.134792
0.122292
0.107583
0.108542
0.116541
0.106292
0.106833
0.117917
0.101666
0.091875
0.088792
0.100709
0.093375
0.098167
0.096959
0.096042
0.106
0.089
0.102125
0.098208
0.087666
0.096625
0.0935
0.091458
0.099041
0.093083
0.084708
0.0875
0.079625
0.090875
0.099667
0.101333
0.096459
0.101875
0.117958
0.093875
0.099167
0.113542
0.096417
0.104417
0.114125
0.095042
0.099833
0.123625
0.107042
0.105542
0.149292
0.140458
0.106834
0.127959
0.114416
0.117666
0.119333
0.100084
0.114583
0.118875
0.090667
0.097334
0.114292
0.1
0.106333
0.136
0.097625
0.11225
0.091042
0.082542
0.102458
0.109041
0.099
0.102041
0.115125
0.103834
0.104666
0.110209
0.099083
0.110333
0.119667
0.092667
0.12925
0.1325
0.112833
0.117333
0.112875
0.11525
0.112667
0.11225
0.099958
0.121666
0.122375
0.121167
0.122417
0.117875
0.103166
0.118833
0.119459
0.100208
0.103375
0.105167
0.097959
0.103125
0.112541
0.10025
0.088792
0.095959
0.091417
0.1035
0.108708
0.093209
0.142458
0.113
0.094667
0.092875
0.098584
0.089125
0.092875
0.101459
0.094375
0.093708
0.096542
0.090083
0.094708
0.1055
0.087542
0.094125
0.111083
0.089292
0.09025
0.09825
0.088417
0.08475
0.099
0.084792
0.089083
0.102834
0.104875
0.104292
0.112959
0.087625
0.085708
0.087208
0.1
0.106125
0.126709
0.091
0.102333
0.11875
0.088417
0.10825
0.106625
0.096959
0.107833
0.11075
0.099167
0.110417
0.109833
0.100959
0.104
0.120625
0.090083
0.094958
0.086542
0.088959
0.088292
0.100709
0.093458
0.094459
0.107042
0.101125
0.124833
0.106917
0.099375
0.110167
0.105708
0.089791
0.102917
0.090334
0.096917
0.101458
0.107125
0.1005
0.104542
0.110667
0.086667
0.096167
0.089125
0.087375
0.088125
0.097666
0.090458
0.095417
0.108459
0.094667
0.094958
0.109
0.093208
0.099542
0.116917
0.094333
0.102417
0.117708
0.099625
0.120541
0.119375
0.11375
0.105416
0.107708
0.087375
0.113417
0.115667
0.093958
0.10775
0.083375
0.085916
0.095084
0.110292
0.096416
0.1045
0.125042
0.098625
0.109042
0.129292
0.101917
0.103
0.104458
0.088625
0.089667
0.101875
0.091583
0.098166
0.117084
0.1035
0.114875
0.114375
0.103166
0.107333
0.117167
0.095583
0.109167
0.110834
0.105583
0.132459
0.126083
0.107291
0.112375
0.105292
0.090041
0.096167
0.086333
0.092125
0.10425
0.105375
0.098959
0.104458
0.107209
0.094583
0.098958
0.1135
0.095625
0.10575
0.109833
0.087584
0.096709
0.105417
0.091917
0.092
0.1025
0.096084
0.110708
0.101958
0.099375
0.105541
0.102916
0.087792
0.100958
0.101667
0.303959
0.476375
0.119542
0.124125
0.103417
0.185416
0.104167
0.106792
0.217708
