0.046
0.070583
0.018125
0.019291
0.030417
0.063625
0.021625
0.026209
0.070542
0.030584
0.032041
0.037167
0.03075
0.024958
0.053334
0.026125
0.056125
0.025333
0.024792
0.023041
0.041792
0.025583
0.02925
0.027375
0.036667
0.039083
0.069375
0.041917
0.03025
0.026542
0.039708
0.029583
0.030083
0.026542
0.038667
0.034667
0.030875
0.035042
0.061792
0.024958
0.031708
0.033084
0.026292
0.033041
0.050084
0.020625
0.021958
0.025625
0.021792
0.020292
0.025708
0.019542
0.022125
0.021167
0.017834
0.025042
0.029917
0.019042
0.025125
0.040834
0.030167
0.037208
0.060625
0.037416
0.025459
0.035291
0.026542
0.029917
0.049583
0.049
0.048167
0.029583
0.040042
0.020041
0.037625
0.021875
0.04075
0.028208
0.038666
0.023917
0.041291
0.039084
0.033167
0.039625
0.026292
0.028042
0.045083
0.024584
0.032834
0.033333
0.027084
0.026708
0.050083
0.022333
0.0315
0.029541
0.047
0.035
0.040042
0.028084
0.050792
0.035375
0.02375
0.02575
0.047791
0.022625
0.046833
0.042625
0.036167
0.041209
0.076125
0.0445
0.02825
0.026958
0.022917
0.021334
0.027917
0.022125
0.032708
0.027792
0.029125
0.023459
0.048834
0.02375
0.028958
0.030833
0.0255
0.020916
0.029708
0.036125
0.027083
0.031208
0.024792
0.021625
0.036667
0.024
0.031
0.051667
0.022291
0.023875
0.069125
0.021375
0.0285
0.035417
0.0275
0.0255
0.044292
0.026833
0.039625
0.052792
0.036584
0.02525
0.039375
0.027041
0.026541
0.028417
0.024625
0.030084
0.0375
0.031666
0.04075
0.026209
0.0265
0.029459
0.0395
0.035208
0.0305
0.024667
0.026375
0.026042
0.048917
0.08975
0.03675
0.031375
0.034042
0.029417
0.047833
0.031959
0.029125
0.026542
0.039666
0.026208
0.041958
0.029958
0.041459
0.028459
0.043917
0.043209
0.063958
0.020459
0.03875
0.031375
0.049416
0.022708
0.058417
0.033625
0.057959
0.040584
0.023875
0.037209
0.044458
0.021833
0.041042
0.03425
0.026375
0.039208
0.050041
0.030375
0.026708
0.044292
0.027792
0.04875
0.047542
0.049042
0.025666
0.042292
0.023
0.036333
0.044792
0.05125
0.032416
0.047291
0.051
0.029334
0.057125
0.031834
0.045458
0.036125
0.039709
0.023709
0.044
0.039792
0.030834
0.039458
0.043167
0.032791
0.038166
0.019416
0.035083
0.023875
0.026917
0.026667
0.032458
0.023
0.047375
0.048666
0.025291
0.044541
0.040625
0.041792
0.030542
0.038625
0.041541
0.041667
0.035209
0.065333
0.069
0.022584
0.045125
0.026333
0.052291
0.040875
0.0515
0.02675
0.024833
0.026
0.061208
0.030541
0.024167
0.026166
0.03225
0.022916
0.0275
0.022834
0.021666
0.038375
0.029
0.024542
0.02375
0.018292
0.017333
0.025125
0.015708
0.01725
0.040417
0.019458
0.017834
0.041917
0.0225
0.024833
0.046125
0.0275
0.041709
0.033375
0.032083
0.025833
0.050458
0.025958
0.026333
0.025666
0.021042
0.022375
0.02025
0.016333
0.016208
0.024833
0.019
0.029417
0.066458
0.052875
0.045875
0.220917
0.024583
0.024334
0.051542
0.01825
0.025125
0.044834
0.02325
0.020708
0.052917
0.044416
0.038458
0.041209
0.046625
0.01875
0.036375
0.040958
0.04275
0.039917
0.023042
0.041458
0.043375
0.024416
0.063709
0.035625
0.052167
0.054625
0.0585
0.053458
0.045166
0.0385
0.023375
0.027334
0.048541
0.039167
0.040208
0.027542
0.037625
0.0245
0.036291
0.073
0.038375
0.049834
0.045417
0.022666
0.04775
0.041208
0.035542
0.046834
0.080416
0.022875
0.047083
0.023334
0.048
0.042917
0.05225
0.03425
0.046375
0.040584
0.028167
0.03675
0.024959
0.043125
0.038709
0.043333
0.067458
0.051666
0.044041
0.046333
0.043792
0.044875
0.041708
0.041584
0.044083
0.038417
0.065667
0.045084
0.037541
0.046791
0.043416
0.041167
0.043625
0.039833
0.043375
0.045208
0.044583
0.026334
0.08025
0.026625
0.034792
0.041584
0.039958
0.041125
0.035625
0.019291
0.04275
0.039625
0.0505
0.036792
0.119667
0.031083
0.035292
0.043375
0.053041
0.044625
0.044833
0.056125
0.036958
0.051625
0.030167
0.045625
0.053833
0.04375
0.063541
0.044375
0.024041
0.0775
0.047333
0.036583
0.047041
0.050416
0.028084
0.035125
0.056125
0.030166
0.041333
0.042542
0.035292
0.04225
0.044542
0.045541
0.0455
0.033958
0.050459
0.039417
0.056125
0.042834
0.032833
0.039834
0.046667
0.044208
0.053583
0.032208
0.04375
0.040125
0.10925
0.028542
0.046416
0.049792
0.044792
0.0425
0.0405
0.046292
0.038583
0.0365
0.045416
0.038958
0.0315
0.045042
0.044375
0.042417
0.044625
0.044
0.064792
0.0375
0.048125
0.037208
0.040708
0.046584
0.042792
0.039125
0.039333
0.018042
0.0455
0.047417
0.03825
0.038208
0.040875
0.044833
0.044292
0.051834
0.034292
0.041125
0.062042
0.020167
0.043084
0.037125
0.034167
0.027916
0.030209
0.025083
0.025208
0.032834
0.027375
0.026084
0.131333
0.045334
0.037167
0.03875
0.040458
0.052459
0.054792
0.03075
0.04875
0.060208
0.069666
0.045042
0.040375
0.022584
0.021
0.026125
0.035958
0.044792
0.042375
0.0185
0.046375
0.045375
0.051083
0.038542
0.049083
0.050417
0.049625
0.03025
0.100875
0.109125
0.047958
0.047041
0.039709
0.020708
0.03825
0.043583
0.052292
0.02625
0.03675
0.029459
0.026125
0.038375
0.040459
0.037708
0.039
0.043916
0.037208
0.024292
0.039417
0.036292
0.034625
0.128625
0.038209
0.037417
0.097583
0.043958
0.046125
0.045083
0.046375
0.094667
0.059875
0.044333
0.035333
0.026333
0.022375
0.019708
0.066667
0.029458
0.029458
0.024458
0.023292
0.015792
0.027416
0.037625
0.018917
0.019584
0.017875
0.017458
0.025041
0.025917
0.033333
0.020166
0.022292
0.021333
0.021583
0.037542
0.024209
0.025667
0.028208
0.02075
0.026875
0.021917
0.0225
0.030666
0.016084
0.025792
0.033375
0.031666
0.028833
0.054292
0.025584
0.020834
0.025125
0.02025
0.042958
0.060166
0.018375
0.026834
0.025208
0.022291
0.040625
0.03325
0.039
0.035583
0.043875
0.038708
0.071084
0.052416
0.0495
0.025083
0.15075
0.022458
0.031792
0.030958
0.025666
0.024625
0.024959
0.034833
0.041875
0.042209
0.039083
0.031917
0.048042
0.033
0.039708
0.082041
0.035625
0.027125
0.058625
0.024708
0.017625
0.026125
0.0585
0.022
0.030458
0.033958
0.026792
0.028292
0.034041
0.032875
0.03225
0.040042
0.045084
0.029208
0.033833
0.04975
0.035584
0.052833
0.032042
0.027833
0.040583
0.023042
0.024541
0.021959
0.021292
0.022834
0.020166
0.019708
0.030709
0.019083
0.028666
0.023167
0.023
0.023708
0.024792
0.020542
0.025416
0.02
0.015542
0.029583
0.027791
0.018208
0.021375
0.022792
0.022708
0.016208
0.021125
0.018292
0.023416
0.027375
0.055833
0.059583
0.048291
0.054417
0.078458
0.033542
0.026625
0.049709
0.029417
0.02525
0.032167
0.0205
0.0215
0.032959
0.022875
0.018458
0.049583
0.028209
0.020458
0.028375
0.026417
0.028125
0.026167
0.02175
0.018125
0.051875
0.0435
0.024459
0.023833
0.020792
0.023
0.019417
0.03675
0.026042
0.065042
0.048375
0.020375
0.024833
0.034166
0.019584
0.023
0.028375
0.020708
0.025917
0.04925
0.045667
0.025042
0.044583
0.020625
0.022208
0.030542
0.025292
0.019334
0.052292
0.036625
0.031291
0.023583
0.020083
0.046333
0.025667
0.023
0.021041
0.054292
0.036625
0.033875
0.019416
0.025792
0.022125
0.02375
0.031875
0.031708
0.033209
0.026916
0.024625
0.024833
0.025833
0.038708
0.030041
0.022041
0.022291
0.0245
0.026209
0.06125
0.022083
0.021166
0.031875
0.032458
0.023292
0.022042
0.037792
0.075917
0.052167
0.066583
0.030959
0.027667
0.022375
0.043834
0.021875
0.024708
0.021625
0.033875
0.032625
0.03175
0.029959
0.037583
0.023083
0.035709
0.034083
0.043375
0.028917
0.095125
0.049
0.059792
0.107208
0.028083
0.0315
0.060208
0.034625
0.021916
0.030958
0.02975
0.03725
0.020625
0.028375
0.024917
0.036042
0.028916
0.025625
0.026208
0.01575
0.020541
0.033292
0.023875
0.026
0.02675
0.038833
0.038917
0.058042
0.029417
0.059583
0.081958
0.06825
0.062041
0.035583
