0.406875
0.464542
0.178917
0.183417
0.325709
0.188958
0.183583
0.189792
0.125375
0.106458
0.109709
0.133875
0.10975
0.100916
0.124542
0.122042
0.105208
0.170166
0.149291
0.182042
0.126583
0.119417
0.098625
0.149792
0.112
0.103584
0.192625
0.160708
0.26225
0.227333
0.177542
0.184667
0.129333
0.094542
0.197042
0.192417
0.121
0.172417
0.095791
0.099167
0.194875
0.573542
0.16225
0.195875
0.212625
0.131541
0.127625
0.21925
0.174583
0.099834
0.216209
0.200625
0.162916
0.130458
0.099875
0.134458
0.172666
0.1595
0.107542
0.163458
0.117542
0.100417
0.108417
0.122
0.099958
0.107292
0.099292
0.10525
0.145333
0.100292
0.097167
0.125875
0.145
0.108
0.190833
0.134917
0.10275
0.12325
0.133459
0.105
0.155666
0.114083
0.18
0.234292
0.162292
0.164083
0.198542
0.224541
0.149417
0.187833
0.285875
0.151041
0.227166
0.176542
0.177375
0.211417
0.176292
0.214791
0.1615
0.153333
0.136584
0.218333
0.103375
0.189792
0.2435
0.166
0.18325
0.185042
0.218291
0.14475
0.225959
0.184708
0.16775
0.237417
0.178417
0.199167
0.205791
0.153125
0.229
0.120083
0.231041
0.292291
0.170833
0.165209
0.103667
0.229416
0.224792
0.250958
0.165333
0.189958
0.11875
0.250542
0.16825
0.172292
0.280334
0.096041
0.139458
0.148292
0.110125
0.12525
0.166791
0.226667
0.099333
0.194125
0.169625
0.1845
0.205375
0.124208
0.251666
0.195
0.16225
0.202
0.109792
0.157209
0.187291
0.154625
0.140791
0.1905
0.240583
0.106792
0.176083
0.191959
0.127167
0.11075
0.190167
0.246417
0.170625
0.216167
0.106167
0.134041
0.16025
0.194125
0.169125
0.107791
0.218042
0.126958
0.206083
0.109875
0.111417
0.108333
0.173166
0.111291
0.164375
0.107125
0.121625
0.167125
0.11025
0.106833
0.125833
0.119417
0.127208
0.120042
0.212084
0.165583
0.218667
0.140792
0.189875
0.221542
0.12775
0.140125
0.240208
0.1235
0.130458
0.113541
0.10175
0.142417
0.181583
0.111125
0.104709
0.182541
0.190833
0.164708
0.122125
0.149625
0.138792
0.158167
0.129125
0.1435
0.133042
0.133791
0.196541
0.276334
0.177208
0.195959
0.142625
0.196792
0.095125
0.1875
0.162042
0.225917
0.184458
0.165708
0.217584
0.175916
0.229084
0.126583
0.129
0.144083
0.141
0.132625
0.09775
0.105542
0.1675
0.124292
0.174375
0.1355
0.111208
0.251334
0.162
0.115083
0.101083
0.10325
0.097625
0.119416
0.190625
0.138041
0.151625
0.160875
0.151792
0.112709
0.22325
0.265875
0.153
0.210708
0.286625
0.25625
0.120958
0.390875
0.419834
0.124625
0.1095
0.227083
0.11225
0.430041
0.131584
0.191416
0.895875
0.131666
0.116375
0.287667
0.210959
0.111708
0.238083
0.297709
0.152875
0.19475
0.107208
0.128458
0.0975
0.215458
0.101875
0.111833
0.104083
0.194875
0.1295
0.126958
0.16675
0.180041
0.139167
0.106167
0.151917
0.107458
0.109083
0.146875
0.125709
0.126125
0.103084
0.124042
0.122625
0.122458
0.153125
0.113
0.121208
0.196416
0.146584
0.110041
0.132833
0.187083
0.178208
0.146
0.125541
0.133708
0.114125
0.13575
0.157708
0.103125
0.15175
0.119583
0.143333
0.163541
0.173083
0.177208
0.131208
0.17075
0.119166
0.1615
0.126166
0.095417
0.156208
0.104292
0.162875
0.144625
0.149584
0.106125
0.136333
0.102792
0.094917
0.103583
0.102125
0.118708
0.101958
0.121958
0.091
0.15475
0.090375
0.22425
0.2065
0.104583
0.098542
0.108958
0.110875
0.102875
0.107166
0.112542
0.100875
0.141666
0.092541
0.109458
0.147167
0.153
0.166958
0.122833
0.113708
0.116167
0.166833
0.10975
0.13025
0.129
0.103208
0.159333
0.148208
0.106833
0.135292
0.187667
0.112042
0.143208
0.155292
0.114917
0.120625
0.123208
0.093958
0.101
0.102292
0.124917
0.1315
0.196959
0.102833
0.0985
0.099042
0.122208
0.168083
0.100459
0.101
0.102375
0.105958
0.284542
0.110959
0.101375
0.112958
0.130625
0.114667
0.233125
0.109708
0.196417
0.163708
0.15925
0.135916
0.143958
0.099625
0.117083
0.099166
0.106416
0.094
0.18975
0.142708
0.152625
0.092709
0.119
0.104125
0.167541
0.187542
0.131958
0.105458
0.113083
0.182334
0.194792
0.101333
0.127334
0.124125
0.117333
0.100417
0.166125
0.157791
0.219042
0.257708
0.155333
0.191083
0.17325
0.121958
0.276084
0.215083
0.245458
0.168917
0.182125
0.141041
0.222416
0.15425
0.10175
0.137833
0.138958
0.191125
0.250167
0.097375
0.134541
0.110083
0.103208
0.249917
0.262166
0.098667
0.125791
0.183333
0.096708
0.105792
0.214667
0.102166
0.099083
0.103667
0.162542
0.175083
0.1005
0.147125
0.106333
0.159084
0.113875
0.113125
0.108125
0.142333
0.099959
0.207333
0.193083
0.130542
0.144041
0.124417
0.098792
0.1
0.102541
0.139417
0.163417
0.140417
0.152625
0.233834
0.1485
0.1715
0.155042
0.16425
0.241791
0.154209
0.198042
0.15
0.189333
0.12875
0.106
0.148542
0.104042
0.157958
0.155333
0.109292
0.141584
0.194917
0.191333
0.145208
0.140375
0.175667
0.242
0.127792
0.100292
0.14025
0.126584
0.135792
0.166083
0.16275
0.130375
0.206959
0.112792
0.147333
0.101792
0.162083
0.178459
0.105583
0.122458
0.154459
0.157166
0.150208
0.187542
0.113833
0.10925
0.101666
0.155
0.111667
0.2025
0.17625
0.111416
0.103
0.109333
0.111333
0.1075
0.100042
0.251125
0.135667
0.123625
0.10925
0.127417
0.190208
0.312458
0.103625
0.155833
0.279667
0.2715
0.105709
0.110875
0.108458
0.104541
0.125958
0.197208
0.124375
0.182709
0.126292
0.129292
0.160625
0.141333
0.149458
0.202459
0.17625
0.107834
0.152125
0.116625
0.155792
0.193292
0.12075
0.137209
0.194792
0.103542
0.227875
0.149292
0.131375
0.155833
0.16275
0.098833
0.100875
0.1055
0.104041
0.102792
0.107125
0.208708
0.135041
0.095
0.099708
0.096917
0.095834
0.189416
0.119333
0.18575
0.1185
0.150583
0.143834
0.144875
0.118167
0.328916
0.106208
0.1
0.107375
0.095125
0.091792
0.188833
0.134125
0.158792
0.139917
0.110125
0.120541
0.162333
0.154708
0.110167
0.116
0.133875
0.237084
0.139917
0.137541
0.157583
0.168333
0.136708
0.121166
0.141291
0.1255
0.112417
0.149625
0.140917
0.094209
0.16
0.119542
0.156834
0.147666
0.126292
0.096459
0.145167
0.098666
0.10425
0.096
0.094417
0.100417
0.10025
0.100959
0.26025
0.206833
0.23125
0.251584
0.15075
0.092125
0.153541
0.101417
0.084875
0.10425
0.100583
0.221166
0.103958
0.097
0.098292
0.1
0.11425
0.172125
0.111458
0.091917
0.10275
0.10975
0.113417
0.095042
0.116166
0.145333
0.113
0.096709
0.10375
0.101792
0.215792
0.10525
0.13925
0.160792
0.155125
0.116
0.102875
0.121875
0.103584
0.098375
0.100667
0.091875
0.09475
0.096083
0.094958
0.097459
0.107875
0.107917
0.187792
0.1075
0.119041
0.102833
0.103917
0.107459
0.09525
0.125959
0.091458
0.123125
0.179584
0.183709
0.168375
0.222125
0.139083
0.136875
0.130208
0.114375
0.107833
0.13475
0.095292
0.116208
0.28625
0.200834
0.171041
0.168167
0.10775
0.152834
0.156166
0.143167
0.185209
0.101417
0.0905
0.099166
0.105125
0.126042
0.110292
0.11425
0.116833
0.126875
0.104333
0.111875
0.104583
0.175875
0.174542
0.212334
0.176667
0.1595
0.164417
0.186625
0.109042
0.104792
0.117959
0.129833
0.091334
0.238167
0.098875
0.209833
0.09925
0.109625
0.099583
0.110625
0.097041
0.110167
0.155375
0.102125
0.101666
0.097
0.095833
0.105875
0.200375
0.105125
0.10075
0.12425
0.094208
0.109416
0.097875
0.096209
0.097125
0.112916
0.095959
0.094458
0.102375
0.104833
0.170167
0.122
0.116625
0.124291
0.115292
0.090541
0.101292
0.120125
0.1925
0.165917
0.109958
0.110334
0.102125
0.094834
0.095125
0.111709
0.118792
0.152834
0.211
0.131417
0.147792
0.15075
0.166292
0.165958
0.1155
0.113625
0.128375
0.102917
0.110083
0.100334
0.124334
0.104334
0.090167
0.149917
0.106125
0.176875
0.103959
0.096625
0.315958
0.120333
0.372542
0.09925
0.106709
0.199042
0.32925
0.354375
0.303208
