0.523125
0.798375
0.246917
0.246458
0.194333
0.192584
0.2075
0.312208
0.145416
0.493292
0.3305
0.25775
0.193917
0.206084
0.293458
0.270959
0.189791
0.241834
0.156375
0.1975
0.143125
0.771458
0.187292
0.436959
0.3125
0.233625
0.367041
0.558125
0.235208
0.197875
0.1425
0.16275
0.347792
0.166541
0.150959
0.160375
0.158917
0.140209
0.150792
0.245125
0.304208
0.309416
0.285959
0.295708
0.273125
0.170166
0.551292
0.284625
0.176375
0.183334
0.195125
0.1995
0.211
0.223625
0.163042
0.274667
0.263542
0.182875
0.268667
0.241417
0.301167
0.394458
0.167417
0.2165
0.16825
0.15625
0.185166
0.5275
0.43675
0.239708
0.557833
0.9125
0.243833
0.447166
0.536
0.185792
0.577125
0.633958
0.161333
0.488709
0.594792
0.267
0.576833
0.555125
0.214209
0.444708
0.4505
0.261334
0.548709
0.200667
0.193542
0.162833
0.512791
0.183833
0.233041
0.493708
0.190834
0.2085
0.640791
0.215209
0.663167
0.6655
0.18975
0.359125
0.706334
0.202541
0.30175
0.620875
0.177458
0.188583
0.483833
0.234583
0.773791
0.740333
0.180375
0.293292
0.611166
0.133875
0.470417
0.498875
0.163958
0.231208
0.420291
0.246958
0.551875
0.47725
0.166083
0.496167
0.514917
0.2405
0.525209
0.532208
0.148958
0.610041
0.399958
0.227375
0.851709
0.926917
0.163458
0.448375
0.57125
0.185125
0.305542
0.406333
0.30825
0.300916
0.748959
0.35625
0.105791
0.143083
0.20225
0.284417
0.227
0.2105
0.320542
0.369583
0.256583
0.488667
0.772792
0.161416
0.469167
0.57625
0.536125
0.443917
0.169917
0.24875
0.45675
0.566459
0.230417
0.637208
0.24025
0.222583
0.45925
0.483584
0.18475
0.276167
0.373958
0.138334
0.169958
0.567417
0.225167
0.550625
0.647209
0.203542
0.508625
0.553542
0.249209
0.200541
0.5015
0.231958
0.582084
0.579542
0.179375
0.387667
0.590792
0.184333
0.586333
0.521584
0.18375
0.528042
0.217083
0.2365
0.512209
0.466416
0.180666
0.491208
0.468458
0.466709
0.627042
0.538291
0.224875
0.519833
0.491292
0.181792
0.509
0.510334
0.224041
0.543291
0.478584
0.187666
0.501625
0.50975
0.281959
0.519833
0.4595
0.626292
0.5215
0.696333
0.249333
0.163917
0.219458
0.178625
0.1995
0.295
0.177417
0.192167
0.249166
0.191375
0.36175
0.458125
0.175792
0.304917
0.2665
0.208875
0.694375
0.331167
0.138666
0.182791
0.231084
0.247125
0.26875
0.112958
0.122833
0.11975
0.159458
0.14875
0.350792
0.242375
0.164333
0.159291
0.1735
0.14975
0.134292
0.325791
0.143708
0.151416
0.131
0.138292
0.151375
0.122458
0.102708
0.11375
0.148125
0.136625
0.190833
0.20875
0.125084
0.12875
0.118375
0.113875
0.2095
0.229542
0.160875
0.183167
0.277666
0.225541
0.225917
0.11925
0.126875
0.215917
0.41675
0.103541
0.09675
0.095666
0.096708
0.094625
0.105333
0.09875
0.108667
0.113334
0.111917
0.128375
0.193292
0.1565
0.3205
0.27275
0.142083
0.229417
0.134417
0.128542
0.136042
0.143959
0.131875
0.168166
0.158042
0.151292
0.173375
0.386458
0.16575
0.126083
0.148958
0.1175
0.141375
0.139084
0.124958
0.18775
0.1745
0.151625
0.159667
0.160375
0.13925
0.137125
0.154792
0.131875
0.106791
0.330834
0.180833
0.509667
0.591917
0.1265
0.141792
0.212041
0.189459
0.391417
0.344917
0.150958
0.222541
0.639917
0.190833
0.159208
0.158959
0.149625
0.163708
0.40275
0.161875
0.172875
0.163875
0.1565
0.299625
0.259292
0.255375
0.44725
0.219625
0.18325
0.215791
0.374375
0.172292
0.261583
0.611875
0.340041
0.308375
0.818625
0.364416
0.938042
0.257583
0.319792
0.306709
0.345417
0.501792
0.299667
0.302375
0.312125
0.408333
0.692708
0.278625
0.501542
0.237042
0.278458
0.284292
0.319084
0.248208
0.18475
0.23
0.24325
0.237583
0.235083
0.23425
0.297125
0.29075
0.322792
0.245708
0.14825
0.155042
0.213625
0.380083
0.173875
0.187833
0.4245
0.151
0.388042
0.357125
0.167625
0.426458
0.597875
0.149667
0.189917
0.211625
0.13925
0.53275
0.342083
0.149458
0.404625
0.282416
0.145959
0.208958
0.412292
0.170625
0.171125
0.107042
0.144584
0.367375
0.275667
0.154083
0.385709
0.605042
0.174208
0.634542
0.187708
0.146209
0.369042
0.672791
0.123375
0.0905
0.113584
0.114042
0.137125
0.111166
0.138584
0.364209
0.137916
0.134833
2.14162
0.279958
0.261458
0.16175
0.134583
0.130375
0.139875
0.144209
0.163041
0.140833
0.21725
0.146583
0.362375
0.363875
0.319375
0.327875
0.407667
0.183041
0.595292
0.615334
0.139583
0.217042
0.956666
0.102833
0.397
0.325458
0.127791
0.129
0.134667
0.14725
0.206334
0.232708
0.1575
0.192792
0.105583
0.092667
0.150292
0.13725
0.121041
0.218833
0.494084
0.319833
0.283041
0.244125
0.119833
0.109041
0.129042
0.139708
0.146291
0.09375
0.118834
0.113
0.141458
0.131459
0.345917
0.19325
0.148584
0.353708
0.604459
0.130833
0.3765
0.445542
0.118375
0.188959
0.408291
0.145833
0.276375
0.390917
0.113916
0.096042
0.175209
0.124375
0.129125
0.138041
0.122
0.57775
0.1285
0.193084
0.09925
0.160708
0.127208
0.176042
0.129792
0.138459
0.115
0.13425
0.113292
0.115417
0.116167
0.121709
0.179541
0.313417
0.155875
0.224459
0.21825
0.164833
0.216166
0.332833
0.1875
0.398459
0.16025
0.131792
0.197375
0.362167
0.160708
0.360958
0.44275
0.131
0.180709
0.208958
0.134625
0.214208
0.391292
0.210458
0.20775
0.128084
0.180916
0.129542
0.16375
0.160834
0.362708
0.645375
0.123083
0.175792
0.403042
0.146583
0.157125
0.194833
0.119041
0.190417
0.182
0.121542
0.213958
0.354458
0.129792
0.313042
0.121417
0.144334
0.195292
0.121083
0.116416
0.184208
0.102125
0.098
0.100625
0.130917
0.137792
0.220542
0.414208
0.170916
1.68775
0.139083
0.107125
0.11775
0.356584
0.158666
0.379625
0.286166
0.124417
0.217459
0.15725
0.140625
0.20475
0.34275
0.134208
0.360292
0.460667
0.139958
0.229834
0.615541
0.136166
0.215875
0.225
0.158834
0.363458
0.275083
0.158375
0.294208
0.663208
0.154166
0.408208
0.347166
0.180958
0.367167
0.29175
0.1435
0.213375
0.185583
0.156
0.392042
0.315333
0.214041
0.399292
0.46875
0.132791
0.210917
0.271334
0.152334
0.180083
0.146125
0.177625
0.182959
0.176
0.133417
0.153
0.215875
0.153666
0.21525
0.333167
0.210959
0.427875
0.584083
0.204334
0.21325
0.448292
0.147292
0.20775
0.316917
0.095167
0.364875
0.299042
0.159959
0.133
0.148875
0.150625
0.359708
0.408417
0.176416
0.190833
0.146584
0.104333
0.230167
0.279709
0.100708
0.213625
0.218125
0.13325
0.133417
0.124667
0.1535
0.369167
0.29025
0.139083
0.1885
0.667875
0.160417
0.344042
0.288625
0.126709
0.133084
0.446625
0.12975
0.207542
0.365958
0.141583
0.338458
0.156709
0.1605
0.476917
0.69675
0.145875
0.383125
0.329916
0.114833
0.288917
0.290042
0.168875
0.315375
0.873959
0.224584
0.165584
0.219292
0.162583
0.150083
0.371
0.151666
0.223875
0.139834
0.153291
0.465291
0.546125
0.161708
0.366667
0.352166
0.153458
0.209958
0.385791
0.129583
0.218208
0.188083
0.138375
0.481625
0.341167
0.15375
0.136541
0.228583
0.155167
0.225125
0.222125
0.288375
0.289834
0.351708
0.176375
0.189084
0.3115
0.131792
0.13275
0.213792
0.120583
0.155709
0.098667
0.150625
0.183083
0.193625
0.330541
0.393333
0.506416
0.144334
0.190834
0.104333
0.185125
0.094708
0.146292
0.152875
0.226708
0.138709
0.138708
0.147875
0.275875
0.190333
0.213708
0.303167
0.145917
0.179375
0.234875
0.160666
0.609
0.116333
0.179791
0.207708
0.218833
0.166292
0.13175
0.161042
0.156333
0.446
0.644875
0.095833
0.212417
0.646333
0.160833
0.281417
0.657875
0.156042
0.379666
0.207417
0.099583
0.408959
0.623167
0.15775
0.137916
0.214208
0.140959
0.212708
0.407875
0.11475
0.182417
0.39575
0.160125
0.133208
0.186333
0.162291
0.185
0.643042
0.114292
0.213125
0.621958
0.144208
0.215917
0.136417
0.304875
0.372292
0.312792
0.116125
0.151584
0.3425
0.142709
0.33925
0.263458
