0.183583
0.120791
0.085042
0.086917
0.043625
0.065292
0.04325
0.051542
0.043625
1.01004
0.045875
0.058584
0.039958
0.039459
0.039708
0.039042
0.092375
0.037958
0.048292
0.037125
0.038541
0.0375
0.043291
0.039417
0.044084
0.037709
0.041417
0.152792
0.0475
0.04025
0.114042
0.038917
0.037125
0.229917
0.038708
0.111416
0.041625
0.041792
0.038917
0.037291
0.038209
0.038125
0.037917
0.039708
0.036791
0.036916
0.039791
0.038541
0.038666
0.037792
0.041375
0.038
0.044958
0.039208
0.04225
0.039625
0.038958
0.038542
0.039083
0.038041
0.041666
0.133959
0.044459
0.0395
0.041417
0.039875
0.045
0.039875
0.117334
0.043708
0.102208
0.0915
0.104375
0.0435
0.040958
0.038792
0.110167
0.040833
0.051458
0.040292
0.039416
0.10725
0.123166
0.118084
0.0455
0.038292
0.039042
0.03825
0.041208
0.038625
0.044917
0.039
0.036917
0.037875
0.04525
0.209083
0.049084
0.040167
0.045
0.040417
0.038916
0.041375
0.042625
0.037958
0.044667
0.038334
0.039875
0.037416
0.039542
0.038833
0.038709
0.041833
0.041833
0.039959
0.038417
0.039625
0.042958
0.039334
0.040833
0.040458
0.042125
0.039375
0.040541
0.040375
0.039209
0.038708
0.040792
0.039166
0.0425
0.037125
0.040125
0.040375
0.03925
0.041042
0.038375
0.037834
0.038833
0.038208
0.039292
0.044125
0.1025
0.039083
0.04525
0.037416
0.103792
0.044417
0.08875
0.040209
0.0455
0.039375
0.038791
0.0405
0.039208
0.041667
0.045959
0.08925
0.04225
0.10925
0.040208
0.037708
0.11375
0.095083
0.061125
0.039208
0.042333
0.038791
0.039416
0.039084
0.03975
0.042583
0.049125
0.103709
0.04625
0.038833
0.037792
0.041375
0.140375
0.134
0.041042
0.041916
0.112167
0.091041
0.038375
0.040375
0.044292
0.042458
0.049333
0.055042
0.040625
0.047375
0.041
0.042167
0.038542
0.060958
0.037542
0.037834
0.108542
0.042542
0.097292
0.041833
0.047
0.038667
0.046667
0.040875
0.037709
0.041292
0.04825
0.037875
0.039875
0.038542
0.041125
0.041916
0.037292
0.0385
0.04
0.0405
0.040583
0.095667
0.041
0.038916
0.039667
0.041958
0.10675
0.03975
0.046459
0.039041
0.038875
0.099083
0.043333
0.13425
0.045458
0.042125
0.039417
0.043542
0.110125
0.042375
0.076417
0.037625
0.046917
0.088042
0.040667
0.040666
0.042667
0.038708
0.042334
0.040583
0.09975
0.037833
0.041375
0.043834
0.129708
0.041417
0.040458
0.039584
0.042375
0.0385
0.041291
0.040084
0.037792
0.042959
0.051459
0.04175
0.040667
0.036208
0.038959
0.04025
0.043667
0.043625
0.042666
0.107
0.045708
0.039375
0.039625
0.041417
0.039625
0.038333
0.104625
0.039542
0.038833
0.038333
0.04325
0.040792
0.042292
0.044167
0.043875
0.039875
0.038417
0.042583
0.038875
0.039166
0.039958
0.038084
0.039375
0.040583
0.111541
0.037959
0.0405
0.039791
0.039667
0.0465
0.045875
0.09025
0.0965
0.044459
0.037458
0.038291
0.113041
0.106208
0.398167
0.038667
0.041375
0.098
0.038417
0.042708
0.204375
0.040125
0.041042
0.088166
0.115208
0.047292
0.041084
0.044708
0.043583
0.099125
0.097584
0.117
0.040542
0.039375
0.038458
0.038
0.045666
0.037792
0.037375
0.106333
0.04375
0.038333
0.039625
0.039708
0.037709
0.038041
0.039167
0.095959
0.043084
0.038375
0.038292
0.038125
0.037459
0.039042
0.038625
0.040208
0.043458
0.044583
0.040792
0.0385
0.037917
0.037458
0.054333
0.041667
0.047375
0.1015
0.04425
0.039625
0.036708
0.05175
0.0435
0.10225
0.054834
0.043209
0.037833
0.04025
0.091292
0.048333
0.047875
0.108208
0.03925
0.038334
0.038416
0.039209
0.04025
0.037792
0.038834
0.038583
0.101584
0.041875
0.038958
0.040208
0.114375
0.091708
0.098542
0.04325
0.044458
0.109792
0.041792
0.039084
0.042042
0.098042
0.040375
0.041083
0.042333
0.042541
0.099833
0.119459
0.042458
0.0385
0.03975
0.10325
0.044042
0.042166
0.044
0.045041
0.041958
0.041875
0.102625
0.039208
0.042125
0.03975
0.100125
0.111917
0.052709
0.111792
0.116083
0.038792
0.048208
0.04075
0.043458
0.036958
0.039375
0.039375
0.038666
0.038667
0.044792
0.039875
0.040917
0.11875
0.10475
0.038959
0.038542
0.038375
0.043458
0.041167
0.063667
0.042958
0.041459
0.130375
0.167834
0.038416
0.04025
0.038875
0.04525
0.037167
0.045
0.038834
0.044
0.065584
0.045208
0.038334
0.047167
0.041666
0.042667
0.183416
0.055625
0.039167
0.103667
0.097792
0.059625
0.125458
0.161625
0.045958
0.207333
0.178459
0.048166
0.043833
0.055042
0.038667
0.0475
0.03825
0.047625
0.109875
0.048333
0.038917
0.045375
0.041667
0.106333
0.101959
0.043792
0.103833
0.051833
0.039917
0.122291
0.087042
0.044084
0.090166
0.040875
0.041125
0.042875
0.038791
0.040791
0.041292
0.112083
0.038292
0.0445
0.039625
0.118833
0.100208
0.046666
0.038834
0.108125
0.165375
0.042
0.044917
0.045958
0.04025
0.044875
0.03725
0.042542
0.038625
0.040584
0.037375
0.042792
0.038458
0.099416
0.106459
0.039417
0.090125
0.046833
0.140292
0.095291
0.043042
0.043459
0.039416
0.040916
0.038083
0.042583
0.03875
0.04625
0.037542
0.042125
0.042875
0.056
0.043167
0.05925
0.0445
0.045917
0.113125
0.107125
0.057792
0.05675
0.062042
0.054417
0.045541
0.155833
0.044666
0.044084
0.048125
0.042541
0.114167
0.054833
0.0425
0.04625
0.03825
0.045417
0.045958
0.128917
0.050041
0.041458
0.045083
0.711708
0.040542
0.046208
0.047584
0.174625
0.040584
0.526292
0.149708
1.61646
0.042334
0.04875
0.041583
0.111583
0.041375
0.047417
0.043291
0.128334
0.03875
0.0495
0.09125
0.044917
0.045291
0.043625
0.038958
0.042958
0.038417
0.043417
0.03975
0.043583
0.109542
0.039834
0.037666
0.043417
0.040208
0.042625
0.040083
0.045834
0.039334
0.042458
0.038583
0.04075
0.038791
0.045459
0.044167
6.365
0.066791
0.350833
0.040791
0.041167
0.044334
0.041084
0.044583
0.040542
0.039917
0.04475
0.03825
0.105625
0.042875
0.042958
0.040583
0.046959
0.038125
0.045958
0.101042
0.041417
0.049541
0.040584
0.038667
0.0425
0.037792
0.043041
0.039125
0.042166
0.038
0.039791
0.037167
0.038958
0.040208
0.041333
0.037917
0.043708
0.040291
0.041333
0.122459
0.046375
0.041791
0.040125
0.094791
0.041625
0.038708
0.042375
0.03825
0.042
0.041209
0.047833
0.047666
0.047583
0.038583
0.040875
0.039125
0.041708
0.038375
0.043834
0.038
0.042875
0.037958
0.046167
0.0445
0.055959
0.038084
0.039875
0.038958
0.038208
0.037209
0.042542
0.042459
0.041625
0.041375
0.044042
0.097333
0.045
0.112667
0.045
0.03975
0.044667
0.040709
0.041958
0.114583
0.046875
0.086208
0.041791
0.04675
0.039416
0.098708
0.074584
0.041834
0.041333
0.1055
0.039917
0.03775
0.041083
0.040542
0.038334
0.127042
0.038666
0.038291
0.040416
0.038333
0.039416
0.039791
0.041708
0.037958
0.045125
0.039584
0.090666
0.045333
0.046208
0.041083
0.045292
0.040291
0.041875
0.045333
0.043042
0.038
0.04475
0.048791
0.04075
0.270708
0.052625
0.130375
0.054125
0.045666
0.042042
0.042541
0.040042
0.038541
0.039833
0.038125
0.037584
0.040791
0.099208
0.049542
0.03975
0.042458
0.094208
0.042458
0.177167
0.060042
0.043792
0.042917
0.042958
0.049833
0.03975
0.039208
0.115333
0.42225
0.273542
0.044875
0.153917
0.045125
0.046333
0.045833
0.043083
0.044209
0.04375
0.040541
0.041667
0.04075
0.220583
0.044042
0.088208
0.040417
0.042417
0.046292
0.127167
0.042125
0.039416
0.101875
0.044375
0.04525
0.119167
0.046791
0.041084
0.046625
0.102708
0.102875
0.043334
0.047083
0.092667
0.042292
0.039959
0.043291
0.037792
0.042
0.04125
0.040458
0.039375
0.039167
0.044291
0.090083
0.040708
0.043875
0.040375
0.041041
0.038
0.122916
0.080208
0.060917
0.048916
0.095791
0.090125
0.146083
0.105292
0.244125
0.149958
0.13825
0.122458
0.048375
0.044375
0.041042
0.042208
0.042292
0.048291
0.039958
0.048291
0.049333
0.11825
0.050833
0.047416
0.038791
0.038625
0.054625
0.051708
0.042583
