0.0455
0.055958
0.012
0.013208
0.015708
0.023208
0.019375
0.026083
0.020708
0.026125
0.025084
0.021458
0.027083
0.017208
0.019084
0.019791
0.04825
0.037
0.027708
0.024
0.020791
0.026208
0.021875
0.029792
0.021208
0.022
0.018458
0.017166
0.037083
0.021333
0.023708
0.016041
0.023083
0.020917
0.021291
0.034583
0.021833
0.016833
0.021375
0.024125
0.023
0.025542
0.021875
0.018209
0.02325
0.028542
0.0175
0.025875
0.015416
0.013208
0.020917
0.012667
0.016333
0.017667
0.016
0.015916
0.020125
0.020959
0.016541
0.016667
0.017125
0.028958
0.019541
0.023542
0.017958
0.018333
0.029334
0.028959
0.024875
0.025792
0.028458
0.0385
0.024458
0.042709
0.050083
0.031875
0.034459
0.0345
0.027375
0.034791
0.029584
0.037
0.037
0.030541
0.032708
0.046583
0.032958
0.022
0.0265
0.02625
0.030459
0.048
0.026459
0.029792
0.039709
0.028084
0.026875
0.033166
0.039417
0.024459
0.0385
0.029708
0.020917
0.040084
0.040959
0.027208
0.033292
0.034625
0.025583
0.044417
0.030209
0.034
0.03575
0.023875
0.025375
0.03775
0.034875
0.028791
0.033834
0.0405
0.048667
0.048458
0.032916
0.023333
0.034125
0.024125
0.022208
0.03875
0.046833
0.053833
0.034084
0.034583
0.024875
0.040667
0.051208
0.036041
0.034458
0.038291
0.021292
0.02725
0.025625
0.017042
0.023584
0.027041
0.020917
0.022084
0.020375
0.016792
0.029084
0.031459
0.023958
0.035542
0.045875
0.028333
0.035291
0.026875
0.026875
0.039708
0.037292
0.052916
0.035625
0.051167
0.024833
0.028792
0.027541
0.030583
0.035375
0.049791
0.024208
0.039333
0.026625
0.03075
0.030666
0.031667
0.024333
0.036416
0.033458
0.02875
0.032917
0.02525
0.026083
0.032459
0.045958
0.024917
0.034458
0.046875
0.037875
0.036541
0.044083
0.025166
0.023833
0.017584
0.015666
0.022334
0.025666
0.016333
0.023875
0.022292
0.020042
0.022708
0.021125
0.024375
0.025542
0.023083
0.0225
0.022292
0.026959
0.0375
0.033583
0.057083
0.025458
0.046875
0.02525
0.034541
0.0325
0.031125
0.025375
0.035041
0.035416
0.026833
0.029667
0.043792
0.030625
0.034667
0.044791
0.024625
0.032167
0.039125
0.025167
0.038834
0.047875
0.028208
0.044
0.053709
0.02875
0.037875
0.057167
0.023125
0.025209
0.029708
0.022542
0.02775
0.018625
0.018042
0.023083
0.028416
0.022833
0.0295
0.023417
0.019
0.023125
0.029458
0.023833
0.029
0.024625
0.02275
0.0305
0.050708
0.02175
0.022625
0.051
0.025917
0.02575
0.028958
0.019958
0.030334
0.024375
0.029125
0.028667
0.043125
0.022708
0.041083
0.025167
0.025875
0.02725
0.022958
0.0215
0.025583
0.02425
0.026208
0.022666
0.023542
0.023292
0.035083
0.030875
0.023917
0.02775
0.032416
0.032333
0.0325
0.025125
0.026042
0.031125
0.03075
0.023375
0.032917
0.046208
0.024583
0.03675
0.029625
0.024166
0.09525
0.024833
0.021375
0.030625
0.022291
0.026375
0.028917
0.028875
0.036666
0.067667
0.028834
0.023875
0.169375
0.032667
0.021958
0.024042
0.034875
0.0305
0.024958
0.023042
0.032333
0.030583
0.026
0.022583
0.023292
0.209
0.029875
0.028334
0.037416
0.022166
0.022625
0.025083
0.030417
0.023833
0.0215
0.019667
0.018125
0.021834
0.019959
0.020416
0.018292
0.0195
0.018292
0.021
0.017209
0.017334
0.020625
0.018083
0.018541
0.025917
0.016333
0.01775
0.022209
0.021083
0.042875
0.027625
0.036333
0.024791
0.020917
0.030458
0.017708
0.107125
0.029334
0.024875
0.02075
0.014917
0.020083
0.017292
0.024042
0.016167
0.029875
0.019542
0.039417
0.017917
0.024875
0.027959
0.031834
0.030125
0.036416
0.040209
0.0275
0.0365
0.043291
0.036458
0.048666
0.062625
0.031083
0.038583
0.052625
0.023375
0.02475
0.027917
0.019959
0.023041
0.025375
0.021542
0.023
0.035125
0.022833
0.137667
0.066
0.032542
0.032833
0.041583
0.051958
0.034416
0.033208
0.037333
0.025333
0.042292
0.020792
0.032375
0.038958
0.0235
0.040834
0.065
0.018875
0.0325
0.0475
0.021459
0.035959
0.051791
0.04025
0.041042
0.034917
0.032084
0.036667
0.029583
0.017791
0.022
0.028
0.0385
0.028542
0.040791
0.034208
0.03475
0.090292
0.03875
0.038458
0.063709
0.02125
0.02925
0.032167
0.023
0.02225
0.042125
0.028292
0.032208
0.079208
0.043083
0.033916
0.065083
0.039791
0.025292
0.033708
0.017708
0.025792
0.0405
0.020667
0.022375
0.027041
0.022333
0.021875
0.022791
0.024541
0.024875
0.032833
0.032208
0.028458
0.029708
0.024541
0.022875
0.040709
0.025541
0.032667
0.0565
0.024459
0.028334
0.036708
0.027958
0.033208
0.051959
0.038917
0.032875
0.071917
0.0245
0.044709
0.052292
0.040708
0.043083
0.049625
0.025625
0.075209
0.027709
0.029875
0.031625
0.049834
0.027709
0.043041
0.060209
0.025625
0.045625
0.030458
0.019958
0.025084
0.037
0.018792
0.02625
0.030417
0.019833
0.050959
0.043083
0.022625
0.032541
0.064666
0.0255
0.034667
0.04375
0.024167
0.043333
0.02925
0.024625
0.033584
0.055209
0.0345
0.055083
0.051208
0.025541
0.034042
0.037416
0.026959
0.038792
0.042375
0.039958
0.03025
0.030584
0.027459
0.041208
0.033666
0.040042
0.050292
0.028167
0.022417
0.037292
0.055833
0.022792
0.028916
0.049375
0.04575
0.027458
0.046333
0.024875
0.035375
0.040917
0.025542
0.031125
0.048334
0.024541
0.022875
0.065917
0.019125
0.035
0.047083
0.019708
0.033
0.054208
0.078292
0.035167
0.04375
0.027042
0.050291
0.049834
0.022542
0.033667
0.051083
0.035958
0.030458
0.043
0.037541
0.025458
0.02525
0.02425
0.029
0.033625
0.023833
0.045708
0.032708
0.039583
0.0415
0.036458
0.026958
0.02475
0.026458
0.02
0.025458
0.025333
0.019292
0.024209
0.031292
0.036458
0.036916
0.098166
0.022833
0.027833
0.029375
0.026542
0.030958
0.036333
0.020875
0.035125
0.034417
0.024292
0.031
0.032791
0.024
0.049625
0.040625
0.033125
0.02425
0.025458
0.017416
0.031
0.033292
0.025166
0.045125
0.046584
0.030875
0.033625
0.043
0.023958
0.023625
0.034625
0.02375
0.030584
0.02975
0.0195
0.044167
0.024958
0.029541
0.030542
0.036042
0.034542
0.0235
0.039042
0.026292
0.026584
0.045208
0.033708
0.042708
0.037584
0.02625
0.028583
0.071334
0.035666
0.028416
0.029792
0.029417
0.027542
0.023791
0.018541
0.023666
0.075708
0.03725
0.0335
0.028917
0.020583
0.022542
0.036833
0.019708
0.029
0.030459
0.027209
0.0245
0.036709
0.024625
0.063334
0.028292
0.048625
0.023958
0.077125
0.02325
0.030333
0.039375
0.036334
0.041792
0.042041
0.02525
0.036416
0.054709
0.040417
0.025583
0.067208
0.030834
0.037208
0.029334
0.0195
0.029125
0.021625
0.026
0.023084
0.061042
0.01875
0.032667
0.022625
0.024833
0.027834
0.028875
0.027584
0.032333
0.023084
0.026708
0.04775
0.030167
0.018709
0.040291
0.021084
0.036416
0.024875
0.051583
0.021292
0.0365
0.019125
0.027
0.023208
0.034709
0.021291
0.031667
0.027875
0.036459
0.031166
0.03725
0.020959
0.031583
0.02325
0.023417
0.023041
0.024209
0.023166
0.033208
0.02425
0.031917
0.023583
0.033791
0.020125
0.0345
0.027583
0.022083
0.023292
0.053209
0.017709
0.037042
0.022042
0.024708
0.023417
0.054333
0.019791
0.031667
0.024917
0.024708
0.031334
0.040041
0.024208
0.039042
0.032416
0.028417
0.019625
0.045625
0.024625
0.036792
0.019708
0.041875
0.023541
0.027125
0.019208
0.02475
0.02425
0.022417
0.036833
0.039916
0.021167
0.028375
0.020416
0.052292
0.039625
0.036834
0.0225
0.0575
0.026041
0.023958
0.039334
0.034542
0.019625
0.027791
0.019
0.02975
0.036959
0.038541
0.03025
0.051292
0.028417
0.021375
0.037791
0.026042
0.028833
0.036209
0.044666
0.032875
0.033292
0.029584
0.04225
0.021958
0.032667
0.034875
0.026542
0.028083
0.02475
0.039625
0.076666
0.024042
0.022833
0.025041
0.022334
0.025459
0.017875
0.020875
0.024417
0.0265
0.021709
0.027292
0.039875
0.117167
0.142625
0.046583
0.039292
0.041792
0.062041
0.035791
0.036584
0.033208
