0.180125
0.19925
0.034792
0.040708
0.252041
0.045667
0.044666
0.047375
0.069
0.054083
0.064625
0.0485
0.126042
0.047666
0.142666
0.053625
0.089541
0.055291
0.116458
0.055875
0.077167
0.063208
0.11075
0.063
0.077667
0.071167
0.052125
0.06725
0.056375
0.052417
0.0615
0.053875
0.049791
0.052958
0.055709
0.1885
0.057292
0.060333
0.042083
0.0505
0.041333
0.049833
0.049791
0.051458
0.039791
0.047834
0.051666
0.052125
0.057083
0.05325
0.133292
0.046167
0.090458
0.052125
0.045417
0.050125
0.076333
0.057375
0.128959
0.074958
0.049
0.062416
0.096792
0.059209
0.187083
0.086375
0.063583
0.0805
0.132667
0.057291
0.098208
0.066833
0.055959
0.10875
0.122791
0.062958
0.168667
0.067083
0.05275
0.082583
0.087458
0.057625
0.092292
0.071625
0.056917
0.133584
0.066208
0.065958
0.212209
0.061334
0.065375
0.092541
0.078125
0.06325
0.079375
0.072208
0.048125
0.110167
0.068708
0.052625
0.151
0.046875
0.052417
0.08675
0.049834
0.055583
0.128417
0.060792
0.050666
0.06875
0.068208
0.06225
0.089459
0.075542
0.064291
0.0855
0.070167
0.04725
0.151125
0.066166
0.08025
0.056
0.062209
0.058459
0.052541
0.065625
0.057375
0.068417
0.1455
0.057834
0.058583
0.0685
0.048708
0.06325
0.080333
0.061
0.062667
0.057
0.04925
0.065708
0.081709
0.067042
0.065333
0.0745
0.053583
0.070417
0.086167
0.053542
0.064709
0.082167
0.106875
0.075834
0.07125
0.05525
0.190166
0.072166
0.055209
0.143
0.103584
0.060625
0.123375
0.097584
0.058375
0.071416
0.150333
0.10675
0.169208
0.073792
0.065292
0.191875
0.067042
0.054417
0.081167
0.070041
0.047583
0.102208
0.066875
0.068583
0.076
0.067917
0.048875
0.089959
0.059208
0.059542
0.087541
0.063292
0.058959
0.083084
0.065167
0.056583
0.080208
0.066333
0.062417
0.187583
0.072917
0.060875
0.133042
0.063333
0.074
0.124125
0.09475
0.056958
0.070792
0.06225
0.046375
0.101791
0.062834
0.07275
0.066916
0.050208
0.063584
0.073625
0.053125
0.0655
0.067292
0.124625
0.054875
0.113333
0.06025
0.062875
0.19475
0.070792
0.061834
0.149334
0.048292
0.066791
0.07175
0.059833
0.044375
0.084666
0.065084
0.071
0.059209
0.068791
0.055875
0.067958
0.054166
0.056375
0.077292
0.061792
0.054875
0.094709
0.053916
0.058583
0.058833
0.072541
0.055959
0.088166
0.073417
0.067542
0.06625
0.071333
0.083166
0.159959
0.058333
0.06425
0.082083
0.061167
0.129292
0.093125
0.092625
0.0775
0.077791
0.063292
0.050125
0.10625
0.0555
0.057375
0.113167
0.062208
0.048291
0.081333
0.081834
0.058583
0.09275
0.063
0.060458
0.101875
0.075792
0.056417
0.087833
0.056584
0.06525
0.096542
0.06325
0.06375
0.070875
0.057708
0.059208
0.100208
0.071208
0.067958
0.083208
0.070375
0.059875
0.079666
0.061875
0.052375
0.13025
0.067
0.046334
0.088625
0.067416
0.063167
0.096292
0.075667
0.130166
0.103625
0.081208
0.383083
0.093375
0.084209
0.05225
0.134167
0.067291
0.060584
0.125625
0.092833
0.045292
0.208667
0.041833
0.072916
0.13075
0.086708
0.071042
0.184458
0.082791
0.076791
0.123334
0.095
0.067916
0.115958
0.126291
0.062584
0.166625
0.072791
0.056167
0.112916
0.06825
0.065916
0.092
0.08575
0.056166
0.097875
0.061166
0.071042
0.105875
0.06925
0.044625
0.119958
0.064041
0.059875
0.099875
0.07425
0.061375
0.129417
0.056
0.063375
0.130834
0.059667
0.041166
0.088791
0.24875
0.087625
0.100458
0.061
0.058208
0.141
0.082375
0.064167
0.127292
0.071625
0.055208
0.116958
0.084542
0.064417
0.081334
0.088041
0.05075
0.148458
0.0625
0.089791
0.186291
0.080125
0.08625
0.121875
0.066917
0.054333
0.072167
0.068209
0.056666
0.1205
0.07325
0.062834
0.072125
0.057834
0.068541
0.111834
0.050375
0.05875
0.085334
0.060666
0.050542
0.071875
0.053917
0.052417
0.093917
0.179417
0.187959
0.159541
0.073708
0.044833
0.058833
0.047542
0.051458
0.082041
0.064209
0.065334
0.090708
0.078416
0.067875
0.119875
0.106666
0.10675
0.082834
0.07025
0.054167
0.078333
0.057334
0.061625
0.082416
0.05475
0.064
0.140458
0.064417
0.06825
0.12025
0.057333
0.056084
0.078542
0.074958
0.065833
0.076917
0.071167
0.0645
0.12675
0.110333
0.061208
0.091042
0.081791
0.077084
0.138708
0.100666
0.069667
0.214042
0.077125
0.064375
0.124291
0.098875
0.0705
0.059125
0.18325
0.049625
0.129958
0.115125
0.080917
0.068875
0.07325
0.100125
0.152125
0.075541
0.061208
0.111709
0.068458
0.063167
0.0685
0.058
0.051875
0.064584
0.063042
0.059084
0.067209
0.074041
0.065708
0.068667
0.072833
0.055083
0.098709
0.074375
0.057
0.074958
0.0655
0.060542
0.114459
0.065167
0.061792
0.082709
0.072167
0.060292
0.087292
0.088459
0.059042
0.07225
0.060917
0.067916
0.136375
0.15725
0.076666
0.071208
0.066375
0.09075
0.131875
0.065708
0.059958
0.073291
0.077917
0.05525
0.0645
0.049458
0.049208
0.075458
0.062292
0.057667
0.135166
0.071542
0.068041
0.076459
0.076416
0.06425
0.125333
0.084792
0.13175
0.095084
0.077709
0.078583
0.15075
0.076959
0.06425
0.061875
0.086375
0.068542
0.166875
0.069375
0.062125
0.062875
0.072666
0.072375
0.161958
0.06825
0.063
0.087
0.07475
0.057541
0.07725
0.08425
0.067708
0.086209
0.067625
0.054084
0.125708
0.200333
0.063875
0.097167
0.070833
0.07475
0.104084
0.077292
0.066458
0.0675
0.06775
0.075625
0.122084
0.081291
0.057416
0.07225
0.066916
0.059542
0.127458
0.064167
0.10775
0.076875
0.123625
0.051708
0.052417
0.05725
0.042458
0.094875
0.066708
0.064333
0.062041
0.054125
0.059583
0.074541
0.063375
0.067291
0.0655
0.064584
0.052667
0.094792
0.073042
0.062917
0.060708
0.081334
0.070958
0.103666
0.09675
0.06775
0.06775
0.076875
0.166041
0.156875
0.052791
0.074375
0.109834
0.064792
0.058541
0.077333
0.056417
0.055042
0.142875
0.068875
0.05375
0.078375
0.06625
0.07025
0.134833
0.054916
0.068416
0.073458
0.056333
0.049333
0.055458
0.063416
0.048
0.068166
0.058083
0.056292
0.063583
0.067167
0.05975
0.069708
0.072125
0.054958
0.065042
0.075542
0.048792
0.069625
0.065875
0.057167
0.063542
0.086083
0.061708
0.083541
0.068084
0.061875
0.093917
0.079083
0.058458
0.156667
0.0775
0.064834
0.110375
0.088542
0.073375
0.072666
0.082625
0.074333
0.061917
0.074958
0.055042
0.057334
0.052625
0.052458
0.087416
0.12675
0.063458
0.078959
0.121542
0.063917
0.078333
0.057209
0.070542
0.095166
0.063167
0.048792
0.055959
0.064667
0.048167
0.043625
0.040916
0.042542
0.044958
0.044083
0.051209
0.037917
0.043375
0.04125
0.05125
0.052875
0.046125
0.054917
0.0515
0.055292
0.052167
0.052292
0.06225
0.071375
0.069125
0.0525
0.122458
0.079166
0.055667
0.060708
0.080334
0.057
0.099334
0.071083
0.055291
0.068125
0.070542
0.061833
0.116417
0.067209
0.066417
0.088459
0.06675
0.056292
0.077291
0.069167
0.061125
0.078042
0.070833
0.055833
0.10025
0.068334
0.061208
0.1615
0.080833
0.094292
0.090917
0.061708
0.061208
0.060375
0.062584
0.05925
0.064042
0.071959
0.061209
0.065625
0.066916
0.059292
0.06425
0.072166
0.073708
0.063
0.076125
0.053666
0.061125
0.074
0.056709
0.062916
0.055041
0.054916
0.062333
0.065709
0.058334
0.06375
0.062625
0.055667
0.073083
0.071209
0.060958
0.063792
0.070625
0.067458
0.060209
0.060708
0.0655
0.059167
0.115292
0.053542
0.073166
0.05425
0.055666
0.062791
0.065833
0.052625
0.066709
0.066042
0.058542
0.075875
0.072958
0.063459
0.074375
0.07525
0.064083
0.283541
0.069292
0.065958
0.064959
0.065459
0.068167
0.102459
0.060958
0.055791
0.10525
0.088167
0.08025
0.111584
0.066583
0.054583
0.107416
0.059292
0.058834
0.116958
0.060791
0.057542
0.121792
0.059333
0.059208
0.070917
0.058291
0.055375
0.081458
0.058416
0.0685
0.068958
0.066791
0.055583
0.097416
0.071708
0.110542
0.2755
0.117583
0.076834
0.085917
0.075916
0.091333
0.064375
0.069
