0.049084
0.05975
0.018708
0.016792
0.028416
0.034875
0.01925
0.019334
0.053167
0.025083
0.026916
0.0445
0.021667
0.028834
0.026
0.021083
0.025041
0.028916
0.037041
0.026667
0.047
0.038541
0.034375
0.035625
0.0195
0.024125
0.057375
0.0265
0.02625
0.034833
0.029084
0.026666
0.035833
0.02425
0.038375
0.040333
0.029958
0.028708
0.049208
0.024166
0.021667
0.020875
0.020292
0.025083
0.031083
0.021625
0.025375
0.022917
0.028958
0.022291
0.018417
0.022166
0.020625
0.023625
0.021916
0.024125
0.034084
0.031667
0.039083
0.026875
0.027542
0.029125
0.033791
0.020291
0.02775
0.039042
0.030042
0.026625
0.029875
0.021917
0.02575
0.031167
0.026875
0.025958
0.030208
0.024708
0.02725
0.027083
0.017709
0.032
0.041083
0.021666
0.023167
0.030167
0.022292
0.032667
0.0315
0.027167
0.026209
0.035375
0.025084
0.029625
0.036125
0.025042
0.031
0.073125
0.028125
0.041166
0.053167
0.0255
0.025333
0.056667
0.024333
0.0325
0.046708
0.024209
0.032917
0.030917
0.024583
0.02875
0.044833
0.023083
0.025458
0.030084
0.019625
0.028208
0.027958
0.028125
0.028166
0.032
0.020791
0.039084
0.028292
0.021375
0.024208
0.029334
0.027875
0.031375
0.040125
0.025084
0.029292
0.0315
0.025375
0.024833
0.04075
0.027875
0.02525
0.053875
0.032166
0.033625
0.036125
0.032333
0.03425
0.042292
0.03125
0.028958
0.028625
0.024166
0.030625
0.040708
0.035666
0.027375
0.039458
0.021708
0.032875
0.046625
0.0295
0.02675
0.028042
0.02975
0.030209
0.050625
0.034167
0.02875
0.053792
0.034042
0.025459
0.037458
0.034583
0.028667
0.049208
0.029042
0.100583
0.047792
0.060292
0.028417
0.044292
0.026917
0.027291
0.032792
0.022
0.028708
0.03275
0.048417
0.029708
0.0625
0.026459
0.027542
0.030833
0.023167
0.034667
0.04025
0.024083
0.026042
0.0485
0.020125
0.0295
0.036042
0.026
0.023833
0.0295
0.020709
0.024291
0.030375
0.025209
0.026833
0.027209
0.028875
0.023375
0.063208
0.020584
0.02925
0.043291
0.023209
0.038083
0.044708
0.028541
0.027125
0.037042
0.034459
0.025917
0.046625
0.027625
0.030084
0.03475
0.0325
0.019583
0.078292
0.042459
0.031875
0.065625
0.024042
0.02425
0.037666
0.022167
0.026333
0.034292
0.025459
0.026292
0.034209
0.021417
0.037792
0.060333
0.024834
0.03575
0.023417
0.019334
0.027
0.025708
0.042375
0.021542
0.06125
0.022209
0.036666
0.031083
0.017541
0.01875
0.027583
0.018959
0.020833
0.023625
0.022375
0.018125
0.025875
0.017375
0.025541
0.02475
0.026625
0.018084
0.03175
0.022667
0.029125
0.025333
0.023458
0.019417
0.029083
0.01775
0.202458
0.024083
0.02225
0.020125
0.032083
0.017666
0.037875
0.024125
0.023792
0.019667
0.043417
0.023375
0.039625
0.027791
0.025917
0.028375
0.034125
0.026667
0.028541
0.034875
0.022
0.035542
0.035291
0.022959
0.028709
0.032417
0.025959
0.023041
0.030875
0.019958
0.028917
0.028042
0.025
0.028459
0.053667
0.020333
0.02525
0.02425
0.027375
0.030458
0.057042
0.020292
0.030833
0.046709
0.025334
0.026208
0.05325
0.022458
0.031958
0.058958
0.032
0.033083
0.061625
0.036208
0.04525
0.055458
0.029166
0.040916
0.11825
0.029292
0.03425
0.084042
0.027916
0.03025
0.04325
0.025833
0.024042
0.038958
0.061542
0.028166
0.031
0.025166
0.028417
0.037375
0.052125
0.0245
0.03075
0.020584
0.029
0.038458
0.04525
0.022917
0.026041
0.024916
0.026042
0.042125
0.024833
0.036875
0.026916
0.027834
0.019208
0.027083
0.052208
0.024625
0.076
0.038084
0.046167
0.078584
0.022958
0.049833
0.052125
0.021958
0.087583
0.127833
0.029875
0.060708
0.08175
0.026292
0.05475
0.054583
0.02175
0.060125
0.074458
0.028875
0.027209
0.038916
0.025625
0.024833
0.029541
0.020958
0.151833
0.04325
0.033209
0.024917
0.039375
0.024292
0.02275
0.02825
0.017625
0.035208
0.054458
0.042625
0.058292
0.047333
0.055625
0.022792
0.03475
0.035375
0.040041
0.026875
0.029209
0.031
0.041333
0.023583
0.030875
0.02725
0.021666
0.031458
0.043167
0.025125
0.036917
0.040625
0.033708
0.030875
0.061666
0.025417
0.023292
0.050875
0.025
0.036541
0.037958
0.023375
0.026459
0.055166
0.026042
0.022917
0.024542
0.030833
0.042083
0.103875
0.038541
0.030208
0.075375
0.029041
0.032958
0.054084
0.025958
0.02675
0.094625
0.027167
0.040833
0.043333
0.034417
0.028208
0.055167
0.018666
0.029
0.03975
0.028167
0.031083
0.030875
0.025417
0.031083
0.032959
0.031209
0.025084
0.034083
0.020208
0.028958
0.042459
0.026542
0.041667
0.032833
0.030292
0.021708
0.043042
0.020125
0.026375
0.081542
0.025208
0.024667
0.065666
0.021292
0.024167
0.0355
0.024208
0.031375
0.030625
0.027042
0.030042
0.033792
0.020083
0.024208
0.031208
0.0205
0.0265
0.028291
0.023458
0.02875
0.037291
0.030542
0.029083
0.041333
0.027833
0.034833
0.050709
0.029292
0.032333
0.028958
0.027708
0.030667
0.04175
0.028791
0.034208
0.036708
0.032042
0.035459
0.031125
0.040625
0.027917
0.040083
0.025416
0.030334
0.033708
0.031791
0.025416
0.030292
0.022167
0.0265
0.035333
0.032458
0.027875
0.027417
0.0245
0.024625
0.034
0.025375
0.029625
0.026042
0.026375
0.022
0.03575
0.031708
0.026125
0.028083
0.02725
0.024917
0.035209
0.029125
0.030833
0.030625
0.030208
0.033291
0.036875
0.039375
0.02425
0.036417
0.033667
0.033791
0.029
0.026375
0.02925
0.043
0.022167
0.032708
0.04475
0.019
0.0245
0.030584
0.01975
0.023875
0.037167
0.021833
0.022959
0.044375
0.026958
0.028291
0.0515
0.076916
0.021208
0.034666
0.020084
0.023791
0.0355
0.022334
0.022959
0.034167
0.024083
0.048708
0.037167
0.021667
0.024542
0.063166
0.049959
0.041458
0.035042
0.019875
0.026958
0.03925
0.017334
0.024208
0.03875
0.023
0.021625
0.03475
0.024125
0.028791
0.040667
0.022167
0.027541
0.043333
0.027833
0.027791
0.038375
0.0205
0.024042
0.047125
0.020958
0.031125
0.04325
0.025167
0.025125
0.052917
0.017542
0.026125
0.027375
0.024542
0.023375
0.052958
0.019625
0.031917
0.031875
0.024334
0.019125
0.048458
0.030667
0.022167
0.028084
0.019042
0.018084
0.031583
0.016917
0.021958
0.029625
0.019834
0.022292
0.040125
0.022167
0.026875
0.025667
0.028166
0.020959
0.039792
0.018666
0.0215
0.031667
0.025583
0.026334
0.047583
0.023209
0.021666
0.028458
0.031917
0.019709
0.053375
0.021041
0.033459
0.022792
0.03
0.041958
0.075625
0.022375
0.023458
0.028
0.029834
0.026459
0.039208
0.024542
0.028958
0.042625
0.023958
0.025291
0.03625
0.021667
0.027917
0.054917
0.019584
0.02375
0.032625
0.03475
0.026375
0.036834
0.033542
0.028125
0.03225
0.029625
0.024125
0.040709
0.035459
0.025375
0.032708
0.025708
0.027
0.039667
0.039334
0.0345
0.039708
0.046792
0.032458
0.030833
0.035
0.021792
0.023833
0.036833
0.036
0.038708
0.062375
0.032375
0.034125
0.053875
0.032834
0.026
0.045209
0.027666
0.034792
0.054375
0.02975
0.041
0.050666
0.031
0.030958
0.034833
0.025167
0.03425
0.027292
0.02675
0.031625
0.044708
0.025208
0.04025
0.065334
0.02475
0.032083
0.026834
0.029584
0.04025
0.052125
0.028042
0.028667
0.030833
0.017375
0.030083
0.02525
0.021459
0.023041
0.026416
0.021375
0.025125
0.026458
0.023
0.023542
0.032875
0.019125
0.025208
0.0335
0.02025
0.027875
0.02825
0.017917
0.024459
0.030666
0.021458
0.029666
0.038625
0.040417
0.032833
0.023834
0.019333
0.022083
0.02575
0.019792
0.025542
0.034542
0.026333
0.026458
0.0355
0.022292
0.026458
0.027959
0.020583
0.024666
0.03125
0.022
0.032833
0.03625
0.024833
0.022208
0.025417
0.023
0.031666
0.0315
0.023583
0.027625
0.02825
0.030917
0.034417
0.04825
0.025125
0.037292
0.032792
0.023042
0.041042
0.018459
0.014083
0.021
0.034042
0.017166
0.02725
0.021916
0.030667
0.02675
0.028166
0.024292
0.024833
0.024291
0.096416
0.07575
0.029958
0.091125
0.0705
0.034291
0.021416
0.07775
0.099208
