0.233792
0.130917
0.093875
0.10125
0.048875
0.050334
0.046208
0.045292
0.045458
0.045334
0.043958
0.1395
0.051958
0.123334
0.0555
0.043875
0.042625
0.041625
0.138375
0.355041
0.101834
0.186
0.092042
0.091334
0.040208
0.099625
0.146833
0.090042
0.166209
0.217833
0.046291
0.075625
0.048167
0.044958
0.040042
0.039792
0.042709
0.04025
0.038083
0.037792
0.03925
0.037958
0.038375
0.043833
0.038792
0.038209
0.037292
0.039958
0.038875
0.038875
0.040041
0.038875
0.074791
0.038875
0.039375
0.044417
0.038541
0.039666
0.0445
0.042542
0.040083
0.069417
0.037125
0.043208
0.040125
0.041083
0.044958
0.084708
0.044458
0.049458
0.037166
0.044417
0.04175
0.045791
0.03875
0.04625
0.038
0.062208
0.046667
0.038916
0.109041
0.040209
0.043709
0.0385
0.041542
0.043625
0.038125
0.04225
0.038125
0.037834
0.040791
0.039833
0.039166
0.04225
0.043583
0.040583
0.0405
0.040167
0.036584
0.043667
0.040542
0.041125
0.04425
0.048959
0.041333
0.038875
0.039125
0.043333
0.037584
0.040875
0.037958
0.038042
0.037416
0.038708
0.03875
0.038708
0.038833
0.087083
0.038125
0.037834
0.039042
0.092041
0.110875
0.037625
0.043125
0.040125
0.035958
0.037667
0.036042
0.0435
0.036375
0.037792
0.036333
0.038625
0.03625
0.037208
0.038875
0.044417
0.042042
0.041917
0.036917
0.036084
0.102208
0.038417
0.037083
0.161
0.046459
0.035625
0.037917
0.078667
0.041458
0.039459
0.071541
0.0395
0.039
0.037791
0.041958
0.046583
0.036416
0.041542
0.045458
0.039
0.042792
0.035792
0.036208
0.039125
0.0905
0.0355
0.042292
0.093959
0.03675
0.048042
0.038708
0.051584
0.038292
0.049
0.059
0.096583
0.042875
0.042208
0.044291
0.0445
0.037458
0.036083
0.040459
0.035709
0.036125
0.035125
0.037917
0.036416
0.035625
0.037583
0.042167
0.03775
0.036583
0.038833
0.041625
0.042292
0.042666
0.034584
0.044708
0.045542
0.036959
0.036833
0.037417
0.091291
0.0435
0.035833
0.037541
0.036542
0.040083
0.044709
0.037417
0.045
0.03975
0.036959
0.036708
0.036916
0.035792
0.036125
0.087334
0.043333
0.086292
0.03725
0.041834
0.038375
0.034542
0.035958
0.036208
0.035875
0.035583
0.036958
0.035834
0.039375
0.038917
0.039917
0.088542
0.062333
0.0365
0.035292
0.03675
0.038
0.094042
0.035375
0.035834
0.036875
0.041209
0.038208
0.0435
0.094458
0.104958
0.078208
0.046084
0.117292
0.039625
0.045416
0.050042
0.035208
0.035375
0.03725
0.037667
0.038041
0.116625
0.038625
0.129917
0.091
0.082208
0.037083
0.036708
0.035625
0.036667
0.036208
0.038916
0.036958
0.092791
0.100916
0.051792
0.088084
0.039792
0.044042
0.042083
0.101291
0.045417
0.110292
0.044583
0.129125
0.046292
0.102708
0.192792
0.046375
0.109125
0.046167
0.64225
0.101042
0.12625
0.115208
0.10475
0.050709
0.039125
0.129292
0.044042
0.086708
0.108541
0.1
0.045917
0.039375
0.0415
0.043542
0.100375
0.052084
0.040667
0.038791
0.048625
0.100875
0.09675
0.039167
0.11975
0.096833
0.040833
0.044166
0.036917
0.118458
0.041375
0.099042
0.10475
0.101542
0.051
0.089083
0.040875
0.11125
0.057333
0.041958
0.098917
0.130209
0.047833
0.146958
0.040542
0.040208
0.047125
0.128917
0.103541
0.093417
0.135042
0.121458
0.14275
0.13425
0.046167
0.130375
0.049041
0.041208
0.040667
0.0435
0.0805
0.040625
0.040334
0.079583
0.039334
0.040333
0.039375
0.050584
0.051666
0.042875
0.035708
0.038417
0.036291
0.0365
0.041125
0.03775
0.0415
0.039375
0.037917
0.038417
0.040916
0.042167
0.039125
0.044708
0.038792
0.039875
0.042833
0.042041
0.039791
0.039625
0.037542
0.0435
0.044834
0.042916
0.055333
0.090417
0.042
0.043458
0.037625
0.090792
0.038708
0.0635
0.038125
0.037625
0.037375
0.043041
0.039459
0.042708
0.038667
0.038166
0.040625
0.038375
0.067041
0.038917
0.046208
0.039667
0.039709
0.040958
0.04125
0.043125
0.066875
0.043
0.039292
0.044916
0.0405
0.038625
0.062709
0.127291
0.040042
0.045125
0.046667
0.038083
0.039167
0.036334
0.038292
0.048041
0.036833
0.037
0.039792
0.092041
0.041833
0.036667
0.056125
0.037375
0.038583
0.064583
0.045958
0.037167
0.035917
0.037834
0.039
0.040417
0.040792
0.035833
0.036292
0.038917
0.038042
0.039291
0.087542
0.054583
0.036791
0.036916
0.036375
0.037334
0.039416
0.04675
0.038083
0.03725
0.043084
0.054667
0.038209
0.041416
0.039583
0.038875
0.036459
0.037
0.039583
0.04725
0.036042
0.038625
0.067458
0.0365
0.040584
0.039833
0.039459
0.037709
0.036708
0.045541
0.097708
0.03625
0.040916
0.03925
0.038375
0.0435
0.039125
0.038334
0.038834
0.043958
0.110083
0.040125
0.059667
0.037209
0.044291
0.040875
0.04025
0.037334
0.055125
0.043
0.042083
0.038708
0.042834
0.036959
0.045417
0.040583
0.043417
0.037542
0.085542
0.042542
0.043416
0.041708
0.073917
0.035541
0.039417
0.038
0.038292
0.037084
0.03675
0.036958
0.041041
0.0465
0.044333
0.039833
0.037167
0.037666
0.037042
0.035834
0.041709
0.037208
0.036292
0.0385
0.038792
0.037875
0.040917
0.036792
0.041
0.046542
0.041375
0.0405
0.040042
0.041625
0.038
0.038
0.0435
0.036958
0.039375
0.036
0.038375
0.040375
0.041958
0.03525
0.042583
0.036
0.039
0.041875
0.048958
0.041208
0.045583
0.038417
0.046458
0.107667
0.043625
0.036292
0.040125
0.035542
0.042792
0.040083
0.043708
0.041958
0.115792
0.036958
0.0385
0.091166
0.04125
0.0885
0.039375
0.083958
0.0825
0.100084
0.042417
0.038833
0.042625
0.041459
0.043458
0.0395
0.039667
0.04975
0.040041
0.036292
0.040542
0.039459
0.040875
0.121333
0.043625
0.038083
0.042125
0.106292
0.100875
0.042125
0.040292
0.038541
0.102625
0.128
0.041083
0.041625
0.095292
0.102292
0.04075
0.113625
0.157458
0.039708
0.043291
0.042208
0.047625
0.102709
0.046416
0.041792
0.050042
0.037125
0.092416
0.03775
0.104167
0.038125
0.042541
0.03775
0.042083
0.039875
0.053416
0.043625
0.045291
0.038292
0.040958
0.040541
0.102625
0.039333
0.671167
0.04375
0.095959
0.116958
0.104083
0.093
0.146875
0.041333
0.115916
0.119792
0.043209
0.04
0.124458
0.03775
0.043
0.03925
0.040333
0.092459
0.043459
0.042458
0.039459
0.043708
0.038792
0.03975
0.043
0.038791
0.041084
0.0435
0.045208
0.047166
0.043375
0.04025
0.107333
0.039
0.039959
0.036916
0.046833
0.038042
0.042042
0.042167
0.039666
0.039209
0.038083
0.037583
0.040042
0.039417
0.038125
0.040875
0.041542
0.037458
0.041917
0.040458
0.048541
0.038125
0.044292
0.036833
0.041209
0.038917
0.044125
0.042208
0.041292
0.039
0.04075
0.045292
0.039125
0.039625
0.038959
0.044167
0.038167
0.041917
0.042
0.050334
0.040375
0.037667
0.079458
0.039
0.048458
0.092084
0.038375
0.042791
0.066875
0.037167
0.038333
0.040917
0.038709
0.04425
0.038209
0.040917
0.087625
0.039708
0.04825
0.036959
0.038
0.041875
0.03725
0.045459
0.042958
0.048333
0.042417
0.099458
0.043166
0.042
0.041542
0.041291
0.038292
0.036625
0.044
0.039083
0.040333
0.046583
0.038917
0.041125
0.039333
0.037875
0.040375
0.04275
0.039041
0.036875
0.071292
0.0395
0.03725
0.039417
0.037834
0.036917
0.035583
0.038209
0.039709
0.054583
0.040167
0.042875
0.052458
0.043667
0.043125
0.052292
0.039083
0.041083
0.037916
0.049625
0.048875
0.041
0.038167
0.050167
0.041417
0.04125
0.037833
0.040584
0.03775
0.0475
0.038333
0.040084
0.042417
0.037542
0.038042
0.042041
0.041083
0.04225
0.03825
0.037875
0.038333
0.045542
0.039958
0.040917
0.093375
0.116333
0.08825
0.041417
0.039
0.042042
0.03725
0.042791
0.043334
0.044083
0.035875
0.039666
0.045708
0.037458
0.041
0.040541
0.037791
0.038167
0.124167
1.03
0.046292
0.05175
0.039875
0.042709
0.038042
0.056875
0.040209
0.038208
0.038209
0.037625
0.042417
0.044
0.037084
0.041375
0.038667
0.040625
0.043292
0.040959
0.110958
0.095542
0.217916
0.138791
