0.056583
0.04975
0.012959
0.015625
0.016959
0.016542
0.020042
0.020875
0.025417
0.02925
0.02625
0.020959
0.028834
0.029916
0.02425
0.035833
0.035208
0.024334
0.028666
0.038291
0.024875
0.034
0.078334
0.107834
0.033083
0.040542
0.030541
0.0295
0.042625
0.031958
0.044333
0.039292
0.0315
0.044625
0.046
0.03025
0.030084
0.031375
0.029875
0.028333
0.06175
0.043708
0.035667
0.034792
0.024792
0.042042
0.04825
0.033417
0.02675
0.044583
0.024833
0.032917
0.03375
0.134708
0.040084
0.07575
0.11925
0.042125
0.054167
0.031042
0.028958
0.028417
0.02725
0.029916
0.061375
0.025542
0.030333
0.074041
0.044291
0.043709
0.059958
0.030417
0.026208
0.057083
0.019042
0.020083
0.02975
0.019084
0.025166
0.036542
0.023708
0.028
0.0265
0.026042
0.035291
0.02225
0.028458
0.034292
0.026875
0.025
0.03575
0.024916
0.032875
0.031666
0.029458
0.028458
0.036625
0.024458
0.029583
0.03325
0.025916
0.027875
0.031541
0.029375
0.03075
0.035167
0.039458
0.038583
0.03925
0.026709
0.028583
0.041083
0.030792
0.02725
0.025458
0.030041
0.028791
0.033833
0.027458
0.030208
0.031583
0.028292
0.032375
0.0325
0.030375
0.032458
0.039042
0.04075
0.027292
0.041208
0.025083
0.028792
0.037083
0.033375
0.027417
0.031958
0.032041
0.030416
0.027666
0.058125
0.027958
0.030416
0.038292
0.030166
0.064333
0.045459
0.079083
0.052541
0.075875
0.030708
0.039167
0.031875
0.027416
0.028625
0.025833
0.029667
0.019583
0.021458
0.023584
0.053292
0.02625
0.022375
0.02025
0.024667
0.017959
0.02025
0.019958
0.01875
0.019
0.019459
0.01775
0.022583
0.019917
0.018292
0.017583
0.022708
0.020083
0.017541
0.0205
0.019542
0.019292
0.018042
0.017375
0.017167
0.016834
0.020833
0.018209
0.020625
0.017583
0.019833
0.023167
0.022625
0.020542
0.020417
0.0185
0.016167
0.020458
0.020666
0.026625
0.016833
0.025291
0.015958
0.038833
0.025958
0.036833
0.041458
0.0245
0.035917
0.038167
0.032
0.031875
0.044583
0.0315
0.031084
0.025
0.04375
0.026958
0.037125
0.026625
0.029291
0.039208
0.026833
0.023292
0.02775
0.024208
0.041083
0.029
0.038958
0.031584
0.030208
0.080542
0.025292
0.025875
0.023542
0.025291
0.039417
0.033625
0.048791
0.05025
0.029708
0.029417
0.027625
0.031833
0.025875
0.026209
0.028167
0.028875
0.023709
0.0265
0.026208
0.021833
0.024041
0.020917
0.025875
0.020625
0.028792
0.027042
0.023
0.028291
0.028792
0.027708
0.035708
0.022083
0.028375
0.021375
0.025083
0.019666
0.026917
0.024167
0.023042
0.02075
0.027125
0.033958
0.019875
0.019875
0.0195
0.023375
0.017417
0.019708
0.018458
0.021333
0.023667
0.035541
0.062708
0.027167
0.027542
0.051125
0.028
0.030667
0.042334
0.027167
0.034167
0.046333
0.053834
0.023166
0.037542
0.044333
0.030125
0.024083
0.024584
0.028333
0.048041
0.023
0.027209
0.029958
0.041458
0.022417
0.026125
0.019792
0.02425
0.027584
0.018417
0.026375
0.020083
0.029416
0.034625
0.034917
0.035958
0.043959
0.031416
0.036625
0.030667
0.028292
0.033375
0.027584
0.026209
0.023917
0.029125
0.025875
0.029416
0.040375
0.064917
0.031042
0.0245
0.039167
0.02275
0.023541
0.021417
0.016042
0.018542
0.023625
0.025166
0.019583
0.022541
0.025041
0.021041
0.02425
0.027917
0.020375
0.019958
0.01675
0.022
0.020459
0.0205
0.01975
0.021292
0.030333
0.026791
0.020166
0.023375
0.021042
0.022375
0.020167
0.017958
0.020875
0.017875
0.017
0.027417
0.024209
0.028625
0.018084
0.016834
0.022875
0.018792
0.019083
0.017458
0.021125
0.02
0.021833
0.028084
0.02775
0.017291
0.019959
0.016041
0.015625
0.0175
0.014791
0.019042
0.017292
0.016125
0.021334
0.020292
0.017583
0.014333
0.016666
0.019375
0.01975
0.020708
0.017833
0.021209
0.0195
0.022042
0.021125
0.024625
0.019875
0.022667
0.023417
0.020125
0.021875
0.019333
0.025333
0.023083
0.013375
0.020666
0.021
0.022708
0.019375
0.01975
0.019459
0.019167
0.017333
0.017416
0.019
0.0185
0.019125
0.017958
0.018291
0.021542
0.022625
0.016167
0.016333
0.01725
0.013125
0.014292
0.023333
0.014959
0.028167
0.019916
0.021416
0.018666
0.020375
0.02425
0.024292
0.028625
0.018
0.026292
0.05125
0.029333
0.035084
0.025459
0.027583
0.023584
0.028417
0.033375
0.02925
0.039125
0.025
0.030542
0.02575
0.03375
0.027125
0.02875
0.027292
0.022833
0.029833
0.032166
0.029834
0.026
0.033625
0.026375
0.02675
0.025834
0.036083
0.028084
0.032458
0.029834
0.0285
0.027375
0.037709
0.029166
0.033208
0.039375
0.032458
0.03275
0.034958
0.029666
0.029833
0.039041
0.028375
0.034042
0.036958
0.0295
0.031833
0.049958
0.02375
0.039459
0.025958
0.027292
0.027459
0.032417
0.033792
0.030959
0.040209
0.027541
0.034709
0.054333
0.023958
0.030625
0.036625
0.034084
0.035333
0.034375
0.033542
0.0335
0.041
0.028416
0.035208
0.045458
0.0295
0.029709
0.025209
0.028667
0.037708
0.027917
0.0335
0.027375
0.052417
0.029375
0.023958
0.038542
0.040125
0.032708
0.049333
0.0265
0.035334
0.036084
0.020584
0.021
0.037667
0.030375
0.032792
0.028083
0.03
0.036625
0.031125
0.026292
0.028417
0.034584
0.03525
0.028583
0.055416
0.032042
0.027375
0.031834
0.027208
0.034916
0.035541
0.02525
0.035792
0.025833
0.026625
0.053167
0.023875
0.0215
0.034958
0.024125
0.028166
0.0295
0.026542
0.023458
0.033292
0.030583
0.027542
0.025792
0.023375
0.022875
0.023125
0.019291
0.02
0.0205
0.021291
0.030084
0.019834
0.025958
0.029167
0.061125
0.030583
0.038125
0.03175
0.027
0.028708
0.03625
0.030458
0.029625
0.035833
0.028542
0.033417
0.041292
0.0225
0.038042
0.031834
0.02325
0.021375
0.034833
0.02275
0.030791
0.038583
0.0275
0.032083
0.027709
0.0265
0.03075
0.023625
0.026916
0.023625
0.022834
0.024625
0.027083
0.022167
0.024083
0.027792
0.028625
0.023625
0.026583
0.025458
0.025333
0.029083
0.068375
0.029167
0.02325
0.031583
0.024083
0.033
0.021541
0.024709
0.018875
0.047084
0.027667
0.032334
0.029458
0.026458
0.031542
0.032209
0.0265
0.042125
0.026584
0.029375
0.021542
0.03675
0.027375
0.027584
0.034417
0.02925
0.031334
0.031084
0.021708
0.029041
0.026083
0.027792
0.044333
0.028709
0.025958
0.027959
0.027792
0.029375
0.022125
0.055333
0.022792
0.0205
0.023125
0.019667
0.020209
0.017208
0.015583
0.015958
0.015791
0.016208
0.014416
0.014333
0.014959
0.0155
0.017375
0.018375
0.015584
0.016375
0.015084
0.014625
0.013708
0.014625
0.020208
0.013542
0.016334
0.016458
0.014625
0.015833
0.015375
0.015834
0.020458
0.014625
0.024042
0.0145
0.015916
0.0145
0.014541
0.015083
0.019333
0.015041
0.016375
0.020834
0.0165
0.017542
0.017833
0.017791
0.016667
0.02075
0.019166
0.022584
0.021042
0.027042
0.023292
0.023
0.025958
0.019
0.021583
0.023583
0.022709
0.023167
0.019666
0.020542
0.019125
0.020458
0.021875
0.020875
0.018083
0.020292
0.038667
0.027333
0.019292
0.036042
0.024584
0.022166
0.019042
0.0135
0.01325
0.013708
0.01425
0.01375
0.013542
0.014583
0.018666
0.014416
0.014958
0.014375
0.014875
0.022
0.020292
0.019292
0.018792
0.017
0.019917
0.016459
0.016625
0.019792
0.019208
0.019459
0.022959
0.014541
0.015375
0.018375
0.013375
0.014167
0.015583
0.013833
0.016334
0.013458
0.018208
0.017083
0.013958
0.013083
0.0165
0.017958
0.023208
0.02525
0.026708
0.024
0.026209
0.021167
0.026709
0.021584
0.019875
0.022292
0.016917
0.022292
0.023333
0.020541
0.022083
0.019833
0.021292
0.019917
0.018708
0.020708
0.020958
0.018959
0.020667
0.022167
0.024833
0.046125
0.041166
0.021958
0.042958
0.031458
0.201208
0.039875
0.042833
0.036542
0.030125
0.025833
0.051334
0.020875
0.034333
0.032833
0.035667
0.047625
0.034625
0.046417
0.04275
0.047958
0.03025
0.040292
0.030416
0.033959
0.03825
0.036125
0.03125
