0.160917
0.111792
0.027709
0.101458
0.057916
0.070792
0.040541
0.032292
0.044
0.050042
0.050166
0.035667
0.084042
0.047792
0.073959
0.049084
0.041584
0.034375
0.051583
0.029625
0.034584
0.038917
0.032791
0.037291
0.046667
0.035125
0.032458
0.039041
0.030042
0.032583
0.046167
0.124792
0.061708
0.049833
0.044875
0.049125
0.074208
0.046417
0.041791
0.040917
0.041375
0.041958
0.060208
0.041334
0.10425
0.053875
0.047958
0.065958
0.04925
0.0555
0.039459
0.049667
0.036125
0.044208
0.034458
0.064875
0.044583
0.058834
0.03275
0.040625
0.042208
0.053708
0.030666
0.037083
0.0395
0.031583
0.043375
0.032292
0.037125
0.058
0.040333
0.0375
0.032959
0.066584
0.031625
0.033166
0.031583
0.061333
0.039125
0.027958
0.036917
0.064959
0.033458
0.032375
0.033708
0.035167
0.052125
0.049875
0.034834
0.049917
0.048208
0.042375
0.04975
0.035084
0.038792
0.08
0.042125
0.044917
0.031292
0.036958
0.033334
0.036167
0.030333
0.039208
0.035667
0.035542
0.042084
0.037541
0.033125
0.037875
0.037209
0.039625
0.04025
0.04225
0.033709
0.048417
0.0285
0.040459
0.038417
0.043875
0.047959
0.033208
0.048917
0.0805
0.064625
0.040208
0.066667
0.096042
0.044208
0.036
0.045125
0.042333
0.042833
0.042208
0.036625
0.034625
0.032958
0.035458
0.033958
0.042541
0.033709
0.039917
0.031584
0.037292
0.044334
0.049709
0.046375
0.045084
0.048167
0.051625
0.053542
0.055167
0.031416
0.035708
0.04375
0.039417
0.034708
0.042584
0.039667
0.035125
0.042375
0.039292
0.036792
0.039333
0.031666
0.033125
0.047084
0.044459
0.034375
0.043416
0.033166
0.04175
0.0345
0.038791
0.040791
0.036375
0.034291
0.031333
0.031583
0.053875
0.030584
0.041833
0.035833
0.0615
0.04325
0.037292
0.055333
0.038833
0.041708
0.0395
0.034917
0.034291
0.042959
0.031625
0.041458
0.055958
0.035
0.0375
0.0695
0.036125
0.03275
0.041291
0.03575
0.043709
0.033
0.063125
0.035042
0.032667
0.031458
0.040166
0.039333
0.034666
0.034625
0.034542
0.036041
0.033125
0.033541
0.037125
0.033666
0.085084
0.043583
0.036917
0.050917
0.063833
0.040708
0.037167
0.059375
0.034334
0.039709
0.03425
0.033291
0.046125
0.032417
0.036
0.03925
0.02925
0.037209
0.039625
0.034458
0.0315
0.03675
0.044375
0.040125
0.03725
0.046
0.039292
0.03225
0.033083
0.031833
0.032084
0.038708
0.047625
0.042791
0.044084
0.037375
0.031042
0.030875
0.034375
0.039708
0.048292
0.042625
0.033375
0.037166
0.047042
0.030834
0.042666
0.040666
0.032083
0.029334
0.033083
0.053958
0.041791
0.029959
0.036292
0.031417
0.053042
0.046166
0.068667
0.030125
0.07725
0.033208
0.057083
0.049792
0.128792
0.060125
0.112709
0.057959
0.05225
0.037083
0.079791
0.046708
0.049167
0.04125
0.034708
0.034917
0.038667
0.045375
0.0445
0.054334
0.047375
0.038
0.034875
0.0375
0.038833
0.031375
0.051458
0.033208
0.042
0.034417
0.043792
0.031125
0.043917
0.039708
0.060708
0.046875
0.041333
0.03925
0.043875
0.051292
0.038875
0.043792
0.040083
0.055625
0.048083
0.036958
0.034083
0.035084
0.049084
0.041584
0.048958
0.041541
0.102042
0.058583
0.069292
0.041375
0.039875
0.038708
0.04475
0.036
0.057084
0.0415
0.058167
0.03475
0.045542
0.035083
0.04175
0.100833
0.033333
0.0355
0.064875
0.0335
0.032708
0.031792
0.038667
0.051167
0.040166
0.03825
0.034792
0.033833
0.038916
0.0325
0.040084
0.036542
0.045083
0.048458
0.039542
0.042625
0.056458
0.036958
0.092666
0.033208
0.040417
0.034
0.053833
0.045584
0.045875
0.039542
0.041417
0.046083
0.043959
0.037208
0.052958
0.055709
0.040292
0.041625
0.040875
0.033958
0.035542
0.03375
0.054792
0.035375
0.037583
0.033792
0.052792
0.045834
0.037708
0.036084
0.032458
0.048375
0.049
0.031708
0.039125
0.038083
0.036083
0.035583
0.068084
0.045875
0.03375
0.037042
0.066791
0.033417
0.0505
0.035625
0.034292
0.038917
0.036542
0.036666
0.033084
0.0295
0.034167
0.032791
0.039334
0.044334
0.044167
0.031875
0.044459
0.034667
0.032584
0.032
0.032291
0.035
0.030583
0.037584
0.034792
0.034875
0.053333
0.03075
0.036083
0.035083
0.0465
0.036333
0.034375
0.048208
0.032166
0.035666
0.042209
0.036042
0.034708
0.045667
0.038042
0.034292
0.041416
0.035167
0.037125
0.046417
0.057041
0.038416
0.046084
0.034541
0.033333
0.044792
0.040875
0.031834
0.071833
0.034
0.035541
0.049791
0.04425
0.037875
0.044334
0.03675
0.053334
0.057708
0.036917
0.041625
0.033834
0.032291
0.033709
0.039041
0.032666
0.043375
0.063209
0.05875
0.053417
0.061875
0.037959
0.048541
0.049916
0.031667
0.034959
0.071292
0.035792
0.037833
0.04875
0.03375
0.033125
0.054167
0.039583
0.043125
0.038084
0.050042
0.032458
0.04275
0.044292
0.033416
0.078459
0.041958
0.03575
0.04675
0.039042
0.0465
0.058
0.040167
0.049916
0.030375
0.050458
0.036125
0.047333
0.033042
0.042833
0.035084
0.042542
0.031708
0.038417
0.037458
0.0375
0.035583
0.037083
0.031791
0.03875
0.033375
0.036625
0.036792
0.03525
0.033792
0.039041
0.0295
0.038375
0.028708
0.031167
0.037667
0.038709
0.031583
0.047
0.033583
0.034125
0.029541
0.038958
0.09
0.047542
0.031708
0.043083
0.040792
0.041958
0.03275
0.04475
0.045708
0.047208
0.044292
0.037458
0.040583
0.065416
0.035375
0.0355
0.04575
0.032083
0.031709
0.047958
0.042083
0.034042
0.043958
0.049208
0.040167
0.04075
0.034791
0.0445
0.034375
0.032917
0.045458
0.030042
0.032042
0.040709
0.033417
0.035583
0.044958
0.072917
0.054875
0.0345
0.051334
0.033333
0.048375
0.045708
0.037417
0.040791
0.038084
0.029375
0.03325
0.042375
0.031
0.035709
0.043875
0.031375
0.060416
0.040791
0.049208
0.035958
0.096583
0.037125
0.036958
0.039083
0.029375
0.036
0.055625
0.039625
0.061333
0.047833
0.040459
0.035625
0.035708
0.03875
0.033292
0.031792
0.037958
0.038417
0.0415
0.034292
0.048583
0.051666
0.031834
0.03525
0.042416
0.03025
0.043459
0.043875
0.031334
0.040292
0.058166
0.036041
0.035958
0.0335
0.03525
0.035625
0.030459
0.03025
0.052542
0.034541
0.0325
0.03975
0.045875
0.034125
0.036833
0.031166
0.042292
0.044834
0.107042
0.046292
0.043792
0.035583
0.065375
0.091458
0.0515
0.051
0.048916
0.049
0.06725
0.031
0.032625
0.030333
0.034084
0.055041
0.039917
0.050167
0.048667
0.054458
0.057834
0.048208
0.046542
0.035208
0.0605
0.036541
0.047958
0.0345
0.056708
0.044875
0.046959
0.03725
0.064875
0.063542
0.044917
0.045625
0.08625
0.045417
0.067792
0.056625
0.059541
0.059667
0.092
0.052667
0.046041
0.043417
0.037
0.054
0.059583
0.052792
0.071125
0.045584
0.035708
0.053375
0.045375
0.053042
0.033333
0.051583
0.064958
0.054583
0.059708
0.0355
0.068875
0.04525
0.043792
0.029375
0.049709
0.029292
0.031292
0.047375
0.047667
0.034292
0.032416
0.035625
0.041375
0.043542
0.037209
0.037625
0.033709
0.03525
0.045917
0.029792
0.030666
0.029791
0.032584
0.034792
0.032958
0.029584
0.044417
0.036584
0.041667
0.033875
0.030833
0.044458
0.034042
0.041042
0.0375
0.03425
0.030458
0.029834
0.034334
0.030208
0.07175
0.033291
0.040125
0.040791
0.036
0.047167
0.03175
0.032917
0.034166
0.03075
0.037083
0.04275
0.046208
0.044125
0.046125
0.0455
0.04475
0.039792
0.042083
0.033417
0.042583
0.044166
0.055292
0.045208
0.050667
0.078542
0.064
0.077291
0.069417
0.062417
0.0735
0.0425
0.056459
0.059458
0.060542
0.062375
0.084833
0.076292
0.038792
0.081791
0.055042
0.057333
0.066958
0.0515
0.068166
0.053417
0.0555
0.057958
0.051875
0.055875
0.061375
0.063708
0.059542
0.055542
0.066583
0.065625
0.093917
0.084416
0.066416
0.039667
0.126917
0.087833
0.053375
0.053833
0.059792
0.069833
0.050833
0.134542
0.052417
0.041916
0.183334
0.109041
0.072625
0.035541
0.053834
0.048709
0.061
0.116417
