0.104958
0.140625
0.061041
0.062417
0.029375
0.029083
0.042916
0.035583
0.028583
0.036834
0.030166
0.028917
0.036709
0.03825
0.044875
0.074875
0.035333
0.033208
0.032417
0.030208
0.038541
0.037
0.02475
0.040125
0.032833
0.029958
0.025292
0.038125
0.034
0.037833
0.033708
0.038666
0.029959
0.0315
0.0295
0.030209
0.028666
0.030375
0.028
0.044875
0.035209
0.0485
0.042583
0.030709
0.034875
0.031083
0.030125
0.039375
0.036459
0.034208
0.029709
0.04075
0.027
0.027
0.027666
0.025625
0.027625
0.03025
0.029208
0.032958
0.029708
0.034042
0.028709
0.0345
0.039834
0.035542
0.038708
0.034959
0.029916
0.036459
0.028792
0.028625
0.039291
0.041042
0.0365
0.031833
0.041625
0.040667
0.029125
0.041
0.030125
0.034875
0.0285
0.029875
0.099917
0.119459
0.03625
0.061875
0.028583
0.042958
0.04325
0.032167
0.031875
0.027166
0.027583
0.034666
0.054833
0.026875
0.025791
0.030334
0.034875
0.0345
0.034375
0.033292
0.027916
0.030792
0.029917
0.038375
0.027416
0.027667
0.029083
0.030084
0.029042
0.031625
0.032791
0.031083
0.035167
0.032167
0.031125
0.034459
0.027333
0.038125
0.038208
0.027667
0.027958
0.02975
0.025583
0.029292
0.033875
0.031042
0.027875
0.030292
0.034167
0.02925
0.027625
0.025166
0.028167
0.029208
0.031209
0.03
0.031417
0.031209
0.032417
0.035875
0.035167
0.031875
0.032125
0.025042
0.022958
0.028917
0.025792
0.025542
0.02625
0.03
0.029083
0.026375
0.027875
0.029
0.034375
0.031834
0.025417
0.026541
0.031292
0.02675
0.027333
0.0265
0.0255
0.027541
0.026417
0.025625
0.028375
0.032041
0.0265
0.02375
0.030291
0.029
0.025167
0.028291
0.034542
0.034958
0.035
0.03025
0.029916
0.025208
0.031708
0.0275
0.030917
0.02925
0.032542
0.036083
0.0335
0.032334
0.03125
0.032458
0.030917
0.028875
0.030083
0.02775
0.02275
0.036
0.027334
0.02375
0.022917
0.025459
0.032417
0.027208
0.027834
0.029
0.024875
0.025083
0.023667
0.026042
0.02825
0.032375
0.0315
0.035917
0.031
0.031958
0.027917
0.028459
0.031791
0.026958
0.027042
0.028334
0.026625
0.034209
0.024708
0.029333
0.022959
0.024708
0.027
0.028458
0.029167
0.02875
0.02575
0.030542
0.025625
0.023375
0.025042
0.025708
0.025166
0.0235
0.024459
0.030417
0.029292
0.030583
0.028125
0.023042
0.030334
0.031125
0.02825
0.035
0.029416
0.032334
0.027583
0.027125
0.0295
0.030375
0.039125
0.027542
0.028
0.026042
0.022833
0.025084
0.030584
0.036875
0.022167
0.023417
0.026583
0.028833
0.021584
0.02425
0.028959
0.02325
0.022666
0.024167
0.024083
0.028166
0.025792
0.024
0.027458
0.031
0.025292
0.028875
0.030583
0.027083
0.028083
0.047167
0.027083
0.027875
0.03575
0.046833
0.031875
0.029
0.040083
0.038833
0.046375
0.035083
0.03925
0.025416
0.031167
0.029708
0.028
0.025166
0.023875
0.028
0.027459
0.03225
0.024375
0.026542
0.027584
0.029833
0.022667
0.023667
0.025416
0.022041
0.022208
0.030958
0.023875
0.024042
0.024917
0.020333
0.021417
0.023375
0.029167
0.022583
0.026416
0.021916
0.023875
0.024125
0.021667
0.027041
0.031167
0.030333
0.029708
0.030875
0.023292
0.023292
0.026125
0.023333
0.029333
0.028084
0.0275
0.032
0.031375
0.025875
0.028291
0.033916
0.023833
0.022208
0.026208
0.022542
0.02275
0.024708
0.026541
0.026083
0.025334
0.024375
0.032708
0.025958
0.022709
0.022541
0.026208
0.0215
0.024291
0.022333
0.028709
0.026333
0.030708
0.035417
0.030917
0.033166
0.023667
0.025917
0.026042
0.023125
0.024167
0.032041
0.024375
0.0245
0.030417
0.035542
0.02975
0.026625
0.025458
0.033166
0.027333
0.02675
0.030084
0.021459
0.027
0.027167
0.027458
0.02175
0.023708
0.025792
0.024917
0.0225
0.0255
0.030041
0.026042
0.029
0.026834
0.034334
0.02475
0.029792
0.030458
0.030166
0.029834
0.02475
0.027625
0.0235
0.029208
0.026958
0.028125
0.03225
0.029833
0.034834
0.031334
0.031708
0.02375
0.03175
0.030833
0.023959
0.02275
0.022625
0.026542
0.034875
0.02625
0.022
0.027167
0.026167
0.032959
0.030167
0.02125
0.027667
0.023
0.027833
0.025708
0.024625
0.026292
0.038709
0.028375
0.026584
0.030292
0.03375
0.030791
0.0335
0.029875
0.03325
0.025167
0.033125
0.02375
0.030375
0.020667
0.029
0.024208
0.021708
0.026
0.024083
0.032208
0.023625
0.025375
0.025667
0.0245
0.024042
0.028666
0.029625
0.024416
0.030417
0.021542
0.022041
0.023209
0.022291
0.02425
0.029833
0.022417
0.023459
0.026583
0.0325
0.030416
0.029084
0.036625
0.024875
0.024333
0.025792
0.026125
0.026084
0.024292
0.036291
0.028583
0.02625
0.021709
0.02375
0.02275
0.02425
0.0285
0.03025
0.025208
0.029625
0.031667
0.036708
0.022125
0.023208
0.025292
0.028875
0.024667
0.021584
0.02275
0.027417
0.025625
0.024125
0.030166
0.033458
0.025625
0.032583
0.033167
0.03075
0.032417
0.025833
0.029125
0.023375
0.028625
0.027375
0.029959
0.036167
0.026917
0.028834
0.024667
0.02525
0.025541
0.022416
0.023292
0.024167
0.033667
0.033208
0.026458
0.021375
0.031542
0.038375
0.035125
0.152958
0.06725
0.0765
0.033417
0.037667
0.031125
0.030042
0.029333
0.025833
0.031333
0.02925
0.032292
0.033625
0.032333
0.030666
0.026416
0.03075
0.023459
0.029209
0.035125
0.035209
0.051666
0.163708
0.032583
0.030917
0.030584
0.023833
0.033041
0.026084
0.034083
0.025625
0.032041
0.0265
0.029042
0.026458
0.028875
0.0295
0.029583
0.028125
0.03
0.027625
0.034
0.032166
0.031125
0.023083
0.027625
0.027583
0.03725
0.031458
0.032
0.033042
0.029792
0.031458
0.033709
0.030708
0.027
0.024458
0.046458
0.024584
0.025042
0.026708
0.024625
0.023958
0.037833
0.028042
0.081209
0.071959
0.041584
0.036292
0.032667
0.032625
0.03625
0.032333
0.034792
0.041459
0.036958
0.058041
0.036416
0.044208
0.080416
0.02575
0.032541
0.02375
0.034875
0.036458
0.033709
0.035958
0.042542
0.042125
0.035833
0.032958
0.036
0.030375
0.033833
0.032042
0.034416
0.026041
0.035042
0.032292
0.03625
0.026875
0.03375
0.029833
0.026375
0.021875
0.029709
0.031125
0.036792
0.025417
0.031834
0.023916
0.028333
0.024291
0.0375
0.028375
0.03125
0.035208
0.035167
0.026709
0.030417
0.029875
0.036
0.0305
0.032958
0.028042
0.026208
0.03175
0.028875
0.028542
0.032792
0.028291
0.058292
0.029333
0.038458
0.027166
0.032083
0.035125
0.033625
0.028292
0.034334
0.022625
0.0295
0.025875
0.023667
0.027584
0.029791
0.023708
0.023917
0.029583
0.026917
0.029667
0.034292
0.035833
0.033792
0.047708
0.071417
0.064875
0.032375
0.029708
0.035084
0.033166
0.033125
0.033292
0.034709
0.031667
0.033708
0.035041
0.030625
0.02975
0.032167
0.034459
0.031208
0.027625
0.028125
0.029708
0.037916
0.033958
0.031167
0.030417
0.034041
0.030083
0.030625
0.028791
0.032417
0.028625
0.032125
0.023459
0.039916
0.026541
0.02975
0.021333
0.028583
0.027834
0.036292
0.029333
0.029708
0.02925
0.033125
0.030083
0.030917
0.032083
0.030292
0.0265
0.035833
0.031042
0.038542
0.034708
0.032917
0.028792
0.029417
0.026042
0.029875
0.022209
0.026041
0.026166
0.034875
0.031209
0.031875
0.062083
0.0275
0.02775
0.028125
0.028166
0.037375
0.036667
0.032084
0.049542
0.0345
0.066291
0.029334
0.032625
0.032625
0.0305
0.05275
0.031
0.050709
0.037917
0.032125
0.035833
0.035458
0.033459
0.038042
0.044666
0.066458
0.058667
0.053333
0.035042
0.216833
0.040583
0.073
0.081458
0.045583
0.070209
0.038375
0.075625
0.046666
0.079708
0.099334
0.070667
0.080334
0.057875
0.043459
0.063417
0.06075
0.056459
0.102333
0.052208
0.077292
0.10475
0.048417
0.060083
0.048416
0.074583
0.063167
0.062333
0.050666
0.055083
0.042375
0.044541
0.042292
0.045584
0.033417
0.059709
0.071625
0.068708
0.066542
0.11675
0.062209
0.064041
0.069
0.147834
0.071708
0.072083
