0.3825
0.399916
0.608833
0.22775
0.097125
0.087792
0.095084
0.089042
0.203042
0.101541
0.096917
0.098708
0.089167
0.092916
0.09625
0.085667
0.1035
0.092417
0.152083
0.094666
0.095584
0.111583
0.087084
0.097375
0.091375
0.085333
0.095
0.152875
0.089458
0.101541
0.093208
0.088542
0.0965
0.139125
0.092
0.097417
0.153583
0.091292
0.095917
0.170125
0.101916
0.088125
0.091542
0.09375
0.156166
0.084458
0.084917
0.1
0.1695
0.078125
0.095041
0.085708
0.092917
0.086125
0.092875
0.088709
0.159375
0.079833
0.087958
0.096209
0.098416
0.08975
0.100292
0.166167
0.187167
0.186875
0.092083
0.092875
0.152709
0.08925
0.099417
0.092458
0.100125
0.091834
0.140125
0.090458
0.167875
0.093542
0.091583
0.090209
0.092625
0.088166
0.09075
0.092875
0.107459
0.096042
0.097709
0.09225
0.096417
0.102875
0.09075
0.094
0.0905
0.090417
0.095
0.087125
0.08725
0.10175
0.084375
0.097125
0.097667
0.093
0.094458
0.091541
0.101042
0.096042
0.085458
0.089625
0.102625
0.090084
0.104416
0.14975
0.093833
0.082917
0.091625
0.168584
0.099708
0.085625
0.101792
0.091792
0.163041
0.083542
0.087709
0.082541
0.092
0.088416
0.100541
0.087125
0.098833
0.201417
0.096833
0.088958
0.089375
0.090167
0.096375
0.092083
0.094958
0.086791
0.156208
0.095291
0.09175
0.085083
0.095583
0.090917
0.165833
0.09825
0.096291
0.103375
0.146666
0.090333
0.096583
0.08875
0.091917
0.091917
0.093584
0.10075
0.102083
0.107208
0.168
0.099041
0.168584
0.105333
0.098667
0.096458
0.096708
0.103083
0.134583
0.105208
0.154208
0.127584
0.093125
0.131125
0.120417
0.120417
15.0384
0.21
0.124584
0.114917
0.102
0.148125
0.099375
0.099041
0.09675
0.099084
0.151625
0.156667
0.097292
0.100791
0.102875
0.093625
0.125875
0.089875
0.127334
0.0935
0.134167
0.096584
0.082917
0.085208
0.103792
0.092042
0.097792
0.0965
0.095083
0.094666
0.097167
0.101125
0.09925
0.096792
0.110083
0.100459
0.106375
0.092791
0.085958
0.105375
0.097375
0.091666
0.088708
0.08025
0.090875
0.097542
0.091833
0.083667
0.093708
0.08375
0.08725
0.09875
0.108584
0.087375
0.098084
0.084709
0.110709
0.086125
0.09975
0.095125
0.137166
0.115042
0.115917
0.097875
0.094666
0.089458
0.094333
0.098292
0.08575
0.102416
0.081917
0.09575
0.0965
0.087458
0.097208
0.093208
0.089333
0.097667
0.088958
0.095917
0.092583
0.094
0.090875
0.098083
0.117042
0.100625
0.09025
0.095416
0.095
0.091625
0.109
0.101333
0.107709
0.096917
0.103083
0.096791
0.104834
0.099917
0.0965
0.094333
0.1045
0.08775
0.104042
0.087875
0.099208
0.098667
0.094292
0.090208
0.092709
0.097125
0.083333
0.103625
0.09
0.096834
0.089042
0.08275
0.094417
0.095209
0.089375
0.086042
0.130542
0.100042
0.088375
0.105125
0.113709
0.092958
0.108625
0.099208
0.09125
0.098584
0.1125
0.080958
0.093
0.092125
0.093542
0.094708
0.092917
0.098084
0.108667
0.088541
0.094208
0.088542
0.086
0.090083
0.09175
0.091375
0.109333
0.098333
0.097208
0.087125
0.093583
0.085958
0.112
0.098333
0.096167
0.102041
0.094208
0.091125
0.111209
0.094583
0.10525
0.095542
0.093584
0.11325
0.101625
0.094334
0.095666
0.102375
0.1025
0.109084
0.107542
0.096375
0.178208
0.094542
0.120041
0.099875
0.105375
0.092125
0.095792
0.0895
0.095833
0.090792
0.102
0.1125
0.119292
0.090167
0.105583
0.084875
0.090916
0.100917
0.114084
0.096
0.101416
0.091958
0.117875
0.101834
0.100667
0.09
0.10975
0.095542
0.10275
0.097
0.105708
0.096
0.097542
0.088917
0.084875
0.100709
0.089875
0.095584
0.111375
0.096125
0.094208
0.102292
0.111625
0.096083
0.091125
0.087792
0.099166
0.098125
0.085833
0.089958
0.098208
0.098166
0.100583
0.089416
0.091333
0.09125
0.096166
0.083084
0.114583
0.087292
0.099917
0.088542
0.129791
0.090417
0.088416
0.089917
0.102041
0.096584
0.095667
0.088625
0.106166
0.087042
0.177375
0.10125
0.108333
0.112625
0.093458
0.099708
0.093
0.090875
0.095459
0.092125
0.099584
0.096916
0.121917
0.10175
0.105042
0.096875
0.095542
0.098708
0.107167
0.100459
0.099334
0.087667
0.1175
0.091
0.141166
0.092542
0.099167
0.088083
0.094333
0.09225
0.096042
0.106583
0.1075
0.0915
0.100125
0.088584
0.09925
0.104333
0.093916
0.093167
0.127167
0.101125
0.105166
0.08825
0.110167
0.08275
0.098667
0.085625
0.097167
0.121541
0.098208
0.096
0.097292
0.091333
0.09625
0.093291
0.094334
0.094417
0.106959
0.209042
0.244917
0.116916
0.121875
0.101292
0.092208
0.100958
0.1885
0.093708
0.146584
0.093166
0.121292
0.111125
0.08325
0.079
0.076292
0.087792
0.09075
0.09575
0.093625
0.088
0.087542
0.081334
0.077459
0.084916
0.079667
0.07975
0.089125
0.080792
0.08475
0.080375
0.080834
0.084209
0.093167
0.079709
0.080542
0.08575
0.086959
0.076125
0.078458
0.081709
0.08175
0.079625
0.084917
0.081541
0.079
0.078625
0.087041
0.082083
0.081292
0.086792
0.092417
0.085125
0.088875
0.079709
0.085125
0.0805
0.084458
0.085208
0.083625
0.078625
0.082083
0.087333
0.107458
0.091166
0.089958
0.078792
0.086375
0.074959
0.082875
0.076333
0.077791
0.081625
0.085666
0.082666
0.082
0.08025
0.084125
0.077209
0.078542
0.078167
0.078667
0.080958
0.086334
0.081375
0.085375
0.08075
0.082333
0.097042
0.085792
0.081917
0.084958
0.0915
0.085625
0.107042
0.094083
0.077125
0.093708
0.083417
0.089083
0.090458
0.108375
0.077958
0.085583
0.087583
0.086959
0.084791
0.084833
0.083917
0.091875
0.087292
0.080042
0.084917
0.0825
0.084416
0.08075
0.080584
0.079666
0.088625
0.083958
0.089459
0.092542
0.083709
0.092916
0.116542
0.098708
0.094209
0.098083
0.093625
0.103
0.103875
0.08825
0.085166
0.094125
0.104291
0.087167
0.078875
0.093042
0.0865
0.086792
0.100125
0.110875
0.079959
0.082333
0.097
0.080625
0.082125
0.087541
0.08375
0.082416
0.082125
0.082084
0.081584
0.112542
0.146167
0.090375
0.077208
0.078417
0.081
0.077292
0.079542
0.078666
0.094416
0.085583
0.094875
0.101667
0.086
0.102583
0.084375
0.091083
0.090875
0.091125
0.086875
0.091375
0.101833
0.098208
0.096584
0.118083
0.095125
0.116375
0.179167
0.097583
0.095
0.093708
0.107209
0.098542
0.112792
0.101375
0.107042
0.096125
0.097875
0.144209
0.146916
0.136209
0.116625
0.125083
0.106167
0.111667
0.094084
0.10175
0.107083
0.114875
0.093917
0.094875
0.105875
0.091875
0.093709
0.091375
0.084834
0.104166
0.103167
0.123959
0.137125
0.150709
0.118042
0.138
0.123875
0.109209
0.088875
0.094041
0.091916
0.102625
0.101125
0.095167
0.090125
0.120833
0.095208
0.107458
0.092542
0.090958
0.093458
0.093083
0.10125
0.106458
0.106125
0.1175
0.109916
0.131334
0.088625
0.111875
0.103416
0.104792
0.127666
0.157958
0.105833
0.277125
0.14825
0.133291
0.117167
0.148708
0.108916
0.111541
0.112167
0.10975
0.113375
0.112584
0.092166
0.103333
0.135
0.097459
0.098083
0.103833
0.099041
0.106791
0.113792
0.099667
0.118375
0.12875
0.11175
0.130709
0.106375
0.172542
0.131792
0.12275
0.10825
0.106542
0.108416
0.102833
0.104041
0.108583
0.098042
0.128167
0.134792
0.144458
0.13275
0.17875
0.133375
0.147167
0.136083
0.272916
0.134083
0.186583
0.121917
0.138584
0.1965
0.140125
0.130833
0.134542
0.145833
0.160958
0.155958
0.151292
0.320208
0.27025
0.239833
0.361416
0.145792
0.117375
0.145042
0.206583
0.172334
0.138042
0.159666
0.146708
0.2685
0.26225
0.529625
0.157542
0.382917
0.139458
0.391375
0.226458
0.131209
0.25375
0.194167
0.125416
0.120375
0.238333
0.122625
0.241625
0.159542
0.388167
0.233042
0.452084
0.114458
0.1315
0.126042
0.129125
0.136167
0.13175
0.102875
0.119917
0.1075
0.174167
0.098125
0.09725
0.129959
0.3245
0.111958
0.120541
0.100333
0.092958
0.106208
0.1265
0.100083
0.092458
0.119791
0.104209
