0.231792
0.213292
0.080125
0.038959
0.037167
0.048375
0.0385
0.038583
0.036667
0.037875
0.039125
0.082209
0.068833
0.04475
0.041292
0.041375
0.037667
0.036792
0.311542
0.038125
0.037125
0.134916
0.038917
0.0385
0.039125
0.03975
0.037292
0.139292
0.045125
0.229541
0.06775
0.042959
0.087542
0.03675
0.039875
0.104667
0.115375
0.03975
0.052875
0.044375
0.056125
0.042209
0.055
0.037875
0.045791
0.039958
0.035334
0.0965
0.040833
0.038959
0.069125
0.039709
0.108792
0.042334
0.119917
0.037917
0.038584
0.043083
0.047958
0.0775
0.049375
0.081875
0.069
0.0625
0.047583
0.052125
0.046875
0.054959
0.054458
0.047375
0.047291
0.056583
0.055667
0.171375
0.142083
0.055334
0.092042
0.353958
0.045083
0.076542
0.065875
0.264875
0.047917
0.041916
0.04675
0.053583
0.07925
0.054042
0.043917
0.046083
0.043875
0.051416
0.04125
0.041416
0.041375
0.109083
0.041084
0.053125
0.054084
0.04675
0.042584
0.055667
0.053875
0.045167
0.044875
0.0415
0.040416
0.065584
0.168541
0.074709
0.264542
0.041333
0.10575
1.40804
0.503125
0.052833
0.049083
0.047166
0.057541
0.046625
0.045083
0.05025
0.053083
0.04075
0.050083
0.051708
0.042167
0.049084
0.064125
0.055333
0.208625
0.146708
2.76225
0.04325
0.042041
0.043208
0.057167
0.137584
0.051834
0.049291
0.044583
0.045875
0.043084
0.039
0.040583
0.04075
0.038667
0.039875
0.046833
0.044416
0.042375
0.04425
0.090833
0.041708
0.044542
0.04025
0.047292
0.042584
0.040208
0.049
0.043083
0.041334
0.043
0.054042
0.039584
0.041375
0.040667
0.041958
0.038875
0.040709
0.038542
0.040959
0.039
0.043417
0.045125
0.045333
0.046292
0.048375
0.050333
0.045625
0.048041
0.046625
0.039792
0.040833
0.04
0.045791
0.03875
0.0445
0.042208
0.038084
0.043375
0.042167
0.038792
0.0425
0.044708
0.048125
0.044583
0.041125
0.0435
0.04325
0.045917
0.036584
0.035583
0.04175
0.03825
0.038709
0.04175
0.041208
0.0385
0.038709
0.037125
0.036083
0.03925
0.039209
0.037958
0.039292
0.039375
0.042667
0.041166
0.039041
0.041167
0.044041
0.0495
0.040375
0.0375
0.041166
0.038834
0.041709
0.042167
0.041834
0.042167
0.049208
0.041375
0.044542
0.040167
0.0485
0.039666
0.038708
0.038042
0.041
0.036708
0.038875
0.036125
0.046583
0.0395
0.04075
0.039041
0.037875
0.039
0.038708
0.039375
0.03975
0.039583
0.039083
0.042083
0.096542
0.0945
0.038916
0.041959
0.077
0.121167
0.067542
0.155708
0.053458
0.147459
0.115333
0.241333
0.049209
0.116625
0.049042
0.12075
0.118083
0.181291
0.052125
0.14425
0.134458
0.19125
0.187958
0.069167
0.059125
0.120542
0.046958
0.052709
0.288875
7.34267
0.051042
0.055
0.049166
0.042958
0.095292
0.04075
0.044708
0.042625
0.039334
0.0445
0.043667
0.049375
0.115875
0.044667
0.051958
0.041875
0.045583
0.041792
0.104583
0.050708
0.044417
0.039917
0.112333
0.105333
0.11025
0.111958
0.044334
0.0445
0.044416
0.041584
0.042459
0.042834
0.043209
0.04325
0.040458
0.043292
0.040083
0.043708
0.03925
0.041334
0.044
0.041875
0.043583
0.043541
0.043875
0.041958
0.045375
0.045625
0.04225
0.044459
0.043708
0.044333
0.044042
0.043166
0.047625
0.108041
0.04625
0.049084
0.043
0.041209
0.041417
0.045709
0.043125
0.046
0.044917
0.050875
0.044959
0.043833
0.041708
0.096625
0.041041
0.044583
0.050166
0.042333
0.042666
0.103
0.134917
0.041917
0.061917
0.0435
0.096167
0.105958
0.109333
0.043125
0.089083
0.103375
0.189083
0.04425
0.043292
0.0435
0.050667
0.044208
0.043375
0.0415
0.044167
0.045875
0.04375
0.04425
0.107208
0.041458
0.043917
0.043667
0.04575
0.043125
0.046625
0.1435
0.049417
0.041167
0.109584
0.103959
0.120542
0.194583
0.168833
0.073875
0.047
0.107417
0.111584
0.038792
0.043042
0.153375
0.044833
0.0405
0.041708
0.041542
0.044833
0.048375
0.047583
0.04975
0.05
0.046959
0.056541
0.043875
0.052792
0.126375
0.049458
0.095625
0.045375
0.044083
0.041708
0.043584
0.040166
0.04125
0.0435
0.04425
0.04575
0.043166
0.044292
0.182875
0.102708
0.042667
0.116875
0.049584
0.041625
0.042208
0.044667
0.043
0.041667
0.106708
0.110834
0.116209
0.1125
0.0435
0.052292
0.099458
0.210584
0.043292
0.046791
0.042875
0.048417
0.111166
0.099292
0.112541
0.044084
0.046917
0.047625
0.047667
0.044833
0.14175
0.044
0.044208
0.10425
0.044042
0.094208
0.088917
0.043833
0.042208
0.042167
0.047584
0.043917
0.045542
0.044167
0.04125
0.044166
0.045792
0.043292
0.041875
0.044291
0.04675
0.044334
0.043375
0.042959
0.0405
0.0475
0.041708
0.04125
0.044
0.041334
0.041125
0.165375
0.041666
0.103916
0.040167
0.040583
0.043458
0.043416
0.040792
0.045
0.072333
0.04225
0.042416
0.042083
0.041416
0.041792
0.106958
0.043833
0.04175
0.0425
0.046541
0.041333
0.048
0.045541
0.101791
0.050459
0.108625
0.04375
0.043416
0.155417
0.044167
0.043333
0.043125
0.044459
0.10575
0.047834
0.042166
0.041792
0.042625
0.044583
0.043083
0.051208
0.044333
0.048625
0.04825
0.044
0.102125
0.102667
0.041209
0.043959
0.0425
0.114333
0.175125
0.04425
0.142625
0.111084
0.042584
0.119875
0.123708
0.140958
0.043667
0.041667
0.043
0.052292
0.043584
0.045292
4.9605
0.04125
0.041792
0.048333
0.040125
0.040875
0.042375
0.044083
0.040667
0.0445
0.043625
0.060333
0.042792
0.1
0.041333
0.045542
0.044666
0.098583
0.044417
0.040959
0.042667
0.049125
0.042
0.040666
0.044125
0.040417
0.043417
0.087792
0.045166
0.042209
0.048584
0.04475
0.095541
0.043875
0.045792
0.043875
0.04575
0.04425
0.042084
0.044084
0.04425
0.050833
0.066959
0.044792
0.044875
0.048166
0.044417
0.042709
0.043916
0.041959
0.0475
0.128208
0.041708
0.04325
0.09375
0.048667
0.043958
0.047833
0.148125
0.045292
0.045375
0.043167
0.045375
0.04175
0.105416
0.042167
0.108417
0.11075
0.098708
0.240042
0.043041
0.041125
0.121125
0.040458
0.045209
0.098208
0.120083
0.042458
0.112542
0.0505
0.048917
0.097875
0.049291
0.044541
0.241208
0.049083
0.05
0.044958
0.045209
0.121917
0.044167
0.042833
0.046084
0.044375
0.041916
0.044
0.04225
0.103833
0.047791
0.049083
0.072917
0.1095
0.042375
0.041583
0.047875
0.042667
0.050667
0.044875
0.045833
0.048375
0.0425
0.044334
0.045542
0.043583
0.04225
0.044417
0.047
0.044417
0.043542
0.044792
0.045166
0.043708
0.098917
0.110125
0.070167
0.04475
0.044
0.041667
0.045583
0.046417
0.042875
0.046333
0.050541
0.04275
0.046916
0.042042
0.046375
0.0455
0.0435
0.043958
0.046291
0.046042
0.055208
0.115792
0.042959
0.096125
0.048375
0.043458
0.050416
0.046458
0.04325
0.044125
0.047625
0.043083
0.10825
0.112667
0.042709
0.107875
0.099375
0.045084
0.04925
0.041833
0.091416
0.044625
0.096375
0.098958
0.100292
0.043583
0.097833
0.043458
0.044042
0.045958
0.047
0.095958
0.04925
0.042417
0.04375
0.042917
0.048917
0.044625
0.055209
0.043083
0.047791
0.045417
0.044542
0.043959
0.043084
0.042083
0.043875
0.045458
0.041458
0.043083
0.055709
0.046042
0.044209
0.044958
0.045125
0.113875
0.047292
0.042792
0.054916
0.043125
0.101625
0.043791
0.046792
0.043375
0.0455
0.043875
0.0515
0.043083
0.063791
0.04625
0.057208
0.043417
0.04425
0.043917
0.04275
0.043
0.049
0.041667
0.045625
0.045417
0.043542
0.051709
0.043041
0.046084
0.051417
0.202208
0.046625
0.103625
0.046917
0.049375
0.048541
0.042792
0.096875
0.101875
0.099167
0.049708
0.106
0.052
0.047208
0.047792
0.042041
0.046375
0.044708
0.046125
0.04175
0.044584
0.049792
0.049584
0.043167
0.043334
0.043958
0.045
0.042625
0.045625
0.044583
0.046
0.050291
0.101458
0.070209
0.047459
0.103292
0.044208
0.046084
0.053041
0.047167
0.1065
0.045334
0.044958
0.046291
0.112542
0.114708
0.107584
0.042583
0.049417
