0.215292
0.221458
0.153833
0.216875
0.122917
0.132208
0.081958
0.047584
0.056292
0.054458
0.045791
0.146708
0.076709
0.079458
0.07625
0.075209
0.052875
0.102417
0.065292
0.059916
0.061333
0.049417
0.065792
0.091292
0.047166
0.053
0.090833
0.043625
0.118167
0.046667
0.047041
0.041584
0.049417
0.057792
0.048583
0.043375
0.067167
0.053042
0.05275
0.057334
0.051417
0.042291
0.048666
0.045542
0.045042
0.040416
0.049333
0.042333
0.055541
0.042167
0.047375
0.045708
0.044167
0.050125
0.071458
0.052625
0.059917
0.048542
0.043458
0.041625
0.050917
0.20375
0.045
0.04525
0.067875
0.050458
0.049041
0.052417
0.046667
0.053417
0.049041
0.042209
0.040958
0.051208
0.054834
0.091208
0.069709
0.045416
0.047459
0.049917
0.042
0.048792
0.044542
0.045166
0.048416
0.046791
0.040167
0.048041
0.079834
0.056041
0.055959
0.045291
0.044583
0.04575
0.061
0.039709
0.063667
0.070459
0.050625
0.043792
0.04625
0.065375
0.065792
0.0635
0.049917
0.044375
0.085333
0.046125
0.041292
0.043083
0.04825
0.048458
0.044791
0.045459
0.047541
0.0505
0.052792
0.053667
0.083875
0.1135
0.062625
0.052709
0.04525
0.051709
0.043167
0.046542
0.104459
0.044625
0.048584
0.044708
0.111667
0.051791
0.052583
0.066209
0.072542
0.047291
0.047292
0.045
0.05075
0.046292
0.058583
0.047209
0.05175
0.048416
0.104042
0.058125
0.0985
0.061291
0.046708
0.044833
0.046792
0.05
0.041542
0.041708
0.076334
0.063542
0.062791
0.054583
0.071833
0.075917
0.044583
0.070958
0.075167
0.06025
0.054334
0.052916
0.055667
0.046209
0.069917
0.049042
0.04025
0.064917
0.086375
0.066083
0.091667
0.107625
0.046625
0.045917
0.045125
0.046375
0.048417
0.052875
0.078709
0.04625
0.0455
0.081792
0.116833
0.047209
0.06425
0.049333
0.044083
0.077875
0.057208
0.061292
0.06475
0.046041
0.0515
0.07325
0.074333
0.047333
0.053667
0.064833
0.060625
0.057584
0.046167
0.043042
0.07225
0.066666
0.074042
0.061667
0.041708
0.03925
0.074375
0.039125
0.051708
0.043667
0.04575
0.055875
0.073625
0.051583
0.086417
0.04675
0.04125
0.0655
0.071833
0.110625
0.04275
0.04675
0.045666
0.047209
0.049375
0.041667
0.098875
0.046334
0.043209
0.078167
0.059458
0.042417
0.04525
0.0425
0.045167
0.044959
0.040958
0.046416
0.11225
0.044083
0.067084
0.078291
0.045375
0.0735
0.043584
0.052375
0.077875
0.056625
0.041333
0.083625
0.072083
0.043417
0.058125
0.043125
0.047959
0.056375
0.082875
0.047
0.044125
0.103708
0.047709
0.038708
0.042875
0.039041
0.04875
0.047209
0.048166
0.046875
0.124375
0.043084
0.043959
0.07725
0.048625
0.0435
0.055833
0.052666
0.059708
0.16575
0.062083
0.045542
0.052417
0.046958
0.062958
0.079917
0.064583
0.059167
0.065042
0.0865
0.055541
0.083333
0.058542
0.048583
0.058792
0.045334
0.05575
0.061125
0.054166
0.046375
0.105667
0.0855
0.112209
0.103958
0.092125
0.049833
0.059667
0.046
0.050833
0.044041
0.043458
0.047792
0.041541
0.046209
0.048208
0.046375
0.041917
0.04625
0.046291
0.058166
0.043667
0.041875
0.045
0.044667
0.039916
0.047708
0.042459
0.0615
0.053291
0.04525
0.070042
0.040875
0.047958
0.041458
0.057708
0.044084
0.046792
0.061625
0.050667
0.05325
0.049375
0.0445
0.070209
0.04225
0.061917
0.058833
0.043042
0.059709
0.044292
0.06875
0.122625
0.047458
0.061625
0.045125
0.049833
0.04125
0.067375
0.051792
0.04175
0.079208
0.061583
0.045625
0.063667
0.061042
0.071334
0.045834
0.1455
0.086541
0.044167
0.065417
0.065791
0.041625
0.058708
0.058334
0.05125
0.073958
0.054916
0.063584
0.050917
0.04825
0.042333
0.0525
0.048625
0.040875
0.04375
0.043958
0.065625
0.058042
0.0485
0.044667
0.04975
0.07225
0.046042
0.061333
0.046625
0.041125
0.04725
0.049959
0.057333
0.053
0.0845
0.046708
0.046208
0.12625
0.071875
0.048833
0.042834
0.044042
0.056958
0.049333
0.044458
0.044417
0.048291
0.051916
0.069666
0.053208
0.051292
0.043667
0.044208
0.04325
0.0425
0.045917
0.052083
0.044167
0.052625
0.072375
0.040167
0.043208
0.050375
0.050208
0.051292
0.043834
0.069834
0.160375
0.06675
0.047917
0.075
0.049916
0.056834
0.052084
0.131875
0.074083
0.075
0.05175
0.058375
0.056792
0.063334
0.082667
0.136458
0.047958
0.056291
0.050792
0.11575
0.115542
0.146291
0.0905
0.051584
0.217334
0.06
0.053833
0.053166
0.045166
0.162459
0.042792
0.058
0.063625
0.045
0.053875
0.080542
0.055542
0.054959
0.050292
0.04275
0.045792
0.056375
0.0425
0.047125
0.048583
0.0705
0.046667
0.043625
0.043875
0.045542
0.058167
0.070667
0.048625
0.065
0.05925
0.160541
0.085291
0.088583
0.047875
0.082083
0.079167
0.051041
0.061959
0.044041
0.057959
0.071542
0.04625
0.044583
0.042709
0.049208
0.042833
0.082583
0.049833
0.053167
0.059125
0.060208
0.043375
0.0455
0.051
0.047083
0.055208
0.053791
0.049125
0.084833
0.04975
0.099208
0.125667
0.048959
0.046666
0.061625
0.0535
0.05325
0.072792
0.147125
0.124958
0.057334
0.066292
0.049459
0.144083
0.04725
0.059167
0.051
0.046333
0.047541
0.046375
0.044458
0.044791
0.053
0.049417
0.051917
0.047209
0.061833
0.044625
0.042042
0.045167
0.053458
0.045959
0.051583
0.043875
0.046916
0.046042
0.052041
0.042084
0.042625
0.062625
0.042042
0.041292
0.10125
0.053333
0.087458
0.057083
0.056166
0.042334
0.059083
0.040625
0.049375
0.071083
0.050417
0.043541
0.065416
0.045209
0.044584
0.060959
0.049875
0.042041
0.060541
0.045334
0.04675
0.072584
0.041791
0.042
0.039625
0.06
0.041
0.049167
0.058541
0.045584
0.176
0.055375
0.053416
0.079916
0.048375
0.107625
0.052708
0.061041
0.091834
0.053708
0.054542
0.060041
0.066834
0.04525
0.056
0.046916
0.049208
0.048666
0.048833
0.050125
0.060166
0.051375
0.047583
0.140708
0.042833
0.040917
0.040666
0.041375
0.044792
0.040542
0.079334
0.042792
0.041959
0.064709
0.043541
0.0425
0.082959
0.049625
0.039542
0.047541
0.048292
0.048333
0.042458
0.0475
0.055125
0.047917
0.066375
0.08975
0.046292
0.043625
0.047042
0.046416
0.048459
0.054292
0.094625
0.080292
0.044208
0.064125
0.042583
0.054667
0.044583
0.060958
0.043792
0.051292
0.048333
0.051458
0.070625
0.038292
0.049625
0.048792
0.068291
0.074625
0.04625
0.064125
0.048208
0.051208
0.050917
0.041292
0.080208
0.055833
0.123834
0.047
0.05375
0.0635
0.05075
0.059875
0.049125
0.080875
0.04425
0.049125
0.054083
0.041875
0.048958
0.054291
0.056375
0.04525
0.0465
0.044958
0.042208
0.060667
0.051042
0.047333
0.081084
0.046959
0.046417
0.075209
0.044042
0.050666
0.064541
0.064709
0.042459
0.047542
0.060041
0.041792
0.055625
0.044
0.048917
0.042291
0.045708
0.051667
0.047875
0.046
0.0635
0.051875
0.050208
0.047833
0.047209
0.053459
0.046917
0.043667
0.040667
0.053125
0.084417
0.040083
0.043291
0.057792
0.043042
0.0385
0.051334
0.0415
0.042917
0.056541
0.0485
0.045458
0.04475
0.044583
0.064833
0.071
0.056917
0.0575
0.053625
0.117833
0.048333
0.087542
0.045791
0.050041
0.087
0.21025
0.046
0.087584
0.09875
0.043792
0.067958
0.079083
0.152708
0.176166
0.092792
0.047958
0.0505
0.051042
0.049708
0.074083
0.042542
0.042
0.05575
0.043791
0.039125
0.067709
0.045375
0.047
0.061708
0.043041
0.047958
0.052333
0.041917
0.087375
0.040791
0.047334
0.05
0.052125
0.048334
0.046458
0.049333
0.048916
0.043625
0.05925
0.040834
0.042833
0.041125
0.043208
0.049416
0.044375
0.049
0.046583
0.047083
0.048208
0.050166
0.045333
0.056583
0.10825
0.040917
0.046625
0.039208
0.044333
0.043333
0.05875
0.049625
0.044791
0.052583
0.047459
0.050417
0.045333
0.074042
0.04575
0.040417
0.043875
0.041333
0.046292
0.047834
0.051417
0.048833
0.087125
0.043792
0.046458
0.054625
0.041917
0.056417
0.04125
0.042791
0.041041
