0.381292
0.420041
0.697875
0.225083
0.211791
0.105334
0.08125
0.080333
0.095917
0.1025
0.109792
0.077083
0.081625
0.100667
0.089167
0.082208
0.089875
0.080417
0.085459
0.0805
0.095458
0.094208
0.100416
0.108333
0.089708
0.090875
0.089084
0.09475
0.100875
0.108666
0.089792
0.07875
0.08725
0.0965
0.076667
0.081333
0.091417
0.090333
0.078292
0.079125
0.082708
0.117542
0.087708
0.088083
0.08025
0.100625
0.077125
0.091833
0.075708
0.0895
0.079208
0.076583
0.078709
0.076416
0.0785
0.079125
0.078625
0.078167
0.077458
0.08625
0.088917
0.086167
0.107167
0.082875
0.083917
0.077667
0.078083
0.088875
0.087792
0.080208
0.09025
0.079459
0.090792
0.093667
0.094708
0.078834
0.1315
0.075417
0.088875
0.0965
0.077375
0.081542
0.07975
0.078167
0.082125
0.084292
0.075083
0.105875
0.080792
0.094833
0.079875
0.087958
0.074833
0.083916
0.080666
0.088167
0.099875
0.08275
0.105
0.098541
0.096417
0.078042
0.088709
0.089792
0.074959
0.089334
0.093417
0.07825
0.0815
0.081042
0.102583
0.097084
0.084958
0.088166
0.084791
0.086167
0.075375
0.081333
0.0785
0.078791
0.10625
0.081708
0.079875
0.084167
0.100583
0.097375
0.076167
0.077417
0.091834
0.080541
0.077833
0.098792
0.101375
0.093625
0.082417
0.075625
0.081
0.080875
0.078
0.082666
0.081666
0.090709
0.080667
0.072625
0.070917
0.070541
0.07475
0.075625
0.071375
0.071042
0.085792
0.084083
0.084875
0.087459
0.106667
0.094166
0.081208
0.079833
0.081417
0.07475
0.329209
0.086209
0.075
0.085834
0.078875
0.076333
0.091542
0.080167
0.087917
0.082416
0.072667
0.080792
0.082708
0.116292
0.078333
0.130084
0.076542
0.082917
0.076459
0.077708
0.073833
0.09275
0.074875
0.089167
0.10175
0.084458
0.095792
0.082417
0.083208
0.077541
0.075209
0.075
0.086459
0.088708
0.07575
0.084834
0.082792
0.078292
0.093083
0.075083
0.077208
0.088375
0.087792
0.074875
0.089042
0.07975
0.0735
0.108625
0.078959
0.084042
0.080375
0.075083
0.084666
0.074166
0.072292
0.099
0.081459
0.091167
0.081667
0.08225
0.082958
0.080875
0.076917
0.077792
0.096916
0.078625
0.076083
0.083292
0.081083
0.080417
0.075666
0.077584
0.077833
0.076958
0.078792
0.084042
0.099416
0.0795
0.094416
0.078416
0.07625
0.092625
0.099917
0.082667
0.084
0.080625
0.095041
0.463459
0.270458
0.090292
0.083291
0.079666
0.078125
0.079917
0.087834
0.081167
0.075334
0.080542
0.076375
0.076833
0.0755
0.084666
0.080083
0.079417
0.07825
0.081458
0.076667
0.08175
0.077417
0.081625
0.081792
0.080458
0.086584
0.085833
0.079459
0.075083
0.087833
0.082083
0.07575
0.094292
0.0775
0.081
0.074833
0.077625
0.079125
0.086542
0.077292
0.084959
0.075833
0.09875
0.102083
0.1195
0.09825
0.078583
0.080041
0.07925
0.076583
0.101416
0.076084
0.078375
0.0765
0.082625
0.077334
0.0845
0.079083
0.081292
0.090625
0.089042
0.077292
0.084
0.095792
0.075709
0.076375
0.075583
0.094459
0.074542
0.07425
0.076916
0.087666
0.083834
0.078084
0.077625
0.083542
0.075167
0.073291
0.08275
0.102208
0.083458
0.075875
0.082375
0.07525
0.08325
0.080917
0.091125
0.079291
0.080542
0.096792
0.103917
0.073916
0.08975
0.077584
0.094042
0.073958
0.08125
0.077458
0.09075
0.074458
0.084875
0.081125
0.07975
0.07675
0.08025
0.087
0.08
0.075
0.082667
0.077
0.080084
0.072917
0.080916
0.079666
0.08325
0.073166
0.091833
0.0755
0.086417
0.080583
0.09225
0.083292
0.083333
0.084167
0.084291
0.073542
0.08275
0.081333
0.089208
0.076875
0.078417
0.07725
0.082959
0.075708
0.082
0.080416
0.079875
0.083
0.074833
0.075834
0.092833
0.091542
0.078875
0.07625
0.089875
0.080125
0.085542
0.07625
0.102792
0.074334
0.10225
0.079125
0.081708
0.114167
0.111708
0.091583
0.102041
0.093917
0.081084
0.075417
0.07925
0.100167
0.08525
0.079375
0.075875
0.078125
0.077334
0.07475
0.076542
0.077625
0.079625
0.082625
0.07625
0.078959
0.100167
0.080375
0.086041
0.089
0.090333
0.075375
0.10175
0.080416
0.08475
0.095375
0.078834
0.075166
0.083667
0.090084
0.078625
0.075458
0.08675
0.073042
0.08275
0.077125
0.079042
0.08225
0.083333
0.086834
0.087833
0.081667
0.079583
0.078958
0.082375
0.080125
0.079917
0.075666
0.0825
0.076375
0.081542
0.083167
0.077917
0.083208
0.08225
0.082458
0.077583
0.083625
0.10625
0.08725
0.089833
0.075375
0.0875
0.076917
0.0755
0.0755
0.142625
0.087333
0.0775
0.075292
0.075375
0.089834
0.083834
0.074208
0.079875
0.073542
0.089625
0.075042
0.078292
0.079083
0.076083
0.076958
0.077375
0.095458
0.093959
0.083875
0.088292
0.077208
0.085125
0.075542
0.088416
0.077833
0.096916
0.076541
0.077917
0.079041
0.075792
0.077334
0.077708
0.08675
0.084041
0.072792
0.076333
0.095541
0.101167
0.101875
0.114125
0.110292
0.097584
0.210708
0.092458
0.077375
0.086958
0.078583
0.096083
0.08325
0.081584
0.078375
0.080458
0.075334
0.082708
0.081375
0.084625
0.073584
0.077167
0.079125
0.098875
0.094416
0.078792
0.079667
0.100125
0.0735
0.076709
0.081584
0.083125
0.082042
0.074959
0.08475
0.081
0.088
0.083
0.076625
0.08925
0.0725
0.115625
0.083041
0.08
0.073458
0.080959
0.07325
0.080916
0.07325
0.075958
0.0835
0.123708
0.088667
0.090458
0.080959
0.0745
0.082708
0.083416
0.077375
0.097541
0.078292
0.0785
0.085667
0.079125
0.08525
0.080958
0.080416
0.076458
0.07525
0.073708
0.075625
0.085833
0.088958
0.086625
0.091042
0.079
0.079166
0.0755
0.078791
0.078333
0.079709
0.082167
0.081208
0.075709
0.076625
0.077542
0.081125
0.075916
0.078459
0.075417
0.078917
0.079708
0.098333
0.088459
0.101
0.085375
0.09525
0.086625
0.086208
0.083958
0.08375
0.107958
0.092167
0.083791
0.076584
0.073958
0.089417
0.0805
0.077958
0.082583
0.090291
0.0735
0.076875
0.076917
0.099417
0.093542
0.107709
0.089041
0.098708
0.093917
0.125125
0.093792
0.088458
0.094125
0.115458
0.078583
0.079167
0.082333
0.079208
0.0945
0.073458
0.107375
0.092917
0.087833
0.105917
0.105375
0.122958
0.099958
0.100542
0.10125
0.105041
0.114333
0.125583
0.107583
0.106708
0.130583
0.107958
0.110375
0.124334
0.098916
0.109792
0.127833
0.125792
0.129625
0.137042
0.136333
0.135375
0.192208
0.133375
0.139792
0.158792
0.185417
0.225709
0.163583
0.18775
0.134708
0.145584
0.174792
0.134167
0.116875
0.207625
0.106958
0.303416
0.214792
0.179917
0.141791
0.205417
0.122625
0.129042
0.158459
0.123417
0.12425
0.146333
0.126542
0.144625
0.153209
0.1295
0.131042
0.16075
0.152417
0.156709
0.102625
0.227292
0.12075
0.163792
0.172125
0.146167
0.204541
0.134833
0.161333
0.264167
0.118584
0.151625
0.127334
0.139625
0.141167
0.209417
0.166291
0.158
0.327083
0.310333
0.125541
0.251417
0.134708
0.331542
0.228792
0.121291
0.1435
0.159416
0.115667
0.156292
0.342875
0.138125
0.160125
0.292875
0.101291
0.157333
0.380041
0.14925
0.139542
0.212167
0.14675
0.163833
0.357542
0.246542
0.743917
0.356917
0.123625
0.122708
0.2075
0.120125
0.118833
0.1435
0.126625
0.156625
0.158584
0.121958
0.120875
0.167625
0.125166
0.096125
0.136333
0.094042
0.121083
0.1115
0.099792
0.1055
0.146583
0.097416
0.1
0.118375
0.092709
0.106792
0.092916
0.08075
0.0855
0.102917
0.107875
0.111583
0.094875
0.102625
0.110583
0.101917
0.138167
0.400417
0.264167
0.323417
0.345
0.143625
0.149583
0.13875
0.143375
0.141916
0.161625
0.137583
0.15975
0.181
0.135875
0.378166
0.168833
0.167167
0.202875
0.131333
0.139458
0.143583
0.258208
0.149209
0.140458
0.140333
0.128584
0.12475
0.121
0.125083
0.122666
0.248916
0.128583
0.179333
0.140791
0.140666
0.133375
0.193292
0.125875
0.1335
0.186834
0.164375
0.183917
0.146583
0.1345
0.138458
0.130208
0.146416
0.136667
0.199459
0.129958
0.206542
0.207958
