0.33025
0.21225
0.15275
0.051084
0.047875
0.04875
0.057959
0.065208
0.068583
0.05075
0.056583
0.160375
0.044708
0.067833
0.050708
0.052042
0.115667
0.047583
0.055416
0.0405
0.112
0.097125
0.059959
0.048791
0.092375
0.053834
0.22725
0.057875
0.050291
0.046958
0.049708
0.045041
0.156334
0.064708
0.041292
0.050667
0.046583
0.054
0.067375
0.055625
0.091041
0.045416
0.08225
0.094584
0.068625
0.042791
0.049208
0.051458
0.048417
0.091834
0.055042
0.044334
0.062834
0.046625
0.039625
0.273542
0.148916
0.16875
0.076333
0.062042
0.047291
0.052167
0.122292
0.050041
0.049791
0.12775
0.048625
0.075375
0.165833
0.048292
0.049791
0.077333
0.041959
0.042542
0.087625
0.04475
0.065083
0.288709
0.095542
0.08675
0.061791
0.045583
0.048125
0.149083
0.053042
0.0435
0.045875
0.043458
0.045708
0.051084
0.062584
0.055042
0.054916
0.048209
0.128375
0.064875
0.049709
0.180583
0.328625
0.063834
0.047416
0.052125
0.304417
0.074292
0.146666
0.09575
0.128541
0.073
0.0555
0.094333
0.129792
0.053125
0.150042
0.148458
0.0535
0.145167
0.045667
0.056917
0.137791
0.0515
0.595083
0.050125
0.141417
0.189542
0.044417
0.201209
0.103458
0.131083
0.26825
0.183875
0.148708
0.121
0.066167
0.0675
0.052792
0.052458
0.093584
0.133083
0.04425
0.141875
0.061708
0.076542
0.057584
0.044625
0.050791
0.095625
0.074542
0.049125
0.046375
0.077084
0.049375
0.057834
0.058625
0.107875
0.065083
0.149625
0.155083
0.213417
0.792583
0.054875
0.070583
0.066458
0.056667
0.146584
0.053125
0.061584
0.086333
0.095125
0.128
0.054959
0.181917
0.124875
0.046583
0.110708
0.094125
0.04975
0.048875
0.052167
0.045167
0.045625
0.046625
0.04525
0.068125
0.045291
0.103084
0.040917
0.052791
0.101666
0.063333
0.114542
0.093708
0.049459
0.054584
0.237042
0.17875
0.076333
0.071042
0.130667
0.054583
0.045916
0.070875
0.050333
0.055416
0.045584
0.053083
0.069833
0.083042
0.088042
0.047667
0.045916
0.051916
0.054208
0.044917
0.043542
0.066958
0.151917
0.053458
0.052459
0.293792
0.060125
0.053167
0.058167
0.063875
0.049458
0.065042
0.13875
0.102209
0.094042
0.139958
0.057
0.076959
0.053416
0.08675
0.048583
0.076209
0.078208
0.060875
0.056375
0.0735
0.058042
0.052584
0.156
0.071917
0.04775
0.044375
0.052792
0.128417
1.38779
0.05575
0.048958
0.050834
0.060458
0.138625
0.077583
0.13125
0.056584
0.105584
0.090583
0.074708
0.228958
0.063541
0.123
0.067083
0.064791
0.117042
0.057584
0.138792
0.123709
0.40575
0.120333
0.150959
0.071583
0.068875
0.1535
0.087958
0.062125
0.142083
0.055375
0.06475
0.073375
0.119
0.055917
0.059333
0.056209
0.046541
0.048
0.05025
0.066834
0.076666
0.069042
0.117584
0.051416
0.051291
0.154083
0.659833
0.136042
0.356
0.442375
0.152542
0.289541
0.396
0.08125
0.117375
0.051417
0.076875
0.055625
0.056667
0.056334
0.234583
0.141833
0.096834
0.073334
0.075083
0.180041
2.139
0.433708
0.137208
0.185416
0.074791
0.072333
0.087875
0.4295
0.084792
0.158125
0.348916
0.1205
0.069875
0.174666
0.052334
0.139875
0.054167
0.066917
0.1105
0.061208
0.10675
0.102709
0.056375
0.111292
0.126542
0.227916
0.119917
0.067375
0.087791
0.258625
0.101417
0.05725
3.83058
0.056542
0.137042
0.102917
0.123209
0.124917
0.161166
0.081375
0.207208
0.057958
0.074833
0.171958
0.080917
0.773209
0.152542
0.481125
0.055542
0.108
0.309833
0.057792
0.2095
0.076958
0.140041
0.065208
0.066708
0.061833
0.178666
0.079208
0.167458
0.196208
0.222041
0.122042
0.141167
0.178291
0.092417
0.069375
0.064792
0.262
0.078875
0.34925
0.071584
0.153083
0.164417
0.090709
0.064167
0.114792
0.099292
0.288
0.251458
0.420209
0.305042
0.463834
0.137583
0.080584
0.128208
0.271958
0.290208
0.147708
0.062208
0.153542
0.142792
0.315792
0.062166
0.091125
0.222125
0.126291
0.221416
0.14375
0.194708
0.055208
0.14475
0.071875
0.050583
0.147541
0.232667
0.118667
0.056417
0.096584
0.056625
0.056333
0.058375
0.233042
0.062
0.191
0.177458
0.082333
0.057417
3.69092
0.071042
0.200958
0.172
0.138833
0.124042
0.061583
0.089791
0.06
0.074166
0.154459
0.050875
0.1145
0.056542
0.057417
0.179167
0.267958
0.199916
0.064417
0.069375
0.099291
0.066625
0.094916
0.053208
0.062333
0.20425
0.132541
0.2135
0.087458
0.351166
0.103375
0.219125
0.220584
0.0755
0.0645
0.11125
0.125709
0.140125
0.202875
0.245708
0.058417
0.553334
0.275833
0.273208
0.293666
0.348792
0.463416
0.134292
0.102625
0.051125
0.206667
0.07125
0.205333
0.272708
0.152083
0.220875
0.4655
0.168833
0.40425
0.066
0.092167
0.295291
0.256417
0.214417
0.091791
0.207083
0.147542
0.137209
0.112875
0.683709
0.899292
0.407375
0.08225
0.164542
0.156041
0.10875
4.28654
0.142
0.064167
0.098083
0.148167
0.286125
0.239917
0.052375
0.720875
0.111042
1.20413
0.430917
0.180834
0.075458
0.066917
0.073125
0.198583
0.23825
0.207875
0.056916
0.403083
0.070458
0.591166
0.068708
0.080583
0.262583
0.13775
0.154208
0.272333
0.140959
0.222167
0.292
0.187083
0.073958
0.273917
0.085917
0.396292
0.100333
0.104459
0.141125
0.086459
0.09125
0.07775
0.263875
0.061
0.057125
0.057792
0.055083
0.064208
0.054958
0.049208
0.060125
0.078625
0.065458
0.214458
0.087583
0.088125
0.099417
0.142083
1.05725
0.06675
0.071416
0.211875
0.557292
0.055167
0.108542
0.229708
0.063625
0.07475
0.177417
0.165
0.103833
0.206583
0.127459
0.291
0.095958
0.178042
0.077916
0.077708
0.081209
3.20312
0.074792
0.161334
0.086292
0.152708
0.077125
0.059583
2.12017
0.086625
0.06325
0.070625
0.433
0.469084
0.32725
0.208916
0.226917
0.063083
0.155583
0.388083
0.184167
0.126542
0.183667
0.178958
0.275208
0.2525
0.202459
0.14375
0.104833
0.156958
0.079958
0.142125
0.239125
0.073917
0.141416
0.158166
0.203083
0.668375
0.081625
0.1715
0.399584
0.244125
0.08375
0.392209
0.156833
0.395958
0.10075
0.138916
0.228125
0.07375
0.087792
0.219375
0.201833
0.325334
0.068042
0.06325
0.209292
0.375875
0.191459
0.181708
0.13675
1.72888
0.268167
0.150333
0.186417
1.80321
0.161959
2.71608
2.11583
0.106792
0.249125
0.194917
0.558042
0.120792
0.622208
0.517333
0.595875
0.06075
0.1955
0.069208
0.372416
0.174833
0.333708
0.124458
0.095875
0.151292
0.178625
0.167625
0.110417
0.135667
0.066375
0.244542
0.883667
0.055875
0.084375
0.069125
0.523917
0.147875
0.055125
0.2175
0.070583
0.090917
0.119875
0.130834
0.187916
0.065125
0.12325
0.351833
0.129542
0.123958
0.06525
0.064125
0.080375
0.049875
0.06175
0.07775
0.1975
0.237542
0.316166
0.168875
0.397167
0.08325
0.071875
0.170041
1.30304
0.801708
0.184542
0.120167
0.371791
0.064542
0.083875
0.106667
0.091834
0.079875
0.506458
1.16146
0.107958
0.156417
0.114792
0.098208
0.504209
0.076959
0.126958
0.128625
0.279
0.056708
0.146041
0.184208
0.081917
0.100167
0.083041
0.089833
0.098041
0.3445
0.071459
0.332583
0.309667
0.170917
0.22975
0.361875
0.13575
0.09925
0.269
0.441791
0.070083
0.186792
0.202042
0.184917
0.053875
0.174417
0.0595
0.12
1.8145
0.460375
0.150625
0.180625
0.177458
0.136417
0.156458
0.604083
0.063084
0.068417
0.089
0.054083
0.163916
0.191292
0.09875
0.454625
0.219458
0.065
0.146709
0.767667
0.187167
0.058958
0.143583
0.063625
0.497334
0.212708
0.146667
0.119208
0.14425
0.304417
0.265667
0.204083
0.252625
0.056708
0.160292
0.223
0.20375
0.089042
0.710041
0.118042
0.135625
0.141875
0.138
0.061708
0.534666
0.056916
0.130542
0.799917
0.055958
0.057375
0.144583
0.182125
0.156042
0.053833
0.267166
0.155958
0.129042
0.129125
0.049709
0.105125
0.087125
0.148084
0.281667
0.250583
0.786834
0.06525
0.06225
0.272
0.197875
0.226625
0.066208
0.155833
0.259166
0.084333
