0.502917
0.445209
0.557625
0.396583
0.970125
0.112042
0.108417
0.157625
0.128875
0.143917
0.116792
0.126667
0.108
0.154291
0.140541
0.10725
0.1285
0.112416
0.099333
0.15825
0.105333
0.123625
0.142917
0.11225
0.1195
0.229541
0.128291
0.133583
0.107792
0.14775
0.101291
0.191875
0.128833
0.1105
0.161834
0.126167
0.130334
0.126208
0.120875
0.120791
0.125208
0.109875
0.135334
0.129042
0.141625
0.142125
0.132959
0.133292
0.117625
0.151417
0.126834
0.127625
0.13325
0.127417
0.170375
0.126333
0.135667
0.13125
0.127292
0.13275
0.125667
0.133833
0.152125
0.107666
0.1425
0.112083
0.132292
0.157167
0.134458
0.134542
0.134083
0.135292
0.144292
0.13775
0.099291
0.098209
0.097958
0.20725
0.096458
0.100625
0.156708
0.109958
0.106166
0.111833
0.194167
0.123792
1.67046
0.689417
0.281416
0.109708
0.125708
0.606459
0.116208
0.345125
0.191334
0.393458
0.105916
0.130917
0.212416
0.135125
0.159542
0.130833
0.246542
0.607542
0.221542
0.6825
0.206041
0.486625
0.386834
0.107292
0.105417
0.0995
0.108083
0.136083
0.102208
0.105625
0.211375
0.1875
0.118042
0.246917
0.140208
0.17975
0.106958
0.106625
0.102708
0.122917
0.103417
0.098042
0.155
0.101291
0.103583
0.16
0.111958
0.158167
0.100292
0.09325
0.143125
0.109083
0.135333
0.121084
0.112709
0.124
0.094417
0.1125
0.100708
0.152292
0.101084
0.139541
0.117583
0.164959
0.100333
0.132333
0.141959
0.158208
0.163625
0.176333
0.135958
0.187125
0.135583
0.107416
0.130417
0.108625
0.092875
0.179917
0.145709
0.097167
0.122875
0.099
0.139209
0.096083
0.095334
0.091125
0.198875
0.140042
0.108541
0.097667
0.139333
0.20075
0.156916
0.131083
0.130584
0.094583
0.091709
0.106875
0.1275
0.114667
0.090375
0.102709
0.102916
0.125833
0.099958
0.195584
0.091625
0.11
0.143833
0.107
0.099625
0.110459
0.100167
0.101917
0.09525
0.208667
0.157917
0.146875
0.09725
0.108417
0.10075
0.145458
0.095875
0.099916
0.093709
0.120417
0.150583
0.095458
0.105333
0.106
0.091208
0.135916
0.096417
0.101875
0.095625
0.113375
0.091708
0.097708
0.102916
0.104125
0.106
0.111333
0.131375
0.220625
0.116959
0.102417
0.125375
0.129333
0.166291
0.11375
0.100041
0.094
0.093583
0.102042
0.131458
0.148625
0.094125
0.099167
0.104625
0.113875
0.113583
0.240083
0.104709
0.091959
0.131584
0.127291
0.115667
0.185416
0.102167
0.181125
0.175667
0.149709
0.1615
0.13375
0.107583
0.205958
0.162208
0.164417
0.194042
0.100792
0.173375
0.099875
0.093
0.122167
0.094583
0.093542
0.139209
0.102292
0.096209
0.101708
0.100125
0.16625
0.108208
0.163458
0.144584
0.116209
0.158166
0.247458
0.142833
0.257375
0.169208
0.140959
0.138792
0.219333
0.147417
0.106291
0.092291
0.179875
0.16375
0.088791
0.102375
0.0965
0.104708
0.314125
0.136
0.109583
0.128833
0.097375
0.10975
0.104
0.092959
0.11325
0.093125
0.0975
0.114709
0.229416
0.093459
0.178583
0.099333
0.097333
0.147042
0.110125
0.09475
0.146167
0.103583
0.20775
0.099041
0.102042
0.118167
0.329709
0.193167
0.117875
0.152792
0.103042
0.187583
0.194958
0.152875
0.094166
0.1495
0.108958
0.104542
0.164167
0.097291
0.093166
0.134208
0.165542
0.119458
0.177375
0.091917
0.213958
0.152625
0.093
0.143209
0.298625
0.576709
0.250167
2.64967
0.200375
0.105042
0.091208
0.098292
0.09
0.112459
0.107417
0.144417
0.162584
0.09525
0.092416
0.134
0.097708
0.093792
0.122375
0.096625
0.09525
0.096417
0.098917
0.184834
0.110875
0.16375
0.19825
0.152959
0.160583
0.142042
0.114458
0.150167
0.093917
0.094834
0.09225
0.102542
0.184291
0.097667
0.148042
0.203375
0.252583
0.152459
0.160625
0.152625
0.100667
0.162958
0.151958
0.097375
0.177541
0.090917
0.140833
0.094916
0.098583
0.096875
0.093375
0.122833
0.166125
0.179292
0.09975
0.105333
0.09575
0.134875
0.107125
0.1935
0.471333
0.118667
0.215292
0.099833
0.099584
0.121625
0.118542
0.08925
0.218667
0.093166
0.105333
0.092667
0.098041
0.179167
0.097417
0.104209
0.095958
0.092958
0.098042
0.110959
0.110083
0.09225
0.089541
0.093459
0.218167
0.110958
0.090792
0.106125
0.18425
0.099125
0.12825
0.093625
0.104458
0.097959
0.174792
0.098917
0.10025
0.0925
0.112083
0.090834
0.100875
0.099708
0.097833
0.096333
0.106833
0.0955
0.219459
0.194333
0.111917
0.141959
0.222791
0.094917
0.125
0.108292
0.10675
0.099542
0.313417
0.152083
0.101208
0.1305
0.0965
0.1015
0.121916
0.101458
0.109875
0.155291
0.102125
0.149792
0.096041
0.111375
0.13425
0.093375
0.096667
0.098292
0.1045
0.101875
0.110792
0.105792
0.111458
0.09825
0.103167
0.1025
0.094583
0.101958
0.13925
0.1505
0.095708
0.104542
0.11375
0.106666
0.113541
0.091834
0.095916
0.099041
0.093458
0.103
0.113583
0.090833
0.094292
0.141167
0.111167
0.101958
0.103125
0.099916
0.213625
0.117125
0.114084
0.126375
0.206959
0.105833
0.096208
0.111208
0.109667
0.227875
0.104584
0.127208
0.211125
0.125417
0.149041
0.103959
0.111042
0.127625
0.097459
0.100125
0.094833
0.119375
0.119375
0.095417
0.124834
0.104333
0.118708
0.103083
0.102209
0.163833
0.228291
0.099459
0.133125
0.107292
0.11275
0.094
0.1005
0.113208
0.106958
0.190958
0.10375
0.118875
0.124667
0.15575
0.116917
0.10525
0.167167
0.134291
0.148334
0.09975
0.239792
0.105083
0.1185
0.131625
0.147833
0.10575
0.129292
0.103875
0.101375
0.102792
0.141375
0.101667
0.11225
0.142333
0.102959
0.103792
0.103459
0.098584
0.098625
0.201334
0.157125
0.097875
0.129083
0.099625
0.096458
0.098833
0.100958
0.107917
0.1235
0.132583
0.106916
0.130375
0.098041
0.096125
0.151375
0.112916
0.118833
0.128042
0.119708
0.168833
0.145208
0.15675
0.150209
0.18525
0.106708
0.100042
0.126959
0.108084
0.163542
0.126
0.1015
0.200625
0.109875
0.26575
0.131834
0.116875
0.153334
0.129333
0.104
0.117375
0.111792
0.142334
0.114833
0.14225
0.11925
0.193458
0.126958
0.097
0.092792
0.100166
0.102167
0.095208
0.094209
0.109375
0.11125
0.10275
0.098083
0.103125
0.160833
0.125542
0.118458
0.114125
0.125667
0.102625
0.129625
0.112583
0.183
0.103542
0.100042
0.110208
0.121583
0.134584
0.105292
0.09925
0.123958
0.38325
0.173208
0.107917
0.166208
0.160625
0.104375
0.123708
0.100459
0.106625
0.102917
0.131667
0.100167
0.136208
0.133458
0.121917
0.095625
0.137375
0.112833
0.146458
0.099834
0.109791
0.100167
0.0975
0.092375
0.104541
0.092834
0.164083
0.09975
0.092958
0.096917
0.109333
0.092625
0.097542
0.101041
0.1115
0.111291
0.123084
0.0965
0.121833
0.101958
0.122292
0.099333
0.111917
0.097041
0.103791
0.10825
0.110625
0.112041
0.094959
0.093458
0.100875
0.105208
0.102042
0.105834
0.101084
0.098958
0.103833
0.102
0.091667
0.107
0.096042
0.094875
0.110875
0.100917
0.091
0.104084
0.090708
0.093958
0.103709
0.095792
0.093583
0.100875
0.114125
0.094541
0.110416
0.095541
0.094708
0.104
0.102583
0.09925
0.108542
0.104166
0.100042
0.105416
0.093458
0.09175
0.097041
0.098625
0.097458
0.100417
0.093
0.096208
0.107375
0.105416
0.096125
0.097292
0.100625
0.093583
0.117792
0.102834
0.124292
0.110417
0.201792
0.115708
0.1295
0.130458
0.157125
0.132917
0.19525
0.155167
0.15625
0.163917
0.180917
0.14875
0.180583
0.121334
0.188042
0.137083
0.110708
0.117208
0.170208
0.229292
0.272416
0.216958
0.11875
0.207208
0.18575
0.108375
0.191875
0.239167
0.230542
0.1465
0.102875
0.128917
0.132625
0.134416
0.136125
0.107459
0.143125
0.096375
0.1465
0.097625
0.091875
0.094583
0.133583
0.119625
0.120459
0.125208
0.099333
0.095834
0.136417
0.094333
0.097292
0.134959
0.127458
0.110333
0.114291
0.097958
0.140084
0.097209
0.106084
0.16375
0.148708
0.134042
0.1215
0.573334
0.259083
0.168125
0.270458
0.160542
0.190792
0.144
