0.337375
0.474459
0.463583
0.097584
0.086917
0.086417
0.089292
0.0885
0.089291
0.09425
0.095417
0.124042
0.091875
0.081458
0.083417
0.087
0.088375
0.093458
0.092416
0.090917
0.088417
0.0915
0.089542
0.092083
0.089083
0.093375
0.091833
0.092833
0.097417
0.094125
0.097208
0.103875
0.095833
0.086791
0.090875
0.095083
0.095125
0.095375
0.088167
0.096833
0.100125
0.092167
0.09625
0.093583
0.089458
0.096125
0.092917
0.10175
0.084334
0.08475
0.081625
0.084833
0.099875
0.090708
0.094208
0.088958
0.090958
0.088917
0.084541
0.08825
0.092834
0.0945
0.078375
0.085625
0.085917
0.089125
0.089375
0.087292
0.091917
0.089375
0.091583
0.087833
0.091458
0.089833
0.08875
0.091917
0.088875
0.108167
0.08975
0.087792
0.084
0.08975
0.083875
0.086041
0.086666
0.087792
0.091834
0.087209
0.080541
0.11975
0.1005
0.11425
0.124166
0.113583
0.12025
0.136042
0.108292
0.122542
0.130791
0.124166
0.122416
0.133416
0.118583
0.123209
0.12825
0.108375
0.120958
0.122334
0.112417
0.118708
0.130291
0.14275
0.137042
0.146334
0.126708
0.134416
0.138667
0.122625
0.117375
0.1245
0.107042
0.122541
0.116416
0.104
0.130667
0.106584
0.092334
0.108833
0.120917
0.095
0.107125
0.115333
0.093792
0.107333
0.1265
0.097792
0.106041
0.1295
0.106875
0.087708
0.089375
0.099208
0.103792
0.108625
0.099708
0.113459
0.130333
0.106875
0.125625
0.143625
0.104458
0.133542
0.140666
0.106042
0.116875
0.132166
0.1015
0.11975
0.133042
0.112125
0.111584
0.1285
0.097334
0.090292
0.143333
0.096625
0.105458
0.127792
0.096584
0.118625
0.12525
0.106334
0.105625
0.115083
0.099083
0.102708
0.11625
0.095833
0.107125
0.128791
0.100041
0.115375
0.108666
0.109292
0.1195
0.112083
0.089708
0.113667
0.109
0.107916
0.102958
0.123208
0.106041
0.111375
0.127708
0.097125
0.107583
0.128875
0.094333
0.095042
0.082666
0.094958
0.126667
0.166
0.100541
0.114584
0.144166
0.121916
0.12275
0.148125
0.115375
0.136167
0.128875
0.116834
0.121583
0.148542
0.1225
0.120916
0.147625
0.108041
0.116792
0.132333
0.120958
0.287833
0.105959
0.101958
0.109417
0.109167
0.099333
0.118834
0.127625
0.116459
0.128209
0.129833
0.119833
0.105583
0.104125
0.110416
0.110792
0.124625
0.098875
0.121458
0.130958
0.108875
0.117334
0.145
0.115209
0.131666
0.143292
0.126
0.12675
0.144375
0.115917
0.113416
0.142125
0.134208
0.129459
0.132
0.114666
0.122292
0.166208
0.126833
0.141125
0.137875
0.122708
0.130375
0.126958
0.118417
0.132709
0.107167
0.096583
0.090916
0.083959
0.093042
0.10375
0.112834
0.0975
0.114083
0.132
0.115791
0.120792
0.132167
0.107083
0.116791
0.122875
0.0965
0.107083
0.123667
0.10325
0.120209
0.142709
0.121458
0.120417
0.14825
0.115625
0.118791
0.143709
0.114
0.125459
0.141542
0.121292
0.132459
0.133
0.130083
0.128084
0.126041
0.121833
0.11375
0.104625
0.113541
0.125375
0.1445
0.115167
0.106833
0.127292
0.100541
0.108125
0.126167
0.098375
0.107958
0.12375
0.11625
0.098834
0.117625
0.094458
0.109708
0.132334
0.094833
0.11075
0.1305
0.099709
0.118708
0.122375
0.102667
0.108458
0.125542
0.112709
0.113667
0.130917
0.108791
0.12275
0.140791
0.0985
0.095375
0.078708
0.095583
0.114333
0.130917
0.094458
0.111959
0.126042
0.092916
0.109208
0.126291
0.106834
0.113292
0.129541
0.110417
0.118916
0.145458
0.12375
0.123125
0.104833
0.093625
0.101042
0.114375
0.112833
0.116875
0.128834
0.099042
0.111166
0.122167
0.108417
0.107209
0.126083
0.0955
0.107125
0.131917
0.107875
0.102542
0.105042
0.115333
0.141083
0.128209
0.089708
0.111334
0.112292
0.098583
0.101208
0.135209
0.101959
0.126166
0.120959
0.119792
0.135125
0.13375
0.124208
0.123042
0.130417
0.1215
0.125792
0.149708
0.148417
0.137792
0.150959
0.121083
0.129667
0.142875
0.122375
0.1335
0.137875
0.124541
0.195375
0.132166
0.13125
0.1175
0.101959
0.106917
0.094917
0.151959
0.101833
0.106958
0.121333
0.109833
0.112833
0.118459
0.102334
0.111
0.128291
0.09775
0.10175
0.116709
0.097667
0.109208
0.129125
0.104042
0.115125
0.127291
0.094042
0.127167
0.123542
0.097208
0.104208
0.1315
0.10475
0.1225
0.12875
0.108042
0.114542
0.129792
0.099375
0.110083
0.109834
0.08575
0.091542
0.133458
0.09275
0.105583
0.123958
0.096208
0.106375
0.124542
0.093792
0.102875
0.112042
0.100542
0.111792
0.126083
0.1035
0.104792
0.128833
0.110917
0.1175
0.14325
0.123209
0.119583
0.11975
0.135
0.122042
0.129542
0.11125
0.134375
0.121666
0.11975
0.121667
0.134333
0.11375
0.12025
0.140417
0.102916
0.092625
0.087667
0.086375
0.13
0.146625
0.10825
0.114458
0.146
0.121042
0.130125
0.150958
0.1205
0.135167
0.232542
0.11925
0.128083
0.144
0.125042
0.140708
0.130625
0.102208
0.116209
0.091792
0.086625
0.087291
0.095542
0.084542
0.091834
0.100542
0.102458
0.107834
0.117667
0.098
0.1345
0.129083
0.096167
0.107208
0.116291
0.081458
0.098666
0.146792
0.103291
0.08375
0.14075
0.102916
0.118333
0.144708
0.101458
0.113291
0.125042
0.098542
0.117708
0.106333
0.1105
0.10925
0.126458
0.107333
0.118792
0.1305
0.116792
0.123791
0.138875
0.120792
0.123166
0.120875
0.152084
0.126625
0.1335
0.126458
0.131208
0.139541
0.138417
0.148875
0.23425
0.181042
0.11525
0.101
0.110458
0.127208
0.125875
0.431458
0.113166
0.114709
0.130834
0.122208
0.116458
0.106958
0.115708
0.12425
0.10525
0.108334
0.116375
0.109791
0.115625
0.118
0.109666
0.127791
0.117
0.097292
0.107667
0.127583
0.096666
0.118459
0.109875
0.095042
0.08925
0.106583
0.093875
0.110542
0.112875
0.133459
0.12125
0.12325
0.107916
0.11025
0.129375
0.12125
0.120125
0.132292
0.12275
0.125667
0.132208
0.129
0.128416
0.132625
0.125375
0.125917
0.13125
0.116167
0.121583
0.149458
0.116042
0.121375
0.184375
0.119625
0.122542
0.145458
0.14125
0.140375
0.136417
0.122375
0.127125
0.128167
0.102542
0.109834
0.1205
0.117417
0.124083
0.139
0.114375
0.108791
0.118042
0.090167
0.13625
0.153125
0.123916
0.152417
0.134042
0.13275
0.131083
0.148083
0.137083
0.127292
0.144542
0.131083
0.134166
0.147291
0.126333
0.141375
0.129875
0.122667
0.090708
0.096584
0.116916
0.109375
0.117458
0.103958
0.11475
0.133208
0.109208
0.125292
0.129917
0.103959
0.119833
0.132042
0.107333
0.102542
0.085708
0.085
0.077375
0.090042
0.097208
0.106583
0.127042
0.116916
0.127584
0.137542
0.112167
0.121375
0.122333
0.138333
0.123417
0.132292
0.113083
0.13375
0.115125
0.113709
0.113125
0.120208
0.114
0.121292
0.128334
0.110417
0.110083
0.124875
0.106708
0.11675
0.12925
0.132125
0.121375
0.152542
0.113417
0.120291
0.131333
0.115291
0.115084
0.108208
0.137417
0.09625
0.152167
0.123709
0.1295
0.12975
0.109333
0.118833
0.12725
0.117833
0.123292
0.134375
0.107875
0.120834
0.1285
0.103
0.112417
0.120125
0.109375
0.116291
0.127792
0.100417
0.10275
0.137958
0.12275
0.124334
0.1265
0.116708
0.127833
0.130375
0.11475
0.131833
0.1325
0.117875
0.12075
0.128166
0.10225
0.094708
0.083875
0.085917
0.091875
0.095208
0.091041
0.101167
0.118333
0.095375
0.10075
0.112708
0.106167
0.110291
0.126125
0.1045
0.115459
0.129708
0.116667
0.101
0.120542
0.084917
0.092125
0.102875
0.093291
0.103209
0.116959
0.104
0.155417
0.396584
0.139917
0.292083
0.119709
0.127042
0.126292
0.309125
0.148625
0.254041
0.576875
0.131709
0.212084
0.203583
0.132083
0.130084
0.324167
0.159583
0.315458
0.204208
0.136292
0.104917
0.28775
0.140958
0.195958
0.387625
0.132542
0.159166
0.171875
0.144917
0.152167
0.170875
0.127208
0.178709
0.1965
0.217417
0.125625
0.151083
0.121375
0.133542
0.144292
0.157708
0.388792
0.689541
0.113792
0.323
0.366708
0.147708
0.12025
0.13225
0.130125
0.169917
0.196542
