0.203209
0.179708
0.110709
0.083542
0.045375
0.042875
0.234208
0.049417
0.063166
0.049917
0.063375
0.05875
0.055458
0.054291
0.043833
0.0435
0.0555
0.080375
0.047208
0.052041
0.052959
0.051708
0.062416
0.056083
0.054125
0.090167
0.061959
0.054042
0.056209
0.103958
0.058541
0.091333
0.056083
0.179125
0.069917
0.055458
0.064666
0.054667
0.062916
0.070875
0.057084
0.063959
0.057209
0.066667
0.068167
0.067125
0.061625
0.065291
0.079625
0.083542
0.074625
0.058458
0.09375
0.0595
0.109625
0.284042
0.073958
0.155667
0.087292
0.06225
0.120167
0.125209
0.051083
0.039625
0.044166
0.044459
0.039416
0.044417
0.036459
0.038458
0.044333
0.039583
0.036666
0.053792
0.045458
0.052709
0.04775
0.042625
0.037458
0.043708
0.043791
0.050166
0.050083
0.04675
0.046084
0.04425
0.042333
0.047667
0.04125
0.041167
0.043459
0.044084
0.045125
0.049083
0.049583
0.041417
0.037333
0.046792
0.047459
0.064
0.051833
0.062375
0.055125
0.093875
0.081833
0.054541
0.072042
0.07175
0.057041
0.074
0.065834
0.053833
0.103208
0.052167
0.096834
0.157417
0.056625
0.06375
0.068375
0.051958
0.042625
0.054375
0.049875
0.052791
0.090375
0.069417
0.05625
0.090125
0.047459
0.05175
0.068792
0.061792
0.052084
0.082
0.067125
0.070375
0.083875
0.072916
0.057375
0.107916
0.067125
0.111625
0.142792
0.082834
0.068875
0.135917
0.069167
0.060708
0.180167
0.136709
0.056917
0.137584
0.060833
0.052833
0.092416
0.059333
0.0545
0.117875
0.062958
0.0565
0.12
0.060333
0.089208
0.091542
0.066833
0.07025
0.063792
0.092708
0.146625
0.086667
0.064292
0.048333
0.1005
0.056875
0.109709
0.094416
0.085458
0.05075
0.108083
0.065542
0.053958
0.074958
0.075416
0.079833
0.074375
0.090459
0.063542
0.082584
0.09625
0.058792
0.082
0.088333
0.057375
0.078791
0.086625
0.061708
0.081084
0.081875
0.070667
0.073417
0.06275
0.103667
0.0905
0.149459
0.056584
0.083834
0.068333
0.075208
0.067084
0.101833
0.066042
0.082666
0.090042
0.079792
0.095083
0.077375
0.072125
0.090083
0.083666
0.078791
0.086
0.102792
0.066375
0.083625
0.081083
0.084958
0.078583
0.079458
0.084834
0.062167
0.050292
0.072
0.078791
0.05875
0.096333
0.055208
0.054167
0.0675
0.0735
0.0685
0.061291
0.07925
0.061875
0.092542
0.065334
0.078791
0.059083
0.049666
0.057041
0.05125
0.089292
0.066083
0.081583
0.087917
0.076791
0.075542
0.069792
0.222333
0.073333
0.247667
0.067416
0.066125
0.061334
0.055542
0.055959
0.058084
0.062792
0.057459
0.096583
0.064166
0.055958
0.096625
0.068167
0.058042
0.141959
0.06
0.093125
0.064791
0.070375
0.076125
0.10125
0.077041
0.051542
0.067334
0.086542
0.058125
0.060708
0.080167
0.064209
0.060208
0.101334
0.063625
0.061583
0.072833
0.057917
0.069
0.073542
0.065541
0.087542
0.070292
0.068708
0.127
0.073416
0.065333
0.074958
0.066084
0.058542
0.141041
0.068208
0.056375
0.276084
0.065375
0.079625
0.093167
0.084459
0.067709
0.085834
0.067416
0.074292
0.116042
0.20325
0.065125
0.054334
0.06175
0.074958
0.253542
0.079292
0.056333
0.059084
0.0665
0.05075
0.061291
0.070625
0.063833
0.146792
0.082792
0.080041
0.104
0.062333
0.068125
0.058791
0.057333
0.057834
0.101625
0.069667
0.054583
0.103959
0.06325
0.050708
0.097958
0.082667
0.05375
0.080333
0.080417
0.071166
0.108667
0.119208
0.063792
0.088042
0.06025
0.065709
0.060917
0.06525
0.063417
0.067666
0.08575
0.085166
0.118625
0.1565
0.067416
0.180083
0.089542
0.055917
0.067416
0.083875
0.073541
0.169375
0.080792
0.063791
0.089125
0.105208
0.065167
0.125042
0.069417
0.064167
0.073583
0.111917
0.06075
0.066042
0.074666
0.065292
0.077667
0.087042
0.059291
0.064542
0.065292
0.08475
0.07725
0.052083
0.059834
0.079167
0.055083
0.087625
0.103792
0.131083
0.061167
0.090875
0.111292
0.0695
0.092208
0.097792
0.072917
0.099083
0.091084
0.077875
0.122417
0.069583
0.060666
0.12675
0.165125
0.087583
0.145083
0.067584
0.053167
0.061542
0.071833
0.045459
0.060916
0.055667
0.06475
0.072709
0.083958
0.05075
0.109417
0.066416
0.057208
0.062584
0.070084
0.059083
0.123666
0.041166
0.068958
0.086958
0.069917
0.066
0.1325
0.197584
0.060166
0.057625
0.061083
0.046291
0.099
0.0555
0.051875
0.0925
0.058375
0.052042
0.100084
0.064583
0.05575
0.060292
0.067333
0.060583
0.057417
0.062667
0.057583
0.057625
0.065458
0.069625
0.062458
0.06375
0.0575
0.089833
0.079125
0.168375
0.066833
0.12725
0.065416
0.088209
0.051792
0.046708
0.072708
0.062166
0.062166
0.0865
0.068417
0.083708
0.105083
0.080875
0.067167
0.09175
0.078125
0.055958
0.073792
0.082416
0.058292
0.065875
0.074042
0.064708
0.100584
0.083042
0.058
0.100458
0.074417
0.070708
0.076166
0.071042
0.06925
0.068042
0.076917
0.052375
0.1345
0.053791
0.05925
0.092292
0.082875
0.069333
0.101833
0.068042
0.048042
0.064167
0.047709
0.042375
0.051833
0.0525
0.054791
0.055833
0.073583
0.060792
0.072292
0.082166
0.058709
0.078875
0.077625
0.059625
0.134041
0.073125
0.070959
0.135917
0.073541
0.059917
0.119209
0.072792
0.071084
0.086959
0.075292
0.056041
0.102458
0.087833
0.071375
0.08175
0.0825
0.051459
0.087667
0.045125
0.06225
0.241458
0.0985
0.105625
0.06475
0.096666
0.06875
0.065209
0.079292
0.05575
0.103042
0.087333
0.092542
0.124167
0.066584
0.076833
0.079542
0.0755
0.1205
0.060708
0.078708
0.112417
0.073708
0.079583
0.126375
0.074417
0.165333
0.098667
0.071292
0.089709
0.08425
0.063208
0.074083
0.078917
0.06075
0.063542
0.076792
0.17175
0.061583
0.090958
0.078125
0.084791
0.078583
0.074459
0.206
0.201
0.122166
0.078625
0.08725
0.091292
0.092792
0.115334
0.066417
0.067833
0.090833
0.062291
0.066292
0.104875
0.0685
0.070417
0.075417
0.066
0.074041
0.094291
0.068125
0.133
0.061625
0.073166
0.077083
0.13675
0.064875
0.063167
0.079166
0.077375
0.046875
0.175417
0.052875
0.060291
0.061667
0.064
0.087958
0.083208
0.077542
0.079208
0.085792
0.06975
0.08775
0.131583
0.056417
0.075083
0.082666
0.055542
0.053875
0.118792
0.057709
0.073958
0.247292
0.059542
0.080167
0.110916
0.074
0.071958
0.1005
0.073917
0.06675
0.117375
0.075125
0.070667
0.113875
0.064833
0.0765
0.057292
0.050583
0.054917
0.07925
0.053334
0.077208
0.089709
0.073166
0.092833
0.0755
0.081042
0.084625
0.08075
0.066458
0.083959
0.069375
0.073125
0.137375
0.14125
0.064458
0.080875
0.075417
0.061917
0.080625
0.112792
0.061625
0.106583
0.072708
0.061041
0.062792
0.156291
0.056834
0.063583
0.088333
0.060416
0.083334
0.084708
0.130167
0.0665
0.057833
0.191917
0.055084
0.110084
0.049917
0.074292
0.067875
0.063625
0.07275
0.098791
0.070291
0.078792
0.057667
0.069375
0.060875
0.124541
0.049375
0.062292
0.066208
0.054792
0.064292
0.158125
0.062083
0.060708
0.06225
0.05925
0.063667
0.097291
0.064458
0.17225
0.096292
0.065958
0.082166
0.103458
0.068
0.074042
0.066667
0.069667
0.079542
0.114417
0.050375
0.096375
0.063666
0.064667
0.075292
0.084667
0.06325
0.083125
0.083708
0.138916
0.076667
0.078584
0.067875
0.126958
0.125959
0.089
0.075875
0.10075
0.057583
0.064416
0.104708
0.066208
0.080833
0.131208
0.077708
0.118917
0.140667
0.059209
0.082
0.07025
0.072625
0.098792
0.053333
0.068208
0.107583
0.086542
0.082416
0.17025
0.078417
0.226541
0.405375
0.085708
0.09
0.172083
0.090791
0.12125
0.106709
0.07825
0.095625
0.064917
0.054
0.074291
0.074084
0.072416
0.168125
0.250958
0.073416
0.088875
0.185958
0.084
0.11525
0.14875
0.067875
0.07475
0.097625
0.067375
0.056208
0.057666
0.088459
0.085209
0.085417
0.067958
0.164625
0.072375
0.185333
0.165125
0.084041
0.091875
0.108709
0.178667
0.063792
0.055875
0.05425
0.047959
0.089084
0.044167
0.04575
0.059666
0.060083
