0.115458
0.117792
0.034333
0.03475
0.033334
0.025459
0.143708
0.092708
0.045
0.043542
0.043084
0.044541
0.047792
0.071167
0.042417
0.075958
0.045708
0.037292
0.070833
0.053333
0.033666
0.043583
0.028542
0.032792
0.071458
0.045792
0.04525
0.051042
0.081167
0.043584
0.068625
0.071875
0.059833
0.057833
0.033125
0.042666
0.0955
0.076625
0.047
0.035709
0.045166
0.032333
0.040542
0.038333
0.029792
0.028625
0.029541
0.031416
0.027083
0.031583
0.084708
0.042542
0.044291
0.033958
0.041625
0.049
0.035833
0.035291
0.031917
0.104292
0.0325
0.029625
0.03175
0.03025
0.041167
0.088625
0.04
0.048208
0.040209
0.032083
0.040417
0.032708
0.0315
0.055333
0.038792
0.030833
0.037208
0.025833
0.033208
0.038208
0.028167
0.031917
0.036459
0.030625
0.034
0.038625
0.031042
0.035041
0.035417
0.028
0.032625
0.046708
0.039833
0.048417
0.034709
0.03125
0.043125
0.0585
0.037334
0.030666
0.037334
0.030083
0.031125
0.034417
0.037541
0.031
0.039167
0.034834
0.053542
0.033834
0.030625
0.034584
0.036917
0.055084
0.034417
0.047291
0.038625
0.044625
0.053541
0.033375
0.03225
0.036167
0.05075
0.04
0.034917
0.028875
0.044042
0.051834
0.038125
0.056833
0.041667
0.047167
0.035959
0.034791
0.0365
0.039792
0.035208
0.034125
0.090041
0.036083
0.070375
0.047792
0.061833
0.038041
0.038875
0.033208
0.039833
0.031792
0.030667
0.032958
0.033583
0.034375
0.0415
0.039458
0.035542
0.050375
0.033583
0.038667
0.036208
0.034917
0.040166
0.047208
0.041792
0.031791
0.03775
0.030916
0.043708
0.059125
0.043667
0.041042
0.039583
0.037417
0.035541
0.034666
0.042292
0.054667
0.1165
0.043292
0.029583
0.03775
0.04825
0.050709
0.033584
0.034417
0.042042
0.043666
0.040292
0.037042
0.034167
0.043708
0.047167
0.0345
0.039958
0.03325
0.035792
0.092292
0.05975
0.034125
0.054125
0.038458
0.063458
0.0405
0.044375
0.068209
0.039667
0.031667
0.03375
0.029709
0.035208
0.030958
0.034916
0.032667
0.039125
0.038417
0.054666
0.07525
0.084667
0.058209
0.037708
0.035667
0.042917
0.028375
0.038333
0.049083
0.034709
0.039708
0.070708
0.041041
0.0495
0.059125
0.036625
0.034958
0.072292
0.040459
0.037
0.044708
0.078
0.0375
0.056584
0.033
0.032167
0.042959
0.0465
0.032
0.036667
0.029334
0.035166
0.053375
0.036583
0.074125
0.028542
0.02925
0.034125
0.034792
0.042167
0.02975
0.032667
0.031125
0.033083
0.031208
0.032875
0.028166
0.031708
0.032542
0.031625
0.032958
0.031625
0.035209
0.047042
0.041042
0.0515
0.041208
0.058333
0.035083
0.045833
0.03325
0.121333
0.0495
0.033792
0.052292
0.039
0.055917
0.073417
0.068542
0.054875
0.055042
0.053417
0.069667
0.037291
0.0395
0.06325
0.044584
0.057208
0.036333
0.033375
0.058583
0.043667
0.069625
0.040375
0.058625
0.0555
0.109166
0.037417
0.036459
0.059584
0.044834
0.064167
0.045375
0.038167
0.037791
0.042292
0.029875
0.081667
0.030667
0.033125
0.026209
0.038583
0.030042
0.033625
0.032917
0.120125
0.031916
0.061875
0.033417
0.033291
0.032959
0.046708
0.030292
0.04
0.037791
0.031459
0.048458
0.049
0.041708
0.04925
0.036
0.038667
0.039125
0.033584
0.028834
0.034875
0.026542
0.034
0.032833
0.034125
0.028583
0.056042
0.078625
0.0325
0.030542
0.034792
0.030042
0.032792
0.031084
0.031625
0.035541
0.032834
0.030584
0.032709
0.072125
0.038042
0.036125
0.035708
0.031458
0.0345
0.02775
0.039542
0.0335
0.04075
0.034542
0.049
0.025791
0.065666
0.035291
0.03325
0.034833
0.035209
0.024458
0.03625
0.030667
0.034458
0.032583
0.034459
0.027
0.053333
0.039041
0.034875
0.038125
0.035375
0.037958
0.034542
0.041625
0.02875
0.033542
0.035458
0.036917
0.034375
0.037333
0.0275
0.043417
0.042583
0.026458
0.041542
0.089208
0.053958
0.080041
0.062583
0.119792
0.04975
0.063542
0.028041
0.103916
0.039208
0.02975
0.052166
0.034458
0.029625
0.03125
0.029958
0.038667
0.04225
0.030041
0.031042
0.030625
0.033541
0.036167
0.036333
0.077417
0.035
0.032
0.07425
0.036333
0.03575
0.036417
0.043291
0.063042
0.030583
0.033042
0.03625
0.035959
0.059709
0.031167
0.034834
0.040166
0.03675
0.047959
0.041083
0.032708
0.049792
0.050833
0.031458
0.034125
0.033041
0.040083
0.035334
0.029375
0.033417
0.041916
0.057209
0.034125
0.040875
0.036708
0.030667
0.033917
0.034042
0.039708
0.033625
0.031292
0.03325
0.036584
0.034875
0.042666
0.034584
0.03625
0.037625
0.063834
0.041375
0.041042
0.033958
0.026416
0.037875
0.038834
0.034583
0.03475
0.034583
0.07075
0.101958
0.103084
0.048416
0.052584
0.039333
0.053042
0.027166
0.043875
0.031208
0.028833
0.035042
0.06775
0.03175
0.06125
0.053667
0.039666
0.032875
0.042583
0.032416
0.030709
0.030625
0.0285
0.044333
0.03075
0.053459
0.049
0.059167
0.031125
0.031375
0.034834
0.034541
0.04225
0.030417
0.034125
0.039375
0.032959
0.03575
0.035166
0.055833
0.037041
0.0765
0.039875
0.042708
0.159625
0.040666
0.04375
0.034625
0.050916
0.038542
0.044125
0.042125
0.036042
0.032417
0.031041
0.035875
0.029875
0.032541
0.033459
0.033834
0.034333
0.034625
0.036125
0.036542
0.037333
0.041708
0.034375
0.034792
0.036292
0.032916
0.0565
0.067708
0.03625
0.035208
0.050958
0.038208
0.033958
0.033375
0.046958
0.028583
0.04325
0.037708
0.0675
0.051542
0.039
0.050042
0.035542
0.079125
0.043625
0.056167
0.035291
0.037083
0.05125
0.057334
0.031167
0.03525
0.0315
0.050833
0.082708
0.048416
0.047917
0.050958
0.040333
0.0355
0.032791
0.048333
0.032583
0.031708
0.037708
0.033042
0.030292
0.033833
0.040041
0.080667
0.035917
0.038625
0.031583
0.036583
0.044542
0.053625
0.035166
0.03275
0.033542
0.033584
0.03875
0.033292
0.034042
0.067833
0.031084
0.034916
0.045208
0.044917
0.038917
0.030666
0.279459
0.043417
0.033583
0.03925
0.045
0.033709
0.029125
0.036166
0.043625
0.031833
0.033416
0.034792
0.031458
0.033333
0.04375
0.039416
0.038
0.037958
0.035334
0.034125
0.039458
0.035792
0.046625
0.034417
0.049792
0.034833
0.030792
0.060375
0.05225
0.055167
0.086875
0.044542
0.039125
0.035125
0.03575
0.041
0.058167
0.033166
0.03275
0.034291
0.031709
0.038667
0.048042
0.032666
0.033375
0.035167
0.036917
0.033209
0.038375
0.035916
0.038916
0.034375
0.038209
0.035708
0.063916
0.039375
0.038042
0.086375
0.062083
0.0385
0.034875
0.036084
0.037334
0.054667
0.047291
0.045375
0.047458
0.03975
0.053417
0.040042
0.034875
0.062583
0.033125
0.0515
0.030459
0.067584
0.081792
0.031708
0.036333
0.047125
0.035958
0.080375
0.035625
0.048417
0.06
0.032917
0.034542
0.051292
0.065583
0.041
0.03275
0.041958
0.031791
0.031167
0.037166
0.030583
0.035208
0.044833
0.042
0.040541
0.04775
0.036208
0.044708
0.062541
0.038584
0.034875
0.0465
0.033667
0.037375
0.039458
0.049375
0.038291
0.047833
0.061541
0.051416
0.072708
0.045041
0.04175
0.03625
0.107459
0.082375
0.073417
0.034167
0.033333
0.042291
0.051666
0.060042
0.035125
0.062
0.035333
0.037375
0.056375
0.05725
0.065875
0.036708
0.04975
0.042208
0.061292
0.058792
0.043416
0.055917
0.043042
0.053042
0.033375
0.0335
0.036041
0.041708
0.048458
0.035167
0.034667
0.044875
0.031791
0.0335
0.035125
0.031667
0.037667
0.040417
0.03475
0.02925
0.036958
0.032208
0.064583
0.0365
0.055583
0.056958
0.073792
0.039875
0.032167
0.046959
0.035542
0.036542
0.035417
0.028083
0.030917
0.035875
0.062166
0.052292
0.03225
0.033709
0.0425
0.054292
0.055834
0.047459
0.062209
0.044292
0.0365
0.043666
0.037875
0.041625
0.057792
0.061875
0.045792
0.041625
0.048708
0.043041
0.037917
0.04025
0.034834
0.059875
0.082291
0.052667
0.07675
0.034
0.059
0.059625
0.033959
0.031041
0.048875
0.032083
0.063334
0.048542
0.033125
0.06975
0.044834
0.038333
