0.235042
0.22
0.088584
0.047916
0.041875
0.056125
0.051416
0.041459
0.042292
0.045542
0.048875
0.05
0.054333
0.123333
0.06975
0.090542
0.059458
0.051625
0.056959
0.050458
0.046375
0.040375
0.039208
0.057958
0.045
0.047584
0.064167
0.052833
0.044708
0.061958
0.039833
0.043
0.066
0.049375
0.047875
0.053625
0.042417
0.051333
0.040583
0.045667
0.045375
0.045542
0.050375
0.058708
0.052
0.062791
0.05625
0.059625
0.052708
0.047625
0.04775
0.043625
0.045542
0.039
0.040042
0.046208
0.040833
0.044958
0.037333
0.044625
0.043916
0.0515
0.047125
0.07575
0.048666
0.053167
0.045625
0.045584
0.046834
0.047917
0.046042
0.109625
0.043584
0.051584
0.050292
0.047167
0.047875
0.05725
0.044416
0.051333
0.041209
0.043125
0.046917
0.053209
0.04975
0.050708
0.055208
0.044208
0.051084
0.061917
0.048042
0.059292
0.059625
0.048167
0.057708
0.079916
0.058959
0.057042
0.101625
0.058
0.050959
0.051042
0.045625
0.054833
0.043625
0.040167
0.047208
0.056625
0.04025
0.048541
0.050959
0.047583
0.052083
0.046792
0.046583
0.049666
0.05525
0.045625
0.055833
0.061417
0.045458
0.131709
0.060125
0.05025
0.049625
0.053833
0.05275
0.054375
0.05
0.043833
0.052084
0.0595
0.044708
0.050375
0.058917
0.061042
0.059916
0.06375
0.058959
0.065667
0.081
0.065375
0.062458
0.071
0.058333
0.056584
0.134584
0.066125
0.069542
0.071792
0.068042
0.048084
0.10725
0.052
0.057417
0.105333
0.053375
0.052292
0.133
0.052042
0.06975
0.066333
0.065041
0.049
0.100792
0.046875
0.048167
0.121875
0.044292
0.049375
0.047042
0.041917
0.0385
0.055833
0.038291
0.041333
0.061792
0.040083
0.04275
0.056
0.040166
0.038209
0.0625
0.038292
0.044334
0.045834
0.043708
0.043208
0.046209
0.048625
0.049375
0.051042
0.04325
0.04575
0.070917
0.048834
0.044083
0.067416
0.05875
0.042417
0.060792
0.041791
0.046417
0.042167
0.038417
0.041125
0.067208
0.054083
0.045584
0.063125
0.046125
0.052708
0.063791
0.053375
0.050625
0.0675
0.051208
0.049333
0.050458
0.041708
0.047208
0.047167
0.048042
0.074917
0.061583
0.054375
0.051584
0.053167
0.067875
0.04975
0.044291
0.041459
0.042791
0.042917
0.039666
0.041208
0.044083
0.044041
0.050583
0.043875
0.051917
0.051292
0.065875
0.055667
0.055792
0.050291
0.046458
0.042958
0.048917
0.047
0.044042
0.050375
0.041333
0.04775
0.041
0.040291
0.040042
0.045708
0.047792
0.051417
0.064541
0.055375
0.059125
0.085041
0.051209
0.05625
0.086625
0.060375
0.058584
0.065542
0.055708
0.07375
0.078167
0.075416
0.073625
0.054583
0.066292
0.04675
0.062834
0.048709
0.045959
0.072209
0.048625
0.04775
0.074
0.060208
0.044542
0.068375
0.058959
0.057875
0.050125
0.045375
0.04375
0.056375
0.0405
0.0395
0.051458
0.041917
0.040666
0.052083
0.039583
0.044625
0.05975
0.052083
0.052459
0.06025
0.048166
0.057083
0.076709
0.06325
0.065417
0.09475
0.088208
0.048666
0.141666
0.065334
0.0555
0.063334
0.0595
0.067416
0.089958
0.045542
0.055583
0.053292
0.052291
0.053375
0.092834
0.054291
0.062958
0.095709
0.052708
0.071166
0.097125
0.052042
0.058459
0.117625
0.070875
0.0585
0.137958
0.054875
0.070375
0.106792
0.05825
0.0565
0.09975
0.055125
0.069667
0.089125
0.054708
0.057208
0.1945
0.055875
0.068875
0.07325
0.090333
0.050542
0.069833
0.059875
0.061916
0.048875
0.056208
0.050625
0.067042
0.063042
0.071125
0.105792
0.054
0.0825
0.07625
0.040209
0.040166
0.048291
0.048834
0.054041
0.06325
0.210208
0.301875
0.1115
0.081708
0.05175
0.044083
0.049542
0.044083
0.104583
0.037375
0.038375
0.047125
0.040417
0.042708
0.068375
0.052667
0.055791
0.070541
0.047833
0.048166
0.053
0.050875
0.059209
0.053042
0.04025
0.050125
0.062208
0.053792
0.065
0.106042
0.054125
0.049084
0.056625
0.044375
0.046833
0.052459
0.04475
0.054458
0.074667
0.059375
0.051334
0.070542
0.068125
0.055375
0.0565
0.050958
0.053416
0.069042
0.056291
0.058041
0.068042
0.057083
0.066417
0.056667
0.044791
0.062375
0.048792
0.055833
0.060625
0.059375
0.058834
0.053042
0.061834
0.053416
0.05675
0.070958
0.098541
0.052833
0.044
0.043792
0.043167
0.055375
0.042167
0.049708
0.072667
0.046375
0.056792
0.074084
0.04475
0.061416
0.082458
0.050083
0.051667
0.108292
0.064833
0.057042
0.068792
0.049834
0.059
0.117542
0.063916
0.088667
0.085166
0.068667
0.056167
0.090625
0.063959
0.065583
0.068833
0.06425
0.058917
0.084625
0.05125
0.056208
0.089208
0.082
0.18625
0.081042
0.044375
0.0425
0.060709
0.044041
0.053
0.077916
0.048917
0.052209
0.068583
0.061167
0.054833
0.117667
0.092542
0.054833
0.167209
0.119333
0.054917
0.108958
0.085
0.069541
0.171667
0.051875
0.054583
0.081583
0.046333
0.050917
0.069083
0.044875
0.053416
0.066917
0.052834
0.056166
0.078083
0.05775
0.429
0.066875
0.083209
0.059958
0.071417
0.076833
0.041
0.04525
0.046125
0.045791
0.055959
0.050208
0.055
0.14825
0.180209
0.138208
0.067791
0.043416
0.042084
0.046917
0.041
0.046708
0.064292
0.050875
0.056875
0.070209
0.060042
0.050792
0.05225
0.050042
0.044625
0.046209
0.043625
0.044917
0.046958
0.042792
0.042792
0.044292
0.040583
0.049875
0.046083
0.049666
0.042083
0.044375
0.040333
0.097542
0.04725
0.055416
0.043667
0.042417
0.045083
0.049333
0.057583
0.053125
0.086583
0.075666
0.051875
0.094584
0.063
0.050666
0.088
0.042333
0.043541
0.085666
0.057667
0.049625
0.077958
0.047875
0.043959
0.067625
0.057208
0.056208
0.111667
0.057875
0.058166
0.098584
0.074
0.062625
0.176708
0.066166
0.055416
0.073
0.086875
0.055458
0.102167
0.050834
0.05225
0.083292
0.059625
0.058917
0.142708
0.051541
0.058625
0.064834
0.054541
0.045042
0.129541
0.052875
0.055083
0.061667
0.07975
0.057625
0.113416
0.071958
0.099875
0.091334
0.059667
0.053417
0.109792
0.053292
0.059458
0.069166
0.051916
0.0425
0.047541
0.044834
0.041125
0.053459
0.04225
0.04125
0.050458
0.054916
0.047334
0.05375
0.055
0.041208
0.119417
0.057916
0.046833
0.0515
0.043083
0.056708
0.045959
0.04375
0.040166
0.0455
0.0505
0.056167
0.063667
0.067
0.150375
0.108084
0.069792
0.068959
0.0525
0.076958
0.060583
0.049375
0.073958
0.052833
0.049292
0.046333
0.039459
0.051042
0.057625
0.044417
0.040792
0.0405
0.041208
0.055083
0.05075
0.052958
0.051
0.046
0.052167
0.055916
0.064791
0.059041
0.053458
0.053292
0.058791
0.086083
0.081292
0.065584
0.086125
0.057416
0.052333
0.071542
0.053708
0.050084
0.060625
0.052708
0.042459
0.058917
0.048084
0.054958
0.093125
0.063417
0.047
0.064458
0.055167
0.051375
0.059791
0.053084
0.042833
0.063375
0.074292
0.067333
0.1485
0.082834
0.073625
0.098333
0.084959
0.05625
0.139167
0.0615
0.051709
0.069875
0.062375
0.05825
0.117541
0.072875
0.051375
0.061625
0.065667
0.073459
0.155334
0.080292
0.080375
0.067
0.061875
0.055584
0.06125
0.056083
0.056125
0.091125
0.090625
0.097333
0.078416
0.056917
0.087208
0.151042
0.065125
0.102708
0.079708
0.062916
0.082417
0.068917
0.059667
0.056334
0.089292
0.087
0.064917
0.090292
0.079959
0.058458
0.071916
0.065875
0.054292
0.071
0.066625
0.099584
0.104959
0.056958
0.067708
0.097041
0.096708
0.074625
0.074458
0.052459
0.057375
0.077709
0.085709
0.09775
0.070625
0.092458
0.102
0.116833
0.161167
0.0955
0.071125
0.056542
0.09875
0.088625
0.264833
0.078875
0.103375
0.100958
0.05925
0.065583
0.061
0.067209
0.064958
0.081583
0.139167
0.221291
0.070084
0.136583
0.215917
0.066125
0.081709
0.046459
0.046708
0.05
0.086458
0.057042
0.056916
0.1095
0.066334
0.048708
0.055708
0.056
0.051417
0.054958
0.0795
0.065083
0.049917
0.111
0.051292
0.065042
0.529875
0.150875
0.084875
0.172792
0.084
0.085
0.101625
