0.339625
0.656958
0.086916
0.17575
0.358125
0.360542
0.132292
0.123208
0.519458
0.464083
0.35575
0.145084
0.297708
0.324917
0.176583
0.338208
0.356417
0.211375
0.348208
0.162625
0.301292
0.101709
0.342209
0.215416
0.208416
0.205542
0.203958
0.347375
0.323583
0.204875
0.245
0.378958
0.207166
0.384833
0.35475
0.306042
0.216708
0.356458
0.271375
0.728375
0.260833
0.206458
0.364417
0.246542
0.233292
0.268417
0.232708
0.317375
0.1305
0.091042
0.364375
0.2095
0.207791
0.371709
0.134542
0.091125
0.136959
0.210292
0.097667
0.333583
0.368208
0.125667
0.206291
0.3275
0.204958
0.330792
0.21375
0.114291
0.343541
0.120333
0.12975
0.207834
0.329916
0.205333
0.355958
0.203375
0.226791
0.368875
0.172125
0.205708
0.173584
0.179334
0.318209
0.138416
0.146708
0.350167
0.592375
0.155541
0.4115
0.579583
0.173208
0.658875
0.6375
0.17425
0.365
0.222667
0.179708
0.393958
0.755417
0.1755
0.64025
0.638166
0.172667
0.432458
0.618708
0.204083
0.680083
0.701666
0.177875
0.402667
0.70175
0.184
0.41625
0.106792
0.350417
0.7825
0.880333
0.230042
0.410541
0.744334
0.20575
0.139667
0.353875
0.206792
0.579209
0.588125
0.176875
0.386584
0.785
0.207375
0.404708
0.646083
0.09925
0.4675
0.20825
0.177375
0.395583
0.641625
0.173208
0.630458
0.613875
0.11325
0.10425
0.33725
0.212292
0.404792
0.776167
0.207125
0.724833
0.179291
0.118292
0.507625
0.648875
0.152458
0.797625
0.618041
0.186417
0.414666
0.660333
0.175417
0.102917
0.142125
0.126958
0.385541
0.557292
0.204125
0.612459
0.610542
0.180333
0.606417
0.618458
0.127916
0.339458
0.674375
0.148708
0.614584
0.900667
0.155083
0.542375
0.612292
0.1455
0.815625
0.74
0.173791
0.328042
0.436708
0.134
0.3565
0.649792
0.172292
0.439542
0.118375
0.149458
0.448375
0.211917
0.149125
0.618791
0.597625
0.17375
0.418625
0.369125
0.157542
0.354375
0.651167
0.179917
0.609083
0.679708
0.187959
0.608708
0.383333
0.177958
0.651166
0.969041
0.294875
0.57775
0.682125
0.372958
0.632292
0.534625
0.179291
0.209084
0.793916
0.204625
0.805125
0.411042
0.203958
0.613958
0.618375
0.205917
0.4675
0.726791
0.229917
0.440459
0.595959
0.204292
0.124708
0.1765
0.317416
0.783167
0.612584
0.208667
1.13333
0.646375
0.20475
0.765042
0.7755
0.201125
0.446333
0.697875
0.208083
0.795708
0.611667
0.617083
0.717834
0.757458
0.271542
0.827333
0.794625
0.343292
0.811
0.679333
0.240833
0.610917
0.6645
0.376
0.717208
1.08396
0.140292
0.622875
0.644958
0.311041
0.601792
0.889958
0.172459
0.4015
0.641208
0.176458
0.383084
0.765958
0.0865
0.0905
0.176417
0.174625
0.621208
0.606875
0.149125
0.623416
0.928084
0.133208
0.703
0.607833
0.172334
0.389083
0.953542
0.173333
0.615333
0.965625
0.109292
0.414208
0.80925
0.176625
0.854459
0.809959
0.173667
0.680792
0.7845
0.180625
0.367208
0.698916
0.178083
0.316375
0.423333
0.21625
0.376875
0.498917
0.206041
0.324334
0.644542
0.176625
0.778167
0.609458
0.151458
0.171541
0.214333
0.17925
0.6215
0.661875
0.20475
0.656375
0.657292
0.177584
0.404458
0.689708
0.208667
0.379667
0.212667
0.208208
0.820583
0.266041
0.357333
0.813083
0.726
0.202
0.274541
0.599584
0.183792
0.428
0.625541
0.172458
0.382542
0.649208
0.17625
0.354708
0.148042
0.207917
0.773458
0.721041
0.205375
0.608583
0.562
0.21
0.638541
0.620584
0.154041
0.43375
0.502125
0.150958
0.1745
0.534833
0.134333
0.149084
0.615459
0.155416
0.626083
0.814459
0.135292
0.392459
0.953125
0.133208
0.392833
0.403708
0.178542
0.423834
1.01733
0.149375
0.4675
0.550791
0.160583
0.417666
0.349583
0.138167
0.486
0.67625
0.183708
0.62
0.649833
0.173041
0.637417
0.641834
0.327375
0.629625
0.925667
0.162333
1.22808
1.19892
0.248
0.651042
0.946916
0.290459
0.257917
0.33475
0.286875
0.680208
0.688875
0.274417
0.826084
0.957209
0.292625
0.774333
0.75375
0.285667
0.947334
0.908292
0.286334
0.401417
0.7165
0.286084
0.398625
0.217916
0.721833
0.688792
0.9625
0.69675
0.616875
0.629292
0.14075
0.743041
0.721125
0.178583
0.602917
0.255833
0.090209
0.467625
0.628125
0.205417
0.835625
0.765209
0.152041
0.488375
0.680625
0.3155
0.603375
0.799291
0.176709
0.773084
0.207875
0.662459
0.471041
0.761417
0.17675
0.217416
0.40375
0.094125
0.186958
0.458292
0.151708
0.4355
0.772375
0.149167
0.330583
0.662
0.156292
0.381708
0.767542
0.154459
0.380167
0.635083
0.149917
0.334041
0.505875
0.164125
0.210958
0.655708
0.1775
1.38196
0.692291
0.148375
0.392792
0.315917
0.281041
0.733083
0.769875
0.153417
0.414125
0.157125
0.181042
0.464792
0.790334
0.112833
0.359167
0.640417
0.180708
0.654208
0.709916
0.214
0.645458
0.642875
0.1575
0.713
0.175791
0.212583
0.409125
0.736541
0.204458
0.394375
0.731583
0.203459
0.485916
0.648416
0.205333
0.617416
0.854417
0.210625
0.622541
0.556791
0.221542
0.335417
1.23287
0.306083
1.22833
0.693875
0.184958
0.276125
0.982375
0.282
0.720791
0.668666
0.184667
0.896125
0.420208
0.208333
0.154583
0.414958
0.207375
0.584125
0.606375
0.18775
0.617
0.635625
0.32825
0.724042
0.29025
0.115
0.305666
0.509709
0.320125
0.126667
0.316292
0.30125
0.312083
0.575625
0.19325
0.207708
0.596583
0.157708
0.210333
0.307625
0.284583
0.339875
0.486083
0.212917
0.289
0.723292
0.167834
0.149333
0.175417
0.194
0.189417
0.597791
0.210709
0.118084
0.346458
0.208708
0.409083
0.17725
0.15375
0.380458
0.619292
0.182291
0.407208
0.768625
0.210042
0.356708
0.339667
0.359541
0.608833
0.526791
0.209584
0.117583
0.604833
0.288459
0.734083
0.746834
0.188208
0.669959
0.429875
0.340875
0.598625
0.604167
0.308042
0.647041
0.488084
0.207541
0.118125
0.339375
0.116958
0.443875
0.595584
0.178541
0.728125
0.615667
0.190084
0.6055
0.779416
0.116167
0.318375
0.427708
0.207375
0.680208
0.597291
0.112792
0.354166
0.782542
0.152625
0.399584
0.328083
0.301625
0.78475
0.653083
0.15125
0.736417
0.620209
0.136541
0.376875
0.34025
0.1225
0.379167
0.75275
0.12225
0.340916
0.485792
0.20225
0.349125
0.703916
0.246333
0.785542
0.64125
0.260584
0.628
0.233834
0.183875
0.631417
0.642083
0.174583
0.697667
0.357959
0.18375
0.371208
0.574292
0.162
0.354833
0.300791
0.161458
0.379958
1.76
0.156542
0.210791
0.634083
0.189375
0.366667
0.241708
0.184958
0.388625
0.827417
0.151458
0.409958
0.4145
0.1895
0.513166
0.317042
0.19575
0.38425
0.302167
0.156625
0.370541
0.273041
0.205542
0.269041
0.775459
0.20925
0.252042
0.765625
0.204
0.807375
0.293125
0.104917
0.187041
0.362291
0.165167
0.167667
0.113709
0.119292
0.172167
0.406625
0.103709
0.432875
0.371166
0.349625
0.613875
0.25925
0.259167
0.2685
0.321542
0.248833
0.380875
0.212
0.303625
0.254334
0.3405
0.301334
0.304375
0.292125
0.171042
0.366
0.192541
0.158833
0.189791
0.245958
0.134417
0.181083
0.368375
0.159959
0.151
0.175958
0.152875
0.308292
0.56175
0.172083
0.19375
1.08896
0.27475
0.282916
0.439416
0.186458
0.349458
0.352792
0.153375
0.297708
0.625792
0.150958
0.217417
0.214667
0.131208
0.127875
0.098292
0.198667
0.625
0.117167
0.156083
0.726208
0.628542
0.202959
0.378458
0.122208
0.185125
0.749125
0.60775
0.158125
0.225542
0.678209
0.655667
0.714375
0.716042
0.766666
0.103041
0.633333
0.739583
0.637333
0.652833
0.352833
0.747875
0.71825
0.741791
0.616834
0.740125
0.606209
0.604
0.62275
0.608
0.658875
1.22542
0.643417
0.245
0.323917
0.653041
0.152708
0.642958
0.319458
0.141625
0.315292
0.144583
0.331166
0.202959
0.145833
0.351167
0.227334
0.213917
0.294833
0.250083
0.172875
0.14125
0.152667
0.221208
0.303542
0.321
0.261292
0.2755
0.586375
0.323417
0.114375
0.299
0.324375
0.275167
0.303833
