0.402458
0.427709
0.482083
0.082375
0.382291
0.079042
0.073917
0.076084
0.077041
0.086167
0.078
0.080959
0.086
0.078083
0.074584
0.077292
0.077
0.07775
0.077458
0.086417
0.082834
0.081542
0.080875
0.08975
0.082208
0.077709
0.074875
0.078875
0.0835
0.102375
0.079625
0.083833
0.075625
0.0795
0.076084
0.079333
0.082208
0.07725
0.079
0.075125
0.078042
0.097
0.086916
0.075209
0.080041
0.076916
0.080166
0.082041
0.077375
0.073666
0.084416
0.072625
0.075041
0.07475
0.073667
0.07375
0.083834
0.076375
0.085125
0.0785
0.090375
0.122625
0.11775
0.101458
0.110708
0.14175
0.095458
0.261208
0.142541
0.085458
0.126791
0.182709
0.123167
0.138417
0.164708
0.083917
0.153542
0.125833
0.135792
0.171167
0.147541
0.084041
0.146958
0.157875
0.191208
0.151
0.205208
0.084125
0.148458
0.086583
0.141917
0.12225
0.14775
0.081667
0.1825
0.081042
0.139041
0.142083
0.134041
0.083417
0.158125
0.147667
0.136666
0.203083
0.156458
0.1405
0.135834
0.128375
0.161542
0.166208
0.145375
0.158
0.182125
0.200917
0.133125
0.355209
0.139459
0.091458
0.218584
0.157583
0.28375
0.244
0.330875
0.196625
0.202375
0.260208
0.168084
0.197958
0.167167
0.097458
0.457792
0.095
0.122708
0.215583
0.150209
0.077292
0.127458
0.114958
0.148375
0.143917
0.1425
0.085959
0.186667
0.138917
0.127292
0.13725
0.129
0.123375
0.160375
0.155708
0.135584
0.177542
0.163416
0.117042
0.170333
0.110083
0.125084
0.168333
0.137416
0.084167
0.1695
0.182709
0.134167
0.117042
0.156667
0.089875
0.126459
0.14375
0.240625
0.092083
0.131334
0.109166
0.159
0.087667
0.130458
0.183167
0.13625
0.137916
0.132708
0.155666
0.13075
0.177833
0.146834
0.099709
0.197125
0.156625
0.141709
0.122917
0.143
0.127292
0.170125
0.12125
0.141125
0.209791
0.269833
0.331917
0.217292
0.324958
0.200583
0.254583
0.207333
0.33975
0.22475
0.305625
0.224583
0.226875
0.153667
0.08525
0.171916
0.093042
0.122875
0.173792
0.131458
0.127833
0.158375
0.110125
0.14
0.198333
0.129666
0.139
0.191791
0.09025
0.124916
0.130542
0.119166
0.1285
0.135166
0.147833
0.144334
0.152333
0.148166
0.131083
0.166417
0.185042
0.156
0.116167
0.147167
0.134
0.180791
0.093
0.23525
0.23325
0.139625
0.140958
0.161458
0.092416
0.136375
0.204291
0.130459
0.118583
0.167125
0.178375
0.131583
0.196916
0.190792
0.130458
0.166708
0.152458
0.137667
0.261333
0.140083
0.152042
0.229334
0.158917
0.149416
0.142208
0.16975
0.124708
0.196959
0.1805
0.148542
0.108333
0.245833
0.158916
0.317458
0.17125
0.204833
0.450167
0.271709
0.178125
0.229667
0.136875
0.1835
0.155125
0.204125
0.167708
0.184417
0.122
0.122458
0.1545
0.094375
0.1105
0.128584
0.113584
0.123042
0.125292
0.119208
0.117625
0.130667
0.134417
0.102292
0.131958
0.119792
0.101375
0.1705
0.130375
0.604333
0.172042
0.150916
0.236833
0.262
0.198917
0.163667
0.195083
0.157708
0.138417
0.15925
0.129959
0.212916
0.130334
0.129166
0.157167
0.198875
0.12575
0.154375
0.220667
0.157208
0.131042
0.165042
0.142209
0.129417
0.186
0.136917
0.125916
0.191958
0.160916
0.126083
0.224834
0.205208
0.198541
0.17475
0.188833
0.144542
0.179292
0.142541
0.13925
0.212084
0.120333
0.147417
0.130917
0.136459
0.179209
0.160584
0.140208
0.161125
0.214291
0.176833
0.210792
0.204625
0.30375
0.24225
0.404125
0.236917
0.324208
0.155333
0.171417
0.139833
0.133875
0.14475
0.129541
0.120125
0.121
0.120375
0.1455
0.138791
0.10425
0.139125
0.139208
0.128167
0.139084
0.12625
0.129833
0.120792
0.105167
0.123792
0.122333
0.177
0.123334
0.126792
0.155375
0.116084
0.108208
0.10175
0.096083
0.096667
0.093625
0.090667
0.115417
0.115583
0.092917
0.092834
0.099709
0.10675
0.100791
0.091291
0.107834
0.093
0.096375
0.093875
0.09775
0.097167
0.091
0.089584
0.099875
0.08725
0.091958
0.100958
0.091
0.088542
0.121833
0.092291
0.109959
0.111875
0.102291
0.092334
0.090208
0.095209
0.121708
0.099209
0.087709
0.092458
0.114583
0.100958
0.131167
0.119084
0.11725
0.1355
0.127041
0.110666
0.111667
0.1245
0.100083
0.084542
0.092625
0.086083
0.080916
0.097917
0.094375
0.099
0.097459
0.081916
0.113541
0.1115
0.098959
0.1445
0.108209
0.087375
0.1015
0.086125
0.085542
0.108541
0.099292
0.093625
0.103875
0.113709
0.100083
0.111708
0.127625
0.135375
0.144667
0.134792
0.12675
0.375375
0.15475
0.143166
0.163625
0.143417
0.195791
0.202416
0.125292
0.149792
0.197292
0.146333
0.133792
0.151458
0.137667
0.136375
0.143958
0.177458
0.129875
0.312417
0.160875
0.214959
0.14475
0.232791
0.145084
0.383667
0.233125
0.182375
0.109083
0.15825
0.145333
0.247917
0.127583
0.165417
0.238125
0.143667
0.143042
0.345667
0.103709
0.174334
0.16875
0.1365
0.145167
0.204166
0.142084
0.132208
0.175125
0.141042
0.132208
0.14175
0.117
0.144083
0.284042
0.150416
0.156958
0.285083
0.125333
0.195708
0.151042
0.137208
0.134125
0.169375
0.204166
0.140417
0.23425
0.165166
0.1605
0.294916
0.147958
0.129541
0.251375
0.14175
0.138375
0.352084
0.141333
0.134542
0.114917
0.153125
0.184833
0.3575
0.145917
0.160916
0.187583
0.126084
0.138625
0.125333
0.1005
0.121125
0.139208
0.125666
0.143958
0.122083
0.130833
0.130959
0.125083
0.12825
0.131375
0.094208
0.100875
0.168875
0.133042
0.146667
0.206083
0.139792
0.15025
0.231125
0.142333
0.158042
0.169792
0.142625
0.153458
0.238667
0.152958
0.114375
0.183416
0.186542
0.128917
0.206416
0.214084
0.140542
0.232209
0.132166
0.132792
0.189084
0.129709
0.139375
0.145125
0.133375
0.143125
0.196958
0.13625
0.132125
0.423833
0.147208
0.152291
0.350041
0.15
0.143834
0.3665
0.154333
0.133292
0.316042
0.132083
0.146917
0.288375
0.140541
0.14425
0.149041
0.12375
0.121542
0.165292
0.128959
0.131584
0.158458
0.12175
0.151125
0.130375
0.130042
0.117542
0.169334
0.138625
0.142834
0.132833
0.131125
0.166042
0.187959
0.139
0.15575
0.312042
0.19675
0.1415
0.323083
0.153458
0.156
0.210917
0.18175
0.179542
0.197
0.286667
0.158375
0.282041
0.149666
0.163958
0.261833
0.171417
0.14775
0.188666
0.141125
0.141541
0.232917
0.135041
0.150125
0.173
0.1505
0.124667
0.229625
0.130292
0.139584
0.176625
0.125833
0.155542
0.1955
0.149583
0.149208
0.305917
0.145
0.149333
0.239209
0.205125
0.151625
0.216667
0.145208
0.140417
0.394958
0.163834
0.168417
0.157167
0.156291
0.14575
0.326667
0.135875
0.148917
0.335125
0.14625
0.148042
0.140292
0.223667
0.147084
0.22875
0.141375
0.154458
0.226334
0.184208
0.153625
0.34925
0.1295
0.136709
0.137625
0.1305
0.13125
0.237375
0.2085
0.179333
0.308833
0.135041
0.148458
0.259542
0.143708
0.15775
0.206209
0.140208
0.154042
0.216959
0.11175
0.143458
0.197167
0.136583
0.163584
0.237333
0.183292
0.147125
0.342916
0.121791
0.136417
0.14425
0.13475
0.133625
0.189166
0.125958
0.127
0.123708
0.147916
0.128459
0.183167
0.129375
0.14075
0.193459
0.198416
0.1365
0.219916
0.132584
0.132583
0.139709
0.144917
0.124625
0.148041
0.120083
0.136292
0.127125
0.123542
0.144708
0.306208
0.153666
0.188208
0.164916
0.143208
0.145792
0.18775
0.173334
0.156833
0.363416
0.13675
0.140209
0.310917
0.164333
0.135208
0.14725
0.141167
0.452792
0.133708
0.156708
0.497708
0.347417
0.657417
0.525459
0.170625
0.172209
0.177709
0.172625
0.183
0.635292
0.189708
0.261417
0.185458
0.132333
0.156375
0.144209
0.131417
0.1555
0.169708
0.137792
0.1155
0.126083
0.123625
0.123709
0.13175
0.133209
0.126167
0.13025
0.155167
0.211083
0.143166
0.125833
0.541167
0.201375
0.202167
0.141
0.155292
0.146375
0.129875
0.168792
0.196917
0.130833
0.12775
0.133875
0.234708
0.179833
0.161333
0.16875
0.3485
1.05483
0.787791
0.265416
