0.89025
0.560542
1.08571
0.779167
0.508542
0.386458
0.281208
0.282208
0.235791
0.148208
0.266916
0.551458
0.132875
10.2696
9.47504
1.95258
1.61225
7.87533
0.816541
5.226
0.696666
1.42521
3.0595
1.03471
0.842792
0.701417
0.504709
0.130125
0.160334
0.309833
0.132375
0.247583
0.317959
0.497709
0.364916
0.14325
0.846792
0.41975
0.409
0.234833
0.68125
0.532084
0.167
0.2455
0.243791
0.227542
2.45892
0.183833
1.01021
0.150542
0.130417
0.2915
0.453375
0.165667
0.221917
0.485875
0.518292
0.731916
0.369667
0.196625
0.2815
0.606208
0.310459
4.26917
0.141083
1.06117
0.304
0.13175
0.418958
4.56829
0.7035
1.12167
0.229875
0.477333
0.12325
0.200875
0.705334
0.545458
1.11742
0.231041
0.195708
1.1975
0.707125
0.136292
0.564042
0.593875
0.746292
1.10854
1.78954
1.17867
1.58525
1.38013
4.56675
0.550625
0.624958
0.180916
0.174209
0.314292
3.12342
0.322041
1.31754
0.501959
0.739292
0.543667
0.261958
2.96554
2.62037
0.146875
0.631667
0.320541
0.430417
12.0559
1.16717
0.938875
0.238667
6.66854
1.71487
1.09246
0.179917
0.38275
0.545083
0.137125
0.498833
0.26325
0.193583
2.12846
0.779917
5.55042
0.126208
1.26087
0.459541
0.989667
8.25217
0.366416
0.384208
1.30254
1.21533
0.682333
2.49617
0.656042
2.96688
0.566709
3.17804
0.300167
3.35512
0.964417
0.834708
0.50175
0.141708
0.185875
0.925416
0.446375
0.996833
0.22275
0.702708
0.326458
3.05567
7.79142
0.78
10.8945
0.447375
0.554583
0.173333
0.366417
0.274417
4.81454
0.888209
0.496917
1.10846
4.23408
0.4935
0.982666
1.39587
11.2519
1.58738
1.80804
4.53158
0.183375
0.586375
0.129875
0.404167
3.56238
0.920791
15.1234
13.1734
0.690083
0.670375
4.505
0.640584
1.2035
10.7188
0.289541
3.16833
0.5845
0.552
1.90379
9.88667
0.669209
7.30167
8.78438
3.26558
4.5405
1.13871
0.936709
0.851583
9.26679
0.309167
16.2967
1.89567
0.875834
3.66188
2.04142
0.831541
1.31421
1.69983
0.646375
1.01342
0.697792
0.281
2.23479
0.519959
0.8345
0.721417
0.157041
4.54054
3.82025
0.188375
0.646917
1.42871
0.159833
0.469208
0.19825
0.836042
0.901542
1.75596
0.962625
0.436375
1.04658
3.60321
3.27312
0.275625
0.718167
0.213417
0.411959
0.859166
1.04183
1.31938
0.203458
0.142291
1.12229
0.956792
2.04983
0.152834
0.281625
1.01608
0.152542
0.835708
0.723167
0.16975
0.1605
0.187834
0.730709
0.873542
0.837583
1.13179
2.41654
0.23975
1.81433
1.26392
0.27275
1.38246
1.24567
1.02883
1.01612
3.43217
0.187417
5.20479
1.02158
0.576125
0.194417
1.84808
0.330334
3.49367
0.280833
1.79246
0.360042
0.785834
1.54446
0.846417
1.1915
0.636916
2.27333
0.334833
1.52262
0.209167
1.99692
0.151833
0.285792
2.791
0.183833
0.724625
1.07458
0.266291
1.18033
0.957875
0.308958
4.65521
0.304
0.157041
0.669334
0.876
1.83463
2.05087
0.208
0.342083
1.84929
0.741375
0.135208
0.828875
0.190083
1.24358
1.34758
2.00233
0.147208
0.15025
0.203833
0.153167
0.700084
0.723
0.13925
0.9875
0.141792
0.795291
0.855125
0.219875
0.858333
0.168333
0.145291
0.130834
0.926416
0.872125
0.745667
0.688375
0.132959
0.131583
0.133042
2.39792
0.178958
0.246917
0.221709
0.546291
0.166417
0.203792
2.02446
0.69875
1.40237
0.925708
1.32992
2.07079
0.99725
1.33963
0.146875
0.832833
0.125958
0.144667
0.151
0.136458
0.132583
1.01112
0.174958
0.139625
0.865208
0.245583
0.811583
0.132208
0.222458
1.42971
0.543291
0.127584
0.169625
0.729708
1.03254
0.191625
0.280875
0.208583
0.390292
0.705416
0.229958
0.573542
0.227458
0.170917
0.206209
0.455708
0.317791
0.724292
0.437542
0.480041
0.13975
0.761917
0.7145
0.542666
0.117042
0.676875
1.6785
0.157959
0.172458
0.215417
0.1635
2.28775
0.145875
1.3745
1.475
0.771417
0.986417
0.808333
0.72425
2.89367
0.182875
0.124583
2.53212
0.177333
0.87625
0.139375
0.131375
1.84492
1.57621
0.149625
1.06725
0.679667
0.165959
0.178208
0.736167
2.92188
0.246791
1.20571
0.305834
1.2855
0.866417
0.673833
0.266291
2.02796
0.164417
0.218917
0.158542
0.13
0.24825
1.70333
0.149583
0.129333
0.241833
0.694333
0.224917
0.120041
0.788834
0.178042
0.119583
0.158375
0.809667
0.130209
0.217292
2.20042
0.818458
0.730375
1.16338
0.751625
1.29688
1.26808
1.33783
0.835458
0.742292
0.302458
0.951375
0.377625
1.10429
0.448042
0.293167
1.10171
0.315416
0.67875
0.588333
0.15625
0.929167
0.350583
0.378167
0.361833
0.253208
0.201625
0.391042
0.3695
1.51658
0.583375
0.1855
0.287583
0.147459
0.404167
0.19825
0.444541
0.15925
0.155792
0.167042
0.353083
0.144542
0.1355
0.188542
0.265875
0.145666
0.572541
2.13829
0.15625
0.167917
0.501625
0.39525
0.151666
0.601708
0.140791
0.693542
0.139208
0.216125
0.1185
0.184875
0.132125
0.630125
0.155833
0.377917
0.336083
0.171083
0.291958
0.149
0.262709
0.133417
0.194333
0.258458
0.665
0.209
0.145583
0.602417
0.200875
0.131458
0.329208
0.243958
0.27825
0.151833
0.177666
0.131333
0.193292
0.157917
0.250042
0.42575
0.156542
0.169208
0.1375
0.952791
0.700917
0.246791
0.218625
0.475792
0.573583
0.121334
0.219167
0.534875
0.679792
0.131709
0.238875
1.69246
0.450958
0.502375
3.44996
0.349542
0.165958
0.23775
0.51575
0.137333
0.285333
2.18125
0.235458
0.211167
0.595584
0.124125
0.225667
0.657083
0.1185
0.154792
0.638667
1.158
0.141208
0.493708
0.153541
0.41675
0.499583
0.147667
1.17204
0.59425
0.118791
0.151625
0.169375
0.536
0.330416
0.169917
2.28083
0.220167
0.194875
0.151125
0.155292
0.179792
0.147583
0.405875
1.21617
0.144542
0.124958
0.172667
0.2615
0.598042
0.157917
0.17775
0.619334
0.694125
0.182833
0.685792
0.1375
0.171875
0.56975
0.383084
0.252666
0.182083
0.144083
0.301958
0.54875
0.491834
0.865042
0.132542
1.34425
0.347125
0.297167
0.291958
0.338334
0.847833
2.40629
1.14554
0.195875
0.981666
0.13775
0.394541
0.766042
0.510166
0.392042
1.10304
0.2425
0.779541
0.316125
1.07496
0.1675
0.735417
0.682041
8.9265
0.363833
3.53075
0.351167
0.589875
1.58862
0.182333
0.147459
6.46275
0.415625
1.7815
1.48187
0.240458
0.371583
0.951125
0.663166
0.685041
0.777042
0.144583
0.149
0.812167
0.907292
0.158709
0.383042
0.170916
0.373375
1.37496
0.344542
0.721792
0.516292
2.67838
0.107416
0.153958
0.211667
0.134458
0.130791
0.146542
0.287167
0.785292
0.728209
0.807416
1.82288
0.153334
0.218083
1.34825
0.588917
0.452875
1.30983
0.340875
0.276541
1.0215
2.09771
0.974709
1.437
21.5258
0.865375
1.90208
0.909416
0.28
1.60337
0.891542
0.563417
1.4935
0.166583
3.15212
1.93292
0.162375
0.491666
0.168042
0.538833
1.21446
0.682875
0.333
0.147833
1.24329
0.647625
0.147958
0.636459
0.965833
0.172875
1.77675
0.443375
0.196042
0.2065
1.21242
0.124292
1.60388
0.300041
1.15754
2.0885
1.42621
0.7085
0.303
0.357292
0.985708
1.46862
0.766208
0.132208
0.675792
0.372959
0.33675
0.694834
0.772209
0.319667
0.465291
0.327125
0.183083
0.980333
1.60025
1.205
0.93575
0.3745
0.782333
0.170417
0.719792
0.751208
5.55017
1.42533
0.1465
0.80475
0.637833
0.696791
0.750708
0.760208
0.839083
0.373125
7.32929
1.79933
1.90679
1.33458
0.15175
3.588
0.669292
1.15092
9.26229
0.694959
0.51175
1.3555
0.172459
0.681541
1.5095
0.15875
2.05117
1.36921
2.95642
0.850667
1.26208
1.52846
1.27592
0.670209
1.16904
0.9925
1.5545
1.15871
0.641458
0.873208
0.310625
0.334625
0.613459
0.172084
0.519041
0.3585
0.223125
0.194667
0.272292
0.217208
0.136209
0.316375
0.341792
0.7295
0.203
1.319
0.22775
0.121792
0.472
0.200791
0.143375
0.116292
0.354542
0.303792
0.128875
