0.757167
0.424959
0.592625
0.1175
0.269917
0.149708
0.09625
0.102333
0.144625
0.127334
0.1385
0.141083
0.148042
0.1625
0.120125
0.109334
0.164542
0.108
0.433917
0.108416
0.098375
0.090625
0.147958
0.094125
0.133667
0.105333
0.135416
0.100625
0.099584
0.094209
0.148416
0.103709
0.121125
0.094875
0.160958
0.135458
0.104583
0.158333
0.126583
0.097375
0.115625
0.098291
0.098209
0.100125
0.104666
0.092708
0.1
0.096167
0.091458
0.096375
0.099667
0.104833
0.098083
0.145625
0.097542
0.094833
0.097
0.101083
0.096584
0.112666
0.108291
0.09575
0.135666
0.094334
0.094042
0.110292
0.098917
0.097334
0.10025
0.100666
0.096792
0.13825
0.093625
0.094875
0.093458
0.0995
0.091666
0.101708
0.096958
0.09525
0.0995
0.09975
0.09475
0.096
0.096791
0.098667
0.09425
0.095375
0.094791
0.110167
0.117625
0.092834
0.097417
0.088875
0.095
0.146292
0.102292
0.09925
0.1045
0.102041
0.092958
0.099416
0.091416
0.098
0.123291
0.10775
0.097
0.118583
0.097167
0.106667
0.133292
0.104125
0.094209
0.12
0.091375
0.099208
0.1425
0.097083
0.142042
0.0975
0.110208
0.120833
0.176
0.099167
0.094875
0.135583
0.100084
0.103125
0.145
0.092958
0.114125
0.107958
0.097583
0.1025
0.141667
0.096958
0.097625
0.130083
0.103625
0.092708
0.097666
0.094125
0.104667
0.09675
0.100917
0.11875
0.180375
0.106792
0.096583
0.145166
0.093375
0.092292
0.1235
0.109084
0.125459
0.216625
0.123583
0.102875
0.130542
0.19575
0.106417
0.225625
0.194542
0.120625
0.167959
0.175333
0.121708
0.211417
0.103042
0.900375
0.600459
0.108
3.12042
0.176625
0.103625
0.135542
0.129708
0.093667
0.125833
0.099125
0.30425
0.114333
0.092708
0.097833
0.119
0.096084
0.251667
0.14275
0.155166
0.111083
0.176541
0.1165
0.126417
0.1075
0.102167
0.097959
0.100625
0.132
0.094833
0.092083
0.148958
0.116458
0.14625
0.111833
0.109834
0.106916
0.113458
0.101875
0.112125
0.097417
0.102625
0.137416
0.129291
0.098416
0.094167
0.13675
0.102833
0.115458
0.106209
0.095083
0.101417
0.1435
0.093417
0.101292
0.094833
0.102833
0.095958
0.092416
0.09625
0.099625
0.133667
0.092958
0.094042
0.127083
0.103375
0.0975
0.179833
0.092791
0.095291
0.113916
0.101875
0.09975
0.105042
0.095334
0.099333
0.099291
0.096084
0.10275
0.118625
0.09725
0.191625
0.102417
0.133667
0.183583
0.141916
0.508208
0.14725
0.229417
0.355416
0.125959
0.112542
0.100667
0.099042
0.098458
0.1065
0.09375
0.104625
0.098083
0.106334
0.09425
0.09825
0.091583
0.109458
0.120417
0.115708
0.143959
0.098833
0.091458
0.352666
0.533875
0.481667
0.166458
0.170708
0.138916
0.209209
0.099125
0.099042
0.17175
0.110625
0.089333
0.134291
0.096375
0.115792
0.093334
0.09725
0.102084
0.149667
0.099541
0.110083
0.100958
0.092209
0.103917
0.111125
0.1355
0.093833
0.1105
0.111667
0.090792
0.134333
0.099375
0.098708
0.099583
0.09925
0.093292
0.115458
0.08925
0.091541
0.101541
0.1265
0.13075
0.163041
0.1085
0.094375
0.10375
0.149291
0.093208
0.094416
0.174833
0.116667
0.09875
0.137042
0.109458
0.107458
0.098167
0.104292
0.112334
0.1275
0.0965
0.10375
0.156792
0.099791
0.095583
0.100458
0.093958
0.1135
0.097208
0.102833
0.10575
0.105583
0.102583
0.108416
0.095667
0.098708
0.102208
0.165542
0.101792
0.1025
0.095959
0.112833
0.105458
0.145791
0.11875
0.117541
0.090958
0.113209
0.114792
0.111167
0.096583
0.142
0.094625
0.118167
0.117708
0.114834
0.104959
0.101417
0.117916
0.096834
0.090959
0.126541
0.093708
0.116
0.147792
0.106625
0.109959
0.106708
0.092917
0.133708
0.10875
0.099708
0.101666
0.101333
0.101417
0.114958
0.092917
0.090458
0.091375
0.088959
0.112583
0.10475
0.120542
0.114417
0.17425
0.115542
0.094041
0.109416
0.130542
0.105167
0.162417
0.136667
0.097
0.140416
0.102458
0.111667
0.100875
0.11675
0.114666
0.119833
0.099375
0.108
0.092708
0.09925
0.094667
0.101167
0.101209
0.09075
0.093792
0.137166
0.107167
0.119625
0.101
0.103125
0.096625
0.131875
0.132667
0.092541
0.136833
0.13825
0.112167
0.132667
0.101375
0.142542
0.101583
0.11825
0.104667
0.099042
0.094208
0.120458
0.114584
0.102125
0.107458
0.096833
0.154958
0.113375
0.104791
0.132625
0.092583
0.134416
0.108
0.103042
0.141583
0.105416
0.132584
0.105625
0.093292
0.111417
0.101667
0.112083
0.089959
0.098541
0.09175
0.134666
0.133709
0.119292
0.109666
0.105042
0.090791
0.110542
0.126583
0.106583
0.094708
0.123167
0.107334
0.110833
0.099709
0.1535
0.125834
0.112833
0.103958
0.117417
0.097125
0.095167
0.096417
0.125875
0.109584
0.094083
0.107791
0.105542
0.154375
0.129167
0.235042
0.101458
0.103875
0.107042
0.10375
0.1125
0.133041
0.09025
0.095541
0.146834
0.102
0.105917
0.094333
0.099875
0.134541
0.106792
0.089625
0.099041
0.0965
0.107958
0.092459
0.110917
0.112375
0.109708
0.10775
0.103542
0.100459
0.112667
0.109416
0.115875
0.110459
0.110792
0.100542
0.118
0.102125
0.102416
0.111375
0.104458
0.104292
0.109791
0.093583
0.098167
0.094709
0.102792
0.096708
0.12225
0.096208
0.110417
0.099083
0.1
0.100916
0.09975
0.125042
0.117
0.089416
0.108709
0.104125
0.099
0.096083
0.095791
0.096667
0.103792
0.101375
0.099083
0.135125
0.09475
0.092375
0.104916
0.119833
0.126583
0.098292
0.093208
0.103458
0.098041
0.095583
0.094667
0.156875
0.092458
0.104084
0.088917
0.128583
0.109208
0.176375
0.092208
0.102584
0.105
0.094
0.114709
0.096834
0.099
0.1195
0.100542
0.125125
0.1445
0.325
0.113917
0.1075
0.136
0.100375
0.099625
0.106375
0.116334
0.119917
0.133541
0.097083
0.150708
0.174125
0.100041
0.10275
0.138041
0.165875
0.096916
0.115
0.108792
0.100625
0.093084
0.101792
0.13375
0.106833
0.134041
0.231583
0.147
0.1085
0.102708
0.094416
0.147083
0.127458
0.096625
0.107458
0.0975
0.102834
0.159166
0.184209
0.103167
0.101167
0.101208
0.101209
0.137041
0.105667
0.105875
0.095042
0.1115
0.100416
0.104667
0.132458
0.098458
0.112625
0.106583
0.15125
0.093917
0.101625
0.104625
0.122875
0.096333
0.099625
0.092459
0.106042
0.104167
0.096458
0.094125
0.094375
0.093125
0.10175
0.120417
0.10625
0.098417
0.114625
0.121292
0.2345
0.11175
0.10475
0.103458
0.156625
0.095
0.099791
0.107834
0.094333
0.095167
0.094708
0.10325
0.143625
0.133667
0.104625
0.106375
0.116292
0.101083
0.097959
0.122125
0.148958
0.12375
0.253167
0.101333
0.113458
0.097958
0.097834
0.095292
0.126
0.104791
0.137917
0.101583
0.100084
0.101833
0.112625
0.173
0.121209
0.108167
0.135209
0.126666
0.152833
0.098417
0.104083
0.134542
0.168083
0.114584
0.1035
0.104125
0.096084
0.111292
0.10025
0.153542
0.144292
0.103333
0.107834
0.134334
0.146333
0.098708
0.108708
0.237208
0.120209
0.103542
0.099875
0.105625
0.104834
0.095666
0.10025
0.146167
0.103209
0.100084
0.135833
0.245625
0.129875
0.101209
0.18825
0.116917
0.096792
0.136542
0.106417
0.134375
0.12175
0.119959
0.096542
0.101833
0.101125
0.109167
0.11775
0.109167
0.150792
0.144458
0.106666
0.10025
0.107292
0.100166
0.141292
0.101667
0.103625
0.104959
0.109667
0.097333
0.119833
0.1025
0.111292
0.103666
0.094333
0.115959
0.195375
0.115
0.115042
0.101208
0.122875
0.122458
0.110667
0.145375
0.13925
0.289959
0.142625
0.285875
0.352583
0.287292
0.256458
0.338542
0.264208
0.372875
0.162084
0.162875
0.227209
0.841583
0.159
0.31
0.235833
0.33425
0.506417
0.577917
0.194375
0.126667
0.541666
0.28625
0.1995
0.146916
0.559208
0.144375
0.106666
0.142334
0.115709
0.1005
0.153291
0.133042
0.133458
0.202125
0.137417
0.170834
0.147917
0.243083
0.109583
0.199458
0.118167
0.105459
0.137625
0.170209
0.196125
0.179542
0.116625
0.107459
0.105
0.120292
0.133708
