0.115334
0.159375
0.082333
0.025208
0.03525
0.030334
0.024625
0.024375
0.040125
0.049542
0.02425
0.026917
0.023083
0.025666
0.097125
0.160333
0.024375
0.024416
0.023708
0.024375
0.025
0.028833
0.02975
0.067208
0.028375
0.031166
0.024875
0.023167
0.025667
0.02625
0.046958
0.02325
0.027583
0.027291
0.025584
0.028917
0.0235
0.023667
0.022375
0.023417
0.024958
0.022625
0.023042
0.025333
0.025833
0.023292
0.023542
0.023042
0.023375
0.024291
0.026292
0.028792
0.024084
0.024291
0.02475
0.022458
0.023709
0.022708
0.02625
0.022042
0.0405
0.052084
0.024041
0.035917
0.032416
0.036042
0.026583
0.0305
0.024125
0.023125
0.022458
0.023041
0.022875
0.022291
0.023291
0.022709
0.022792
0.023792
0.025208
0.023125
0.026
0.030459
0.025125
0.021167
0.026125
0.023208
0.021959
0.021834
0.02375
0.022958
0.02225
0.025583
0.02575
0.023708
0.02425
0.029875
0.022667
0.029791
0.024625
0.033
0.030958
0.028667
0.031416
0.0295
0.026459
0.02525
0.027625
0.02975
0.023
0.026
0.027167
0.026083
0.024875
0.02525
0.026791
0.0315
0.022709
0.027208
0.04625
0.023875
0.024
0.033833
0.022542
0.030833
0.024041
0.029375
0.025792
0.024084
0.023541
0.025375
0.023625
0.023
0.024166
0.023708
0.023292
0.035083
0.035625
0.034209
0.031125
0.029667
0.02575
0.03175
0.023125
0.022166
0.02825
0.026
0.027583
0.027792
0.024542
0.027917
0.022833
0.024417
0.025625
0.025583
0.022291
0.033791
0.021291
0.024708
0.02375
0.0225
0.023792
0.023
0.022708
0.031875
0.023584
0.032041
0.022833
0.032417
0.022417
0.034
0.024875
0.033542
0.030208
0.031209
0.029542
0.024667
0.03075
0.0255
0.027709
0.025584
0.024583
0.025875
0.029875
0.027708
0.029042
0.030542
0.034083
0.02425
0.022917
0.024583
0.023417
0.025083
0.028209
0.032583
0.027208
0.026083
0.026542
0.030042
0.024625
0.027583
0.024875
0.026125
0.023
0.027167
0.023584
0.026375
0.025833
0.031541
0.028584
0.033666
0.028458
0.024125
0.023167
0.029
0.024334
0.02825
0.026167
0.026417
0.026375
0.027625
0.025083
0.026125
0.023542
0.026333
0.031375
0.026958
0.026292
0.035292
0.026125
0.025167
0.026167
0.029666
0.0255
0.025125
0.025583
0.027916
0.02475
0.030083
0.029292
0.029167
0.030375
0.035292
0.043084
0.037292
0.025333
0.027834
0.026208
0.028
0.027291
0.025167
0.026458
0.024708
0.023417
0.029083
0.024833
0.035917
0.026833
0.031375
0.024625
0.027666
0.025417
0.03375
0.024709
0.030125
0.028375
0.027625
0.028458
0.029208
0.028292
0.02875
0.026375
0.026334
0.02525
0.025792
0.025709
0.0355
0.032458
0.025166
0.026041
0.023292
0.024042
0.023458
0.023792
0.023459
0.022083
0.023042
0.022541
0.031583
0.022583
0.024584
0.022875
0.0295
0.024708
0.03125
0.025
0.033458
0.024625
0.026208
0.025292
0.032167
0.022834
0.031792
0.031125
0.0335
0.034708
0.034333
0.024958
0.024375
0.022333
0.027917
0.028333
0.024833
0.023958
0.025291
0.026417
0.031584
0.025875
0.02875
0.023792
0.025917
0.023875
0.025833
0.024541
0.024625
0.025875
0.024042
0.024209
0.027834
0.026458
0.032541
0.025125
0.032917
0.025125
0.028541
0.024083
0.027291
0.024417
0.025083
0.023708
0.032042
0.027875
0.027375
0.029
0.035625
0.023083
0.034958
0.023125
0.028792
0.0235
0.029875
0.023875
0.032042
0.024458
0.03125
0.024708
0.030625
0.02625
0.026458
0.027375
0.023375
0.024958
0.027125
0.02575
0.03025
0.029459
0.030333
0.027125
0.024417
0.024541
0.025208
0.02475
0.027208
0.022417
0.02325
0.023125
0.024542
0.023583
0.033875
0.0295
0.033542
0.027333
0.028
0.025833
0.02525
0.023792
0.024125
0.021292
0.02625
0.026916
0.029167
0.024041
0.023167
0.021916
0.026167
0.024666
0.024959
0.02425
0.024084
0.024
0.024
0.02775
0.027209
0.023125
0.023208
0.025958
0.023291
0.02375
0.024917
0.022458
0.023833
0.028875
0.028458
0.02925
0.0365
0.029875
0.031625
0.028042
0.034917
0.030875
0.035
0.026292
0.031375
0.025125
0.028875
0.025583
0.031083
0.0285
0.027041
0.026292
0.028125
0.026209
0.029125
0.024958
0.025083
0.023166
0.026459
0.023458
0.026833
0.02175
0.022208
0.022792
0.023625
0.025292
0.024416
0.025209
0.025166
0.033125
0.027167
0.029042
0.025167
0.023792
0.031084
0.033166
0.035875
0.02925
0.02475
0.024041
0.026584
0.023875
0.024042
0.022792
0.02475
0.023458
0.022541
0.026083
0.023125
0.028084
0.023208
0.023917
0.023333
0.025583
0.028584
0.025041
0.029208
0.024708
0.027584
0.026333
0.028917
0.024583
0.026125
0.0255
0.027167
0.02325
0.0345
0.022792
0.030708
0.027833
0.031834
0.032625
0.036333
0.0295
0.037375
0.023875
0.027917
0.024208
0.030625
0.024458
0.028834
0.023916
0.028542
0.026834
0.026041
0.0285
0.028333
0.025416
0.028042
0.026875
0.031291
0.028916
0.029875
0.024125
0.026125
0.027916
0.028709
0.023875
0.026667
0.025959
0.029
0.025833
0.02375
0.023541
0.029291
0.0245
0.032791
0.026333
0.027333
0.026334
0.028625
0.023834
0.025875
0.028083
0.029583
0.02725
0.03125
0.027709
0.030667
0.028584
0.0305
0.026417
0.028625
0.02575
0.030291
0.026208
0.029875
0.025375
0.035042
0.025334
0.028625
0.029917
0.026958
0.023917
0.027708
0.027541
0.028375
0.02525
0.027375
0.026875
0.028083
0.028791
0.0265
0.025208
0.02575
0.026375
0.02975
0.029583
0.026834
0.033042
0.029625
0.031792
0.025
0.032209
0.030666
0.031
0.026709
0.030083
0.028083
0.027292
0.02475
0.028417
0.028208
0.029709
0.023333
0.028833
0.026875
0.030958
0.032125
0.028792
0.027084
0.02775
0.025833
0.027708
0.026875
0.030458
0.027875
0.024542
0.02725
0.029709
0.024791
0.025625
0.164417
0.026875
0.0265
0.025167
0.031792
0.028958
0.03
0.0255
0.03025
0.029875
0.025834
0.027125
0.026583
0.032667
0.027125
0.030708
0.026667
0.032083
0.026208
0.0305
0.034916
0.033
0.0275
0.031958
0.032042
0.032041
0.029166
0.029167
0.029
0.024083
0.027667
0.026083
0.026042
0.028417
0.023
0.025542
0.024666
0.025916
0.027
0.026291
0.03075
0.027291
0.024333
0.02925
0.026375
0.026667
0.023
0.02275
0.02525
0.025542
0.024291
0.027958
0.02325
0.023375
0.024583
0.022833
0.024042
0.024375
0.030542
0.030625
0.030333
0.029791
0.026958
0.022917
0.026
0.0235
0.024417
0.029
0.024042
0.032875
0.030375
0.028875
0.026166
0.030291
0.025291
0.025458
0.026291
0.027875
0.026916
0.027666
0.025417
0.029625
0.02875
0.027875
0.028792
0.027417
0.032083
0.03125
0.027125
0.024583
0.025084
0.025917
0.02475
0.025875
0.02875
0.033417
0.036875
0.037
0.032875
0.031583
0.056916
0.029125
0.024709
0.031375
0.025792
0.025375
0.022833
0.024459
0.027041
0.025375
0.035875
0.026292
0.02375
0.024792
0.026709
0.025
0.024167
0.034167
0.026958
0.028375
0.030416
0.031875
0.025375
0.032459
0.025
0.029041
0.025916
0.027333
0.023459
0.03
0.026292
0.032167
0.027125
0.030083
0.023792
0.027458
0.027875
0.027084
0.029125
0.02775
0.027125
0.030458
0.032084
0.026791
0.028583
0.027541
0.028667
0.0275
0.025667
0.031958
0.024166
0.028375
0.02875
0.031125
0.029
0.0255
0.029375
0.027458
0.029667
0.028708
0.027667
0.127542
0.096291
0.034334
0.028625
0.027125
0.029667
0.02425
0.027917
0.028583
0.024042
0.029375
0.031542
0.028417
0.025208
0.02975
0.025042
0.031583
0.026875
0.026
0.027666
0.030833
0.032792
0.028208
0.02725
0.028917
0.02925
0.026541
0.02775
0.0245
0.024375
0.025209
0.028
0.027916
0.026959
0.028917
0.028833
0.027083
0.034542
0.032708
0.025834
0.023833
0.023875
0.026333
0.030875
0.032875
0.025791
0.0265
0.028708
0.02675
0.02475
0.027625
0.033875
0.030875
0.0285
0.026625
0.025709
0.030291
0.025917
0.026542
0.038166
0.032167
0.035291
0.027917
0.028083
0.031916
0.029
0.025792
0.034083
0.026334
0.02425
0.024042
0.02775
0.027458
0.026625
