0.379083
0.058209
0.021667
0.034833
0.052334
0.01775
0.054583
0.03
0.047208
0.029709
0.071458
0.134875
0.04775
0.048042
0.025667
0.079542
0.053458
0.080709
0.044083
0.029042
0.047875
0.050375
0.0415
0.0275
0.032833
0.059833
0.0315
0.0665
0.041334
0.037333
0.0385
0.044375
0.129792
0.045875
0.041709
0.029458
0.066333
0.039875
0.034583
0.081375
0.045792
0.040709
0.046625
0.061125
0.037416
0.064
0.069917
0.052292
0.03775
0.033917
0.051458
0.0345
0.044125
0.049583
0.0365
0.045416
0.036417
0.055542
0.031125
0.032667
0.031333
0.025666
0.025375
0.029417
0.021375
0.063625
0.026958
0.032333
0.022
0.03225
0.043916
0.042166
0.018417
0.04325
0.036292
0.032667
0.04225
0.049875
0.02725
0.029167
0.05175
0.028125
0.029208
0.020834
0.030333
0.027083
0.040708
0.047458
0.044458
0.096834
0.043084
0.0365
0.024917
0.047709
0.03325
0.096417
0.02675
0.027917
0.04575
0.028459
0.046333
0.024334
0.026584
0.029375
0.0225
0.026667
0.025583
0.054208
0.034667
0.0435
0.041708
0.036875
0.025
0.038417
0.038416
0.025875
0.027209
0.032417
0.025208
0.037875
0.023917
0.048708
0.027166
0.062333
0.037917
0.023
0.037459
0.507792
0.0225
0.022459
0.021542
0.023625
0.02175
0.025917
0.025416
0.023959
0.026333
0.028958
0.03
0.0295
0.03075
0.040625
0.045583
0.028083
0.03425
0.031875
0.027333
0.032125
0.041375
0.039
0.028125
0.03925
0.027291
0.021833
0.053291
0.027792
0.0245
0.025875
0.0305
0.043459
0.023
0.022167
0.023625
0.021583
0.023542
0.030625
0.017417
0.019125
0.018
0.028833
0.019
0.018875
0.019
0.020625
0.018459
0.022583
0.023542
0.0175
0.021042
0.019292
0.027083
0.017958
0.016875
0.026625
0.018541
0.02025
0.01925
0.017833
0.01875
0.021292
0.019709
0.020833
0.023625
0.01725
0.019334
0.024292
0.018208
0.03525
0.019416
0.017375
0.018209
0.0175
0.019542
0.021292
0.020417
0.019208
0.021042
0.019167
0.020583
0.023084
0.020167
0.0235
0.021167
0.021333
0.01775
0.021167
0.021708
0.093709
0.022625
0.025625
0.02175
0.024709
0.02425
0.021416
0.019875
0.018209
0.018
0.018459
0.021416
0.021625
0.023833
0.039792
0.090458
0.048875
0.051125
0.074125
0.021334
0.197333
0.0325
0.038333
0.059458
0.046375
0.032458
0.05575
0.034875
0.043916
0.021
0.066292
0.026208
0.037125
0.028125
0.02725
0.027583
0.019292
0.018833
0.015166
0.019458
0.02025
0.017042
0.021709
0.024959
0.020167
0.03175
0.025209
0.023791
0.024541
0.022834
0.018958
0.019625
0.021666
0.01975
0.019
0.020166
0.020042
0.022083
0.0185
0.022625
0.018333
0.027208
0.0195
0.03975
0.062791
0.043042
0.019375
0.0225
0.033125
0.041667
0.021792
0.023083
0.043792
0.020166
0.03275
0.031334
0.044125
0.033625
0.039333
0.023458
0.042417
0.030834
0.022459
0.023667
0.025042
0.039959
0.019
0.022625
0.026958
0.020709
0.031458
0.025333
0.018333
0.02025
0.019167
0.025084
0.019042
0.01925
0.018916
0.019458
0.020125
0.022166
0.02675
0.019375
0.018208
0.019958
0.020166
0.024375
0.018792
0.024
0.021959
0.023
0.019292
0.019083
0.017625
0.018917
0.022917
0.017708
0.018292
0.021292
0.0215
0.019375
0.020958
0.019459
0.020208
0.021667
0.020083
0.024083
0.0275
0.025416
0.025208
0.02425
0.024959
0.023666
0.021417
0.023541
0.021292
0.022333
0.022083
0.019083
0.022334
0.020791
0.023292
0.062667
0.024458
0.030459
0.019625
0.024541
0.042125
0.025959
0.042208
0.029958
0.044583
0.052875
0.027792
0.033
0.027667
0.021792
0.01925
0.020167
0.026459
0.023458
0.02325
0.022834
0.025041
0.022834
0.025834
0.024125
0.02425
0.023625
0.040042
0.024833
0.022667
0.021292
0.022666
0.021917
0.023291
0.021541
0.022292
0.019125
0.023167
0.024417
0.020292
0.019875
0.041917
0.020083
0.033208
0.031125
0.020375
0.049042
0.072709
0.02275
0.047167
0.080875
0.023584
0.024459
0.031042
0.025583
0.022125
0.022
0.023166
0.022083
0.025791
0.033416
0.024459
0.022083
0.023042
0.019834
0.019333
0.017458
0.020458
0.021458
0.024792
0.020833
0.026417
0.025
0.023292
0.020667
0.023375
0.020458
0.022584
0.020875
0.021
0.018792
0.023542
0.020292
0.0185
0.018833
0.020292
0.020333
0.024709
0.026666
0.019834
0.016708
0.018625
0.019333
0.016166
0.017625
0.021083
0.020708
0.017625
0.0195
0.018375
0.016625
0.016875
0.017
0.01675
0.017625
0.018334
0.01975
0.018666
0.021708
0.019292
0.020709
0.020875
0.022875
0.026208
0.09075
0.024792
0.023375
0.026917
0.022958
0.03325
0.024875
0.020834
0.020792
0.018917
0.019625
0.021666
0.0205
0.026667
0.034334
0.023833
0.025792
0.045834
0.044375
0.036458
0.03275
0.02725
0.048917
0.056292
0.028
0.027875
0.031834
0.047959
0.027584
0.027542
0.026792
0.0225
0.0215
0.0205
0.019583
0.021083
0.03725
0.0485
0.028125
0.028917
0.025458
0.031916
0.017792
0.019833
0.01875
0.019834
0.019875
0.022958
0.024334
0.025875
0.023958
0.019708
0.022334
0.042875
0.022375
0.026125
0.025542
0.021458
0.021667
0.042833
0.031333
0.041
0.035209
0.022
0.026084
0.027167
0.024708
0.025625
0.023167
0.021958
0.022625
0.021458
0.019166
0.018
0.020458
0.022667
0.021
0.024083
0.027792
0.023625
0.025042
0.019042
0.02925
0.036292
0.037125
0.04425
0.042958
0.029583
0.025458
0.034709
0.025
0.020584
0.02475
0.019959
0.022417
0.025667
0.018958
0.023375
0.025333
0.023709
0.021417
0.020833
0.020958
0.02125
0.021417
0.022416
0.018583
0.019042
0.02275
0.02475
0.025709
0.02525
0.027125
0.025708
0.023041
0.024792
0.036166
0.021792
0.024917
0.022542
0.022916
0.026083
0.022292
0.023084
0.041083
0.028541
0.056042
0.03225
0.031125
0.030584
0.03125
0.025417
0.022542
0.018458
0.019583
0.018875
0.0235
0.019459
0.018833
0.018959
0.025875
0.019667
0.0205
0.021458
0.025375
0.021417
0.020375
0.0185
0.018208
0.018417
0.018917
0.017083
0.018375
0.016666
0.01675
0.017917
0.0165
0.016375
0.017583
0.019167
0.016125
0.016666
0.017459
0.016208
0.019208
0.019208
0.014459
0.016916
0.016084
0.018166
0.013292
0.012416
0.01625
0.013583
0.01875
0.019917
0.022125
0.019834
0.021292
0.016958
0.0175
0.016541
0.017791
0.016417
0.018833
0.018417
0.017416
0.015375
0.020333
0.014292
0.018208
0.024583
0.021167
0.014625
0.023666
0.024125
0.024458
0.025958
0.0265
0.04975
0.043958
0.038209
0.053292
0.026083
0.02675
0.026625
0.022334
0.043416
0.039208
0.01925
0.033625
0.019625
0.059584
0.058375
0.047917
0.043959
0.027916
0.023208
0.021042
0.029875
0.02825
0.052583
0.03775
0.030375
0.023291
0.065083
0.047459
0.04675
0.020291
0.051708
0.024708
0.060833
0.030125
0.02625
0.021667
0.021375
0.022625
0.019542
0.017334
0.02025
0.027875
0.027333
0.047542
0.017292
0.018917
0.01775
0.038917
0.0205
0.023166
0.018667
0.023792
0.019333
0.019708
0.019167
0.020041
0.027458
0.028875
0.020292
0.015166
0.018125
0.01475
0.019375
0.013
0.01825
0.014125
0.01825
0.021417
0.018875
0.015667
0.01625
0.014292
0.017333
0.014958
0.028084
0.035334
0.0225
0.016375
0.017459
0.018625
0.020208
0.014875
0.019834
0.014333
0.017875
0.016625
0.019583
0.019958
0.020375
0.020209
0.01975
0.018833
0.027833
0.022542
0.034167
0.018375
0.024375
0.017625
0.025708
0.019875
0.021459
0.040125
0.024041
0.023
0.0405
0.045333
0.038875
0.072917
0.025584
0.043917
0.041792
0.025875
0.0215
0.027667
0.028292
0.027208
0.02925
0.030125
0.046125
0.04175
0.053542
0.046208
0.024708
0.039042
0.021833
0.049667
0.034084
0.03925
0.051042
0.040291
0.045542
0.0575
0.041708
0.041
0.071041
0.039042
0.027833
0.031459
0.019875
0.027125
0.022875
0.023084
0.028916
0.02875
0.028625
0.021375
0.026375
0.027
0.025167
0.030209
0.028333
0.056041
0.029792
0.029
0.020916
0.053375
0.03075
0.068875
0.031833
0.02725
0.023333
