0.409666
0.578042
0.289167
0.121208
0.184709
0.2995
0.198958
0.328375
0.667291
0.21375
0.332792
0.307958
0.340834
0.209125
0.194375
0.2575
0.246875
0.1965
0.230834
0.370291
0.203416
0.2455
0.232458
0.230291
0.283459
0.335833
0.248417
0.234709
0.359792
0.221042
0.273
0.903292
0.13525
0.102166
0.115584
0.170584
0.106833
0.190708
0.09575
0.090834
0.103542
0.092666
0.087875
0.1055
0.082625
0.090209
0.112083
0.091208
0.089542
0.103334
0.097042
0.092875
0.095667
0.090875
0.096208
0.120584
0.109292
0.097709
0.099041
0.092041
0.13225
0.2575
0.259292
0.410625
0.316291
0.211708
0.2145
0.230375
1.21183
0.148583
0.248334
0.332208
0.220083
0.24175
0.244167
0.21525
0.247625
0.202792
0.353625
0.173583
0.260042
0.189042
0.22625
0.230917
0.189167
0.274584
0.246917
0.211417
0.130083
0.12725
0.134834
0.102875
0.1205
0.106167
0.09
0.118958
0.274667
0.176375
0.099916
0.091791
0.090291
0.088959
0.085916
0.09425
0.0955
0.117708
0.117083
0.123042
0.266583
0.480125
0.423042
0.215875
0.2105
0.183708
0.183792
0.156291
0.106292
0.161209
0.107333
0.120583
0.094042
0.098625
0.096375
0.093209
0.093
0.127791
0.09475
0.090791
0.100125
0.0965
0.103917
0.094041
0.089875
0.097542
0.089583
0.08675
0.093041
0.094416
0.097917
0.10375
0.108834
0.085125
0.091375
0.097417
0.112167
0.0995
0.108834
0.095875
0.11725
0.097583
0.092834
0.094167
0.108833
0.094625
0.0985
0.099792
0.091375
0.107042
0.110291
0.114
0.098375
0.096125
0.09275
0.103084
0.099875
0.089792
0.090917
0.086375
0.099667
0.179958
0.12025
0.34775
0.228167
0.0955
0.0885
0.102416
0.087625
0.103041
0.090208
0.11025
0.087791
0.094791
0.122667
0.093
0.096583
0.122458
0.099334
0.089209
0.102917
0.090875
0.093292
0.099916
0.10375
0.097417
0.096167
0.096292
0.0905
0.083333
0.089584
0.102166
0.097917
0.096208
0.117833
0.134708
0.112917
0.114542
0.098583
0.126125
0.09375
0.111042
0.09325
0.11225
0.114333
0.398417
0.955875
0.101916
0.17
0.528083
0.112792
0.110042
0.130917
0.100834
0.188291
0.14575
0.121958
0.25075
0.121375
0.102583
0.23125
0.110875
0.105416
0.099625
0.097875
0.101083
0.104625
0.120959
0.118709
0.130334
0.132459
0.155875
0.191584
0.096417
0.129417
0.117041
0.107209
0.102583
0.099125
0.101917
0.099
0.104083
0.114041
0.100792
0.175625
0.152542
0.19625
0.114416
0.097958
0.103334
0.115875
0.119125
0.102584
0.112042
0.115958
0.277
0.344416
0.29975
0.100042
0.104208
0.09825
0.123125
0.322041
0.274875
0.152417
0.105416
0.119209
0.172584
0.39975
0.25775
0.174292
0.33575
0.317625
0.290042
0.272833
0.21325
0.294375
0.253333
0.142958
0.146083
0.162416
0.3195
0.262
0.457042
0.314708
0.526875
0.175333
0.113417
0.1275
0.108833
0.093916
0.173667
0.328583
0.4335
0.267584
0.231875
0.298375
0.622
0.30075
0.528792
0.855667
0.323209
0.277542
0.319417
0.323084
0.461958
0.522833
0.328792
0.259584
0.180042
0.254708
0.314667
0.998
0.279167
0.316584
1.08629
0.256791
0.708667
0.465792
0.5905
0.235375
0.4245
0.380834
0.787875
0.628916
0.265916
0.937042
0.402792
0.298667
0.276209
0.267792
0.133584
0.101875
0.116375
0.106
0.0945
0.102
0.0905
0.098458
0.10575
0.090208
0.111667
0.098541
0.090625
0.098667
0.129583
0.094667
0.092083
0.094959
0.119125
0.103208
0.09825
0.099667
0.093333
0.119875
0.104666
0.120667
0.151375
0.106875
0.096417
0.111541
0.102958
0.1975
0.126042
0.100125
0.099334
0.09325
0.1205
0.189125
0.104625
0.11825
0.093833
0.105334
0.098292
0.189417
0.462292
0.300209
0.581166
0.313584
0.303041
0.266584
0.284583
0.569959
0.285542
0.37625
0.290417
0.177042
0.174958
0.293708
0.278625
0.339667
0.405833
0.303542
0.484417
0.311292
0.305125
0.288584
0.24675
0.297875
0.2725
0.3655
0.251333
0.265583
0.265375
0.148458
0.518792
0.501
0.433542
0.327834
0.1455
0.191792
0.14125
0.333417
0.304084
0.1875
0.309041
0.180417
0.378541
0.147708
0.308
0.552167
0.228958
0.167084
0.191666
0.172958
0.195875
0.681875
0.342209
0.275375
0.191917
0.332875
0.151916
0.151917
0.159584
0.195416
0.217042
0.255458
0.196708
0.337584
0.173292
0.102541
0.988792
0.263875
0.12
0.499125
0.190667
0.281875
0.206875
0.311416
0.19875
0.525917
0.326459
0.118417
0.1435
0.240459
0.271
0.1975
0.124042
0.242917
0.2215
0.211708
0.157583
0.229541
0.170083
0.215708
0.280167
0.124125
0.147375
0.243583
0.152875
0.164334
0.267125
0.375042
0.158042
0.133916
0.45225
0.194875
0.253958
0.345583
0.286334
0.277125
0.430166
0.238625
0.314708
0.372542
0.264458
0.206125
0.22275
0.279708
0.156291
0.155125
0.234
0.207666
0.141958
0.239416
0.251458
0.287958
0.212167
0.1645
0.294875
0.261834
0.16925
0.233042
0.271375
0.154209
0.214375
0.247542
0.21675
0.121667
0.097125
0.105333
0.08975
0.143459
0.090292
0.094917
0.09525
0.092917
0.105041
0.092542
0.090959
0.1015
0.086417
0.170041
0.251333
0.307167
0.234583
0.139875
0.141125
0.17925
0.214417
0.260917
0.365042
0.236917
0.254417
0.180666
0.406333
0.143625
0.129833
0.151583
0.213083
0.218125
0.243709
0.230458
0.150125
0.25425
0.187334
0.166917
0.245666
0.692
0.229125
0.234542
0.247459
0.248542
0.175542
0.2515
0.149083
0.262916
0.291667
0.188625
0.226584
0.428708
0.199333
0.28475
0.5365
0.412792
0.308667
0.365458
0.28075
0.146583
0.329958
0.272083
0.116792
0.173625
0.1785
0.2635
0.285208
0.24475
0.215666
0.143667
0.256417
0.209541
0.191709
0.153334
0.268708
0.197583
0.209167
0.096208
0.097041
0.276417
0.101042
0.093584
0.09175
0.146959
0.166291
0.174333
0.218709
0.195458
0.207958
0.129916
0.222542
0.18975
0.251375
0.180208
0.179875
0.191875
0.124708
0.093625
0.097375
0.121333
0.168958
0.122416
0.110333
0.117292
0.116583
0.177375
0.093416
0.13325
0.187209
0.121625
0.151791
0.184083
0.179959
0.132042
0.634959
0.21625
0.124417
0.13075
0.112834
0.165583
0.165583
0.133833
0.105334
0.10525
0.184167
0.095541
0.107625
0.147
0.09025
0.098792
0.094125
0.106666
0.093333
0.099334
0.0925
0.231834
0.362083
0.211208
0.190208
0.237417
0.139
0.412292
0.137625
0.1145
0.396792
0.201708
0.152625
0.148
0.133583
0.137417
0.148625
0.139125
0.169291
0.194417
0.233959
0.1725
0.12125
0.177459
0.119292
0.140792
0.122208
0.106458
0.104708
0.155625
0.133959
0.123584
0.520042
0.141333
0.092208
0.128083
0.090208
0.107
0.125875
0.100833
0.091
0.14775
0.182459
0.143375
0.126166
0.119042
0.133916
0.164584
0.145083
0.218209
7.78117
2.20754
0.098625
0.127791
0.110333
0.107375
0.108667
0.100125
0.138541
0.193208
0.118875
0.225208
0.253125
0.125417
0.364333
0.470917
0.709167
0.173708
0.153709
0.093792
0.122333
0.1075
0.094
0.151333
0.259584
0.285792
0.159
0.233458
0.278542
0.297708
0.3645
0.272333
0.253834
0.236
0.405709
0.150209
0.189666
0.217375
0.154917
0.174666
0.1465
0.174
0.151125
0.409667
0.235083
0.132458
0.127542
0.287959
0.205042
0.280083
0.345291
0.173292
0.285292
0.3135
0.353208
0.166291
0.231708
0.291917
0.249875
0.181958
0.298292
0.384458
0.163334
0.39675
0.143709
0.366875
0.620583
0.212584
0.222541
0.143959
0.207792
0.178625
0.275333
0.29075
0.181291
0.282959
0.161209
0.098625
0.104083
0.127459
0.125292
0.298041
0.258208
0.277625
0.104417
0.272833
0.124959
0.547208
0.76975
0.850791
0.623375
0.14075
0.127833
0.096583
0.165083
0.245625
0.373166
0.985
0.945958
0.443042
0.247084
0.225625
0.283125
0.1825
0.39175
0.261333
2.99842
0.330209
0.103292
0.125708
0.1005
0.116041
0.104959
0.197167
0.517125
0.175375
0.258292
0.123917
0.102
0.263792
0.2235
0.274125
0.209208
0.431125
0.364667
0.282334
0.1755
0.164291
0.273625
0.783417
0.270875
0.133625
0.130584
