0.254334
0.198542
0.096709
0.071958
0.047959
0.046542
0.049375
0.055208
0.054584
0.110917
0.062708
0.071375
0.065166
0.054375
0.050333
0.129
0.081917
0.082625
0.0525
0.082
0.048375
0.049584
0.056542
0.052833
0.052125
0.067417
0.071208
0.080041
0.085375
0.090666
0.071167
0.049375
0.058375
0.082875
0.053958
0.082708
0.061083
0.082166
0.067542
0.05125
0.076292
0.068542
0.062625
0.068291
0.068166
0.054959
0.058166
0.0475
0.085667
0.052417
0.069459
0.047875
0.05325
0.05625
0.083417
0.060291
0.067041
0.064083
0.055459
0.074709
0.095958
0.096834
0.066084
0.0715
0.08525
0.151583
0.105084
0.111667
0.11225
0.10925
0.057166
0.068417
0.080125
0.073959
0.065875
0.284875
0.063167
0.129334
0.10375
0.093625
0.060167
0.072666
0.0825
0.093625
0.087625
0.086875
0.118834
0.084542
0.078292
0.063625
0.063375
0.082208
0.077041
0.048875
0.078833
0.120792
0.07175
0.075125
0.082125
0.078667
0.061667
0.053542
0.062167
0.05175
0.093458
0.08525
0.132875
0.067292
0.06525
0.070292
0.062084
0.052333
0.05575
0.071625
0.068333
0.074
0.06725
0.056042
0.061875
0.0605
0.07925
0.077292
0.080083
0.0555
0.094292
0.078709
0.079083
0.0795
0.079792
0.077
0.077375
0.049875
0.05825
0.152542
0.065584
0.052042
0.057333
0.046583
0.050583
0.056417
0.046291
0.07
0.047792
0.059792
0.055791
0.072334
0.061208
0.062917
0.101125
0.099167
0.076542
0.09375
0.059583
0.055583
0.076916
0.071708
0.105625
0.061375
0.066917
0.138167
0.130709
0.078791
0.095584
0.047167
0.079125
0.12225
0.07975
0.052041
0.06925
0.062959
0.104
0.049541
0.063292
0.055917
0.04725
0.048917
0.047625
0.066541
0.049917
0.05
0.058792
0.047
0.046459
0.055834
0.052
0.052459
0.044083
0.04475
0.048833
0.051833
0.052958
0.05425
0.054
0.080792
0.067333
0.099208
0.073958
0.074292
0.046292
0.047958
0.054208
0.071916
0.069458
0.074625
0.044875
0.095958
0.0505
0.097
0.0905
0.066708
0.070708
0.069458
0.0575
0.068708
0.051083
0.053667
0.069166
0.097375
0.045083
0.039375
0.04975
0.044584
0.041167
0.048208
0.063417
0.072333
0.074542
0.073084
0.082625
0.057208
0.062375
0.062084
0.099375
0.056292
0.11775
0.063334
0.061334
0.078708
0.073584
0.117667
0.064166
0.057875
0.06825
0.0655
0.068333
0.091167
0.095792
0.053167
0.070209
0.048083
0.047208
0.042959
0.049625
0.050417
0.051875
0.049125
0.047625
0.05325
0.0515
0.050542
0.046625
0.046916
0.0475
0.046959
0.049917
0.047917
0.047666
0.0515
0.048625
0.050875
0.049375
0.044416
0.04825
0.043916
0.046708
0.049625
0.044917
0.044666
0.044667
0.043833
0.044959
0.069667
0.06675
0.091541
0.071416
0.067333
0.050833
0.054417
0.045167
0.047
0.043791
0.047083
0.055875
0.047083
0.049958
0.083375
0.076792
0.082375
0.076667
0.053375
0.087333
0.054834
0.045833
0.079
0.055291
0.087791
0.075291
0.066458
0.075333
0.051708
0.051333
0.05175
0.057708
0.054375
0.081042
0.057667
0.052375
0.06925
0.052
0.05125
0.046042
0.07675
0.047584
0.051958
0.061958
0.05175
0.060583
0.071583
0.049708
0.0675
0.07025
0.059
0.049125
0.04625
0.047958
0.072
0.054584
0.052209
0.064917
0.065458
0.045208
0.04875
0.04475
0.053917
0.044417
0.047125
0.046
0.04575
0.04725
0.045583
0.048167
0.044708
0.045
0.068584
0.048333
0.046125
0.057083
0.0445
0.053166
0.051
0.048834
0.046041
0.047916
0.044084
0.0525
0.051834
0.058167
0.108125
0.052625
0.048875
0.08975
0.050292
0.049125
0.048875
0.046209
0.042042
0.043333
0.056792
0.042583
0.044625
0.044541
0.059333
0.060167
0.057334
0.045625
0.061833
0.06675
0.0455
0.155625
0.047916
0.05575
0.051209
0.044292
0.053917
0.09625
0.242792
0.059208
0.055
0.053334
0.060708
0.081375
0.063791
0.056625
0.047833
0.051292
0.04725
0.047042
0.050708
0.051709
0.054458
0.058208
0.085291
0.097041
0.089458
0.089375
0.056542
0.057
0.065375
0.049292
0.047458
0.049375
0.258208
0.05625
0.049209
0.054459
0.046209
0.066792
0.057125
0.047083
0.058917
0.046791
0.044708
0.046708
0.065
0.069166
0.088459
0.098542
0.086041
0.088916
0.076167
0.046834
0.044375
0.053917
0.046041
0.062208
0.049042
0.048
0.054958
0.0605
0.047833
0.050958
0.067833
0.072041
0.054042
0.0685
0.064292
0.060083
0.064833
0.091625
0.050584
0.076583
0.057958
0.072084
0.0485
0.090667
0.056875
0.066875
0.072833
0.069458
0.04975
0.088417
0.06925
0.063875
0.055917
0.0675
0.065041
0.060292
0.05775
0.072292
0.054209
0.053125
0.057
0.073041
0.071042
0.044334
0.073333
0.055208
0.078
0.057792
0.05975
0.075667
0.065583
0.055084
0.0805
0.05675
0.049791
0.076375
0.069375
0.063167
0.064833
0.069625
0.049
0.062666
0.098
0.060625
0.080458
0.066792
0.053708
0.095
0.06975
0.056209
0.08775
0.075542
0.05075
0.111084
0.073542
0.05525
0.0575
0.062583
0.054333
0.079875
0.060375
0.068125
0.049458
0.063083
0.056542
0.058292
0.05775
0.058625
0.05675
0.078
0.047459
0.061708
0.075875
0.053084
0.081834
0.060791
0.056875
0.108917
0.05075
0.066084
0.084458
0.06
0.078041
0.0705
0.063167
0.057709
0.051459
0.062042
0.07475
0.073333
0.050042
0.060042
0.053458
0.065042
0.081084
0.065875
0.063584
0.061833
0.165708
0.080292
0.094042
0.086041
0.072375
0.056
0.073417
0.065334
0.05275
0.13175
0.09925
0.056875
0.062833
0.0615
0.084584
0.063
0.065875
0.051625
0.086125
0.054125
0.139666
0.0495
0.067917
0.087709
0.05875
0.093834
0.068916
0.080458
0.064916
0.065791
0.071875
0.0685
0.043625
0.061292
0.053375
0.049666
0.04725
0.044667
0.056334
0.063333
0.041292
0.089334
0.140083
0.063083
0.164667
0.141083
0.08125
0.175459
0.159166
0.061208
0.170167
0.05275
0.045417
0.05975
0.059625
0.060667
0.058291
0.081708
0.051167
0.090958
0.051167
0.066458
0.057
0.052167
0.052417
0.095542
0.087791
0.11275
0.35975
0.058541
0.049333
0.051041
0.05375
0.068542
0.049208
0.080542
0.043292
0.074708
0.081417
0.048583
0.068708
0.0485
0.101709
0.065917
0.068041
0.063
0.044417
0.07075
0.055584
0.082875
0.116666
0.070125
0.078083
0.077958
0.071542
0.069042
0.059625
0.059167
0.053
0.077417
0.043083
0.078958
0.071958
0.046375
0.048083
0.04525
0.047375
0.057709
0.046958
0.052791
0.047
0.045875
0.045875
0.049917
0.146959
0.054542
0.088209
0.05475
0.056375
0.068083
0.081583
0.094958
0.0775
0.078834
0.0485
0.070708
0.081458
0.072542
0.059708
0.087834
0.072292
0.052792
0.055583
0.04625
0.059333
0.052334
0.054208
0.049625
0.121041
0.07575
0.06525
0.058542
0.082917
0.094625
0.128917
0.067458
0.052958
0.081791
0.071833
0.09575
0.056458
0.060792
0.058708
0.101916
0.070667
0.067083
0.064792
0.076916
0.06075
0.06925
0.0785
0.061166
0.125083
0.086959
0.0645
0.107875
0.11275
0.090333
0.06675
0.059917
0.146833
0.056292
0.056583
0.0755
0.075
0.064917
0.076625
0.067
0.0465
0.067667
0.051875
0.044541
0.064167
0.053334
0.052542
0.045584
0.063375
0.050125
0.0455
0.049708
0.046666
0.05175
0.049458
0.077709
0.04825
0.065416
0.053375
0.056584
0.0735
0.05425
0.054584
0.054125
0.058458
0.0605
0.100209
0.062167
0.05475
0.05775
0.05875
0.100625
0.076208
0.075417
0.056334
0.061667
0.095958
0.049458
0.068042
0.065167
0.072542
0.07825
0.101042
0.068208
0.164375
0.110958
0.086041
0.137375
0.096209
0.072708
0.065875
0.086416
0.07625
0.092416
0.085125
0.150667
0.208708
0.197334
0.047625
0.051875
0.076416
0.070375
0.163416
0.084709
0.130542
0.100667
0.062791
0.0745
0.07275
0.051292
0.062709
0.091334
0.047667
0.056125
0.052417
0.043667
0.065583
0.052417
0.05375
0.046333
0.058625
0.0705
0.127417
0.1015
0.091375
0.101625
0.070584
0.276709
0.07775
0.24425
0.063959
0.123583
0.082667
0.061625
0.054833
0.076125
0.089042
