0.516375
0.461625
0.463916
0.204166
0.176458
0.42575
0.103709
0.148
0.124334
0.143
0.09925
0.306291
0.15925
0.1765
0.168417
0.121
0.094708
0.273334
0.259583
0.1035
0.232084
0.189125
0.118584
0.138084
0.137125
0.172791
0.180625
0.170541
0.110375
0.180041
0.108291
0.187917
0.149917
0.176958
0.134875
0.176292
0.165708
0.209542
0.132458
0.203583
0.132708
0.115875
0.131167
0.287125
0.182834
0.178875
0.179667
0.134166
0.202042
0.12575
0.1155
0.128584
0.146
0.18225
0.174667
0.136625
0.107791
0.155125
0.181083
0.224042
0.104334
0.14225
0.14575
0.238792
0.222834
0.14075
0.137958
0.154708
0.113291
0.136042
0.208875
0.114833
0.144916
0.163041
0.140375
0.121791
0.151667
0.14375
0.155459
0.173042
0.153834
0.131459
0.134208
0.1885
0.142625
0.130042
0.127042
0.142958
0.147667
0.130458
0.185041
0.156708
0.155042
0.104625
0.0985
0.11325
0.101334
0.117
0.13275
0.110792
0.153
0.1135
0.093583
0.097916
0.127792
0.120792
0.095458
0.118208
0.124584
0.097834
0.145417
0.193459
0.12625
0.099416
0.101833
0.098708
0.135959
0.092375
0.158417
0.105791
0.097375
0.105583
0.101
0.169208
0.135833
0.165792
0.166917
0.199166
0.25
0.140625
0.123875
0.122708
0.690792
0.183083
0.124542
0.109833
0.174166
0.136875
0.138584
0.097542
0.100459
0.099208
0.104042
0.110875
0.115083
0.12675
0.19975
0.1975
0.25875
0.117792
0.100792
0.11025
0.113333
0.099792
0.099209
0.099708
0.130708
0.156625
0.153458
0.125416
0.144375
0.101792
0.09725
0.10575
0.16875
0.137125
0.298375
0.20325
0.13375
0.205875
0.112833
0.147375
0.112375
0.293875
0.15825
0.365334
0.176167
0.2375
0.145333
0.188333
0.182417
0.108
0.101834
0.142542
0.090375
0.104667
0.123959
0.09675
0.1095
0.175416
0.09625
0.131292
0.101292
0.09575
0.131666
0.136792
0.097708
0.147792
0.155292
0.151709
0.190958
0.174458
0.18775
0.195417
0.09625
0.101208
0.099916
0.275041
0.13825
0.100458
0.146417
0.21225
0.13675
0.105542
0.122625
0.121416
0.146875
0.161542
0.252458
0.245458
0.1165
0.123917
0.114958
0.111708
0.109917
0.098375
0.133375
0.108375
0.100875
0.098416
0.140666
0.10375
0.105416
0.100291
0.119417
0.107459
0.103625
0.112166
0.219
0.200125
0.100375
0.097
0.209708
0.106959
0.207625
0.117958
0.141833
0.243292
0.114666
0.109833
0.221875
0.167375
0.105792
0.160625
0.116083
0.111292
0.148542
0.408125
0.162708
0.122125
0.322
0.179958
0.200833
0.108
0.10775
0.151459
0.122375
0.156125
0.112792
0.11075
0.107416
0.11575
0.098041
0.11025
0.1415
0.14275
0.120041
0.143125
0.178917
0.104042
0.143167
0.187292
0.167833
0.138625
0.111375
0.104083
0.094375
0.112834
0.111625
0.101875
0.102917
0.126417
0.198709
0.11775
0.182125
0.105708
0.110833
0.169
0.1925
0.128167
0.22
0.163375
0.215208
0.229875
0.11175
0.346125
0.1525
0.107417
0.127666
0.126625
0.10875
0.184917
0.129875
0.118791
0.112791
0.127833
0.210292
0.137333
0.211541
0.129458
0.129167
0.200375
0.222875
0.150417
0.155833
0.093959
0.106958
0.202083
0.153084
0.145291
0.195833
0.158417
0.127709
0.114375
0.18
0.115458
0.103125
0.186459
0.101375
0.150959
0.126875
0.168166
0.310708
0.112667
0.102375
0.120416
0.165208
0.138459
0.269625
0.192791
0.123208
0.174167
0.159292
0.290375
0.111125
0.244375
0.114875
0.135167
0.120666
0.103459
0.147209
0.162708
0.099542
0.198208
0.101208
0.183417
0.208167
0.117666
0.121417
0.10825
0.10425
0.120667
0.106334
0.1105
0.104291
0.155125
0.096541
0.106333
0.126083
0.113958
0.147042
0.142041
0.094958
0.10225
0.098792
0.091916
0.100833
0.181541
0.095042
0.238459
0.10625
0.153292
0.152167
0.128208
0.093791
0.132833
0.090542
0.095625
0.097958
0.094333
0.095333
0.10025
0.131125
0.179
0.095125
0.203791
0.160125
0.112334
0.20125
0.134041
0.141167
0.149417
0.114792
0.114541
0.255583
0.142417
0.101458
0.123083
0.108791
0.173375
0.161708
0.100041
0.131833
0.210625
0.460167
0.138959
0.220584
0.192708
0.119542
0.378292
0.140375
0.198375
0.183541
0.115542
0.124917
0.124125
0.110833
0.220875
0.148916
0.100958
0.173583
0.158333
0.103875
0.266375
0.180625
0.159292
0.113
0.110875
0.130459
0.1265
0.107125
0.147791
0.111583
0.103208
0.105042
0.217625
0.131292
0.155
0.121917
0.124084
0.280042
0.2435
0.143042
0.117917
0.155917
0.184625
0.108125
0.129625
0.101417
0.290417
0.119917
0.141791
0.096791
0.178583
0.095125
0.154042
0.150917
0.155
0.323458
0.137
0.131917
0.164334
0.120334
0.109584
0.142041
0.172375
0.115667
0.119875
0.237792
0.135958
0.1945
0.25
0.11475
0.150292
0.320917
0.136125
1.19321
0.447625
3.657
3.58354
0.435125
0.268292
0.136792
0.162375
0.174709
0.143417
0.115542
0.125125
0.117625
0.114375
0.167833
0.117666
0.131417
0.176833
0.117584
0.127458
0.163291
0.117584
0.121917
3.42129
0.105541
0.13175
0.140667
0.198333
0.137041
0.139417
0.158875
0.116875
0.149417
0.498208
0.118875
0.275625
0.322916
0.153584
0.150875
0.117
0.110041
0.323875
0.125792
0.267875
0.130833
1.16054
0.132334
0.12725
0.133833
0.11925
0.37525
0.318417
0.123375
0.141542
0.157916
0.275
0.273125
0.122292
0.118291
0.108958
0.123083
0.118875
0.384333
0.419541
0.178458
0.148541
0.120583
0.246625
0.110708
0.124625
0.122417
0.150875
0.265041
0.134542
0.150209
0.12325
0.160625
0.28475
0.473167
0.118291
0.134917
0.1085
0.11775
0.149167
0.199125
0.11725
0.195291
0.116959
0.159291
0.100125
0.144875
0.237417
0.13
0.108167
0.281208
0.133875
0.127125
0.131333
0.314417
0.176375
0.306042
0.196209
0.116958
0.172958
0.221541
0.163958
0.287
0.299333
0.134708
0.136875
0.247291
0.1235
0.200417
0.11675
0.15125
0.227542
0.26575
0.205167
0.257875
0.123
0.256542
0.098916
0.439666
0.259959
0.162666
0.165917
0.111959
0.116875
0.109584
0.104417
0.146708
0.124291
0.119708
0.2275
0.104625
0.111875
0.0995
0.119167
0.116083
0.115709
0.127334
0.103709
0.147542
0.104667
0.144209
0.120333
0.153042
0.109542
0.125042
0.143334
0.114292
0.147042
0.0995
0.11925
0.130291
0.142041
0.116541
0.217792
0.288542
0.101208
0.22775
0.107667
0.145084
0.174125
0.240875
0.114416
0.118708
0.204
0.110709
0.121083
0.167125
0.108042
0.257292
0.225125
0.127375
0.116667
0.124709
0.169667
0.171292
0.266416
0.256291
0.115792
0.1375
0.177167
0.2255
0.16
0.128792
0.12675
0.305667
0.105542
0.166917
0.157958
0.132916
0.126458
0.325416
0.558
0.126792
0.13525
0.188083
0.10525
0.158917
0.201375
0.140459
0.149583
0.165042
0.107083
0.10725
0.354625
0.143417
0.106542
0.097
0.200959
0.283583
0.103708
0.142334
0.111375
0.102708
0.245875
0.231291
0.200292
0.15775
0.129708
0.40675
0.123041
0.138334
0.371291
0.12925
0.112958
0.108125
0.170334
0.11575
0.120334
0.264833
0.313334
0.115334
0.119625
0.15275
0.130167
0.130292
0.1195
0.128625
0.1915
0.099958
0.100792
0.220417
0.158917
0.130625
0.121083
0.101459
0.142875
0.208041
0.16975
0.236875
0.209583
0.15375
0.140083
0.130167
0.109875
0.131792
0.122792
0.122417
0.152875
0.116292
0.188667
0.153042
0.115125
0.154792
0.235166
0.247125
0.147625
0.343
0.133167
0.12575
0.11325
0.128458
0.268542
0.164208
0.146083
0.120875
0.099084
0.164791
0.181
0.112
0.210125
0.108416
0.127875
0.112375
0.144708
0.137875
0.210042
0.138125
0.170333
0.109958
0.13075
0.145292
0.135208
0.120875
0.0985
0.302375
0.105708
0.10275
0.154625
0.177958
0.112375
0.113833
0.215
0.111416
0.109208
0.131667
0.101916
0.134333
0.143458
0.098333
0.108083
0.165625
0.106625
0.173458
0.287333
0.107958
0.112875
0.177875
0.180167
0.113167
0.111666
0.108042
0.156334
0.189375
0.127875
0.151125
0.134208
0.111417
0.107084
0.107291
0.12075
0.134792
0.100917
0.099958
0.101958
