0.437209
0.438625
0.491417
0.55875
0.144291
0.119625
0.10725
0.107458
0.100417
0.105417
0.095542
0.104625
0.098916
0.099417
0.100375
0.100959
0.109791
0.104833
0.102709
0.103125
0.174041
0.103334
0.098917
0.098875
0.110208
0.10775
0.099375
0.105958
0.104084
0.100625
0.100542
0.097792
0.16025
0.118125
0.106875
0.112125
0.201334
0.195792
0.161417
0.109084
0.127917
0.165708
0.0945
0.101958
0.098958
0.104417
0.129
0.194375
0.173042
0.130625
0.114167
0.16875
0.111791
0.1295
0.097416
0.112541
0.195667
0.186625
0.173917
0.13825
0.16725
0.1245
0.099959
0.104667
0.177625
0.228958
0.13525
0.165209
0.121583
0.160083
0.100166
0.1245
0.100584
0.107042
0.169917
0.182584
0.17625
0.169417
0.135208
0.166667
0.10425
0.116458
0.097416
0.114167
0.10275
0.103167
0.102083
0.103916
0.106875
0.161292
0.186959
0.187667
0.166166
0.173875
0.165834
0.106959
0.192
0.091917
0.172625
0.184041
0.16775
0.184417
0.095917
0.092583
0.095
0.1035
0.095125
0.174792
0.180542
0.196833
0.181041
0.178584
0.102458
0.129709
0.101292
0.105375
0.174416
0.176375
0.1545
0.205458
0.166167
0.098875
0.121166
0.107167
0.147209
0.146917
0.1305
0.175291
0.191292
0.095833
0.162375
0.189042
0.203041
0.101292
0.112167
0.114583
0.103125
0.113209
0.101208
0.170041
0.174375
0.194333
0.166125
0.223208
0.15125
0.105459
0.167208
0.2385
0.111416
0.208584
0.174625
0.108875
0.09725
0.107958
0.109583
0.303666
0.106375
0.189042
0.158875
0.172292
0.166125
0.138458
0.17125
0.134959
0.143208
0.105584
0.102584
0.149
0.101625
0.130041
0.099125
0.103958
0.105083
0.115834
0.103209
0.099583
0.124875
0.200208
0.219667
0.184
0.178333
0.133291
0.115167
0.182875
0.091083
0.173042
0.191209
0.099916
0.189791
0.102333
0.100125
0.202542
0.196666
0.089917
0.251292
0.193
0.131459
0.111875
0.101166
0.163708
0.137709
0.095458
0.141375
0.177041
0.099
0.090958
0.2275
0.103833
0.163625
0.180166
0.149834
0.103042
0.143042
0.194
0.167958
0.214084
0.163084
0.169375
0.113958
0.113209
0.188125
0.190417
0.196292
0.162584
0.212417
0.141958
0.097708
0.101666
0.093875
0.1825
0.091042
0.2015
0.166791
0.133625
0.140917
0.188792
0.090208
0.09525
0.192583
0.245583
0.203875
0.111166
0.147167
0.103125
0.187917
0.156542
0.178667
0.177875
0.231709
0.107916
0.09625
0.124125
0.182125
0.185917
0.299208
0.170625
0.150041
0.155917
0.131458
0.115459
0.138583
0.18425
0.097125
0.111417
0.172917
0.098417
0.152416
0.093417
0.209292
0.132292
0.18975
0.171125
0.115959
0.110667
0.097541
0.188833
0.103417
0.209459
0.166291
0.169875
0.133458
0.124125
0.139166
0.153958
0.10225
0.100583
0.094833
0.104958
0.104875
0.101125
0.10175
0.102125
0.0915
0.142916
0.147709
0.139667
0.101417
0.102542
0.128291
0.143959
0.105833
0.161833
0.103
0.141375
0.098417
0.126125
0.132958
0.108084
0.107041
0.195583
0.1655
0.220542
0.09875
0.167666
0.123916
0.097084
0.207375
0.199542
0.096375
0.160625
0.203542
0.147833
0.167458
0.132875
0.08975
0.096958
0.199417
0.18925
0.101042
0.183334
0.096
0.190958
0.138125
0.099584
0.168625
0.242875
0.100792
0.178917
0.225625
0.196833
0.168792
0.234667
0.17225
0.103334
0.103709
0.105583
0.180958
0.092875
0.168875
0.193041
0.099875
0.170583
0.147792
0.111917
0.135792
0.130791
0.147417
0.145417
0.178667
0.137584
0.188083
0.097875
0.134916
0.199625
0.16
0.162333
0.169083
0.196833
0.0935
0.170375
0.208708
0.136625
0.2215
0.202292
0.249041
0.208875
0.171958
0.179333
0.10275
0.140208
0.127459
0.11275
0.087292
0.218042
0.190792
0.095041
0.184208
0.177
0.100333
0.153917
0.141667
0.138583
0.21675
0.0965
0.090042
0.19925
0.182833
0.091541
0.138416
0.14075
0.163958
0.141834
0.126
0.103833
0.148292
0.13475
0.108667
0.145542
0.500417
0.100584
0.377
3.88796
2.40088
0.690792
0.270959
0.184541
0.144583
0.26
0.136292
0.151834
0.15625
0.102417
0.118458
0.14125
0.113292
0.204208
0.148209
0.145792
0.138209
0.145917
0.174375
0.138875
0.090959
0.103416
0.106625
0.096666
0.09075
0.157542
0.097084
0.109417
0.1285
0.160875
0.104875
0.150166
0.151917
0.099834
0.127208
0.132208
0.096917
0.111625
0.173875
0.15375
0.147125
0.100084
0.165541
0.140209
0.100042
0.15425
0.097167
0.091292
0.10225
0.103083
0.18075
0.099625
0.178708
0.105792
0.152875
0.145083
0.108459
0.14325
0.155167
0.149917
0.141459
0.146459
0.183333
0.1055
0.10325
0.142208
0.143041
0.116792
0.1355
0.149916
0.139292
0.142167
0.102
0.109708
0.134792
0.125625
0.114709
0.095417
0.153375
0.105125
0.096417
0.096458
0.117125
0.204583
0.166
0.108416
0.14225
0.136875
0.140291
0.096541
0.093083
0.103916
0.101792
0.229209
0.203791
0.108417
0.143667
0.141
0.151666
0.107417
0.228833
0.181042
0.105125
0.093541
0.1025
0.1945
0.096125
0.096875
0.174834
0.158542
0.092167
0.194083
0.103042
0.096583
0.192125
0.103666
0.13575
0.110834
0.144833
0.149417
0.101875
0.097875
0.096
0.191917
0.097084
0.193667
0.135041
0.164875
0.099875
0.095167
0.218125
0.094583
0.209166
0.099875
0.200791
0.179333
0.128625
0.103417
0.137459
0.180583
0.099541
0.138917
0.147583
0.189792
0.108416
0.091833
0.094584
0.199667
0.186958
0.214083
0.112209
0.156291
0.142917
0.099167
0.095375
0.09075
0.178834
0.21175
0.151917
0.216375
0.095333
0.112458
0.104459
0.183708
0.096875
0.107666
0.102042
0.095333
0.099459
0.09175
0.106125
0.1795
0.149208
0.134291
0.152416
0.141708
0.136875
0.09325
0.102916
0.095667
0.154584
0.094834
0.094583
0.109459
0.146667
0.156041
0.1555
0.105292
0.097208
0.203125
0.096792
0.090208
0.186541
0.14625
0.185208
0.152792
0.149375
0.112583
0.19625
0.087208
0.20275
0.096292
0.109416
0.108541
0.112875
0.17125
0.104583
0.102416
0.118167
0.151208
0.095834
0.09075
0.140875
0.153542
0.148042
0.093833
0.098583
0.102042
0.214208
0.104875
0.095333
0.172708
0.103333
0.090209
0.093584
0.092333
0.10825
0.204875
0.135417
0.101792
0.132583
0.179917
0.098416
0.091042
0.102916
0.17475
0.098167
0.097334
0.1435
0.1415
0.161375
0.091041
0.096167
0.09875
0.097292
0.101209
0.191
0.100917
0.136625
0.163834
0.10025
0.097083
0.107875
0.225042
0.10075
0.102083
0.105625
0.136333
0.160209
0.0975
0.098542
0.093208
0.096709
0.16975
0.196208
0.141875
0.17175
0.096291
0.094584
0.093792
0.101083
0.102542
0.098458
0.164083
0.146
0.094125
0.09675
0.09525
0.096375
0.101083
0.116958
0.117333
0.111667
0.098458
0.102667
0.116666
0.106667
0.091625
0.175334
0.111291
0.104209
0.158166
0.101917
0.175916
0.107584
0.092625
0.097833
0.099416
0.106833
0.148667
0.089
0.166917
0.091209
0.097208
0.098292
0.102917
0.098166
0.139125
0.231417
0.149417
0.15825
0.143292
0.133834
0.094667
0.095875
0.109667
0.109083
0.096834
0.097459
0.14675
0.1045
0.16425
0.166958
0.1525
0.206292
0.140958
0.170834
0.101291
0.114917
0.093
0.101041
0.094459
0.093083
0.193583
0.092708
0.08975
0.101417
0.09425
0.100459
0.103291
0.146417
0.104666
0.13025
0.0955
0.101083
0.096583
0.109083
0.163375
0.121125
0.138625
0.099583
0.112041
0.143292
0.091541
0.205541
0.191666
0.1555
0.089583
0.106791
0.090292
0.095084
0.190334
0.092334
0.147709
0.093125
0.108875
0.117042
0.107084
0.105625
0.195458
0.150708
0.110959
0.116417
0.151833
0.392125
0.304625
0.136167
0.122333
0.208459
0.214084
0.161583
0.239708
0.16
0.110417
0.216208
0.36025
0.13375
0.13275
0.196584
0.156291
0.122709
0.175042
0.1405
0.11625
0.107125
0.205209
0.098167
0.113917
0.216875
0.137958
0.130917
0.277166
0.287292
0.418667
0.220292
0.100959
0.099666
0.10525
0.120417
0.095542
0.114917
0.11275
0.136417
0.100833
0.111125
0.147416
0.455
0.129
0.110917
0.118417
0.096667
0.093292
