0.18
0.174417
0.262166
0.16525
0.046167
0.051166
0.0605
0.038208
0.038208
0.121083
0.087833
0.050125
0.049167
0.04775
0.046959
0.04725
0.049458
0.049792
0.049209
0.054334
0.04575
0.050375
0.048917
0.047709
0.048292
0.075792
0.048375
0.056875
0.047834
0.050667
0.04725
0.042917
0.046166
0.04975
0.042959
0.046417
0.055166
0.061375
0.048375
0.0365
0.056792
0.04475
0.061042
0.050542
0.041375
0.045625
0.047541
0.055084
0.045208
0.051625
0.055
0.047708
0.076291
0.043709
0.048875
0.050875
0.059875
0.042583
0.05675
0.106375
0.068625
0.046791
0.06075
0.044375
0.060916
0.055625
0.055042
0.048583
0.052125
0.044
0.058625
0.059875
0.052708
0.056333
0.05625
0.047292
0.058459
0.050958
0.064917
0.054833
0.071042
0.061083
0.066917
0.068458
0.052666
0.062209
0.073792
0.055833
0.086333
0.086667
0.082541
0.068875
0.090416
0.055917
0.107959
0.057459
0.06475
0.064083
0.069542
0.047875
0.106959
0.043083
0.062917
0.058917
0.06275
0.048625
0.070584
0.075166
0.058584
0.058166
0.047417
0.046416
0.053917
0.056958
0.061333
0.056375
0.057708
0.052
0.130292
0.06225
0.068167
0.061875
0.053458
0.046833
0.126584
0.057792
0.060042
0.064209
0.063
0.046333
0.096
0.054084
0.056166
0.078375
0.088834
0.096625
0.291792
0.096542
0.081541
0.064667
0.053084
0.055875
0.094458
0.056167
0.0575
0.052416
0.092541
0.051041
0.110084
0.056209
0.102333
0.069875
0.0635
0.095292
0.143
0.0715
0.0605
0.051083
0.085667
0.046292
0.127833
0.053292
0.058291
0.0645
0.0615
0.047917
0.139333
0.063459
0.072916
0.142583
0.049708
0.038
0.107333
0.063875
0.056083
0.085042
0.06075
0.055916
0.070875
0.058166
0.057458
0.0595
0.0635
0.062167
0.069625
0.057375
0.053833
0.08325
0.065958
0.046958
0.141542
0.055125
0.062875
0.064125
0.065417
0.045792
0.083125
0.062
0.08125
0.054708
0.064083
0.050833
0.059125
0.051458
0.102958
0.0595
0.056833
0.048209
0.1
0.081625
0.059875
0.080417
0.146709
0.049417
0.061125
0.04175
0.056417
0.041792
0.048916
0.078291
0.07475
0.041208
0.046208
0.087584
0.046708
0.0435
0.055625
0.050125
0.044459
0.039667
0.09125
0.040333
0.03825
0.039
0.041
0.095958
0.039208
0.059
0.043166
0.039916
0.039083
0.045125
0.039
0.044959
0.044875
0.047167
0.044833
0.0455
0.041167
0.03875
0.043333
0.045375
0.0385
0.047375
0.059959
0.044083
0.049208
0.048667
0.040417
0.07825
0.043333
0.047042
0.043333
0.045125
0.039791
0.045458
0.039292
0.047333
0.043333
0.044125
0.04925
0.044625
0.046209
0.037583
0.041667
0.040542
0.039416
0.044333
0.039875
0.046167
0.04225
0.04725
0.038542
0.043084
0.038458
0.075792
0.113875
0.049042
0.045334
0.055083
0.057958
0.04625
0.046542
0.0515
0.095042
0.046667
0.044875
0.05725
0.049
0.046
0.039292
0.048625
0.043875
0.04275
0.041625
0.045125
0.041959
0.044416
0.042917
0.045208
0.039792
0.041792
0.039833
0.049041
0.03875
0.049625
0.053125
0.046917
0.044041
0.048042
0.043
0.048291
0.042917
0.0515
0.040333
0.045334
0.049625
0.044375
0.040167
0.046375
0.052667
0.12275
0.04825
0.0645
0.049333
0.050875
0.043792
0.050375
0.045666
0.043917
0.041917
0.045208
0.039042
0.04375
0.042541
0.048958
0.043458
0.044417
0.066667
0.044584
0.054958
0.045666
0.050166
0.053375
0.040708
0.043833
0.04725
0.047917
0.040584
0.044334
0.047375
0.042833
0.046167
0.044875
0.039917
0.040542
0.049291
0.052625
0.0585
0.045417
0.054
0.055083
0.058541
0.058
0.109459
0.053459
0.048292
0.049875
0.051041
0.055
0.045041
0.057917
0.052
0.053042
0.044459
0.049333
0.051
0.058375
0.045166
0.046375
0.053958
0.050166
0.049875
0.1125
0.055834
0.043125
0.044583
0.048
0.045167
0.054166
0.054
0.049333
0.046334
0.045333
0.050125
0.04675
0.041792
0.052875
0.05075
0.057625
0.048584
0.051292
0.041292
0.042542
0.041
0.045
0.041375
0.045125
0.046
0.052416
0.042458
0.052375
0.053708
0.04725
0.054875
0.050375
0.107709
0.095708
0.045125
0.056916
0.055375
0.0525
0.121875
0.063209
0.069416
0.136833
0.11175
0.059917
0.10875
0.052833
0.046416
0.056042
0.047291
0.04375
0.040666
0.0515
0.045625
0.045209
0.049417
0.052958
0.047166
0.054083
0.045625
0.048334
0.056416
0.054458
0.047875
0.06975
0.073375
0.05675
0.07075
0.104166
0.070875
0.088291
0.067167
0.053334
0.081708
0.067792
0.053334
0.068042
0.064416
0.060459
0.11575
0.077916
0.059458
0.124208
0.064125
0.060959
0.1015
0.082792
0.059042
0.074375
0.082292
0.049333
0.059666
0.056666
0.050917
0.061708
0.058292
0.054459
0.088
0.073875
0.070792
0.081
0.058042
0.060167
0.102125
0.0785
0.052167
0.068208
0.057333
0.056625
0.077959
0.067583
0.066333
0.071792
0.058834
0.06775
0.0715
0.059084
0.053583
0.14775
0.079292
0.077167
0.09575
0.079916
0.115042
0.138834
0.072875
0.10025
0.073166
0.060583
0.050167
0.06175
0.060583
0.0525
0.068666
0.066917
0.054958
0.07
0.060417
0.059875
0.135333
0.06425
0.056
0.071333
0.054541
0.061125
0.088958
0.075542
0.058417
0.118125
0.080041
0.055042
0.108375
0.06925
0.072042
0.079042
0.063208
0.052708
0.09675
0.076584
0.058333
0.065375
0.059584
0.10175
0.100375
0.1045
0.065708
0.101417
0.068833
0.060333
0.078209
0.06425
0.059583
0.074209
0.062
0.056667
0.050708
0.045583
0.060791
0.054459
0.050333
0.059792
0.048208
0.04525
0.068916
0.0475
0.053584
0.04275
0.048083
0.049125
0.053541
0.054167
0.05
0.055542
0.061041
0.065208
0.05075
0.159666
0.058167
0.045041
0.070625
0.100209
0.0545
0.060833
0.046208
0.062458
0.057208
0.05575
0.054959
0.058375
0.089042
0.065708
0.7905
0.708375
0.06075
0.0795
0.040333
0.052458
0.053625
0.043375
0.0425
0.0405
0.042375
0.050292
0.051875
0.053958
0.050209
0.055125
0.050834
0.061417
0.059709
0.052125
0.068083
0.106334
0.120083
0.149333
0.095167
0.1155
0.062125
0.20975
0.070666
0.072667
0.045834
0.048708
0.056917
0.05925
0.05625
0.059459
0.061792
0.054708
0.051792
0.084375
0.067625
0.073375
0.090375
0.075292
0.055125
0.131042
0.0675
0.065709
0.091875
0.069541
0.061375
0.096542
0.08
0.072791
0.091083
0.073167
0.060125
0.085209
0.082125
0.054208
0.125291
0.071125
0.058333
0.074
0.088792
0.149875
0.105542
0.076583
0.084208
0.064084
0.0575
0.057375
0.061333
0.083791
0.055833
0.097
0.054458
0.068917
0.051125
0.054292
0.050292
0.05725
0.07325
0.072375
0.055
0.062042
0.052542
0.079834
0.080209
0.059083
0.099583
0.056334
0.044125
0.078083
0.054708
0.048667
0.156417
0.063875
0.062375
0.090458
0.066625
0.070167
0.123
0.072583
0.08325
0.111792
0.060792
0.052708
0.086708
0.063958
0.0585
0.096459
0.054542
0.056666
0.117292
0.069375
0.07225
0.130292
0.072167
0.055916
0.165875
0.06325
0.062208
0.080791
0.066416
0.055792
0.15775
0.067625
0.070708
0.091708
0.06875
0.056167
0.119209
0.079583
0.061666
0.091083
0.067125
0.103666
0.127875
0.07375
0.074459
0.14
0.07125
0.068292
0.099584
0.063875
0.055792
0.074916
0.0565
0.058209
0.095208
0.066792
0.047417
0.110166
0.068541
0.054375
0.090541
0.072167
0.056625
0.126084
0.071625
0.0615
0.110166
0.05875
0.087875
0.10325
0.085333
0.070167
0.084875
0.086708
0.059417
0.169041
0.065167
0.0775
0.098167
0.083542
0.089584
0.076042
0.074584
0.086709
0.08625
0.063959
0.054541
0.093542
0.085125
0.081541
0.167042
0.091541
0.133166
0.10925
0.066667
0.054
0.086792
0.053125
0.055875
0.093125
0.049125
0.053875
0.060792
0.051
0.045709
0.0795
0.055209
0.053042
0.060541
0.078959
0.056625
0.071
0.061541
0.052417
0.074416
0.11075
0.111292
0.092666
0.195042
0.187042
0.206042
0.071792
0.165875
0.0655
0.064791
0.062333
0.09275
0.057
0.0665
0.051125
0.070416
0.085458
0.060959
0.065166
0.052459
0.049667
0.057916
0.05725
0.046375
0.051666
0.052292
0.048542
0.063125
0.051166
0.063875
0.061083
0.046083
0.055917
0.057542
0.049375
