0.565917
0.435875
0.557792
0.519667
0.279166
0.1085
0.333084
0.153416
0.169208
0.137708
0.108834
0.108459
0.107958
0.121541
0.13425
0.110125
0.115708
0.098375
0.111875
0.138417
0.112791
0.160625
0.103083
0.101541
0.111625
0.274042
0.12575
0.108167
0.194833
0.163333
0.243333
0.27725
0.139208
0.105208
0.119459
0.121458
0.170167
0.124125
0.13325
0.097792
0.18575
0.103875
0.1745
0.141083
0.124916
0.108625
0.171666
0.109875
0.129584
0.119416
0.1095
0.132833
0.127625
0.116375
0.157625
0.114958
0.138917
0.169042
0.109458
0.139625
0.118291
0.130916
0.132875
0.103125
0.112417
0.110125
0.105416
0.115667
0.137417
0.111083
0.161916
0.106458
0.141709
0.134916
0.104583
0.111167
0.153375
0.102083
0.130584
0.139125
0.113209
0.109625
0.119458
0.1
0.153
0.127958
0.160292
0.129875
0.148792
0.118
0.122083
0.121292
0.172542
0.101834
0.192125
0.226375
0.104625
0.11825
0.140084
0.100375
0.130791
0.113292
0.1275
0.104584
0.162875
0.108916
0.1145
0.119041
0.132292
0.103791
0.13425
0.108209
0.155208
0.137125
0.1405
0.1025
0.16625
0.106417
0.162042
0.09775
0.126125
0.130834
0.116708
0.110167
0.146458
0.113958
0.138875
0.120167
0.143375
0.10825
0.14725
0.10875
0.146708
0.105833
0.108333
0.100042
0.105167
0.100958
0.2385
0.106833
0.100958
0.109208
0.126541
0.112708
0.179
0.111667
0.106584
0.105666
0.120625
0.120666
0.115
0.116833
0.109167
0.101791
0.110166
0.1355
0.108208
0.121333
0.171958
0.164959
0.144291
0.210375
0.105
0.128458
0.102542
0.1065
0.137208
0.113
0.149459
0.10675
0.13775
0.226833
0.2155
0.130292
0.116083
0.158125
0.105875
0.117625
0.112167
0.123125
0.110875
0.114
0.107375
0.10375
0.120125
0.1085
0.122833
0.104375
0.11025
0.103583
0.154417
0.115042
0.108083
0.148125
0.13
0.118542
0.126291
0.108625
0.107083
0.111375
0.104
0.120167
0.127875
0.125083
0.103666
0.102125
0.099917
0.110875
0.172042
0.1025
0.1075
0.110917
0.114083
0.149041
0.13075
0.116417
0.336333
0.0975
0.122916
0.117125
0.11825
0.101583
0.145666
0.150417
0.134667
0.110791
0.256042
0.115166
0.133125
0.209042
0.146166
0.108458
0.152875
0.108958
0.11125
0.234209
0.111959
0.106875
0.112834
0.109584
0.11625
0.144291
0.337833
0.120375
0.1315
0.106667
0.170542
0.116083
0.107042
0.11975
0.112416
0.104083
0.102458
0.149083
0.114917
0.244583
0.123
0.112041
0.11025
0.110708
0.131833
0.173291
0.12675
0.108333
0.105458
0.106291
0.119208
0.150292
0.5995
0.606792
0.620208
0.14075
0.138
0.163375
0.148584
0.157833
0.109666
0.117375
0.109959
0.097584
0.10575
0.095333
0.132041
0.125291
0.100125
0.142958
0.116833
0.179
0.3155
0.242417
0.137292
0.145125
0.100625
0.106084
0.103333
0.1385
0.136625
0.106958
0.125291
0.113667
0.134167
0.110959
0.115625
0.097
0.122083
0.103
0.138458
0.114625
0.130208
0.172458
0.124917
0.145625
0.1205
0.134167
0.119291
0.189792
0.156833
0.118792
0.110375
0.12325
0.103625
0.103459
0.113417
0.101708
0.102708
0.104084
0.102333
0.116958
0.111667
0.103459
0.118166
0.110042
0.124542
0.114666
0.105542
0.098833
0.102417
0.149542
0.110125
0.099334
0.1265
0.107958
0.114334
0.109667
0.107792
0.180167
0.102625
0.122208
0.109458
0.110083
0.104584
0.112708
0.150584
0.110792
0.10875
0.150416
0.108625
0.098334
0.137875
0.111459
0.112
0.111042
0.174958
0.117208
0.117042
0.115541
0.199959
0.120875
0.125708
0.105209
0.102625
0.206416
0.114666
0.144417
0.133083
0.099125
0.128083
0.150666
0.112083
0.129291
0.106042
0.119416
0.113083
0.118833
0.101791
0.169333
0.119459
0.118541
0.134584
0.135459
0.155417
0.158625
0.1515
0.100041
0.13875
0.1175
0.102833
0.173708
0.123
0.103125
0.114541
0.128792
0.139541
0.106
0.146625
0.112209
0.110625
0.122542
0.155792
0.100416
0.119042
0.197667
0.115667
0.123875
0.108334
0.121292
0.104792
0.118125
0.120125
0.147375
0.099958
0.107417
0.120375
0.107083
0.242625
0.12
0.118625
0.10625
0.110875
0.133208
0.138917
0.11725
0.106542
0.107666
0.109833
0.10175
0.114166
0.111875
0.108458
0.127958
0.112458
0.118167
0.170625
0.108542
0.120333
0.109417
0.109291
0.10375
0.123958
0.235541
0.096208
0.120667
0.157167
0.144
0.185875
0.103875
0.106208
0.218375
0.105
0.104083
0.101833
0.104417
0.099125
0.111833
0.145458
0.099209
0.134417
0.141875
0.11
0.107458
0.160667
0.104583
0.106292
0.137208
0.100792
0.112833
0.179959
0.107542
0.111208
0.105167
0.108917
0.127958
0.13525
0.100334
0.112459
0.104166
0.113625
0.112833
0.108291
0.153125
0.122625
0.107541
0.126375
0.111625
0.117875
0.127958
0.097292
0.103666
0.108458
0.204167
0.11475
0.115041
0.158666
0.110291
0.111875
0.116125
0.122834
0.211417
0.115333
0.107042
0.13225
0.109333
0.108459
0.131708
0.124584
0.124333
0.110458
0.113875
0.121583
0.163625
0.116916
0.10875
0.20175
0.264375
0.238583
0.202875
0.234958
0.123333
0.136
0.105125
0.099625
0.1035
0.108791
0.125125
0.105584
0.155583
0.114042
0.104833
0.116334
0.135042
0.110209
0.121375
0.151542
0.105791
0.118791
0.106542
0.146083
0.104958
0.105917
0.198958
0.140375
0.102792
0.131292
0.1055
0.109083
0.131042
0.128542
0.112875
0.115916
0.159541
0.112041
0.153792
0.155916
0.104917
0.132291
0.102958
0.121333
0.1005
0.107167
0.167625
0.109417
0.121167
0.098583
0.151458
0.132875
0.140375
0.120333
0.1125
0.176917
0.113167
0.125042
0.109875
0.112708
0.151209
0.104291
0.103209
0.185584
0.150458
0.105208
0.106667
0.100542
0.103416
0.108667
0.1
0.123083
0.135209
0.1045
0.1355
0.117834
0.651833
0.115
0.123541
0.116
0.130042
0.123291
0.12425
0.18475
0.108792
0.132791
0.145666
0.173083
0.146208
0.177292
0.11425
0.134583
0.105708
0.104292
0.108583
0.124084
0.102291
0.157292
0.139583
0.156916
0.110709
0.102875
0.098125
0.106875
0.117291
0.168958
0.129042
0.109875
0.118791
0.164875
0.106333
0.114417
0.098958
0.097083
0.096416
0.096167
0.114708
0.114875
0.110666
0.107208
0.104209
0.112125
0.141042
0.099458
0.1105
0.16125
0.129167
0.120042
0.09875
0.153125
0.155417
0.117208
0.224
0.131458
0.111667
0.105791
0.128041
0.096125
0.13575
0.125625
0.161125
0.141375
0.134625
0.109167
0.095917
0.2075
0.116083
0.09725
0.104291
0.184625
0.096583
0.113084
0.19975
0.111542
0.127167
0.104875
0.101125
0.2025
0.117458
0.117459
0.121542
0.134584
0.1235
0.09525
0.103
0.097542
0.114083
0.166625
0.110708
0.13275
0.11725
0.131833
0.116625
0.159416
0.102417
0.094625
0.106458
0.126
0.102709
0.098917
0.1175
0.129833
0.112167
0.104459
0.169292
0.099166
0.157541
0.110792
0.156625
0.124292
0.159708
0.109458
0.112125
0.12625
0.098333
0.137583
0.121083
0.100333
0.131291
0.1145
0.117292
0.108792
0.111416
0.099208
0.105458
0.099166
0.168792
0.105042
0.156792
0.097
0.1265
0.113875
0.116334
0.112375
0.17225
0.176542
0.123
0.133541
0.146584
0.108792
0.206208
0.10675
0.094833
0.178459
0.139125
0.103125
0.121208
0.10025
0.12725
0.097667
0.126708
0.145916
0.117167
0.095333
0.129625
0.104458
0.093375
0.154875
0.105
0.103041
0.121834
0.104167
0.1135
0.092208
0.199834
0.109458
0.167667
0.099125
0.106292
0.158292
0.099041
0.094708
0.095791
0.100083
0.099209
0.096875
0.12125
0.15825
0.116291
0.107125
0.108125
0.112792
0.112167
0.113125
0.113375
0.133959
0.114959
0.115042
0.200958
0.102875
0.112541
0.097125
0.099584
0.150875
0.128541
0.0965
0.100958
0.110333
0.096875
0.108083
0.093333
0.392583
0.107792
0.100625
0.123084
0.111125
0.100125
0.102125
0.132584
0.117375
0.11325
0.135875
0.099834
0.121417
0.125583
0.116292
0.0945
0.162667
0.1645
0.101
0.116417
0.134375
0.106417
0.111667
0.100417
0.099625
0.097958
0.100917
0.101708
0.159542
0.127959
0.09875
0.12525
0.099
0.123291
0.102167
0.103208
0.097583
0.182917
0.131041
0.100334
0.107542
0.118292
0.150458
0.109417
0.101041
0.1
