0.345875
0.469
0.9945
0.931125
0.336709
0.1545
0.156958
0.209
0.315875
0.166333
0.260334
0.295625
0.369333
0.272458
0.284709
0.393708
0.205709
0.636917
0.300041
0.282541
0.65075
0.290375
0.599041
0.724875
0.184208
0.371292
0.518084
0.282916
0.256958
0.275959
0.243
0.491333
0.526041
0.129
0.142959
0.4185
0.211791
0.254125
0.411292
0.174083
0.277125
0.354
0.109583
0.307708
0.342125
0.179833
0.204
0.150958
0.170959
0.142959
0.223042
0.283542
0.588583
0.703167
0.184708
0.730542
1.03292
0.29225
0.619084
0.571916
0.254334
0.782458
0.558958
0.245584
0.691875
0.732542
0.255625
0.66575
0.779042
0.252791
0.850833
0.233833
0.152583
0.155333
0.660583
0.267041
0.490417
1.09667
0.298792
0.775334
1.09708
0.261792
0.428083
0.773333
0.153042
0.438209
0.791375
0.324042
0.68125
0.7385
0.215333
0.683542
0.655292
0.258166
0.206917
0.572708
0.212792
0.903583
0.698875
0.20925
0.81975
0.806583
0.364709
0.445917
0.765208
0.208333
2.81354
0.828125
0.176458
0.311959
0.594917
0.19825
0.419125
0.951208
0.314583
0.67925
0.610416
0.483083
0.757084
0.674084
0.096209
0.675458
0.848167
0.206917
0.87925
0.820334
0.309583
0.91025
0.967583
0.124833
0.472791
0.728083
0.222833
0.489208
1.08933
0.149833
0.148833
0.471792
0.408792
0.565125
0.47875
0.304459
0.296792
0.637583
0.18525
0.144084
0.1635
0.244792
0.177667
0.218209
0.170167
0.338375
0.377667
0.2695
0.312708
0.334833
0.233417
0.325791
0.351125
0.257542
0.53925
0.829416
0.304666
0.260042
0.26375
0.26975
0.295417
0.302166
0.275334
0.372375
0.3475
0.283625
0.21125
0.288459
0.233125
0.269959
0.31275
0.362
0.493375
0.561292
0.241125
0.798208
0.3485
0.258666
0.384125
0.349625
0.297292
0.599625
0.416541
0.320083
0.154958
0.137
0.132125
0.272541
0.334167
0.171791
0.6685
0.634834
0.319042
0.618667
0.318
0.272584
0.585292
0.703541
0.225833
0.215792
0.300333
0.308791
0.298375
0.30625
0.321791
0.656125
0.845167
0.247333
0.609792
0.411125
0.279
0.717625
0.615833
0.276208
0.550375
0.617584
0.285708
0.596917
0.637625
0.264917
0.573417
0.618792
0.254292
0.777084
0.6235
0.244417
0.683875
0.536584
0.213417
0.564959
0.974083
0.212375
0.599542
0.597625
0.257375
0.299291
0.579041
0.250458
0.340791
0.303875
0.18775
0.294209
0.274791
0.341083
0.313375
0.591208
0.283375
0.346916
0.296209
0.274625
0.559
0.638209
0.247209
0.258208
0.303542
0.257208
0.314916
0.303
0.218292
0.317083
0.59675
0.262417
0.3355
0.281834
0.250208
0.351292
0.699417
0.242833
0.297167
0.257541
0.24375
0.366291
0.194834
0.229334
0.390875
0.566666
0.262125
0.57925
0.318167
0.275125
0.596084
0.31625
0.302166
0.323167
0.313083
0.237291
0.63575
0.580875
0.303375
0.641583
0.711166
0.289625
0.2895
0.319292
0.242333
0.342667
0.669875
0.293125
0.27575
0.764666
0.266167
0.3795
0.635458
0.179041
0.381958
0.593166
0.179667
0.253209
0.29775
0.286792
0.379625
0.67175
0.245042
0.30225
0.30625
0.276084
0.726667
0.697375
0.68425
0.179167
0.226334
0.246417
0.268958
0.285792
0.232375
0.295584
0.636875
0.253125
0.320667
0.421459
0.243709
0.3345
0.29375
0.235667
0.332542
0.633542
0.246875
0.216875
0.324917
0.2575
0.317709
0.71775
0.208
0.319125
0.264083
0.240167
0.284666
0.285459
0.227292
0.428333
0.576875
0.262208
0.274583
0.235416
0.291167
0.274834
0.288083
0.269584
0.129417
0.242334
0.295875
0.255291
0.298042
0.305334
0.282416
0.330209
0.247958
0.214375
0.2475
0.293959
0.3035
0.596041
0.232167
0.273417
0.265125
0.292417
0.31875
0.1635
0.293125
0.286042
0.366542
0.327
0.314208
0.231208
0.269416
0.350333
0.510583
0.407
0.488125
0.28975
0.262292
0.256042
0.325125
0.231666
0.225625
0.337459
0.236833
0.381542
0.255125
0.248334
0.2945
0.271792
0.350458
0.275292
0.295666
0.196375
0.1885
0.331125
0.262958
0.759292
0.282292
0.359667
0.34425
0.545708
0.322334
0.28925
0.394917
0.25475
0.335125
0.277875
0.22
0.271708
0.601584
0.27475
0.514417
0.681667
0.253042
0.322417
0.279583
0.2215
0.623375
0.591625
0.226958
0.603084
0.593791
0.308959
0.171917
0.12075
0.146375
0.323208
0.347416
0.280375
0.348042
0.297459
1.44754
0.429
0.433583
0.3335
0.280792
0.772375
0.309542
0.266083
0.655708
0.221333
0.537375
0.371292
0.254667
0.334458
0.597167
0.307833
0.614625
0.687667
0.26975
0.670917
0.596417
0.238917
0.709959
0.659125
0.249041
0.631167
0.651
0.256833
0.311333
0.352791
0.259917
0.42475
0.591875
0.16525
0.455042
0.177916
0.181667
0.398041
0.677417
0.177291
0.239417
0.362167
0.18525
0.391834
0.650042
0.186042
0.448
0.665166
0.211583
0.565083
0.328291
0.197542
0.345958
0.532
0.177417
0.365375
0.573916
0.158708
0.178042
0.30175
0.563417
0.307125
0.439375
0.159333
0.410292
0.711125
0.152791
0.377709
0.760542
0.255666
0.363375
0.347458
0.173541
0.363791
0.221208
0.14475
0.388792
0.581708
0.122
0.313291
0.572791
0.165625
0.455709
0.407625
0.184209
0.61525
0.601041
0.176583
0.365375
0.365
0.14525
0.413833
0.254708
0.154542
0.40575
0.654083
0.1515
0.308541
0.364167
0.148083
0.397083
0.295333
0.158292
0.42875
0.423542
0.15475
0.3145
0.349458
0.160291
0.413667
0.349542
0.163083
0.205709
0.43075
0.149583
0.477625
0.253916
0.216375
0.562667
0.310125
0.156834
0.452958
0.517542
0.158167
0.404917
0.7165
0.102834
0.421584
0.72375
0.161417
0.41425
0.635083
0.193833
0.431541
0.598625
0.178417
0.288583
0.363208
0.170666
0.359
0.2925
0.193291
0.285833
0.209209
0.183875
0.409209
0.343541
0.157208
0.360166
0.504
0.167666
0.365584
0.308959
0.109417
0.158584
0.296833
0.194541
0.162583
0.348333
0.1655
0.326167
0.359292
0.177334
0.306792
0.321042
0.189084
0.609666
0.623917
0.160708
0.155083
0.421334
0.149917
0.223708
0.33
0.183584
0.514459
0.274458
0.151209
0.300541
0.201375
0.150209
0.218417
0.286458
0.191625
0.150917
0.29675
0.285542
0.237291
0.18625
0.170875
0.208042
0.689792
0.179291
0.402542
0.196166
0.148167
0.194542
0.286917
0.149125
0.205375
0.280041
0.11925
0.193041
0.207167
0.142667
0.17725
0.201667
0.164041
0.412583
0.252458
0.136625
0.3505
0.438375
0.144792
0.436791
0.676292
0.115792
0.119084
0.297125
0.413166
0.275125
0.372875
0.183833
0.194959
0.223459
0.174375
0.423459
0.231
0.154125
0.21925
0.245333
0.155583
0.201083
0.63625
0.154375
0.203084
0.270542
0.166291
0.158375
0.27475
0.168125
0.206833
0.259083
0.151125
0.225709
0.349959
0.163916
0.094917
0.436208
0.144708
0.209667
0.285458
0.160042
0.198916
0.203
0.161083
0.346375
0.308166
0.148125
0.150541
0.190375
0.151667
0.188
0.36975
0.181125
0.40575
0.290875
0.191542
0.203125
0.364708
0.164042
0.182542
0.303625
0.183167
0.219042
0.339334
0.207
0.61375
0.741792
0.147333
0.203791
0.393041
0.149875
0.202875
0.222709
0.276875
0.594875
0.615666
0.17675
0.179209
0.217334
0.136
0.180625
0.455875
0.172834
0.364458
0.25625
0.134708
0.21775
0.3745
0.157583
0.38575
0.656208
0.188458
0.203625
0.410458
0.150083
0.398584
0.252459
0.159542
0.190208
0.398292
0.165167
0.110333
0.347834
0.162583
0.202041
0.237
0.150833
0.177791
0.204083
0.157
0.306333
0.34275
0.268583
0.192667
0.190875
0.147
0.163958
0.181666
0.1485
0.130542
0.305833
0.139833
0.17775
0.196625
0.15425
0.185542
0.207917
0.157083
0.226542
0.108166
0.214
0.526
0.204625
0.147458
0.148584
0.20475
0.150166
0.202666
0.217667
0.101208
0.3925
0.633708
0.16275
0.35375
0.302833
0.111875
0.172333
0.29175
0.159
0.259917
0.2135
0.125959
0.198209
0.286292
0.133875
0.190083
0.264625
0.215958
0.431208
0.251208
0.150208
0.228208
0.481125
0.122958
0.122167
0.188084
0.221625
0.342666
0.23775
0.143542
0.20875
0.181333
0.154375
0.1555
0.3915
0.116333
0.100708
0.147125
0.14725
0.214
0.289083
0.149334
0.194875
0.204417
0.126792
0.182625
0.174708
0.140916
