0.122625
0.130875
0.1145
0.024375
0.034459
0.038333
0.074833
0.044458
0.026792
0.028709
0.029333
0.043667
0.052542
0.037542
0.035208
0.037125
0.042625
0.029792
0.029667
0.02875
0.027958
0.031875
0.027375
0.030167
0.039084
0.040417
0.070542
0.064917
0.050291
0.031291
0.0795
0.037583
0.043334
0.04225
0.063667
0.036042
0.047292
0.04275
0.04275
0.046125
0.04075
0.037541
0.041917
0.041875
0.040709
0.039875
0.0445
0.041584
0.070291
0.03725
0.035
0.040417
0.037417
0.032666
0.034083
0.043208
0.037083
0.040833
0.035084
0.03625
0.0415
0.043417
0.055375
0.069
0.061417
0.062542
0.098292
0.054
0.053875
0.0545
0.045209
0.0365
0.028459
0.0445
0.025959
0.030292
0.026083
0.0325
0.038167
0.03425
0.034625
0.042959
0.0345
0.040458
0.10475
0.218166
0.039916
0.050208
0.058625
0.033333
0.035125
0.026916
0.035375
0.031458
0.038042
0.033
0.031875
0.03275
0.029167
0.054042
0.028125
0.044833
0.032166
0.032167
0.035959
0.037
0.036416
0.036416
0.031792
0.032625
0.030542
0.031125
0.026
0.031458
0.030375
0.029042
0.036
0.032333
0.029292
0.043625
0.033167
0.029208
0.0295
0.02575
0.028542
0.029959
0.026792
0.03025
0.031333
0.033958
0.034292
0.03375
0.032625
0.033917
0.03625
0.039167
0.029708
0.030708
0.032041
0.031458
0.035542
0.042792
0.042208
0.045875
0.047583
0.043042
0.048458
0.070083
0.0645
0.046208
0.0615
0.051709
0.039667
0.046125
0.050417
0.034166
0.038667
0.033
0.035458
0.048625
0.034334
0.03975
0.041917
0.033
0.04025
0.044334
0.041167
0.040666
0.056625
0.055958
0.090875
0.07975
0.045542
0.054833
0.048667
0.033916
0.0385
0.044292
0.043667
0.033291
0.053541
0.071208
0.0535
0.065041
0.050709
0.091792
0.090875
0.047125
0.043208
0.080208
0.035959
0.05075
0.067833
0.061375
0.044916
0.072334
0.039375
0.040125
0.03875
0.036666
0.036167
0.066125
0.049083
0.050833
0.047708
0.038833
0.047375
0.043917
0.042042
0.040875
0.050334
0.039542
0.033375
0.039458
0.035791
0.033708
0.042292
0.032333
0.036666
0.044375
0.036292
0.041334
0.042458
0.037459
0.031833
0.044333
0.036375
0.0375
0.050208
0.035208
0.045625
0.062875
0.037416
0.039959
0.065791
0.045291
0.078166
0.084542
0.044
0.051417
0.094416
0.034292
0.036375
0.051833
0.042875
0.051583
0.049
0.039916
0.045791
0.038041
0.031167
0.03225
0.04
0.035208
0.031875
0.041625
0.030334
0.036166
0.040125
0.042958
0.046958
0.069292
0.052292
0.046791
0.068125
0.055459
0.049917
0.055
0.034667
0.044958
0.041208
0.04625
0.046333
0.041125
0.036333
0.040292
0.04225
0.038791
0.031875
0.042584
0.035833
0.047417
0.04525
0.043125
0.045667
0.044334
0.046292
0.041667
0.045583
0.03875
0.034208
0.046083
0.042167
0.042583
0.042458
0.036792
0.036333
0.038042
0.029458
0.032208
0.044208
0.062708
0.040791
0.045334
0.039417
0.034959
0.041584
0.03725
0.04425
0.03925
0.034
0.029625
0.039959
0.036917
0.032083
0.061958
0.071875
0.052208
0.059
0.07575
0.067
0.065917
0.064291
0.060875
0.046916
0.039333
0.032959
0.040667
0.03275
0.036375
0.049416
0.042333
0.034875
0.07
0.03575
0.126583
0.0725
0.0465
0.031334
0.092875
0.030917
0.032958
0.040708
0.043333
0.034459
0.047416
0.081834
0.050834
0.038208
0.036
0.038083
0.034333
0.030209
0.031708
0.029834
0.029042
0.03
0.039375
0.039
0.033958
0.033709
0.033208
0.030791
0.034459
0.029792
0.028458
0.032417
0.038125
0.033416
0.031625
0.029167
0.029667
0.029083
0.031875
0.034042
0.032084
0.037
0.046042
0.035084
0.04
0.056584
0.031542
0.038542
0.033
0.047958
0.059125
0.076375
0.041917
0.034208
0.031375
0.061708
0.040541
0.0335
0.05325
0.034
0.038209
0.047375
0.047542
0.033542
0.03675
0.029042
0.032583
0.038041
0.032583
0.035292
0.036542
0.031917
0.029167
0.036042
0.031875
0.036375
0.040042
0.047375
0.055375
0.055917
0.047459
0.038625
0.045208
0.036584
0.040667
0.033542
0.0325
0.027459
0.034834
0.023375
0.026459
0.026334
0.028458
0.031375
0.030625
0.033166
0.031875
0.036125
0.037833
0.037084
0.077084
0.034
0.029917
0.0335
0.032875
0.031458
0.035291
0.046167
0.028292
0.037416
0.028459
0.034542
0.042584
0.03375
0.041792
0.069709
0.062167
0.049083
0.066584
0.042667
0.046916
0.053
0.043334
0.0255
0.03625
0.041292
0.028375
0.027708
0.031917
0.025542
0.033708
0.030416
0.03325
0.036666
0.040833
0.037167
0.040417
0.033625
0.040542
0.036417
0.028459
0.04725
0.040375
0.027875
0.035458
0.031041
0.026291
0.026208
0.033625
0.024541
0.026625
0.030792
0.031459
0.03025
0.038666
0.034
0.046416
0.036042
0.030667
0.034166
0.04125
0.035042
0.033458
0.054583
0.038167
0.039333
0.038292
0.043084
0.047583
0.051334
0.039667
0.063958
0.085167
0.0435
0.045584
0.036417
0.04575
0.037334
0.041208
0.026667
0.043917
0.033333
0.032458
0.030417
0.033167
0.030375
0.032792
0.040625
0.034458
0.036166
0.044792
0.037291
0.036083
0.045042
0.034125
0.036541
0.042042
0.089084
0.033833
0.040042
0.0465
0.040167
0.056625
0.057
0.070166
0.041
0.031167
0.034916
0.043167
0.049125
0.042208
0.041292
0.0455
0.046917
0.040875
0.033916
0.035167
0.037083
0.055792
0.037458
0.044791
0.089792
0.071375
0.044083
0.033208
0.033708
0.063958
0.03625
0.037708
0.054875
0.060708
0.041625
0.075875
0.050291
0.037125
0.047167
0.047625
0.035875
0.038791
0.030667
0.03525
0.041167
0.038959
0.035291
0.039542
0.131583
0.075
0.063916
0.052667
0.05475
0.043333
0.046
0.044041
0.037208
0.056625
0.045625
0.036875
0.03425
0.039625
0.046292
0.043209
0.054125
0.064416
0.05525
0.4195
0.064208
0.054834
0.045708
0.054209
0.111459
0.049375
0.056208
0.043708
0.038209
0.042833
0.038041
0.049459
0.042708
0.042083
0.032958
0.032042
0.037167
0.031917
0.038833
0.065583
0.031458
0.041
0.067208
0.036125
0.033708
0.032417
0.028791
0.030916
0.032417
0.024875
0.032958
0.026375
0.028
0.034958
0.02625
0.029375
0.023625
0.028625
0.022542
0.025667
0.029042
0.030792
0.042291
0.034417
0.035916
0.036125
1.80254
0.036625
0.03225
0.031375
0.031583
0.033542
0.023708
0.027792
0.029916
0.028292
0.034917
0.037334
0.034167
0.038458
0.037334
0.036083
0.033666
0.031708
0.029542
0.032708
0.025125
0.032292
0.024042
0.029833
0.034333
0.024792
0.039916
0.0375
0.032208
0.0255
0.024541
0.026125
0.02625
0.028709
0.029958
0.029417
0.024375
0.026875
0.024167
0.029583
0.023542
0.04025
0.031333
0.029
0.03125
0.03825
0.0305
0.027041
0.032917
0.024833
0.029208
0.03075
0.033625
0.032042
0.030958
0.031292
0.028875
0.026875
0.024083
0.026542
0.023792
0.034667
0.062583
0.037083
0.035584
0.03575
0.050875
0.061083
0.091208
0.059459
0.065042
0.063916
0.068291
0.0315
0.052292
0.092916
0.033042
0.032292
0.032083
0.035333
0.032125
0.125625
0.098625
0.081792
0.055625
0.035416
0.067875
0.0545
0.048875
0.060209
0.079417
0.031333
0.090834
0.056417
0.033042
0.054125
0.030333
0.050459
0.033125
0.042042
0.0355
0.033292
0.040167
0.049875
0.034833
0.031125
0.030292
0.0335
0.041375
0.03
0.035958
0.035709
0.043167
0.050209
0.03325
0.027125
0.061542
0.03675
0.033625
0.035166
0.039542
0.032833
0.0465
0.058209
0.03075
0.043833
0.071416
0.061583
0.0425
0.0855
0.110542
0.046167
0.075708
0.044459
0.039958
0.032417
0.040791
0.03925
0.03725
0.031541
0.034959
0.035208
0.030375
0.037
0.060458
0.031166
0.034083
0.036375
0.032916
0.033708
0.0345
0.03775
0.032041
0.032042
0.043167
0.031208
0.026917
0.02925
0.050833
0.04375
0.049791
0.093833
0.0435
0.072042
0.040542
0.034709
0.047708
0.047791
0.039583
0.031959
0.048875
0.046083
0.044292
0.031041
0.052667
0.038166
0.034875
0.028084
0.035916
0.036666
0.034708
0.042541
0.036
0.036125
0.034334
0.048375
0.066333
0.045208
0.032167
0.028542
0.043917
0.048375
0.041583
0.040959
0.035583
0.038291
0.032542
0.037333
0.035666
0.036458
0.079
0.03875
0.041042
0.068875
