0.064208
0.0655
0.052875
0.041083
0.022166
0.011667
0.023041
0.015375
0.02075
0.020875
0.021792
0.023166
0.015
0.020583
0.016333
0.020375
0.023708
0.016167
0.020875
0.01825
0.0255
0.038042
0.045208
0.029
0.046584
0.030125
0.020916
0.029958
0.026167
0.020167
0.029417
0.019083
0.025667
0.044834
0.040834
0.033041
0.032083
0.035166
0.024
0.042041
0.047042
0.037334
0.030625
0.036625
0.036208
0.021834
0.023917
0.021875
0.033833
0.023125
0.023708
0.021416
0.02475
0.016833
0.019042
0.041041
0.022209
0.023416
0.019625
0.02
0.022833
0.023375
0.022541
0.019875
0.025
0.027167
0.030292
0.022708
0.028959
0.019208
0.028
0.027333
0.024916
0.0215
0.018792
0.019291
0.02225
0.019334
0.020583
0.019084
0.020791
0.0455
0.025625
0.025083
0.019917
0.021125
0.026625
0.019875
0.02025
0.02
0.018583
0.016583
0.019125
0.026416
0.0295
0.02475
0.022333
0.024291
0.026042
0.024333
0.046709
0.049167
0.052125
0.03425
0.030541
0.039333
0.025459
0.02875
0.033417
0.024125
0.036625
0.028417
0.027042
0.024375
0.028042
0.031916
0.025375
0.028459
0.028958
0.032375
0.052
0.025833
0.049917
0.071792
0.017708
0.024459
0.052834
0.033375
0.045291
0.039458
0.031209
0.035167
0.065042
0.028333
0.023416
0.03425
0.01975
0.023208
0.060541
0.066125
0.044042
0.043708
0.028416
0.025542
0.043125
0.01925
0.018833
0.026417
0.021208
0.0295
0.051708
0.021792
0.0195
0.02975
0.01925
0.021667
0.03275
0.0215
0.021083
0.023833
0.020792
0.017167
0.020333
0.016208
0.016792
0.016958
0.026041
0.016958
0.02175
0.020792
0.027792
0.015583
0.018416
0.022667
0.038959
0.019459
0.022792
0.02925
0.064542
0.041334
0.03675
0.025167
0.022166
0.022375
0.022333
0.020416
0.030583
0.022166
0.07325
0.045709
0.0305
0.028833
0.065833
0.026375
0.048375
0.038916
0.024458
0.042916
0.025792
0.028917
0.026958
0.039708
0.024834
0.035542
0.032125
0.038333
0.047458
0.047125
0.02025
0.03
0.021584
0.024333
0.022333
0.025542
0.018291
0.066792
0.050958
0.031166
0.024375
0.041917
0.023458
0.024667
0.028834
0.025625
0.026334
0.037959
0.027875
0.048625
0.066125
0.030625
0.020958
0.02875
0.029458
0.029334
0.023209
0.022209
0.026375
0.026
0.017458
0.023208
0.02175
0.017042
0.017125
0.01875
0.016625
0.014125
0.021333
0.020541
0.018083
0.01975
0.018
0.015625
0.022416
0.016708
0.017042
0.025209
0.0195
0.018292
0.021416
0.016417
0.024584
0.021209
0.019459
0.022583
0.020667
0.019709
0.020708
0.017333
0.019917
0.025333
0.018667
0.019291
0.035542
0.019958
0.024334
0.021875
0.019416
0.024625
0.017916
0.019584
0.021292
0.016417
0.041667
0.046708
0.017541
0.018291
0.035875
0.014625
0.050083
0.015083
0.021792
0.02
0.021708
0.023625
0.025833
0.02525
0.027667
0.02425
0.028333
0.025458
0.02475
0.016833
0.020917
0.020417
0.019208
0.020875
0.023125
0.021625
0.0225
0.025
0.020708
0.022666
0.022417
0.018417
0.022833
0.019708
0.022166
0.023
0.020917
0.014625
0.015375
0.015834
0.017
0.020375
0.015291
0.025083
0.01975
0.021458
0.022583
0.017709
0.021292
0.020875
0.01975
0.021208
0.02375
0.018709
0.017375
0.016291
0.018583
0.020959
0.020792
0.016625
0.015584
0.017375
0.017458
0.021042
0.019
0.01775
0.025625
0.018417
0.015125
0.016708
0.035958
0.0305
0.016542
0.019334
0.015208
0.027083
0.028209
0.031959
0.033625
0.028042
0.021958
0.041583
0.020666
0.028125
0.0665
0.021709
0.02425
0.056541
0.025291
0.036
0.044208
0.027875
0.0225
0.025417
0.025041
0.026833
0.048375
0.024875
0.022708
0.049917
0.023
0.025667
0.052208
0.024084
0.023834
0.062875
0.022708
0.029458
0.059959
0.02825
0.026417
0.052958
0.02
0.026875
0.030667
0.033875
0.020083
0.049959
0.028
0.027625
0.022333
0.022167
0.022542
0.034833
0.030166
0.037
0.038667
0.036
0.0225
0.062958
0.026459
0.024333
0.046625
0.020333
0.019375
0.060084
0.018042
0.036917
0.0245
0.026625
0.024334
0.038083
0.016625
0.024666
0.028459
0.042875
0.0195
0.0365
0.017542
0.036292
0.023042
0.027
0.019
0.02825
0.01875
0.0265
0.020791
0.027708
0.032875
0.03575
0.017834
0.028041
0.021083
0.030584
0.022584
0.086834
0.03775
0.068375
0.030333
0.023542
0.018417
0.045375
0.020792
0.02075
0.052667
0.0385
0.017208
0.019833
0.0185
0.02125
0.021875
0.021375
0.021459
0.027083
0.03275
0.03475
0.021208
0.022708
0.060541
0.069958
0.017292
0.028125
0.031916
0.024334
0.0305
0.03725
0.021541
0.03
0.021917
0.048541
0.018625
0.053583
0.020459
0.028375
0.020666
0.031708
0.022792
0.028375
0.021833
0.037875
0.023375
0.032083
0.031167
0.036542
0.022791
0.031542
0.021792
0.029542
0.023167
0.036125
0.02175
0.031334
0.02225
0.029833
0.027167
0.04325
0.019125
0.052667
0.02675
0.023583
0.022792
0.035167
0.020125
0.025958
0.020583
0.028541
0.021125
0.04075
0.02075
0.036958
0.02
0.031875
0.023958
0.034167
0.030125
0.025959
0.025792
0.024375
0.022791
0.040625
0.0195
0.032875
0.028542
0.039208
0.020334
0.038083
0.019375
0.035709
0.021292
0.032458
0.029083
0.043833
0.031875
0.038042
0.024208
0.0345
0.080375
0.029375
0.019625
0.023875
0.022667
0.037834
0.020542
0.031833
0.026041
0.022458
0.021334
0.02375
0.019334
0.027084
0.022916
0.020084
0.022167
0.020833
0.019625
0.028208
0.0235
0.028542
0.021875
0.025458
0.022667
0.03725
0.019417
0.024708
0.025708
0.021958
0.021167
0.035
0.019541
0.029125
0.025166
0.033042
0.05625
0.041834
0.026416
0.026416
0.024417
0.021541
0.017291
0.040791
0.017083
0.027166
0.023792
0.031292
0.020875
0.026459
0.044083
0.025
0.0275
0.024333
0.018292
0.027042
0.024917
0.017
0.025166
0.023542
0.0205
0.027584
0.026291
0.021875
0.027708
0.028625
0.021458
0.025916
0.029708
0.020791
0.022917
0.032625
0.0235
0.028958
0.039
0.023
0.019042
0.032417
0.018917
0.021708
0.017417
0.021833
0.016833
0.013583
0.016542
0.01575
0.013625
0.025083
0.029375
0.032042
0.026916
0.018458
0.018625
0.013333
0.014708
0.019667
0.019584
0.015042
0.021083
0.012833
0.012542
0.013541
0.01375
0.016459
0.013833
0.028167
0.016166
0.014417
0.01375
0.013458
0.013375
0.015166
0.016208
0.016916
0.012541
0.014375
0.012875
0.016042
0.02125
0.016792
0.014792
0.016083
0.014708
0.017583
0.0185
0.025916
0.025541
0.025917
0.026917
0.026209
0.02525
0.018833
0.014084
0.021583
0.015
0.016125
0.0135
0.016375
0.01575
0.015292
0.020333
0.018833
0.031792
0.034958
0.02525
0.0195
0.017083
0.015875
0.017792
0.015667
0.018041
0.015667
0.015083
0.015292
0.012833
0.014667
0.012833
0.012792
0.014666
0.016542
0.018584
0.020291
0.020292
0.028125
0.018792
0.020458
0.017375
0.025208
0.01675
0.013458
0.0165
0.016875
0.020625
0.013917
0.02075
0.014125
0.015
0.018625
0.021834
0.01975
0.02075
0.023709
0.02175
0.015959
0.026416
0.022459
0.022291
0.014167
0.016375
0.015458
0.018667
0.017084
0.021833
0.015208
0.022666
0.021875
0.022167
0.015708
0.026083
0.028208
0.028167
0.021792
0.018625
0.016375
0.01625
0.015333
0.018084
0.015125
0.0155
0.015584
0.013042
0.013416
0.013625
0.012584
0.015125
0.016709
0.017917
0.016083
0.017667
0.016667
0.017333
0.020042
0.016125
0.026
0.02425
0.025209
0.015541
0.027916
0.01375
0.026125
0.017292
0.020834
0.015458
0.041959
0.02175
0.017291
0.02175
0.021916
0.048958
0.020542
0.013792
0.013583
0.015
0.012917
0.01525
0.012708
0.016042
0.013375
0.016375
0.028708
0.016708
0.017042
0.021542
0.018833
0.022291
0.021792
0.013125
0.013959
0.016875
0.014167
0.014583
0.014541
0.015541
0.015708
0.013666
0.015375
0.013917
0.020209
0.029416
0.021958
0.023375
0.018375
0.018375
0.020583
0.017875
0.021375
0.015709
0.022916
0.022625
0.020875
0.020125
0.021959
0.013458
0.018458
0.013792
0.018625
0.015292
0.019292
0.02175
0.020291
0.015666
0.016542
0.016583
0.016541
0.01625
0.017917
0.013583
0.016083
0.013625
0.012542
0.013375
0.012667
