0.120792
0.118
0.105166
0.050625
0.04225
0.031709
0.099083
0.041583
0.042
0.102417
0.038042
0.101833
0.066292
0.103541
0.1095
0.043875
0.037875
0.03575
0.06125
0.037
0.044625
0.051208
0.044917
0.043
0.044959
0.035333
0.062167
0.080458
0.073084
0.037042
0.060791
0.053333
0.051208
0.034792
0.034791
0.046709
0.049666
0.067167
0.031083
0.036042
0.044333
0.051708
0.051458
0.070625
0.036916
0.043709
0.094917
0.049375
0.042084
0.044125
0.072167
0.040375
0.045292
0.035416
0.043542
0.072166
0.034375
0.076334
0.045125
0.055958
0.036833
0.049791
0.041459
0.053083
0.03475
0.06625
0.037834
0.040084
0.040292
0.043625
0.049959
0.034917
0.03775
0.049541
0.043917
0.05375
0.045625
0.031125
0.040708
0.044959
0.032834
0.042833
0.033542
0.036459
0.044625
0.032333
0.035125
0.103084
0.041666
0.038708
0.037708
0.036625
0.038542
0.055125
0.038042
0.037583
0.047584
0.046958
0.039583
0.036666
0.036042
0.043917
0.037292
0.084792
0.033125
0.046584
0.039042
0.058958
0.039417
0.045416
0.037875
0.034042
0.033333
0.057792
0.033209
0.030917
0.031166
0.077208
0.058917
0.082125
0.053584
0.038916
0.0365
0.06225
0.056166
0.028417
0.040125
0.038667
0.0315
0.036125
0.047708
0.041625
0.046125
0.069625
0.063833
0.047417
0.035875
0.032125
0.036959
0.043542
0.036458
0.03575
0.041625
0.0385
0.039375
0.032541
0.034084
0.046167
0.035459
0.032375
0.032875
0.202083
0.037667
0.035209
0.042458
0.039833
0.038375
0.033834
0.039583
0.054542
0.037958
0.0395
0.045958
0.039791
0.04175
0.032667
0.03375
0.032417
0.037083
0.06475
0.038333
0.039834
0.03225
0.033083
0.034042
0.04925
0.035
0.0405
0.029333
0.034958
0.042292
0.038916
0.044625
0.038333
0.048583
0.036
0.034
0.033208
0.034917
0.0355
0.033792
0.034167
0.040042
0.047583
0.029875
0.040875
0.034292
0.044458
0.042458
0.081958
0.039625
0.039458
0.046875
0.042958
0.036959
0.034958
0.04175
0.050333
0.06125
0.045917
0.110792
0.032834
0.030125
0.036667
0.047167
0.061375
0.042917
0.03875
0.032
0.067125
0.037333
0.031625
0.034042
0.0335
0.032542
0.03275
0.029667
0.036083
0.036416
0.049667
0.034042
0.045583
0.039667
0.051209
0.048958
0.041417
0.047084
0.038541
0.031208
0.0435
0.076959
0.037208
0.041334
0.037291
0.045333
0.03625
0.033084
0.036417
0.035584
0.070042
0.032083
0.031583
0.037125
0.036292
0.035667
0.03925
0.073709
0.036958
0.04975
0.107958
0.0535
0.052959
0.033625
0.039459
0.036375
0.038833
0.033542
0.041375
0.044292
0.054791
0.039709
0.072708
0.033166
0.036583
0.031458
0.033042
0.035166
0.036
0.035833
0.045875
0.037833
0.057625
0.047334
0.034333
0.034542
0.045125
0.033291
0.039875
0.0365
0.037542
0.0415
0.044333
0.046375
0.0355
0.0485
0.040333
0.034
0.046416
0.032917
0.040834
0.038292
0.0635
0.034166
0.039291
0.039375
0.047667
0.036833
0.036333
0.030208
0.033625
0.036291
0.041667
0.037375
0.041625
0.04025
0.062209
0.033041
0.035708
0.034916
0.045291
0.0355
0.045625
0.037666
0.07175
0.066125
0.07075
0.031458
0.043458
0.04675
0.057917
0.06825
0.041708
0.030833
0.081792
0.048625
0.038542
0.034917
0.030208
0.035042
0.030791
0.029917
0.042792
0.039208
0.035125
0.031959
0.067208
0.032875
0.028875
0.052458
0.078375
0.040042
0.079458
0.034875
0.033375
0.06575
0.075042
0.039541
0.043875
0.031708
0.032583
0.031917
0.037875
0.030083
0.045875
0.039625
0.03375
0.030208
0.033708
0.02975
0.039125
0.026
0.058208
0.042167
0.034208
0.043708
0.062166
0.034083
0.160709
0.033375
0.035583
0.032708
0.042958
0.032625
0.036291
0.0335
0.037583
0.034125
0.032833
0.035458
0.038291
0.034167
0.0355
0.038708
0.065292
0.035042
0.032458
0.037542
0.041333
0.037917
0.045417
0.031667
0.032792
0.034458
0.039458
0.0345
0.033083
0.032
0.030708
0.102
0.038625
0.036625
0.031208
0.032584
0.035209
0.035083
0.053833
0.035
0.081792
0.034083
0.048583
0.044458
0.045042
0.032625
0.040541
0.037667
0.032958
0.04025
0.046542
0.037125
0.037458
0.03025
0.031375
0.063084
0.056167
0.080917
0.038
0.02975
0.038917
0.031833
0.033958
0.035583
0.061583
0.03425
0.035666
0.047209
0.039292
0.033708
0.05575
0.027417
0.039625
0.03925
0.037542
0.033083
0.040542
0.03625
0.03625
0.031291
0.034375
0.056833
0.043167
0.030583
0.035625
0.03825
0.044167
0.036
0.041417
0.033042
0.03675
0.0455
0.059916
0.034416
0.039917
0.03225
0.032041
0.035208
0.034875
0.029292
0.03175
0.03075
0.032209
0.042833
0.04375
0.03425
0.033792
0.037584
0.054625
0.032708
0.038125
0.033667
0.035834
0.037917
0.038792
0.03975
0.038708
0.03
0.034125
0.02875
0.038208
0.049708
0.050875
0.0455
0.037291
0.031875
0.056
0.034333
0.032708
0.030916
0.03925
0.033625
0.059042
0.035417
0.080625
0.055458
0.056417
0.034083
0.046709
0.036917
0.077584
0.033166
0.073083
0.034833
0.032417
0.032959
0.036958
0.039792
0.037459
0.028792
0.032584
0.032791
0.0475
0.040542
0.046333
0.029125
0.028583
0.032791
0.035167
0.05925
0.046958
0.032792
0.035333
0.027916
0.029125
0.029875
0.03925
0.032208
0.050916
0.032875
0.031709
0.029917
0.031125
0.030125
0.052667
0.056083
0.03625
0.033375
0.047083
0.032334
0.103542
0.03325
0.052084
0.027791
0.037667
0.038208
0.034958
0.040916
0.030083
0.033083
0.036084
0.052584
0.061125
0.036833
0.046333
0.035291
0.054125
0.032167
0.04225
0.033375
0.053959
0.031334
0.050667
0.05025
0.036708
0.033792
0.040459
0.039125
0.061208
0.032125
0.040958
0.032709
0.050833
0.04025
0.044625
0.03225
0.038792
0.036
0.033667
0.034458
0.029875
0.030625
0.171417
0.033208
0.03475
0.055
0.042291
0.031
0.035833
0.037542
0.032334
0.037459
0.032583
0.035167
0.045666
0.036292
0.029875
0.029458
0.0345
0.032125
0.034416
0.033583
0.030459
0.031416
0.0315
0.030417
0.0315
0.031916
0.034708
0.029167
0.0335
0.029958
0.02975
0.031792
0.058958
0.032584
0.032875
0.027458
0.032584
0.030791
0.037208
0.032125
0.036084
0.053792
0.043417
0.042417
0.045292
0.050958
0.0385
0.045334
0.033792
0.03625
0.02875
0.042209
0.036
0.036833
0.038125
0.032125
0.030666
0.039792
0.033667
0.055792
0.045875
0.035292
0.034958
0.031792
0.032208
0.032708
0.031291
0.03575
0.032083
0.039875
0.044584
0.035
0.031625
0.032291
0.031958
0.0315
0.0305
0.032417
0.032875
0.033917
0.030583
0.033417
0.035916
0.036208
0.03475
0.036709
0.034625
0.03875
0.083125
0.041792
0.031541
0.031458
0.042
0.039916
0.032542
0.031167
0.031208
0.036041
0.032833
0.030709
0.035166
0.033792
0.037541
0.031709
0.033209
0.032125
0.029291
0.042584
0.043
0.030167
0.032042
0.030167
0.033584
0.0435
0.031875
0.031375
0.029584
0.027875
0.032875
0.03175
0.032458
0.057208
0.032333
0.058542
0.041042
0.03275
0.031875
0.029417
0.035208
0.036959
0.027792
0.032041
0.029958
0.030291
0.028417
0.033208
0.032125
0.031291
0.029334
0.040083
0.029167
0.032625
0.041
0.032917
0.033625
0.04375
0.031292
0.037333
0.041917
0.037291
0.030709
0.038625
0.037333
0.033875
0.046083
0.039666
0.036375
0.035167
0.03375
0.031708
0.05125
0.033583
0.041417
0.030334
0.033708
0.030625
0.033709
0.034583
0.033
0.032208
0.033584
0.040708
0.030292
0.054208
0.029875
0.0375
0.041583
0.085917
0.036292
0.078625
0.0345
0.0355
0.053917
0.032375
0.033584
0.061542
0.0305
0.033
0.031833
0.039333
0.036625
0.037917
0.031667
0.038084
0.035542
0.058417
0.038834
0.032167
0.030625
0.03125
0.030417
0.033875
0.030583
0.036958
0.039042
0.058584
0.043708
0.037041
0.043292
0.038417
0.036625
0.034708
0.032542
0.033834
0.032042
0.039709
0.034584
0.034625
0.035916
0.033958
0.030125
0.060709
0.039458
0.036375
0.033166
0.033917
0.03375
0.035625
0.039209
0.030959
0.035542
0.036833
0.041
0.038
0.03525
0.036459
0.033125
0.0335
0.032041
0.038792
0.034958
0.033584
0.033459
0.036208
0.029625
0.03525
0.03525
0.033625
0.030708
0.033667
0.03475
