0.068458
0.047625
0.063792
0.013792
0.031834
0.021416
0.015042
0.020458
0.018875
0.020583
0.021041
0.062125
0.018417
0.018291
0.018917
0.016166
0.028417
0.022042
0.019458
0.014375
0.018417
0.022125
0.019625
0.017459
0.018083
0.018542
0.020375
0.017125
0.021542
0.019334
0.025917
0.017458
0.022541
0.014792
0.017167
0.021875
0.014667
0.014917
0.014625
0.014167
0.015542
0.017833
0.025583
0.0195
0.019875
0.024166
0.018959
0.021584
0.022167
0.031375
0.069709
0.052875
0.0315
0.033458
0.049708
0.0245
0.021958
0.032459
0.045917
0.028667
0.031208
0.039958
0.11225
0.026791
0.02725
0.037
0.021708
0.039083
0.040875
0.05
0.020042
0.032458
0.020375
0.044417
0.038708
0.041
0.04175
0.056417
0.052834
0.021917
0.062542
0.028625
0.032167
0.021
0.022958
0.048292
0.022458
0.018334
0.023417
0.02675
0.024625
0.022125
0.0445
0.034042
0.033292
0.03725
0.050291
0.040291
0.029833
0.03925
0.024167
0.033167
0.02375
0.021209
0.025833
0.019542
0.024542
0.026667
0.020459
0.02625
0.028875
0.023541
0.022583
0.032167
0.020375
0.04725
0.053334
0.023584
0.032084
0.053125
0.022875
0.033709
0.059625
0.026708
0.026583
0.041125
0.042875
0.038083
0.049458
0.02925
0.035333
0.036166
0.020042
0.027625
0.027417
0.02225
0.026042
0.029375
0.029334
0.04025
0.0365
0.021375
0.027791
0.038625
0.040959
0.025667
0.033917
0.027333
0.037208
0.02475
0.021791
0.02725
0.02875
0.037125
0.042375
0.02925
0.02375
0.023916
0.036375
0.031792
0.03325
0.026083
0.022459
0.036041
0.042792
0.033583
0.035
0.029667
0.027042
0.028
0.052625
0.030917
0.038375
0.040958
0.02975
0.032125
0.056334
0.035083
0.033208
0.034
0.040667
0.023959
0.02425
0.024041
0.038292
0.029291
0.028333
0.029542
0.061625
0.033375
0.030375
0.046042
0.042042
0.0255
0.051542
0.025125
0.024666
0.031458
0.020334
0.025459
0.037708
0.026667
0.023417
0.037167
0.024291
0.024958
0.028709
0.026834
0.033459
0.036542
0.058833
0.043709
0.044292
0.01675
0.045292
0.025458
0.029833
0.026042
0.035208
0.02275
0.024792
0.037959
0.028292
0.026042
0.046792
0.028125
0.039166
0.043834
0.022208
0.027
0.061667
0.024416
0.034083
0.067666
0.026166
0.024542
0.036208
0.032375
0.034917
0.031333
0.029459
0.040542
0.051333
0.02925
0.032834
0.035875
0.043208
0.038166
0.026625
0.020834
0.020584
0.028917
0.023584
0.026125
0.022916
0.02625
0.020042
0.030875
0.019541
0.02625
0.034834
0.027292
0.032125
0.045375
0.041417
0.082
0.026375
0.021542
0.021041
0.02825
0.022292
0.020833
0.03925
0.030333
0.021542
0.024458
0.026375
0.03175
0.015791
0.024916
0.018208
0.01525
0.015958
0.017208
0.019625
0.018625
0.021958
0.0275
0.021084
0.034167
0.025083
0.046084
0.031541
0.043125
0.022083
0.027708
0.03725
0.025083
0.024541
0.05775
0.026
0.026791
0.051875
0.039875
0.031791
0.027958
0.028375
0.026792
0.052916
0.021709
0.033958
0.0695
0.022458
0.026916
0.032584
0.033666
0.036167
0.031958
0.023
0.031958
0.046875
0.026125
0.036708
0.053041
0.027708
0.032166
0.054667
0.0485
0.026209
0.048709
0.027458
0.030333
0.041625
0.037
0.042459
0.108667
0.035584
0.036875
0.045791
0.034333
0.057666
0.034208
0.025083
0.051792
0.060375
0.037375
0.038125
0.032625
0.035833
0.038458
0.025416
0.039208
0.043208
0.031208
0.035917
0.040333
0.035959
0.025833
0.0415
0.046833
0.024208
0.046791
0.046333
0.0495
0.075125
0.063375
0.051083
0.050417
0.036
0.025375
0.022291
0.030459
0.023333
0.021667
0.038417
0.032375
0.035
0.037125
0.026375
0.027292
0.032667
0.036917
0.038459
0.067042
0.027375
0.045541
0.048625
0.032166
0.027791
0.03275
0.027958
0.049417
0.055
0.039708
0.036042
0.032541
0.031209
0.041333
0.046292
0.029125
0.030125
0.040542
0.039042
0.035542
0.047167
0.032834
0.044208
0.034042
0.024375
0.041083
0.062333
0.030291
0.0495
0.060333
0.023208
0.039708
0.052709
0.033667
0.040375
0.05775
0.029458
0.028042
0.04075
0.028375
0.032708
0.043667
0.023708
0.0415
0.039667
0.034167
0.028375
0.031791
0.022334
0.032834
0.049917
0.028833
0.029041
0.068167
0.034709
0.030417
0.069125
0.04625
0.047083
0.072333
0.040167
0.032958
0.054916
0.034916
0.022042
0.036708
0.019625
0.033125
0.04375
0.030875
0.021792
0.02025
0.019333
0.021084
0.0265
0.02
0.026625
0.035667
0.022084
0.0215
0.032625
0.031334
0.023792
0.053584
0.027
0.026125
0.047458
0.035292
0.034167
0.034709
0.024625
0.028375
0.04425
0.04225
0.037458
0.064
0.029
0.031375
0.055041
0.026167
0.023291
0.045875
0.027333
0.034917
0.025417
0.03175
0.07825
0.048125
0.044542
0.051958
0.034833
0.041875
0.031084
0.044333
0.030334
0.023042
0.024625
0.0165
0.036167
0.025416
0.026959
0.016917
0.019167
0.020625
0.016167
0.038458
0.022167
0.0255
0.032709
0.02
0.024
0.028416
0.024083
0.038917
0.055167
0.034292
0.02725
0.026833
0.020834
0.022458
0.025291
0.021625
0.022959
0.028333
0.019083
0.025167
0.029916
0.022791
0.021958
0.029875
0.025042
0.028666
0.041708
0.028417
0.029208
0.047416
0.025958
0.035834
0.054917
0.02975
0.027042
0.055958
0.026834
0.029666
0.042125
0.026
0.043334
0.045
0.037375
0.045209
0.080292
0.031459
0.033792
0.029666
0.026958
0.02475
0.038667
0.018958
0.020416
0.059042
0.018292
0.016834
0.02225
0.018375
0.016916
0.0185
0.016333
0.016125
0.019
0.017416
0.020541
0.024583
0.019083
0.020708
0.031459
0.019833
0.016042
0.023083
0.017417
0.017917
0.025916
0.016125
0.024792
0.019625
0.016417
0.01475
0.016167
0.0145
0.021875
0.015958
0.016167
0.013666
0.015209
0.014417
0.021459
0.102584
0.022916
0.018708
0.024958
0.021875
0.019292
0.021917
0.059166
0.021667
0.019
0.021208
0.019917
0.020458
0.020167
0.02125
0.022875
0.024417
0.019625
0.0225
0.021042
0.016625
0.013208
0.015417
0.018875
0.017125
0.015083
0.015208
0.01725
0.01775
0.0175
0.025459
0.014875
0.014834
0.018292
0.016166
0.015917
0.020792
0.023542
0.02075
0.031459
0.0205
0.022084
0.074917
0.019458
0.0255
0.020584
0.019417
0.024959
0.020833
0.02
0.026792
0.019875
0.019708
0.023792
0.017167
0.020042
0.016708
0.02325
0.017208
0.017167
0.017583
0.022541
0.019875
0.023167
0.024417
0.022666
0.01525
0.018375
0.016708
0.016333
0.019792
0.012833
0.016208
0.022125
0.023667
0.017709
0.018167
0.021041
0.025167
0.025709
0.436334
0.257459
0.022083
0.0175
0.021458
0.022833
0.017542
0.015166
0.015375
0.01775
0.017291
0.016875
0.016125
0.021625
0.018875
0.016458
0.02625
0.017
0.015167
0.013666
0.013625
0.015042
0.015042
0.012916
0.015333
0.01575
0.015792
0.018583
0.026125
0.020084
0.019375
0.019167
0.023042
0.020959
0.015167
0.02475
0.014875
0.017292
0.016208
0.014042
0.018792
0.018208
0.016333
0.014458
0.015625
0.013375
0.016167
0.018875
0.016291
0.014625
0.01475
0.01775
0.018
0.017042
0.0165
0.021959
0.027041
0.020375
0.022959
0.028042
0.020375
0.032792
0.025708
0.017625
0.017458
0.014
0.019417
0.0225
0.02425
0.02075
0.02025
0.016917
0.014416
0.015625
0.023334
0.029916
0.021875
0.02075
0.029833
0.027083
0.016709
0.019792
0.018417
0.017
0.01725
0.017041
0.01775
0.02525
0.019542
0.029542
0.020042
0.029792
0.021458
0.027458
0.016042
0.022791
0.022666
0.019833
0.019917
0.024083
0.015916
0.014667
0.014584
0.018125
0.01675
0.019959
0.019583
0.02225
0.018459
0.021541
0.015792
0.013792
0.019958
0.019458
0.02175
0.019375
0.021666
0.019458
0.020916
0.023708
0.019875
0.022792
0.028667
0.016708
0.016708
0.018542
0.053208
0.018083
0.016541
0.020209
0.020541
0.014541
0.014625
0.024
0.015958
0.013084
0.021625
0.021375
0.017625
0.016584
0.0125
0.015334
0.015167
0.024458
0.016334
0.018208
0.019708
0.015375
0.019
0.023917
0.014667
0.012916
0.014166
0.013209
0.017417
0.019208
0.01475
0.015792
0.015792
0.014292
0.022084
0.015042
0.015833
0.016917
0.014583
0.013334
0.017791
0.012334
0.014
0.016083
0.021459
0.013
