0.402125
0.461291
0.46225
0.947208
0.245541
0.442125
0.109458
0.0905
0.158917
0.095542
0.157542
0.140458
0.109958
0.120042
0.210833
0.155333
0.11475
0.10675
0.116583
0.111958
0.122333
0.138834
0.196166
0.217167
0.155958
0.118959
0.109
0.100917
0.12725
0.131166
0.109041
0.125834
0.299667
0.116292
0.411084
0.297917
0.139541
0.190875
0.198
0.150209
0.123667
0.169167
0.1045
0.121125
0.153583
0.103917
0.143958
0.102708
0.142583
0.129042
0.147041
0.131708
0.165458
0.148959
0.140667
0.114791
0.113708
0.1075
0.101375
0.134541
0.147375
0.109834
0.141125
0.171375
0.123125
0.104792
0.118291
0.117458
0.184458
0.120625
0.135167
0.107167
0.131291
0.133
0.16625
0.164042
0.196333
0.136417
0.133166
0.108958
0.163125
0.193375
0.118333
0.1715
0.142625
0.1065
0.105792
0.114292
0.11
0.136459
0.111666
0.172
0.114417
0.122708
0.105583
0.130292
0.122958
0.113458
0.130833
0.099042
0.104542
0.106166
0.111959
0.10775
0.110291
0.103792
0.10875
0.108041
0.155292
0.1155
0.124208
0.112916
0.109417
0.118459
0.104458
0.1055
0.110083
0.106167
0.124833
0.107333
0.115875
0.189334
0.115166
0.104417
0.105959
0.11925
0.115083
0.117833
0.132083
0.121125
0.113542
0.109792
0.105167
0.112666
0.173042
0.128542
0.157125
0.142584
0.106708
0.139916
0.150917
0.124917
0.164041
0.190208
0.11425
0.130209
0.17275
0.138583
0.198292
0.269917
0.109708
0.107792
0.110792
0.120416
0.125875
0.126333
0.189166
0.120417
0.115958
0.116958
0.112084
0.164917
0.270833
0.1415
0.127375
0.124584
0.153542
0.145959
0.114125
0.111959
0.137417
0.129792
0.135959
0.137625
0.1345
0.284833
0.113833
0.119625
0.159375
0.134
0.208208
0.505084
0.161041
0.153
0.149417
0.333625
0.289334
0.170916
0.147208
0.166334
0.113958
0.106875
0.13225
0.10775
0.128042
0.110791
0.126875
0.1905
0.204958
0.112208
0.118125
0.10875
0.109292
0.174708
0.10425
0.107125
0.108208
0.123417
0.186292
0.15925
0.156375
0.11575
0.104416
0.107917
0.119625
0.129
0.135208
0.113333
0.141542
0.112583
0.120709
0.151334
0.124042
0.129041
0.199625
0.111542
0.128959
0.137875
0.123875
0.112042
0.119125
0.11925
0.158583
0.128625
0.115708
0.113542
0.119875
0.126416
0.102542
0.140333
0.102041
0.151833
0.161375
0.144666
0.123375
0.11475
0.104209
0.114625
0.123167
0.105917
0.098375
0.127583
0.106042
0.153583
0.127208
0.305958
0.166083
0.120917
0.1
0.114084
0.228375
0.109292
0.2575
0.1995
0.148583
0.13675
0.161792
0.172583
0.354416
0.302875
1.07379
0.181292
0.178583
0.117917
0.246458
0.339167
0.117125
0.1415
0.2615
0.113916
0.172084
0.176667
0.1245
0.21175
0.141083
0.151958
0.312833
0.136458
0.121958
0.110167
0.409
0.111292
0.234334
0.342125
0.237792
0.117667
0.11275
0.169208
0.112667
0.106917
0.148125
0.115666
0.231041
0.12675
0.094792
0.107333
0.1225
0.104583
0.223583
0.107541
0.119041
0.122584
0.199625
0.121208
0.196667
0.141041
0.107
0.165333
0.139
0.109416
0.172792
0.129416
0.197125
0.11075
0.228709
0.104542
0.109583
0.109417
0.132125
0.126209
0.117292
0.1235
0.162584
0.109209
0.154584
0.1115
0.121125
0.143542
0.202208
0.110417
0.11975
0.127958
0.125166
0.102875
0.136084
0.175166
0.126208
0.136667
0.13025
0.118583
0.161042
0.110584
0.134375
0.151917
0.118792
0.115833
0.109042
0.10975
0.110125
0.134
0.107583
0.152458
0.112334
0.114167
0.173875
0.107792
0.105166
0.10575
0.157916
0.116708
0.126166
0.140083
0.141583
0.110625
0.143084
0.1035
0.097958
0.115292
0.10275
0.102375
0.110625
0.115084
0.129042
0.108625
0.143709
0.101083
0.101375
0.105709
0.159458
0.117
0.1045
0.125917
0.406083
0.108833
0.113375
0.121667
0.15375
0.119125
0.189375
0.227042
0.1045
0.098542
0.149708
0.118875
0.200333
0.120708
0.1095
0.100958
0.212208
0.197875
0.331666
0.197
0.154875
0.1455
0.181042
0.126375
0.14
0.140041
0.161916
0.184792
0.106459
0.149375
0.137
0.124
0.17775
0.1265
0.1375
0.117458
0.207333
0.135083
0.160584
0.128958
0.173917
0.151084
0.247291
0.182959
0.115583
0.175291
0.127875
0.0995
0.150125
0.120334
0.223583
0.116417
0.164
0.099542
0.151125
0.12875
0.202375
0.105208
0.146792
0.138417
0.139584
0.134958
0.199125
0.115375
0.164333
0.158
0.142084
0.139125
0.161625
0.106458
0.201834
0.120875
0.236791
0.104959
0.16425
0.296709
0.104458
0.094458
0.156583
0.141125
0.169041
0.139834
0.125667
0.10675
0.1555
0.195542
0.194458
0.151833
0.196292
0.235833
0.232708
0.10475
0.178083
0.108375
0.145166
0.127209
0.140542
0.113583
0.116958
0.11275
0.12925
0.123292
0.149042
0.104375
0.131417
0.104375
0.122667
0.144292
0.131833
0.105583
0.139334
0.115416
0.142292
0.119625
0.127917
0.105167
0.146875
0.131666
0.130166
0.160916
0.214792
0.106333
0.134917
0.1205
0.170333
0.107834
0.160459
0.107916
0.194208
0.11025
0.141833
0.100875
0.179458
0.122
0.145541
0.112917
0.122208
0.100208
0.162792
0.107792
0.283208
0.450584
0.2945
0.110542
0.143416
0.102959
0.182792
0.118083
0.148708
0.165875
0.158125
0.262334
0.160625
0.107125
0.161792
0.12225
0.120292
0.109375
0.138125
0.109125
0.123583
0.095333
0.143333
0.105375
0.122583
0.145708
0.150167
0.107167
0.114
0.153292
0.166875
0.131458
0.1425
0.162125
0.142125
0.119875
0.121
0.188625
0.123041
0.139
0.183042
0.102292
0.129041
0.127416
0.114666
0.123334
0.237708
0.135916
0.141
0.171917
0.289542
0.153459
0.711
0.132791
0.136791
0.147791
0.13575
2.54888
0.161166
0.123625
0.21375
0.112333
0.11675
0.127333
0.146917
0.119584
0.183875
0.126916
0.1905
0.10025
0.148333
0.113416
0.09725
0.127292
0.121125
0.099208
0.109166
0.145833
0.11775
0.111792
0.129167
0.10675
0.125
0.196916
0.118834
0.121792
0.111167
0.102375
0.098625
0.108291
0.134167
0.118792
0.105667
0.120333
0.122375
0.115709
0.122291
0.140458
0.122291
0.14175
0.26975
0.116458
0.206792
0.1655
0.184958
0.163292
0.166
0.146
0.147458
0.12475
0.136875
0.147417
0.099875
0.103417
0.111584
0.10275
0.107459
0.13975
0.097458
0.194583
0.139875
0.116916
0.142584
0.099
0.108458
0.117125
0.29225
0.120875
0.228333
0.137709
0.113208
0.108333
0.15025
0.138042
0.103959
0.102292
0.112125
0.094375
0.096334
0.106708
0.126291
0.126291
0.125834
0.12275
0.206834
0.191417
0.102708
0.11175
0.121667
0.105792
0.128375
0.10475
0.096583
0.103375
0.097667
0.119875
0.124959
0.142583
0.109916
0.130125
0.152584
0.10525
0.10425
0.100833
0.121334
0.103667
0.100833
0.109541
0.11625
0.123583
0.113125
0.126208
0.165125
0.12775
0.135875
0.124375
0.095667
0.099042
0.120042
0.158625
0.168375
0.106625
0.138833
0.099917
0.1205
0.131917
0.128625
0.157833
0.095791
0.107
0.117083
0.104083
0.130333
0.1225
0.099416
0.119458
0.102875
0.105375
0.112958
0.151333
0.098625
0.139292
0.116667
0.12325
0.186375
0.09975
0.135917
0.104375
0.1925
0.121959
0.10975
0.119542
0.155625
0.101667
0.117541
0.106666
0.108917
0.300708
0.103125
0.096333
0.11125
0.1055
0.230792
0.119
0.106541
0.11075
0.095333
0.132666
0.154208
0.095125
0.102833
0.094917
0.092625
0.122917
0.097041
0.107791
0.097459
0.100042
0.109375
0.101292
0.105959
0.100292
0.106125
0.124208
0.269166
0.208708
0.102708
0.110167
0.117625
0.104459
0.117292
0.117667
0.105625
0.126458
0.125541
0.110541
0.116333
0.148875
0.147041
0.145792
0.119875
0.160084
0.120667
0.174083
2.29942
0.344084
0.191667
2.31938
0.109
0.152334
0.104916
0.21275
0.124125
0.212709
0.110167
0.225625
0.126
0.160708
0.155833
0.215458
0.157834
0.115666
0.240583
0.172125
0.305375
0.117375
0.12125
0.20325
0.179209
0.15125
0.118167
0.144708
0.115208
0.102833
0.127292
0.126375
0.104167
0.118208
0.115208
0.106292
0.094458
0.119875
0.092375
0.093959
0.143917
0.121083
0.101625
0.109334
0.119083
0.154833
0.106042
0.106625
0.110959
0.11475
0.122708
0.132125
0.371959
0.150625
