0.242083
0.226917
0.3035
0.060166
0.046042
0.095208
0.119708
0.050333
0.051917
0.045542
0.042667
0.039458
0.049042
0.045709
0.045916
0.043
0.045875
0.039708
0.043083
0.0425
0.04525
0.0395
0.048209
0.053667
0.039625
0.049166
0.050667
0.045583
0.092875
0.095708
0.04425
0.042375
0.048042
0.037958
0.044334
0.044792
0.072292
0.044875
0.043958
0.046375
0.045584
0.0455
0.044583
0.047917
0.041084
0.041166
0.042334
0.0515
0.046875
0.043916
0.04175
0.042125
0.056584
0.054458
0.04
0.046292
0.045459
0.04025
0.038458
0.047125
0.047292
0.053541
0.045625
0.053041
0.05475
0.043208
0.050584
0.046041
0.041166
0.056875
0.058959
0.041542
0.04325
0.040167
0.043708
0.038958
0.043083
0.040916
0.044459
0.046542
0.049042
0.081708
0.137041
0.043292
0.044208
0.467083
0.050416
0.047083
0.041958
0.0565
0.046291
0.042833
0.042375
0.054042
0.059375
0.05475
0.061958
0.055959
0.043875
0.052583
0.078667
0.048209
0.055667
0.050584
0.059708
0.051708
0.073875
0.049084
0.046042
0.05225
0.064917
0.050584
0.046959
0.082417
0.051167
0.046458
0.051958
0.050334
0.0385
0.049542
0.049375
0.045084
0.047042
0.050834
0.040458
0.045625
0.046084
0.048209
0.041042
0.050125
0.046292
0.041042
0.04025
0.089041
0.049083
0.0425
0.047334
0.046958
0.0435
0.045209
0.095792
0.043833
0.042083
0.042583
0.042042
0.050166
0.043792
0.038667
0.045542
0.042292
0.042292
0.050334
0.043375
0.041334
0.044083
0.048333
0.043375
0.050416
0.052125
0.041375
0.044667
0.041
0.045
0.0395
0.053209
0.044709
0.040166
0.040917
0.049416
0.149291
0.049958
0.040375
0.045625
0.053
0.052
0.09775
0.042375
0.044833
0.044458
0.040333
0.041917
0.044958
0.039792
0.045167
0.0405
0.041917
0.045458
0.045041
0.0485
0.042167
0.038917
0.039042
0.041916
0.041709
0.047208
0.039667
0.039333
0.040416
0.041459
0.043541
0.038917
0.041875
0.038625
0.050209
0.042125
0.042959
0.042
0.045542
0.039875
0.044291
0.041
0.0415
0.042542
0.041041
0.041458
0.045958
0.042375
0.044666
0.044125
0.047584
0.06075
0.041291
0.042167
0.044333
0.038208
0.038167
0.041083
0.041375
0.038167
0.041042
0.043958
0.0615
0.050292
0.040959
0.043167
0.0395
0.045625
0.04925
0.054917
0.0385
0.040583
0.05075
0.039083
0.0585
0.044833
0.040583
0.042583
0.043834
0.051041
0.07175
0.043208
0.040625
0.049
0.042417
0.043125
0.046916
0.041625
0.042958
0.047459
0.045166
0.055417
0.042583
0.040291
0.048666
0.052042
0.048083
0.050625
0.060709
0.040792
0.045542
0.047209
0.063833
0.047084
0.060667
0.04125
0.05025
0.056042
0.038584
0.046125
0.040417
0.052792
0.04775
0.095125
0.122542
0.05975
0.048333
0.04625
0.043375
0.107792
0.051084
0.051125
0.051333
0.044959
0.04075
0.040209
0.043417
0.044792
0.074208
0.046917
0.056
0.041334
0.057375
0.052666
0.048458
0.062375
0.052709
0.053708
0.048375
0.047709
0.064208
0.057667
0.046625
0.040167
0.055583
0.051875
0.044166
0.045833
0.039875
0.041791
0.047333
0.041583
0.0445
0.04725
0.049667
0.044042
0.0425
0.042375
0.043041
0.03875
0.041208
0.040792
0.03875
0.042042
0.041916
0.048
0.052167
0.040958
0.045334
0.045042
0.045625
0.042708
0.041625
0.040584
0.043
0.043917
0.040625
0.054584
0.039333
0.039458
0.042459
0.040791
0.047584
0.043792
0.044334
0.039708
0.0425
0.054125
0.041291
0.040416
0.058
0.051833
0.046791
0.048042
0.044041
0.040792
0.04225
0.0425
0.055625
0.044333
0.04275
0.163958
0.05025
0.046083
0.045333
0.042667
0.04175
0.045083
0.048834
0.053375
0.060583
0.040583
0.044083
0.040417
0.043041
0.053667
0.042042
0.046167
0.044333
0.045
0.039042
0.042
0.041041
0.038417
0.053042
0.04175
0.040708
0.043166
0.051958
0.051292
0.044666
0.08575
0.051917
0.055083
0.040916
0.042917
0.044042
0.045708
0.040209
0.040209
0.044583
0.04775
0.05525
0.044666
0.04375
0.043333
0.042125
0.047208
0.04825
0.04825
0.043209
0.045042
0.04925
0.050875
0.042
0.037166
0.046875
0.044042
0.044125
0.043333
0.0435
0.041667
0.05
0.045709
0.047708
0.0465
0.045125
0.049333
0.049041
0.041125
0.042083
0.045041
0.039291
0.045375
0.042666
0.041667
0.044791
0.048292
0.039083
0.052834
0.0425
0.043875
0.061916
0.051333
0.040208
0.039708
0.044583
0.041375
0.045666
0.044375
0.037584
0.044041
0.055291
0.043916
0.047208
0.04875
0.043542
0.054917
0.038709
0.040708
0.046458
0.046125
0.038959
0.0475
0.042875
0.042417
0.047167
0.040083
0.039916
0.04525
0.039625
0.0415
0.040333
0.04725
0.041958
0.040833
0.04175
0.042167
0.041959
0.046542
0.044459
0.040209
0.043166
0.046375
0.047042
0.050667
0.039166
0.040916
0.041417
0.051375
0.050042
0.040791
0.044125
0.0405
0.0485
0.047875
0.046583
0.039541
0.048833
0.053334
0.04725
0.05025
0.048375
0.043208
0.044833
0.041375
0.045708
0.044167
0.03975
0.04075
0.043375
0.041292
0.044333
0.054333
0.062958
0.039333
0.045584
0.042375
0.040083
0.040708
0.043291
0.039917
0.041833
0.045625
0.052375
0.051958
0.046375
0.041459
0.041833
0.039125
0.041291
0.044917
0.04625
0.039292
0.045292
0.050209
0.041458
0.046083
0.047834
0.04275
0.045
0.049334
0.048458
0.050084
0.047292
0.04275
0.044
0.0435
0.043625
0.042875
0.042916
0.047291
0.043167
0.056458
0.039167
0.043834
0.041292
0.046291
0.043708
0.041084
0.038625
0.0375
0.03925
0.04075
0.042792
0.039875
0.0405
0.049416
0.039459
0.053292
0.062667
0.063917
0.050166
0.04475
0.053209
0.043458
0.040708
0.043625
0.090708
0.050084
0.070584
0.041666
0.049959
0.131458
0.06025
0.058667
0.044292
0.037542
0.039333
0.042375
0.038666
0.04
0.0505
0.038833
0.043083
0.036417
0.042959
0.0425
0.045583
0.044542
0.044792
0.084
0.092709
0.078667
0.050042
0.045875
0.043375
0.043875
0.085375
0.0505
0.051625
0.048458
0.042792
0.051042
0.045083
0.060292
0.068125
0.046791
0.051583
0.056458
0.043708
0.101792
0.051708
0.043625
0.048083
0.0435
0.048791
0.046834
0.052958
0.044875
0.042292
0.051292
0.044792
0.0385
0.041292
0.045209
0.042375
0.046333
0.039584
0.043583
0.049458
0.044292
0.04225
0.051625
0.046041
0.102167
0.241083
0.0515
0.045458
0.044292
0.080917
0.093833
0.058
0.042625
0.0545
0.041666
0.041959
0.03825
0.050625
0.040833
0.044333
0.041375
0.039375
0.044125
0.116834
0.045708
0.052167
0.039167
0.038584
0.044125
0.041542
0.039208
0.0475
0.041542
0.044333
0.062209
0.079459
0.097167
0.062083
0.061708
0.062125
0.051459
0.052042
0.0475
0.053042
0.092
0.059583
0.065167
0.062875
0.053833
0.053333
0.041083
0.074333
0.048083
0.04075
0.04425
0.047833
0.0455
0.046209
0.048125
0.063292
0.050958
0.045875
0.050125
0.084958
0.042833
0.134334
0.094875
0.050625
0.042042
0.042959
0.066541
0.045542
0.04125
0.048625
0.045292
0.043208
0.057334
0.055583
0.0435
0.046083
0.045583
0.057209
0.051541
0.053459
0.044
0.043208
0.041583
0.043417
0.044125
0.209084
0.046625
0.045041
0.071667
0.044834
0.042667
0.040833
0.046292
0.042
0.042917
0.04325
0.045333
0.048917
0.051625
0.045209
0.046708
0.045583
0.043667
0.043167
0.047625
0.04775
0.042916
0.047875
0.048375
0.042167
0.045333
0.045458
0.039916
0.043
0.050583
0.053875
0.044333
0.058042
0.052916
0.05425
0.065208
0.057125
0.044666
0.053458
0.04775
0.044875
0.0445
0.045625
0.046875
0.044333
0.039542
0.045167
0.044041
0.047792
0.04225
0.042958
0.050041
0.071958
0.042208
0.042667
0.043083
0.047667
0.044667
0.041917
0.048209
0.048458
0.04325
0.044708
0.043792
0.050875
0.051833
0.0485
0.046125
0.043291
0.052459
0.067375
0.045583
0.063666
0.05
0.062584
0.050917
0.046625
0.040292
0.0445
0.042875
0.046917
0.038875
0.053459
0.046291
0.040208
0.048583
0.048041
0.042042
0.04425
0.047
0.112042
0.047375
0.042625
0.049541
0.0425
0.041208
0.043333
0.043959
0.045709
0.056125
0.054625
0.043541
0.045041
0.056667
0.059291
0.045833
0.050208
0.065417
0.050209
0.052792
0.052917
