0.345084
0.391666
0.473291
0.466708
0.102584
0.125583
0.087083
0.098083
0.100334
0.094416
0.086583
0.102208
0.090666
0.089042
0.089584
0.095958
0.089875
0.084
0.0875
0.167875
0.14975
0.091917
0.088459
0.08375
0.11175
0.081959
0.0895
0.086833
0.090667
0.095625
0.087333
0.083041
0.085125
0.091417
0.091083
0.09075
0.099875
0.095875
0.092708
0.125291
0.095333
0.090583
0.083917
0.085625
0.085
0.089458
0.081625
0.087
0.087167
0.089583
0.100542
0.089458
0.083916
0.082875
0.078916
0.131167
0.168583
0.125417
0.126958
0.175708
0.116625
0.132458
0.146959
0.1115
0.118208
0.129083
0.117458
0.114125
0.132709
0.117375
0.132417
0.136667
0.1265
0.125208
0.149083
0.118042
0.1135
0.135958
0.115917
0.128
0.119875
0.111709
0.121417
0.12375
0.103458
0.1245
0.112584
0.109625
0.114625
0.134834
0.114792
0.108292
0.096375
0.086083
0.092042
0.131917
0.097666
0.111416
0.145542
0.099125
0.106709
0.107
0.090792
0.101209
0.108833
0.113083
0.119667
0.137541
0.108708
0.108917
0.11925
0.103125
0.114875
0.15875
0.122667
0.123041
0.134417
0.108291
0.1265
0.14975
0.115459
0.121666
0.134041
0.111542
0.127666
0.162375
0.133708
0.1375
0.142167
0.334417
0.131583
0.152834
0.110625
0.104792
0.113042
0.089375
0.091334
0.1075
0.09625
0.107584
0.1315
0.131208
0.144833
0.168167
0.134458
0.151208
0.173125
0.256917
0.22575
0.307375
0.165666
0.2175
0.283542
0.274917
0.297708
0.298041
0.255375
0.208416
0.19075
0.186458
0.327666
0.251042
0.19225
0.124583
0.155042
0.132542
0.213416
0.2885
0.280833
0.303125
0.246625
0.219042
0.231833
0.254417
0.209292
0.100375
0.130916
0.116625
0.120375
0.118917
0.109042
0.11
0.119292
0.104042
0.112167
0.118083
0.101208
0.137459
0.163333
0.120875
0.149666
0.192917
0.119833
0.127583
0.141667
0.119208
0.134125
0.135417
0.117041
0.118583
0.126042
0.10775
0.123834
0.14025
0.124333
0.146583
0.139875
0.114458
0.108542
0.131875
0.133458
0.122375
0.136958
0.117584
0.106166
0.0975
0.092625
0.094
0.169417
0.104209
0.123625
0.148458
0.109167
0.120167
0.148917
0.13525
0.14025
0.160416
0.12025
0.130042
0.137792
0.122584
0.117959
0.134
0.125584
0.121042
0.142791
0.121333
0.119209
0.168542
0.126417
0.133709
0.157375
0.124667
0.149125
0.137291
0.128417
0.124667
0.151
0.144
0.119042
0.16275
0.12225
0.090208
0.1535
0.113416
0.132958
0.155625
0.139167
0.134166
0.145625
0.147
0.133459
0.145875
0.136416
0.136042
0.149625
0.150958
0.135667
0.15625
0.141792
0.1485
0.154541
0.154166
0.29975
0.238208
0.293833
0.244833
0.294208
0.141709
0.131417
0.133209
0.11975
0.132459
0.141792
0.116417
0.144417
0.150791
0.151917
0.338125
0.260708
0.401042
0.145875
0.123167
0.116666
0.112125
0.110542
0.108583
0.117042
0.132
0.122458
0.125667
0.132417
0.130208
0.126833
0.122792
0.107625
0.109875
0.119583
0.11525
0.14575
0.139917
0.1355
0.128292
0.133
0.128834
0.133875
0.14575
0.125334
0.131
0.137958
0.142333
0.13075
0.133
0.141916
0.140667
0.138417
0.135333
0.125708
0.102375
0.090959
0.120625
0.142208
0.106417
0.118041
0.135041
0.112542
0.116959
0.129167
0.12225
0.124875
0.141875
0.11325
0.141375
0.142167
0.118292
0.116584
0.135958
0.1195
0.151625
0.147292
0.120083
0.123541
0.142042
0.143458
0.131417
0.1425
0.1405
0.121542
0.13725
0.113542
0.144
0.146875
0.148292
0.15775
0.148
0.118792
0.124667
0.143959
0.098333
0.105
0.140125
0.1145
0.124125
0.137791
0.113041
0.119875
0.129625
0.117042
0.127583
0.133709
0.111125
0.128083
0.155125
0.114125
0.120875
0.135917
0.111333
0.119625
0.125459
0.1145
0.117167
0.13725
0.124208
0.12875
0.153667
0.1375
0.125042
0.141917
0.118583
0.129625
0.149875
0.132416
0.128916
0.125791
0.117833
0.118208
0.118416
0.168417
0.089625
0.094541
0.117333
0.12625
0.144166
0.099583
0.115083
0.146916
0.10125
0.114958
0.129416
0.109542
0.121208
0.129708
0.157958
0.175375
0.139542
0.140125
0.144875
0.153917
0.153375
0.203291
0.157583
0.129583
0.128542
0.133875
0.117792
0.118125
0.129459
0.116
0.129666
0.134709
0.116083
0.121792
0.145125
0.126958
0.1575
0.182584
0.158458
0.115875
0.1135
0.096208
0.117125
0.130292
0.109667
0.122875
0.136666
0.131917
0.121583
0.136958
0.125417
0.118958
0.149416
0.151292
0.135417
0.160459
0.141333
0.149417
0.146791
0.130625
0.161709
0.159
0.121042
0.227833
0.235625
0.137542
0.305
0.17025
0.1995
0.18825
0.159333
0.145959
0.144542
0.223833
0.234458
0.293459
0.189708
0.298125
0.109166
0.101166
0.124666
0.126709
0.142541
0.119166
0.118917
0.153625
0.116667
0.120542
0.143791
0.114791
0.121084
0.13275
0.130875
0.123542
0.143334
0.138708
0.150833
0.153792
0.142292
0.119292
0.147292
0.144791
0.117167
0.118583
0.13225
0.129667
0.134917
0.110875
0.119
0.1475
0.120292
0.134459
0.1815
0.142125
0.162167
0.200375
0.125541
0.144791
0.133459
0.102834
0.112959
0.135834
0.119833
0.131875
0.129
0.110291
0.122541
0.136375
0.121333
0.125083
0.156667
0.13175
0.123583
0.145875
0.158834
0.139208
0.15025
0.131584
0.143292
0.161459
0.128917
0.127667
0.166958
0.131041
0.163042
0.146
0.145833
0.149
0.147875
0.118375
0.122583
0.147708
0.110459
0.147167
0.150875
0.177666
0.14575
0.098667
0.106917
0.089458
0.154708
0.105458
0.116208
0.133583
0.109541
0.113875
0.132667
0.106834
0.118625
0.1315
0.109333
0.130959
0.147583
0.114917
0.12425
0.135875
0.132333
0.117833
0.127791
0.113667
0.106458
0.124625
0.102875
0.124667
0.132708
0.131084
0.141458
0.147708
0.188416
0.137916
0.14025
0.197583
0.316292
0.237458
0.227958
0.185875
0.112625
0.149875
0.134625
0.147667
0.116834
0.127625
0.1775
0.135542
0.137416
0.194917
0.150208
0.126583
0.12575
0.121042
0.127375
0.141875
0.113875
0.121167
0.15
0.119292
0.130667
0.135584
0.113375
0.127083
0.139833
0.108875
0.109375
0.132667
0.125208
0.13675
0.132583
0.116583
0.129209
0.148166
0.122292
0.118334
0.138875
0.115083
0.111916
0.147084
0.104
0.0915
0.138667
0.113209
0.118834
0.148458
0.116125
0.122041
0.142625
0.122542
0.124709
0.135458
0.119417
0.119709
0.153333
0.11225
0.121042
0.129959
0.116625
0.132792
0.140625
0.125084
0.124917
0.136375
0.132625
0.120875
0.129583
0.141958
0.114542
0.127166
0.110542
0.112667
0.131333
0.122166
0.131125
0.132875
0.143667
0.119667
0.132875
0.383958
0.19225
0.122333
0.12875
0.12625
0.134541
0.114584
0.1125
0.134
0.115625
0.131167
0.154834
0.1155
0.1195
0.140375
0.115375
0.132833
0.14625
0.13075
0.125
0.150125
0.1375
0.127708
0.135958
0.12975
0.114958
0.135875
0.144083
0.118167
0.125792
0.164708
0.130417
0.129542
0.143917
0.123166
0.141209
0.128334
0.103333
0.092209
0.091875
0.12825
0.145708
0.112583
0.114583
0.128125
0.104416
0.117042
0.124291
0.095375
0.106791
0.120792
0.093042
0.113291
0.138208
0.1055
0.113458
0.125667
0.097791
0.12725
0.1385
0.101334
0.11525
0.145541
0.113584
0.131375
0.1495
0.115125
0.129042
0.145125
0.109083
0.118666
0.130417
0.100542
0.124333
0.124583
0.1035
0.110625
0.095958
0.106167
0.093917
0.144833
0.110917
0.126625
0.148041
0.12425
0.1305
0.143833
0.12175
0.128917
0.15425
0.162917
0.1445
0.144167
0.147834
0.140375
0.157583
0.130416
0.13675
0.161125
0.137834
0.144917
0.14475
0.129875
0.15075
0.162917
0.131917
0.160625
0.1665
0.222625
0.188041
0.145667
0.216792
0.135125
0.159917
0.137834
0.205292
0.103792
0.122666
0.111834
0.171541
0.12125
0.127333
0.150875
0.114417
0.115708
0.117417
0.118125
0.109334
0.116208
0.111833
0.11
0.121209
0.110875
0.123833
0.135708
0.131291
0.140209
0.133583
0.124625
0.122917
0.117667
0.134916
0.129917
0.1335
0.127917
0.115125
0.132417
0.120542
0.116041
0.171667
0.117541
0.115583
0.129084
0.111042
0.106583
0.0875
0.088833
0.127125
0.152916
0.107791
0.123916
0.175
0.103292
0.113833
0.132625
0.115583
