0.36
0.528792
0.56325
0.584
0.271708
0.229125
0.272125
0.096791
0.090666
0.082708
0.084667
0.076375
0.077875
0.104417
0.076666
0.081333
0.117708
0.073667
0.082542
0.133875
0.076917
0.084583
0.082792
0.08025
0.088667
0.076792
0.079584
0.076042
0.083958
0.091625
0.092166
0.077125
0.077875
0.101
0.108041
0.095459
0.102625
0.231791
0.102834
0.082125
0.078625
0.079583
0.093792
0.076666
0.085958
0.08175
0.091625
0.089709
0.081542
0.077708
0.091792
0.104458
0.134625
0.103416
0.112334
0.106875
0.123458
0.100875
0.097916
0.101833
0.110041
0.100583
0.110875
0.103667
0.155083
0.153125
0.164958
0.142125
0.154625
0.1275
0.136083
0.261791
0.398333
0.100625
0.154709
0.1335
0.163958
0.123709
0.169333
0.12675
0.143042
0.119333
0.125125
0.103041
0.120917
0.096875
0.1025
0.100833
0.100125
0.114417
0.1
0.106125
0.119375
0.119667
0.108917
0.100667
0.101917
0.145916
0.123833
0.181625
0.135
0.114584
0.116667
0.102583
0.094584
0.09725
0.083667
0.111958
0.104209
0.098958
0.114292
0.132625
0.151792
0.144417
0.203083
0.148
0.162125
0.190334
0.402958
0.158791
0.164417
0.334666
0.159083
0.110417
0.1145
0.113459
0.102834
0.23475
0.173458
0.153625
0.301375
0.149334
0.260583
0.098875
0.224459
0.148625
0.157083
0.099375
0.157333
0.205208
0.156333
0.149042
0.203083
0.157792
0.169667
0.123583
0.181458
0.13275
0.131208
0.128084
0.161208
0.295833
0.18725
0.183209
0.154
0.161917
0.167167
0.450625
0.143875
0.140458
0.167208
0.135834
0.139708
0.132833
0.126458
0.147916
0.135041
0.122208
0.131417
0.121416
0.12475
0.134292
0.166041
0.122333
0.128333
0.135416
0.122125
0.12375
0.131208
0.144042
0.156958
0.1895
0.153625
0.092416
0.181833
0.150917
0.162375
0.156375
0.155541
0.187875
0.162291
0.169
0.153417
0.256292
0.188584
0.161625
0.348875
0.114125
0.110166
0.105667
0.152458
0.126125
0.11175
0.0965
0.11125
0.092875
0.124583
0.09625
0.091667
0.091416
0.110458
0.107334
0.100125
0.089833
0.106625
0.094416
0.093792
0.1005
0.111792
0.106375
0.090416
0.106458
0.105375
0.111667
0.107208
0.094709
0.118792
0.096167
0.093666
0.092959
0.119333
0.091167
0.131417
0.088417
0.106
0.115584
0.100666
0.140666
0.1055
0.118875
0.106459
0.119042
0.117083
0.092541
0.124208
0.101042
0.099792
0.096875
0.114084
0.0975
0.157875
0.095167
0.10675
0.092958
0.113333
0.105167
0.123917
0.090291
0.105667
0.098084
0.112542
0.098375
0.105708
0.094458
0.098292
0.105458
0.120125
0.096125
0.180375
0.093583
0.105125
0.104625
0.156416
0.101667
0.121
0.112333
0.109625
0.144292
0.112
0.130958
0.116334
0.105209
0.114208
0.095208
0.157208
0.11575
0.158167
0.144959
0.134917
0.118375
0.134167
0.114708
0.159125
0.09575
0.133042
0.094666
0.115208
0.087375
0.13725
0.101333
0.093167
0.099167
0.1365
0.124292
0.138875
0.123375
0.146667
0.126542
0.1355
0.093417
0.102541
0.093167
0.113166
0.210542
0.11325
0.097958
0.102084
0.098375
0.101292
0.095958
0.119375
0.084542
0.124291
0.088958
0.086416
0.0935
0.123125
0.09425
0.110625
0.082334
0.087375
0.088375
0.194041
0.093916
0.118875
0.103167
0.105125
0.103583
0.115375
0.086208
0.103375
0.106958
0.101
0.100083
0.1105
0.094875
0.10075
0.095583
0.09525
0.09375
0.111708
0.095833
0.125
0.183084
0.13025
0.101291
0.095959
0.094209
0.136166
0.097041
0.095417
0.095708
0.159916
0.085667
0.108292
0.087417
0.101833
0.106916
0.104583
0.119667
0.100375
0.088917
0.097375
0.099625
0.116875
0.097291
0.094708
0.086708
0.099083
0.093458
0.110416
0.092333
0.154833
0.107208
0.115625
0.112125
0.124333
0.094875
0.12
0.102292
0.143625
0.112042
0.100792
0.083584
0.114208
0.0995
0.10125
0.1025
0.092917
0.095792
0.107875
0.096917
0.095792
0.095916
0.099208
0.09125
0.094917
0.089667
0.107417
0.104916
0.144125
0.110417
0.117458
0.110042
0.122959
0.125
0.152792
0.107917
0.179792
0.115916
0.138958
0.101375
0.119125
0.098209
0.096041
0.096292
0.112
0.096625
0.105125
0.096458
0.116125
0.098958
0.107583
0.110167
0.095459
0.104875
0.100292
0.102666
0.09775
0.107458
0.092042
0.087208
0.098875
0.098042
0.089084
0.099416
0.094666
0.090416
0.095
0.09025
0.086833
0.092
0.108209
0.084917
0.11725
0.092083
0.085583
0.105917
0.090042
0.08425
0.1325
0.108875
0.218125
0.151833
0.1165
0.115083
0.132625
0.093292
0.095792
0.107209
0.107917
0.103625
0.104
0.125042
0.114459
0.120791
0.147625
0.103667
0.131667
0.12875
0.158541
0.131
0.111416
0.099458
0.116208
0.132333
0.170958
0.132542
0.118708
0.106625
0.16175
0.101792
0.136167
0.100875
0.096208
0.099958
0.10025
0.100708
0.086834
0.098375
0.107834
0.138083
0.098917
0.097083
0.103458
0.099542
0.117958
0.094333
0.095916
0.082667
0.085875
0.096959
0.101083
0.094583
0.106208
0.082375
0.08775
0.099875
0.09425
0.085375
0.088667
0.085583
0.101791
0.113542
0.101625
0.118667
0.093833
0.092875
0.088542
0.086792
0.098334
0.08575
0.093625
0.09575
0.120334
0.100625
0.11875
0.101042
0.110416
0.092416
0.098917
0.099167
0.094459
0.09625
0.098667
0.088458
0.094
0.093041
0.100041
0.103041
0.133875
0.099375
0.09275
0.11725
0.093209
0.087958
0.093583
0.087667
0.085167
0.090541
0.093542
0.085542
0.099291
0.092
0.087291
0.092667
0.089334
0.092667
0.10425
0.091834
0.086167
0.091125
0.089458
0.090792
0.090291
0.088959
0.092708
0.112083
0.108833
0.107958
0.096041
0.097875
0.120792
0.090416
0.091459
0.088333
0.091042
0.085875
0.105042
0.094292
0.11025
0.090083
0.13025
0.0965
0.146167
0.09875
0.091083
0.101125
0.099209
1.063
0.1
0.092542
0.1055
0.106875
0.131125
0.098708
0.095625
0.095917
0.109291
0.0955
0.116791
0.088
0.103667
0.108417
0.125
0.103
0.105959
0.099041
0.121459
0.129334
0.11925
0.100583
0.106041
0.113917
0.099333
0.102417
0.128
0.096375
0.162041
0.118792
0.100667
0.099584
0.101917
0.114583
0.106708
0.131833
0.121208
0.128791
0.106542
0.097583
0.102875
0.24175
0.107292
0.138167
0.107792
0.104959
0.140958
0.148708
0.103667
0.095708
0.128625
0.099125
0.138291
0.104958
0.111667
0.091292
0.095292
0.10275
0.09825
0.101
0.130542
0.138084
0.102
0.140042
0.091583
0.100125
0.091458
0.09675
0.090666
0.084458
0.0915
0.095083
0.0895
0.08875
0.097625
0.098584
0.093208
0.09375
0.093625
0.091125
0.094916
0.085208
0.088166
0.094666
0.095
0.096542
0.099542
0.08925
0.096167
0.105375
0.103458
0.097875
0.114625
0.1
0.102125
0.097625
0.099458
0.107458
0.09175
0.089958
0.092875
0.097875
0.083209
0.091084
0.100416
0.092417
0.095708
0.089917
0.091084
0.093625
0.086792
0.09725
0.094333
0.093583
0.087917
0.09875
0.0925
0.092
0.093625
0.094
0.084875
0.099583
0.088958
0.09225
0.105375
0.105583
0.095
0.104583
0.08975
0.094042
0.105125
0.094833
0.084167
0.104042
0.095333
0.108458
0.092375
0.093042
0.081209
0.102292
0.079334
0.092667
0.097791
0.086125
0.089875
0.1075
0.084042
0.106916
0.088875
0.084375
0.091708
0.095083
0.103292
0.106458
0.101
0.1035
0.107709
0.141334
0.112292
0.105042
0.099583
0.112833
0.118667
0.112125
0.0975
0.093208
0.102959
0.098916
0.095542
0.115708
0.09425
0.110917
0.096083
0.110666
0.096125
0.101792
0.092
0.095875
0.088833
0.089209
0.090875
0.094
0.171125
0.101375
0.170167
0.104875
0.098083
0.129208
0.097042
0.087166
0.097208
0.092209
0.0895
0.090583
0.094625
0.094583
0.108833
0.098625
0.099459
0.09625
0.098833
0.096458
0.0995
0.10575
0.099
0.091
0.088166
0.096583
0.0985
0.088208
0.089667
0.096042
0.159584
0.088458
0.088083
0.101334
0.100958
0.096417
0.094792
0.087208
0.089458
0.089625
0.088375
0.0895
0.092791
0.095041
0.099
0.093083
0.14075
0.113709
0.085792
0.094583
0.0925
0.094209
0.1025
0.106583
0.093125
0.096
0.090292
0.109208
0.088083
0.094667
0.091917
0.09975
0.100792
0.09125
0.093542
0.106625
0.117375
0.10675
