0.374208
0.388541
0.407209
0.653584
0.11025
0.159208
0.096292
0.1
0.089416
0.08025
0.09075
0.103375
0.087166
0.097208
0.080916
0.083083
0.084459
0.084292
0.0845
0.096333
0.114833
0.087209
0.157167
0.083541
0.089541
0.089416
0.075208
0.078
0.082209
0.085958
0.083417
0.076208
0.075625
0.088541
0.078333
0.085291
0.097209
0.085584
0.077959
0.0945
0.083458
0.147584
0.278875
0.093916
0.086458
0.087916
0.09525
0.078875
0.090083
0.083209
0.087042
0.083667
0.1005
0.121292
0.113666
0.113333
0.140792
0.145333
0.154
0.183709
0.285208
0.1285
0.1755
0.140417
0.129541
0.167625
0.185042
0.102375
0.177708
0.126792
0.171083
0.145041
0.132584
0.133208
0.18325
0.162167
0.120125
0.139625
0.127417
0.134792
0.177083
0.157333
0.169
0.16225
0.16525
0.131166
0.187334
0.157833
0.169375
0.147375
0.170917
0.139
0.132834
0.135958
0.227625
0.150208
0.134709
0.193292
0.143917
0.209375
0.126792
0.140667
0.111334
0.138334
0.173208
0.156167
0.175875
0.158416
0.144959
0.163167
0.12675
0.148459
0.092709
0.146583
0.106334
0.14825
0.168542
0.124125
0.1635
0.157458
0.197667
0.175375
0.176584
0.099667
0.142125
0.136541
0.133208
0.128542
0.138834
0.106375
0.129583
0.142
0.13425
0.155417
0.11975
0.107167
0.121084
0.149042
0.126333
0.1615
0.1545
0.110959
0.194792
0.155833
0.165
0.146542
0.133083
0.09475
0.14675
0.124917
0.122542
0.132709
0.124833
0.109583
0.125375
0.127916
0.128708
0.197917
0.14175
0.138
0.155417
0.24775
0.1255
0.246333
0.139042
0.128584
0.196625
0.188625
0.143625
0.222667
0.220583
0.092
0.282166
0.127084
0.181709
0.129334
0.178583
0.176916
0.241625
0.14975
0.16475
0.133416
0.159875
0.145417
0.136667
0.186042
0.151041
0.153667
0.137958
0.1245
0.127584
0.151459
0.131
0.105916
0.1505
0.138458
0.12975
0.119916
0.129333
0.125625
0.138334
0.132042
0.125583
0.131625
0.133834
0.178666
0.175166
0.089333
0.276833
0.122791
0.1605
0.153875
0.168042
0.093917
0.183875
0.230708
0.172417
0.25275
0.231958
0.109666
0.238541
0.222709
0.159083
0.149333
0.15125
0.140834
0.124375
0.196084
0.13125
0.18875
0.166375
0.157709
0.258
0.150583
0.190666
0.159709
0.226709
0.123292
0.137959
0.128208
0.12825
0.095417
0.129834
0.132625
0.15825
0.114292
0.135458
0.16
0.144917
0.113042
0.142375
0.181833
0.143125
0.168584
0.192666
0.129834
0.156583
0.208792
0.17125
0.179042
0.14575
0.154125
0.246375
0.153875
0.143041
0.20475
0.133167
0.138875
0.16375
0.132417
0.131083
0.196833
0.126417
0.129417
0.124583
0.129584
0.125459
0.113666
0.134708
0.132916
0.173541
0.11925
0.1775
0.172542
0.230541
0.142792
0.166416
0.199709
0.173667
0.129583
0.185334
0.146625
0.161417
0.308125
0.165125
0.123041
0.284083
0.182541
0.283416
0.146875
0.135208
0.160292
0.125916
0.158708
0.114042
0.148584
0.12175
0.094625
0.094125
0.108417
0.095958
0.116041
0.100583
0.102666
0.137917
0.2635
0.112958
0.130625
0.093917
0.104833
0.121458
0.105625
0.136375
0.133125
0.13825
0.112209
0.138666
0.123375
0.1405
0.140584
0.154208
0.170125
0.149208
0.128458
0.188792
0.108
0.191625
0.183666
0.23975
0.299208
0.496167
0.173042
0.134084
0.161625
0.133208
0.118791
0.144417
0.166792
0.133541
0.137208
0.13075
0.121583
0.150042
0.238334
0.124458
0.138334
0.129834
0.128792
0.154542
0.14925
0.164541
0.130333
0.162125
0.143458
0.20575
0.3545
0.146541
0.126791
0.164625
0.337458
0.324625
0.128667
0.220083
0.218584
0.217125
0.144833
0.258209
0.14575
0.1605
0.243791
0.235917
0.135917
0.143042
0.141917
0.135292
0.156583
0.130916
0.147083
0.188792
0.140917
0.147042
0.155917
0.153792
0.126875
0.156917
0.148833
0.145542
0.132375
0.135167
0.129584
0.143375
0.130125
0.127459
0.138291
0.152
0.115
0.115375
0.141792
0.13925
0.147042
0.126791
0.127625
0.124459
0.137417
0.107875
0.132917
0.138583
0.112083
0.11325
0.106208
0.097125
0.091333
0.102417
0.106166
0.123417
0.106375
0.137542
0.095958
0.103625
0.08425
0.110042
0.100417
0.109417
0.1005
0.123417
0.089584
0.097375
0.090833
0.105166
0.094875
0.103042
0.0815
0.096208
0.0815
0.09575
0.100709
0.114458
0.106333
0.102
0.102166
0.112291
0.119083
0.147667
0.130708
0.129875
0.111042
0.110791
0.116583
0.101125
0.083292
0.129
0.102833
0.104334
0.104625
0.112792
0.101042
0.12825
0.164542
0.168042
0.125834
0.120375
0.204792
0.351083
0.119208
0.127791
0.113792
0.1275
0.086416
0.110417
0.098042
0.133167
0.10875
0.100083
0.1015
0.139584
0.641959
0.398042
0.254416
0.169583
0.114958
0.3815
0.095875
0.092333
0.099416
0.115375
0.099541
0.099833
0.102542
0.090917
0.104625
0.125958
0.109125
0.113083
0.122792
0.186583
0.119042
0.156459
0.1265
0.127875
0.123541
0.136584
0.119959
0.11925
0.130292
0.171084
0.151916
0.1275
0.171833
0.293958
0.470334
0.232792
0.246958
0.142834
0.158125
0.1345
0.13275
0.16375
0.156917
0.15775
0.196292
0.154375
0.151583
0.184208
0.137708
0.096584
0.11225
0.113584
0.09625
0.177875
0.105333
0.097541
0.118
0.104459
0.122083
0.170792
0.131791
0.128458
0.163792
0.122417
0.1255
0.150667
0.123333
0.1355
0.138875
0.14525
0.128417
0.18125
0.11975
0.127625
0.151834
0.166208
0.123084
0.151167
0.13425
0.13125
0.153083
0.179375
0.155958
0.204375
0.135625
0.150333
0.156041
0.128166
0.125209
0.13825
0.14925
0.130792
0.139541
0.144834
0.132292
0.281625
0.13
0.103041
0.149792
0.130875
0.152916
0.216875
0.155583
0.155458
0.165916
0.160459
0.156917
0.166542
0.139834
0.148417
0.244083
0.304667
0.128333
0.154084
0.34775
0.228708
0.15975
0.176709
0.136625
0.143542
0.156541
0.171833
0.151833
0.107208
0.104625
0.089541
0.107209
0.120041
0.095375
0.104166
0.0855
0.102458
0.106
0.099375
0.09
0.100791
0.085583
0.094667
0.089625
0.095708
0.08825
0.093625
0.100208
0.103333
0.106666
0.113834
0.122541
0.128042
0.102417
0.138334
0.145917
0.164208
0.121625
0.126959
0.097458
0.143125
0.117667
0.201875
0.149833
0.104
0.107959
0.125417
0.128167
0.136791
0.115958
0.128167
0.1175
0.176416
0.14325
0.107042
0.109208
0.118667
0.126875
0.104042
0.123625
0.11375
0.099125
0.108958
0.104375
0.099708
0.111417
0.08975
0.094125
0.09625
0.097083
0.094334
0.104875
0.425875
0.475833
0.099959
0.0995
0.097583
0.091583
0.167834
0.095417
0.103375
0.099042
0.102459
0.093167
0.086625
0.09725
0.1465
0.103125
0.102375
0.103625
0.134458
0.105334
0.092792
0.099167
0.105792
0.092875
0.094
0.117666
0.098042
0.090167
0.0995
0.091792
0.092292
0.096708
0.109792
0.097584
0.105375
0.089625
0.096375
0.095625
0.099292
0.094166
0.103709
0.093333
0.095792
0.098916
0.088875
0.082958
0.089875
0.087
0.08775
0.088292
0.107209
0.10175
0.111708
0.132083
0.199084
0.121125
0.151166
0.114709
0.11425
0.12325
0.127875
0.12825
0.253583
0.148042
0.126417
0.119667
0.135583
0.126708
0.128
0.134666
0.119875
0.235542
0.457709
0.169041
0.132834
0.12525
0.120792
0.118875
0.134083
0.1635
0.110417
0.125083
0.138458
0.131417
0.134417
0.098042
0.099042
0.112417
0.113333
0.123208
0.129083
0.117542
0.157917
0.118958
0.13225
0.130917
0.099167
0.144917
0.126167
0.132625
0.142291
0.129292
0.102917
0.128208
0.142042
0.134042
0.122292
0.119292
0.113916
0.142792
0.139625
0.143625
0.125084
0.13725
0.126292
0.119625
0.094958
0.0995
0.100667
0.124417
0.117
0.10875
0.109625
0.106041
0.103
0.093292
0.105625
0.093291
0.103625
0.097167
0.099167
0.105291
0.094209
0.127083
0.139583
0.190625
0.1005
0.116958
0.098334
0.110833
0.105166
0.154333
0.108959
0.135708
0.106041
0.106708
0.13225
0.232417
0.12175
0.140375
0.138834
0.172834
0.113917
0.1595
0.099375
0.157542
0.115042
0.166333
0.101459
0.1115
0.111292
0.09475
0.096041
0.12725
0.106417
0.1245
0.107666
0.103459
0.093417
0.106333
0.1155
0.146125
0.107542
0.15925
0.138417
0.16925
0.155375
0.163042
