0.382
0.581916
0.558417
0.119375
0.136416
0.211959
0.232041
0.15025
0.143958
0.15475
0.171917
0.295541
0.120833
0.162625
0.523291
0.242917
0.121583
0.162417
0.201
0.16525
0.181833
0.138333
0.199333
0.288667
0.182708
0.271875
0.140417
0.115584
0.143917
0.106542
0.109166
0.1015
0.115834
0.135375
0.109625
0.109417
0.129542
0.129584
0.169916
0.1995
0.126333
0.119041
0.118333
0.141833
0.1165
0.188042
0.141083
0.123541
0.0975
0.10525
0.097333
0.10075
0.129833
0.229417
0.09025
0.113791
0.09975
0.097125
0.126959
0.160583
0.267583
0.175416
0.318375
0.110958
0.166917
0.154
0.310917
0.268042
0.219625
0.140167
0.399875
0.143125
0.144792
0.158167
0.160292
0.203333
0.220083
0.148584
0.157
0.198209
0.181
0.177708
0.369667
0.265792
0.323209
0.145666
0.261459
0.18575
0.563416
0.170292
0.114667
0.239625
0.2305
0.2225
0.256583
0.259166
0.229792
0.148125
0.280208
0.195917
0.320042
0.272583
0.197166
0.203334
0.309375
0.226667
0.43325
0.17
0.171917
0.127083
0.134792
0.110167
0.085125
0.0965
0.104292
0.1205
0.17675
0.247166
0.182875
0.176083
0.22975
0.230334
0.201834
0.181083
0.242042
0.380291
0.150916
0.478
0.231333
0.201875
0.218875
0.286334
0.207584
0.459292
0.267417
0.149708
0.258959
0.240833
0.313417
0.207042
0.245917
0.208041
0.213375
0.348834
0.210875
0.19425
0.242083
0.231459
0.20175
0.244042
0.21775
0.463166
0.226625
0.289459
0.268625
0.277875
0.260375
0.181042
0.204667
0.20725
0.382708
0.2485
0.145458
0.171791
0.162792
0.143125
0.110958
0.160083
0.176167
0.116542
0.095583
0.093833
0.103666
0.108417
0.109958
0.100958
0.115958
0.092459
0.111625
0.129583
0.106375
0.081
0.138833
0.100417
0.099292
0.10475
0.098667
0.1185
0.0945
0.111375
0.115166
0.105208
0.129083
0.135708
0.168042
0.104667
0.088916
0.103666
0.119417
0.110334
0.103292
0.09725
0.103708
0.102958
0.132791
0.12175
0.094875
0.122375
0.212916
0.275292
0.205
0.169709
0.165583
0.163792
0.204833
0.130166
0.135292
0.13725
0.09425
0.155209
0.185083
0.116291
0.12
0.105958
0.098416
0.101375
0.093417
0.114416
0.180208
0.214417
0.232125
0.220958
0.337125
0.192541
0.230417
0.270667
0.683541
0.258458
0.147167
0.549
0.231042
0.166292
0.348792
0.196958
0.276167
1.25167
0.16875
0.558875
0.296958
0.201542
0.140125
0.382375
0.112708
0.460541
0.180625
0.213416
0.150875
0.10825
0.102208
0.088541
0.106375
0.088667
0.119542
0.087375
0.096208
0.099875
0.105875
0.089417
0.1835
0.221167
0.147708
0.939292
0.278375
0.874708
0.140417
0.421625
0.257208
0.1735
0.15625
0.185709
0.236458
0.550625
0.154625
0.456166
0.215792
0.204667
0.432166
0.27475
0.173958
0.293708
0.284292
0.169291
0.1305
0.200833
0.265167
0.189709
0.242459
0.198667
0.2285
0.138292
0.1365
0.2015
0.193
0.299042
0.183375
0.097208
0.120167
0.259125
0.332541
0.229042
0.4065
0.269208
0.141625
0.28075
0.206583
0.201625
0.17025
0.350292
0.203834
0.399292
0.148625
0.215833
0.257584
0.210125
0.271166
0.233291
0.320375
0.181875
0.167083
0.154417
0.176083
0.150292
0.196
0.156291
0.215542
0.172084
0.23025
0.300542
0.193709
0.208
0.163209
0.110708
0.223
0.165584
0.297208
0.207209
0.166292
0.340459
0.256083
0.221833
0.298167
0.160542
0.202208
0.211167
0.189875
0.197
0.469125
0.215042
0.384042
0.306833
0.22075
0.23775
0.369625
0.210791
0.215916
0.319834
0.255
0.337833
0.30025
0.198583
0.239208
0.196458
0.214834
0.266416
0.79775
0.787542
0.579708
0.359292
0.273875
0.206292
0.2265
0.173084
0.318166
0.20775
0.367083
0.256958
0.2805
0.161
0.22525
0.720417
0.142208
0.262708
0.227917
0.361583
0.255583
0.309875
0.218
0.603
0.200459
0.262416
0.185416
0.387333
0.336708
0.271
0.335833
0.279125
0.224167
0.393959
0.151917
0.496542
0.249917
0.482541
0.16175
0.30375
0.16325
0.216792
0.214417
0.167292
0.454583
0.399084
0.263333
0.173458
0.218167
0.170291
0.187125
0.243875
0.268583
0.391458
0.251917
0.267708
0.271625
0.297833
0.277584
0.229875
0.220042
0.219
0.248667
0.266792
0.281667
0.527125
0.212375
0.19925
0.20975
0.417833
0.325583
0.263541
0.265084
0.388375
0.3205
0.2995
0.949792
0.199625
0.288958
0.247666
0.148
0.198333
0.150083
0.149458
0.148625
0.148625
0.329125
0.177167
0.150875
0.148
0.131
0.112583
0.103083
0.131708
0.19025
0.511166
0.202709
0.107292
0.13525
0.094583
0.090125
0.137667
0.09375
0.098083
0.094583
0.087834
0.093042
0.097583
0.086125
0.086792
0.091667
0.106625
0.102125
0.102834
0.099292
0.0905
0.100042
0.112375
0.09375
0.126
0.090875
0.0885
0.092292
0.095292
0.087209
0.0945
0.091167
0.083792
0.092792
0.087541
0.085417
0.095125
0.094541
0.091916
0.089167
0.083166
0.08375
0.090417
0.095625
0.091417
0.091709
0.103334
0.086667
0.093625
0.089917
0.083708
0.097375
0.082375
0.087958
0.093542
0.09925
0.084375
0.098709
0.097291
0.088875
0.129291
0.094375
0.096375
0.089916
0.089875
0.100709
0.091833
0.095583
0.090167
0.089
0.082709
0.081417
0.089292
0.093917
0.082916
0.088709
0.086084
0.084125
0.088292
0.092875
0.090625
0.085334
0.092083
0.090375
0.120292
0.091917
0.084542
0.096792
0.0845
0.086375
0.087542
0.088333
0.08825
0.091166
0.08875
0.086
0.094916
0.086291
0.094416
0.097708
0.095833
0.092458
0.090791
0.089291
0.088875
0.08975
0.083417
0.098792
0.107541
0.09025
0.084708
0.097667
0.099833
0.08975
0.094667
0.092625
0.088416
0.10675
0.402791
0.350584
0.260167
0.861125
0.107959
0.104417
0.094333
0.103542
0.094041
0.09925
0.1125
0.091042
0.119625
0.11625
0.246459
0.090208
0.111333
0.101208
0.092459
0.087917
0.092375
0.097333
0.109375
0.099583
0.100667
0.101417
0.096666
0.096208
0.096459
0.091291
0.095625
0.088583
0.090958
0.092083
0.093083
0.112916
0.100666
0.085917
0.092292
0.0945
0.089584
0.086917
0.096125
0.090125
0.094375
0.092125
0.093834
0.086334
0.156958
0.094208
0.182209
0.235875
0.250083
0.590333
0.329
0.177
0.462458
0.708375
0.181666
0.16925
0.376083
0.283
0.435666
1.07987
0.171584
0.557583
0.327
0.2225
0.713291
0.872791
0.2675
0.273959
0.982084
0.365
0.373292
0.399458
0.231666
0.423333
0.81125
0.152834
0.423541
0.451916
0.217833
0.237042
0.660458
0.247125
0.30075
0.257125
0.228416
0.590625
0.482792
0.250667
0.275541
0.537792
0.225708
0.673583
0.697625
0.229542
0.545
0.598667
0.214291
0.55475
0.34875
0.232375
0.366334
0.983958
0.672
0.588416
0.468125
0.268209
0.538875
0.406208
0.329959
0.489209
0.638209
0.381666
0.5575
0.492125
0.644
0.243084
0.22775
0.16725
0.582125
0.284083
0.570292
0.266625
0.424333
0.21475
0.262791
0.882
0.137875
0.155667
0.178333
0.319375
0.315792
0.480958
0.369083
0.259333
0.611333
0.380167
0.847333
0.551416
0.2405
0.485792
0.414458
0.239333
0.749875
0.554125
0.247958
0.274791
0.294958
0.297917
0.29425
0.651458
0.47875
0.41275
0.291
0.303167
1.15404
0.509
0.547417
0.657666
0.599708
0.231875
0.847667
0.43
0.214291
0.273
0.325125
0.178958
0.349209
0.703375
0.366167
0.132333
0.122583
0.136666
0.104042
0.128208
0.170125
0.67325
0.28975
0.290625
0.613
0.273667
0.186291
0.725833
0.593125
0.489459
0.937
0.463834
0.320333
0.580458
0.196375
0.450375
0.292417
0.273166
0.29325
0.293084
0.168167
0.261
1.41646
0.275083
0.293625
0.885916
0.163584
0.142375
0.589542
0.450833
0.11875
0.148917
0.115791
0.172167
0.200875
0.771167
0.527125
0.721916
0.64625
0.144458
0.487458
0.309625
0.303833
0.610583
0.595583
0.280209
0.196041
0.693416
0.26325
0.287083
0.433167
0.373167
0.256125
0.286292
0.2965
0.476916
0.329875
0.270083
0.204833
0.239708
0.278792
0.273041
0.201042
0.202292
0.269166
0.842916
0.283916
0.239375
0.263667
0.192292
0.240625
0.322375
0.202583
0.24
0.502583
0.470041
0.18325
0.173125
0.281083
0.357083
0.456667
0.169708
0.311
0.782625
0.158291
