0.396166
0.394125
0.42725
0.695875
0.175791
0.255
0.085834
0.098875
0.08275
0.097541
0.096833
0.092416
0.08975
0.099667
0.078875
0.105542
0.102
0.09875
0.082125
0.092459
0.08125
0.097083
0.103959
0.149167
0.096542
0.098333
0.080833
0.136792
0.089791
0.116416
0.089125
0.146083
0.096291
0.092333
0.091542
0.092666
0.098625
0.092833
0.096709
0.0975
0.089834
0.086291
0.093292
0.0905
0.084125
0.096708
0.096666
0.08425
0.09375
0.098334
0.090375
0.093209
0.108458
0.091375
0.133167
0.251
0.135417
0.108375
0.129042
0.103
0.102083
0.089
0.085666
0.089458
0.097666
0.098667
0.109125
0.10175
0.099917
0.09125
0.088334
0.1215
0.111291
0.109375
0.127875
0.142625
0.127625
0.11525
0.129834
0.111166
0.114084
0.19425
0.1545
0.127084
0.114042
0.126333
0.177709
0.094625
0.110458
0.109583
0.099416
0.120125
0.140917
0.129417
0.134833
0.15125
0.144959
0.133208
0.129167
0.099167
0.098
0.106959
0.098875
0.099125
0.090875
0.094042
0.095917
0.103708
0.108917
0.105625
0.120167
0.1375
0.104542
0.307833
0.135458
0.153583
0.125708
0.123291
0.108667
0.12425
0.15175
0.150042
0.125459
0.146167
0.117125
0.117958
0.13875
0.126584
0.1115
0.108959
0.096583
0.113458
0.126625
0.1235
0.12475
0.105833
0.106459
0.110708
0.10825
0.11425
0.099125
0.09975
0.088167
0.103292
0.102583
0.091709
0.090666
0.128209
0.100917
0.110667
0.12275
0.105542
0.108333
0.120292
0.102667
0.107
0.118125
0.107125
0.114958
0.176625
0.106417
0.126667
0.121208
0.150208
0.115792
0.121
0.116584
0.126667
0.16875
0.127083
0.1095
0.115292
0.104041
0.136833
0.732583
0.187208
0.090667
0.098459
0.093125
0.084
0.10525
0.099917
0.103458
0.117792
0.098292
0.098792
0.104625
0.100959
0.108875
0.096667
0.101875
0.107459
0.095
0.098125
1.29846
0.315959
0.093458
0.092625
0.102667
0.1075
0.095625
0.097916
0.092584
0.103625
0.096541
0.093417
0.087791
0.095208
0.095708
0.104041
0.127166
0.104084
0.106417
0.118625
0.107834
0.113417
0.11125
0.115333
0.095
0.089
0.099375
0.095917
0.103792
0.088
0.094166
0.113167
0.108584
0.105834
0.104375
0.097583
0.094417
0.101209
0.110084
0.134417
0.124833
0.120042
0.142166
0.141
0.164833
0.188917
0.165084
0.144209
0.149334
0.132125
0.137875
0.140667
0.135917
0.130208
0.107208
0.097542
0.108375
0.100541
0.115541
0.095583
0.116417
0.106417
0.107333
0.095
0.104958
0.115125
0.102542
0.154292
0.135083
0.095167
0.097625
0.098625
0.102791
0.092959
0.086042
0.09425
0.088625
0.085708
0.096584
0.089
0.0935
0.091584
0.098416
0.093834
0.101584
0.096
0.103292
0.110417
0.121542
0.116375
0.114458
0.092916
0.091375
0.090125
0.090583
0.098083
0.104708
0.11
0.090375
0.123083
0.090667
0.089375
0.106916
0.086583
0.089208
0.105292
0.100042
0.1005
0.096
0.092
0.0865
0.097875
0.1065
0.089375
0.108625
0.097042
0.090209
0.100958
0.110667
0.107792
0.093791
0.095875
0.094875
0.104125
0.100791
0.102666
0.108084
0.093833
0.103291
0.100375
0.093
0.098375
0.117375
0.103417
0.091583
0.125208
0.095042
0.097833
0.098792
0.096125
0.102042
0.096375
0.107208
0.095583
0.097917
0.106292
0.100833
0.097042
0.095292
0.097417
0.096958
0.09875
0.117375
0.097917
0.087417
0.123708
0.082458
0.098625
0.10025
0.094125
0.08925
0.097208
0.092625
0.09375
0.105208
0.133417
0.1035
0.104959
0.097041
0.098958
0.100167
0.116667
0.100875
0.10425
0.112042
0.268459
0.103459
0.103084
0.106334
0.112625
0.1035
0.100625
0.110417
0.177875
0.107666
0.113208
0.127667
0.121834
0.156917
0.101958
0.105541
0.114333
0.13425
0.112083
0.146209
0.532583
0.505
0.105958
0.194875
0.234416
0.098792
0.098583
0.109875
0.265417
0.122875
0.119167
0.108209
0.1085
0.102541
0.114458
0.104333
0.112291
0.125292
0.118792
0.101583
0.097959
0.111917
0.110208
0.193917
0.248667
0.211
0.299292
0.328792
0.165083
0.110209
0.13525
0.126834
0.126167
0.1905
0.211667
0.115958
0.104041
0.111583
0.099916
0.105958
0.098917
0.130959
0.110667
0.101125
0.10775
0.166917
0.0885
0.102209
0.124292
0.6985
0.135834
0.133
0.114125
0.11575
0.138834
0.220875
0.130125
0.110875
0.110125
0.220708
0.130917
0.255333
0.101167
0.110959
0.115208
0.117625
0.104917
0.121125
0.12575
0.106917
0.111041
0.108833
0.347125
0.113875
0.126875
0.109833
0.139708
0.115334
0.121125
0.117125
0.368208
0.310542
0.118625
0.109917
0.123417
0.172875
0.132208
0.108875
0.10375
0.269375
0.108209
0.177583
0.13
0.125791
0.109167
0.12125
0.110709
0.108792
0.845166
0.097916
0.110917
0.140625
0.11975
0.131916
0.109792
0.109875
0.120083
0.101791
0.10925
0.107833
0.107333
0.109959
0.146083
0.170375
1.40146
0.100459
0.118458
0.110292
0.102791
0.122333
0.132792
0.112709
0.115875
0.148542
0.109292
0.189875
0.326291
0.140458
0.115292
0.211042
0.106
0.144542
0.120959
0.12025
0.122334
0.128583
0.116458
0.213833
0.127292
0.18525
0.106041
0.155375
0.118541
0.229875
0.125917
0.121125
0.14975
0.144458
0.127
0.13425
0.114834
0.126
0.135333
0.240917
0.110333
0.124667
0.113375
0.111083
0.12975
0.1235
0.126958
0.104
0.131125
0.145333
0.114958
0.155084
0.118
0.126958
0.115292
0.113459
0.113167
0.125125
0.132042
0.133458
0.31275
0.128083
0.116041
0.111208
0.100584
0.167875
0.116333
0.118625
0.246708
0.109083
0.113791
0.15775
0.10925
0.135125
0.149667
0.1235
0.11
0.115542
0.099667
0.170041
0.097708
0.159542
0.107791
0.103625
0.104667
0.126458
0.192375
0.222
0.275208
0.100208
0.100167
0.098958
0.155666
0.09325
0.114375
0.120833
0.098792
0.097083
0.140667
0.103833
0.092125
0.097542
0.113416
0.116458
0.095625
0.09875
0.103542
0.113542
0.104916
0.10775
0.102833
0.124
0.096209
0.148542
0.098292
0.17425
0.110834
0.098292
0.103792
0.107583
0.103958
0.110209
0.105708
0.098708
0.104083
0.099292
0.114583
0.095083
0.096417
0.095584
0.094417
0.103084
0.103292
0.106875
0.11375
0.101834
0.089792
0.115041
0.103833
0.112042
0.099959
0.106291
0.09675
0.102666
0.093167
0.106083
0.094708
0.089292
0.108041
0.103667
0.0985
0.096
0.221542
0.098625
0.103542
0.101792
0.107833
0.10725
0.110375
0.125917
0.098458
0.111584
0.093375
0.102417
0.122792
0.094292
0.090167
0.108792
0.082833
0.099416
0.113292
0.110417
0.097792
0.091667
0.099417
0.136416
0.121334
0.09075
0.199042
0.105541
0.105
0.09025
0.094
0.109625
0.097375
0.094791
0.089708
0.099458
0.094875
0.10575
0.088833
0.095625
0.0915
0.099416
0.102333
0.096125
0.094875
0.10975
0.098041
0.100875
0.096042
0.088958
0.103958
0.107958
0.092
0.100625
0.0895
0.094208
0.105541
0.091292
0.089667
0.111375
0.089625
0.121208
0.097042
0.089708
0.09075
0.1525
0.091917
0.09775
0.094042
0.118583
0.083833
0.093292
0.092291
0.088
0.089042
0.093334
0.089625
0.08975
0.098417
0.105333
0.116208
0.15275
0.243083
0.113334
0.09925
0.152292
0.090667
0.090833
0.092958
0.088542
0.099291
0.082416
0.106666
0.09425
0.089958
0.088583
0.098292
0.084292
0.089625
0.096708
0.087916
0.107791
0.102375
0.095084
0.088458
0.104333
0.096167
0.087083
0.095334
0.0815
0.106541
0.094583
0.089625
0.102042
0.099
0.091458
0.092333
0.114334
0.094542
0.165
0.105167
0.09825
0.090791
0.099334
0.092042
0.098417
0.087666
0.096125
0.094958
0.107875
0.090084
0.094917
0.101709
0.1605
0.092792
0.108125
0.087416
0.085417
0.095125
0.098583
0.094792
0.109958
0.084959
0.103958
0.095834
0.080292
0.085917
0.091542
0.088125
0.091292
0.10425
0.089334
0.113917
0.100709
0.094083
0.1015
0.099666
0.098208
0.089167
0.121042
0.094625
0.086834
0.093
0.095792
0.090291
0.095208
0.087333
0.0855
0.091333
0.089
0.09475
0.099917
0.090625
0.094334
0.096792
0.106833
0.085542
0.10225
0.098375
0.10625
0.093583
0.101459
0.100458
0.127583
0.088542
0.140292
0.097666
0.1115
0.086708
0.106333
0.103292
0.091583
0.094333
0.100916
0.0935
0.107417
