0.354584
0.444083
0.419416
0.812792
0.142375
0.174542
0.120958
0.092584
0.099375
0.097583
0.12275
0.084834
0.104542
0.092666
0.117042
0.093542
0.099834
0.108625
0.143417
0.099458
0.109
0.098584
0.101416
0.086667
0.107125
0.096042
0.114
0.088792
0.099167
0.091625
0.114583
0.088625
0.112791
0.098417
0.10125
0.089542
0.118334
0.084625
0.105458
0.092292
0.105459
0.081625
0.093125
0.081541
0.104292
0.091583
0.090708
0.088416
0.107875
0.083167
0.10275
0.086125
0.100833
0.10875
0.131417
0.099875
0.115458
0.097709
0.10475
0.11425
0.124125
0.107584
0.138125
0.15425
0.100583
0.118417
0.104625
0.103708
0.109625
0.102875
0.1015
0.11375
0.523084
0.120208
0.119334
0.094584
0.106334
0.127875
0.12975
0.110833
0.105834
0.118958
0.097916
0.120917
0.110959
0.103625
0.115666
0.125708
0.131125
0.157542
0.151042
0.160583
0.145042
0.133625
0.124625
0.105042
0.0985
0.092958
0.10225
0.100625
0.105
0.104209
0.119458
0.099333
0.098333
0.114583
0.110333
0.105958
0.173041
0.108791
0.107334
0.104667
0.098959
0.110416
0.199458
0.189417
0.408791
0.279167
0.094084
0.104834
0.107708
0.091834
0.123333
0.113792
0.108416
0.102292
0.105625
0.110458
0.12175
0.108958
0.110541
0.106083
0.106
0.088583
0.104791
0.102833
0.099875
0.099959
0.1015
0.109959
0.128708
0.137417
0.129292
0.124167
0.145542
0.094959
0.118708
0.106666
0.09475
0.094625
0.112125
0.104333
0.116167
0.134458
0.103416
0.141042
0.173833
0.126208
0.117625
0.113209
0.118792
0.10425
0.116042
0.092417
0.106833
0.108625
0.099666
0.101
0.119333
0.08975
0.105
0.104334
0.096791
0.112041
0.120167
0.107709
0.114875
0.111791
0.108
0.103417
0.112625
0.095916
0.119334
0.118125
0.116375
0.12875
0.106042
0.098417
0.115875
0.102375
0.084792
0.091958
0.097542
0.0885
0.089417
0.097375
0.091166
0.095958
0.105125
0.094292
0.100208
0.093042
0.092541
0.09475
0.122083
0.0925
0.105833
0.101291
0.102917
0.098791
0.092334
0.087625
0.105083
0.099625
0.088875
0.09575
0.09875
0.096833
0.094875
0.097959
0.092917
0.10325
0.108375
0.112917
0.091167
0.096042
0.093834
0.099958
0.105541
0.099334
0.095291
0.093125
0.091875
0.094
0.148459
0.087833
0.097708
0.095666
0.0915
0.102375
0.126417
0.1045
0.097667
0.103125
0.1025
0.088167
0.109791
0.09975
0.097084
0.095958
0.082458
0.085917
0.090583
0.08575
0.084458
0.089292
0.084458
0.091625
0.138417
0.091875
0.11825
0.09875
0.110583
0.098208
0.117208
0.10125
0.11075
0.121917
0.095167
0.098625
0.109708
0.097875
0.105167
0.100459
0.0905
0.118375
0.150334
0.114959
0.097125
0.101458
0.109834
0.105833
0.100125
0.1055
0.102
0.102709
0.104209
0.091
0.095916
0.099708
0.092417
0.094708
0.088209
0.081333
0.1045
0.087583
0.088583
0.092042
0.091625
0.084959
0.091875
0.090542
0.103333
0.092625
0.093083
0.150458
0.09325
0.1015
0.088
0.121625
0.107042
0.086
0.110833
0.110417
0.089417
0.09925
0.11725
0.115958
0.130083
0.117417
0.107375
0.106416
0.109958
0.098125
0.099042
0.084667
0.089875
0.098208
0.091875
0.112166
0.110125
0.1355
0.107042
0.099583
0.101417
0.096042
0.1035
0.095166
0.09525
0.099375
0.103
0.089542
0.107708
0.091916
0.11075
0.108625
0.122084
0.136792
0.135667
0.100792
0.104584
0.09575
0.103
0.11975
0.122292
0.104834
0.090959
0.095916
0.10425
0.095833
0.098833
0.092209
0.112916
0.127416
0.119083
0.112417
0.146791
0.129458
0.14575
0.140542
0.155584
0.106875
0.102583
0.095958
0.109584
0.105667
0.098958
0.105125
0.118125
0.107125
0.1205
0.12275
0.119625
0.1265
0.179833
0.13775
0.194334
0.323792
0.12275
0.135417
0.179708
0.216375
0.135625
0.115083
0.096542
0.096833
0.098208
0.109166
0.114917
0.120458
0.089958
0.1125
0.10975
0.096083
0.126458
0.132708
0.088167
0.099
0.096375
0.095833
0.103667
0.119875
0.097375
0.0945
0.109375
0.092125
0.097791
0.094125
0.080584
0.097791
0.099084
0.087625
0.083709
0.096333
0.092875
0.093542
0.097791
0.099042
0.102416
0.099792
0.085792
0.089791
0.110833
0.088667
0.097583
0.106625
0.079542
0.091917
0.093667
0.0925
0.094625
0.089209
0.0845
0.094917
0.098708
0.08425
0.098541
0.102708
0.096625
0.08275
0.090125
0.080375
0.104542
0.129583
0.143125
0.0995
0.095834
0.104792
0.110708
0.112708
0.100083
0.11225
0.132084
0.11475
0.114333
0.11125
0.094292
0.096583
0.092125
0.094041
0.09475
0.091667
0.107791
0.106875
0.117458
0.100416
0.09975
0.096208
0.09175
0.086458
0.102042
0.085833
0.096417
0.110958
0.107917
0.116916
0.114
0.110333
0.106042
0.122583
0.106417
0.090667
0.094792
0.109291
0.127833
0.114959
0.158208
0.113292
0.1245
0.115625
0.097666
0.114375
0.118791
0.102125
0.110875
0.099458
0.109459
0.104333
0.089041
0.099041
0.099875
0.089583
0.103875
0.096792
0.101375
0.089792
0.098916
0.08525
0.097542
0.089625
0.091417
0.096917
0.102708
0.092833
0.085541
0.091625
0.09625
0.090958
0.091417
0.08675
0.085417
0.0975
0.101958
0.100417
0.108334
0.084125
0.102375
0.120208
0.095667
0.092333
0.096541
0.080125
0.09375
0.114
0.0955
0.102041
0.114709
0.102208
0.110542
0.237042
0.104291
0.110042
0.129667
0.10775
0.116458
0.125375
0.128417
0.105959
0.110834
0.09725
0.095333
0.104875
0.099583
0.1115
0.112
0.107542
0.115084
0.112625
0.116542
0.118458
0.12325
0.09525
0.116417
0.119292
0.465292
0.232416
0.202833
0.10775
0.110917
0.113792
0.098792
0.096541
0.08725
0.090708
0.08925
0.093292
0.088875
0.088667
0.10825
0.104708
0.101292
0.11675
0.147417
0.1205
0.108833
0.116291
0.1165
0.108292
0.119208
0.624875
0.110875
0.098
0.102625
0.10025
0.105875
0.1095
0.113167
0.10325
0.116458
0.110209
0.133416
0.10425
0.109125
0.119084
0.119833
0.130375
0.155375
0.198292
0.195625
0.114417
0.130292
0.101708
0.124833
0.114583
0.155333
0.10425
0.138875
0.095666
0.128834
0.125916
0.175584
0.099292
0.150333
0.142458
0.113167
0.131291
0.128416
0.115667
0.154167
0.121625
0.12
0.123083
0.126625
0.106125
0.101542
0.140958
0.108584
0.119
0.302042
0.111708
0.111875
0.188792
0.117
0.218208
0.526
0.090708
0.096458
0.09825
0.1
0.095166
0.09925
0.102625
0.163709
0.104083
0.0935
0.132416
0.103041
0.100583
0.092125
0.094375
0.0975
0.099583
0.12775
0.103834
0.096542
0.096334
0.100708
0.09175
0.091292
0.097125
0.090167
0.08625
0.095834
0.093542
0.097375
0.094958
0.092917
0.089333
0.093042
0.096084
0.101917
0.091167
0.098125
0.105292
0.084458
0.0985
0.086458
0.137583
0.098875
0.1015
0.089292
0.087375
0.093667
0.0955
0.094958
0.096417
0.081792
0.098084
0.095042
0.102458
0.098083
0.113333
0.087833
0.092125
0.09625
0.085209
0.092792
0.100208
0.091125
0.093083
0.111666
0.091791
0.091959
0.099167
0.090958
0.09975
0.119792
0.095833
0.10875
0.123875
0.099125
0.161959
0.094666
0.096958
0.091125
0.101667
0.090583
0.103709
0.097417
0.0845
0.115958
0.104709
0.195083
0.086875
0.097417
0.111958
0.1005
0.111375
0.095708
0.086916
0.086833
0.096291
0.094583
0.099875
0.0945
0.096958
0.090708
0.09325
0.095459
0.11425
0.098042
0.101875
0.099375
0.1005
0.08875
0.112083
0.086542
0.093584
0.09475
0.092875
0.087708
0.094791
0.098375
0.093458
0.101416
0.104375
0.096375
0.09825
0.091458
0.103709
0.09475
0.095
0.093708
0.104875
0.100875
0.102708
0.098334
0.096625
0.100875
0.1075
0.108458
0.099334
0.101041
0.095041
0.094958
0.106875
0.095666
0.096083
0.091542
0.118458
0.089709
0.094084
0.0965
0.111917
0.089958
0.096375
0.094542
0.094625
0.112417
0.099709
0.091834
0.093625
0.125542
0.093791
0.121959
0.094042
0.102208
0.099417
0.119958
0.096375
0.098292
0.098292
0.091667
0.092166
0.101416
0.1015
0.101833
0.097208
0.119458
0.095584
0.098041
0.098291
0.097916
0.0955
0.108
0.095666
0.088125
0.089667
0.098625
0.086792
0.096292
0.092333
0.091542
0.100917
0.095625
0.093834
0.091625
0.100458
0.134375
0.108042
