0.43475
0.41575
0.458709
0.587916
0.144625
0.270084
0.097084
0.093792
0.083458
0.13425
0.097792
0.0985
0.093292
0.088625
0.09525
0.091625
0.0915
0.087833
0.094291
0.095667
0.092875
0.095959
0.091042
0.1005
0.107292
0.094125
0.093542
0.096958
0.088583
0.128917
0.088791
0.101083
0.089208
0.094542
0.090709
0.130166
0.092875
0.113042
0.091375
0.094083
0.088917
0.106042
0.087
0.0955
0.08975
0.093833
0.088958
0.102125
0.095916
0.104875
0.088375
0.098417
0.098125
0.096333
0.088083
0.109375
0.091625
0.110375
0.097083
0.104083
0.091708
0.100958
0.091459
0.108875
0.090042
0.100125
0.1
0.109917
0.103417
0.0985
0.104791
0.103625
0.086375
0.089875
0.09925
0.103459
0.104167
0.094417
0.090417
0.139875
0.099458
0.095042
0.09525
0.103084
0.096167
0.10075
0.103833
0.092625
0.093042
0.100959
0.097042
0.103833
0.095125
0.097791
0.101458
0.097542
0.100167
0.099875
0.10775
0.111833
0.10225
0.111375
0.101125
0.103458
0.099333
0.107417
0.100708
0.101
0.094666
0.112958
0.116208
0.136708
0.139542
0.115917
0.120167
0.136791
0.121833
0.125542
0.147834
0.138667
0.11525
0.095958
0.095459
0.114958
0.101666
0.101167
0.09025
0.108125
0.094958
0.103666
0.101042
0.124709
0.121958
0.117417
0.092375
0.093
0.099875
0.122292
0.105541
0.111375
0.100458
0.101875
0.09925
0.126292
0.096542
0.099333
0.117917
0.126375
0.136333
0.124833
0.158583
0.14375
0.135209
0.122042
0.126333
0.124083
0.103833
0.1215
0.095041
0.09725
0.106166
0.140708
0.099708
0.113625
0.120166
0.113834
0.112917
0.158792
0.09475
0.103166
0.096375
0.104125
0.093292
0.113375
0.119583
0.107208
0.107792
0.112708
0.099125
0.11825
0.097959
0.107333
0.092292
0.104958
0.116333
0.113083
0.105625
0.110375
0.12925
0.135375
0.125291
0.120167
0.113083
0.147541
0.123959
0.158375
0.122083
0.11675
0.126084
0.125042
0.12675
0.107458
0.089833
0.105292
0.113959
0.103417
0.098375
0.12775
0.089333
0.107334
0.098583
0.105125
0.094959
0.109667
0.098875
0.112583
0.092
0.159541
0.099709
0.093625
0.09675
0.105166
0.088333
0.13775
0.101584
0.102041
0.108125
0.119417
0.105084
0.149958
0.124292
0.112584
0.148584
0.113917
0.117334
0.115167
0.1285
0.130709
0.1485
0.163625
0.270417
0.191667
0.295292
0.160291
0.255208
0.14925
0.146292
0.292625
0.148375
0.146125
0.116042
0.102334
0.104791
0.096542
0.099291
0.118291
0.098708
0.101333
0.096583
0.112
0.122834
0.106791
0.112125
0.10375
0.127375
0.112625
0.136042
0.11825
0.144375
0.117459
0.113875
0.110792
0.112834
0.150208
0.113375
0.11975
0.093167
0.100542
0.1105
0.125083
0.118916
0.118792
0.109542
0.115916
0.088166
0.09975
0.154458
0.105709
0.093542
0.099375
0.0955
0.102958
0.097708
0.113875
0.094958
0.09675
0.100125
0.099458
0.100334
0.125708
0.1165
0.133708
0.096667
0.101333
0.123958
0.098834
0.095125
0.109042
0.09525
0.093625
0.092042
0.111291
0.09425
0.096125
0.091167
0.093125
0.098083
0.108042
0.090459
0.102584
0.096417
0.095125
0.093584
0.086542
0.086667
0.095959
0.092166
0.08975
0.095792
0.096792
0.584667
0.24025
0.088083
0.094458
0.098416
0.101958
0.094833
0.103208
0.097541
0.092917
0.092208
0.104417
0.098417
0.105291
0.093667
0.09075
0.094083
0.107708
0.083375
0.096417
0.108083
0.102292
0.088292
0.100625
0.090792
0.109833
0.125625
0.1125
0.104625
0.104833
0.094958
0.135625
0.0945
0.093833
0.09325
0.099458
0.10925
0.092417
0.09775
0.094167
0.099083
0.107917
0.095209
0.106
0.094375
0.145625
0.104125
0.161
0.122375
0.175625
0.116792
0.1725
0.129292
0.160833
0.137375
0.118125
0.130292
0.173584
0.128375
0.123375
0.126625
0.14275
0.118959
0.186875
0.177333
0.1825
0.151792
0.166958
0.152917
0.148959
0.1645
0.155834
0.128084
0.12125
0.110042
0.10875
0.107125
0.0955
0.0995
0.104334
0.10075
0.090792
0.098875
0.107541
0.101334
0.098708
0.112167
0.089959
0.100708
0.094917
0.102417
0.090417
0.09525
0.119333
0.102959
0.107458
0.09175
0.092125
0.098708
0.091708
0.098583
0.096833
0.099833
0.094542
0.111875
0.096959
0.096208
0.102083
0.100292
0.101041
0.101292
0.090459
0.094208
0.09925
0.09025
0.096042
0.09875
0.089375
0.094417
0.104625
0.099458
0.098417
0.095833
0.107791
0.103125
0.108834
0.105459
0.119666
0.096333
0.105
0.124375
0.11375
0.116125
0.131833
0.119958
0.224334
0.110667
0.2695
0.149416
0.133417
0.128708
0.133083
0.27025
0.22825
0.170542
0.157
0.158375
0.1335
0.174667
0.161625
0.156083
0.147125
0.127542
0.170334
0.20375
0.135041
0.1175
0.147667
0.109834
0.12375
0.115041
0.143125
0.11725
0.09975
0.1045
0.100583
0.10225
0.114583
0.088125
0.109459
0.097417
0.101083
0.111875
0.175208
0.11225
0.169458
0.126292
0.116667
0.129292
0.112417
0.122042
0.194125
0.157125
0.166667
0.162
0.132375
0.146583
0.172
0.149875
0.111458
0.154875
0.13075
0.136875
0.117417
0.097375
0.1015
0.108291
0.097625
0.090709
0.101333
0.102708
0.0975
0.102
0.126333
0.130041
0.123333
0.107916
0.120791
0.128958
0.121583
0.107958
0.130791
0.128458
0.110916
0.129584
0.157959
0.125583
0.145
0.1415
0.123667
0.166791
0.155292
0.313125
0.35175
0.286958
0.1365
0.135
0.183417
0.151917
0.158375
0.133417
0.163417
0.113042
0.121625
0.107542
0.122833
0.155417
0.143459
0.112542
0.13425
0.104542
0.145666
0.101958
0.109125
0.09775
0.102834
0.103125
0.094084
0.088625
0.085666
0.105417
0.130625
0.121375
0.456584
0.111041
0.154917
0.130584
0.348375
0.261625
0.197958
0.129042
0.106334
0.110917
0.194708
0.133542
0.109
0.108792
0.120833
0.107167
0.102667
0.082667
0.10625
0.109042
0.1
0.118084
0.124542
0.088958
0.108292
0.104833
0.098375
0.092875
0.122666
0.110292
0.108417
0.112958
0.089083
0.09525
0.094209
0.100333
0.104792
0.096875
0.10425
0.09725
0.09275
0.098292
0.087083
0.126209
0.087542
0.086792
0.112167
0.092167
0.100125
0.095416
0.0895
0.135042
0.097375
0.103083
0.108292
0.094791
0.1015
0.106292
0.095583
0.100292
0.095792
0.105417
0.11
0.088459
0.092792
0.093708
0.085209
0.093
0.09425
0.139208
0.104292
0.109958
0.115666
0.09675
0.109334
0.1095
0.11525
0.122083
0.156375
0.104291
0.096541
0.0935
0.093791
0.093083
0.099416
0.126458
0.103917
0.142916
0.104125
0.106
0.136375
0.102208
0.125833
0.120875
0.098208
0.133334
0.114333
0.116333
0.10975
0.109875
0.102458
0.100875
0.111625
0.106292
0.102417
0.127
0.099667
0.132875
0.202167
0.285875
0.23825
0.104458
0.100791
0.097333
0.110542
0.108708
0.095916
0.097042
0.104791
0.108542
0.104875
0.112083
0.11725
0.10825
0.116583
0.11975
0.120875
0.294083
0.105083
0.109917
0.109125
0.106208
0.097291
0.103334
0.101458
0.110375
0.09275
0.093708
0.108792
0.115333
0.102583
0.096083
0.105625
0.098833
0.091959
0.097833
0.08975
0.089417
0.093083
0.098
0.099458
0.106792
0.097208
0.090208
0.092708
0.095667
0.090958
0.102167
0.104125
0.092791
0.097917
0.108042
0.101666
0.108333
0.092292
0.106792
0.101209
0.099042
0.0935
0.111083
0.093291
0.111417
0.105584
0.108958
0.096708
0.109708
0.121875
0.115792
0.112542
0.110667
0.093917
0.110084
0.089
0.110208
0.088959
0.095375
0.090291
0.087167
0.092833
0.099125
0.097333
0.111875
0.09625
0.095917
0.116625
0.100375
0.0935
0.098709
0.092166
0.093833
0.09525
0.143209
0.103125
0.126834
0.103791
0.115458
0.100209
0.096792
0.096875
0.092458
0.093417
0.0955
0.095583
0.092333
0.097667
0.103458
0.096166
0.09475
0.0895
0.0855
0.097625
0.106709
0.104208
0.08925
0.10125
0.088125
0.098125
0.08825
0.101375
0.0905
0.110458
0.090709
0.108584
0.091708
0.100958
0.0955
0.089667
0.089
0.094834
0.089334
0.098792
0.105708
0.1095
0.094042
0.100917
0.094334
0.104458
0.09175
0.101333
0.106292
0.108417
0.089
0.106583
0.09075
0.089458
0.096958
0.090875
0.095167
0.091875
0.087958
0.091208
0.090083
0.092292
0.087542
0.095917
0.096292
0.097958
