0.052917
0.060292
0.069917
0.036041
0.026417
0.044292
0.024583
0.033042
0.030709
0.0265
0.022708
0.148667
0.028334
0.034875
0.023792
0.026791
0.049209
0.024833
0.025458
0.022917
0.08675
0.021583
0.023833
0.027708
0.030042
0.026125
0.0335
0.050333
0.038875
0.0355
0.049459
0.02725
0.032041
0.028625
0.029042
0.025834
0.026708
0.025625
0.057333
0.021875
0.036833
0.020167
0.032416
0.027208
0.022
0.023667
0.028208
0.0305
0.02325
0.026958
0.034417
0.022584
0.0375
0.025291
0.025
0.032333
0.020916
0.032959
0.023791
0.024542
0.026292
0.025292
0.029667
0.041792
0.105
0.0395
0.043917
0.033292
0.023875
0.026208
0.028917
0.03475
0.023209
0.02525
0.021292
0.020792
0.034125
0.018958
0.03625
0.024083
0.02075
0.026125
0.028666
0.020667
0.02175
0.021584
0.029208
0.026416
0.027084
0.025
0.019167
0.026416
0.034
0.023208
0.022209
0.024584
0.022625
0.024667
0.024875
0.049166
0.0275
0.0295
0.03025
0.043042
0.042292
0.060291
0.047958
0.018792
0.022208
0.028041
0.025083
0.021666
0.024209
0.023541
0.116041
0.021166
0.027416
0.024792
0.026
0.048167
0.038459
0.024667
0.026042
0.025292
0.024375
0.040292
0.016875
0.023125
0.02525
0.0215
0.026416
0.028958
0.025166
0.024959
0.042042
0.019833
0.031209
0.021917
0.0335
0.030417
0.045333
0.032
0.025042
0.03575
0.034125
0.023416
0.062875
0.034416
0.027708
0.015791
0.021125
0.032792
0.021416
0.025417
0.025708
0.037666
0.023792
0.026333
0.032417
0.023167
0.026208
0.023083
0.022
0.027709
0.027875
0.019417
0.024708
0.034167
0.025792
0.02275
0.027875
0.029416
0.025541
0.024042
0.020375
0.024042
0.024
0.050708
0.029542
0.031125
0.04125
0.029
0.02725
0.024125
0.024375
0.028209
0.034083
0.029875
0.025042
0.026
0.02225
0.028375
0.021166
0.026875
0.028917
0.0215
0.024375
0.039417
0.022584
0.023458
0.0245
0.02
0.025833
0.0235
0.021084
0.025083
0.0265
0.032375
0.019375
0.022834
0.022458
0.074666
0.056625
0.02775
0.052791
0.03725
0.030959
0.025834
0.022667
0.025291
0.023958
0.019416
0.022334
0.035375
0.026958
0.022041
0.025
0.024708
0.021666
0.023625
0.033375
0.021167
0.023333
0.025917
0.02
0.023084
0.029792
0.018042
0.022417
0.024208
0.025042
0.0245
0.022375
0.02025
0.022
0.021333
0.021459
0.023
0.022416
0.019625
0.024375
0.033459
0.021292
0.033458
0.046959
0.035
0.047042
0.039042
0.023333
0.028083
0.053625
0.045459
0.033042
0.022542
0.020125
0.026291
0.02625
0.021042
0.024417
0.029208
0.026625
0.021709
0.025083
0.028
0.022541
0.027667
0.047416
0.027167
0.022667
0.025666
0.022083
0.024458
0.027166
0.026709
0.021125
0.023042
0.021875
0.021667
0.042458
0.026584
0.024875
0.044458
0.032625
0.032667
0.041
0.04025
0.023542
0.021792
0.026333
0.02975
0.037792
0.022292
0.027333
0.031708
0.022417
0.029042
0.020167
0.029875
0.025791
0.019458
0.024042
0.028959
0.0215
0.024292
0.03975
0.0255
0.026625
0.0315
0.020292
0.023042
0.0295
0.019583
0.026375
0.047
0.021667
0.024083
0.025708
0.030084
0.042167
0.03475
0.037209
0.030083
0.071083
0.023042
0.031458
0.021917
0.020708
0.027417
0.021958
0.019083
0.031375
0.026625
0.02175
0.022084
0.021333
0.019542
0.028958
0.023625
0.019709
0.053916
0.022625
0.023959
0.025375
0.025458
0.0265
0.033959
0.03025
0.021834
0.048084
0.026375
0.022041
0.032125
0.029917
0.020292
0.046291
0.030959
0.032125
0.026917
0.045708
0.022375
0.023167
0.025292
0.033042
0.025917
0.022417
0.02275
0.023625
0.024667
0.1385
0.021083
0.021958
0.01975
0.027583
0.022666
0.091458
0.028917
0.020875
0.02025
0.02275
0.029125
0.021791
0.02475
0.02675
0.0225
0.024083
0.024917
0.039375
0.025667
0.031792
0.02375
0.060125
0.025
0.026958
0.034542
0.031542
0.043667
0.03925
0.026084
0.030042
0.026
0.031625
0.022041
0.039541
0.035
0.024833
0.025667
0.034125
0.023709
0.021958
0.032375
0.026125
0.026709
0.023208
0.020416
0.019834
0.027208
0.021375
0.025333
0.030917
0.019083
0.032
0.041
0.021958
0.023667
0.025
0.020875
0.030958
0.031458
0.020916
0.023167
0.033791
0.027667
0.0295
0.0325
0.036
0.024708
0.024
0.020458
0.025625
0.0275
0.022291
0.032334
0.025
0.024125
0.031833
0.025084
0.035375
0.029583
0.023167
0.023125
0.03325
0.02475
0.029167
0.046541
0.0265
0.024583
0.057291
0.022708
0.03025
0.035417
0.025875
0.028166
0.025042
0.02775
0.033
0.054833
0.024417
0.02325
0.038583
0.033125
0.033792
0.029541
0.03725
0.02325
0.025584
0.025833
0.040958
0.024334
0.023583
0.032708
0.024125
0.039875
0.035083
0.023458
0.048
0.044834
0.0345
0.026625
0.065875
0.022042
0.035375
0.030875
0.02775
0.027625
0.037708
0.023833
0.032666
0.019875
0.022875
0.039333
0.024167
0.023875
0.026791
0.022709
0.031334
0.040291
0.022625
0.05425
0.053042
0.03125
0.030167
0.04025
0.023125
0.025167
0.043292
0.020125
0.033083
0.03275
0.036458
0.022375
0.031291
0.020083
0.025375
0.038166
0.030542
0.017708
0.040541
0.022291
0.041708
0.031167
0.022167
0.0465
0.043958
0.046667
0.041459
0.060833
0.026
0.03975
0.032416
0.024667
0.027541
0.034833
0.028583
0.057
0.035167
0.033042
0.032959
0.028167
0.025208
0.036417
0.024958
0.035125
0.042625
0.028458
0.023875
0.033584
0.026666
0.022542
0.035916
0.029708
0.025875
0.029292
0.027417
0.049417
0.026834
0.025
0.027958
0.039042
0.022292
0.029417
0.035667
0.05775
0.045958
0.024333
0.024542
0.045208
0.04325
0.033583
0.054958
0.023833
0.023875
0.049
0.046792
0.040042
0.055083
0.054417
0.043875
0.040125
0.025375
0.026875
0.036542
0.034917
0.050625
0.048375
0.046666
0.037
0.049292
0.027916
0.04125
0.031625
0.0485
0.029083
0.0215
0.0295
0.037375
0.0155
0.034709
0.022625
0.026541
0.022292
0.015875
0.027333
0.017
0.024417
0.030583
0.027708
0.023667
0.025667
0.020292
0.023334
0.024458
0.022875
0.02125
0.023
0.026083
0.0265
0.021708
0.017291
0.022208
0.025083
0.027167
0.024458
0.02825
0.026625
0.02275
0.023083
0.025625
0.027583
0.019458
0.033083
0.020209
0.024
0.033875
0.022042
0.027459
0.02425
0.032208
0.022167
0.019625
0.021334
0.026625
0.020709
0.026042
0.028417
0.026416
0.023541
0.027917
0.021166
0.022292
0.022667
0.0265
0.019625
0.027625
0.026
0.03025
0.024333
0.022875
0.025209
0.023917
0.038417
0.025166
0.024666
0.026458
0.025125
0.027083
0.019167
0.026
0.028959
0.018542
0.02
0.02225
0.023292
0.021375
0.020042
0.01725
0.033917
0.018208
0.024916
0.023375
0.023541
0.023
0.021959
0.023375
0.023167
0.018792
0.019083
0.037416
0.033292
0.0255
0.078958
0.021542
0.021541
0.021
0.022875
0.02975
0.027042
0.03075
0.027541
0.0205
0.022083
0.019042
0.021583
0.020458
0.031291
0.022208
0.022333
0.052417
0.028583
0.023375
0.030375
0.032042
0.026375
0.02325
0.0205
0.0205
0.038333
0.028125
0.0205
0.023583
0.026375
0.02125
0.024333
0.02325
0.022833
0.023417
0.028792
0.02075
0.020166
0.022917
0.022042
0.023334
0.0275
0.02975
0.031833
0.02275
0.022708
0.018333
0.025209
0.022708
0.022375
0.024458
0.024541
0.023292
0.022375
0.023
0.024292
0.018875
0.026084
0.027
0.025083
0.019
0.023708
0.026167
0.023792
0.019833
0.025333
0.025541
0.02325
0.02375
0.024833
0.021459
0.021916
0.023291
0.021667
0.020208
0.027334
0.020125
0.02425
0.022542
0.023958
0.017916
0.034375
0.026625
0.023125
0.020792
0.021625
0.028875
0.025375
0.022916
0.024041
0.027542
0.02125
0.028167
0.018916
0.024959
0.01975
0.029916
0.020333
0.028042
0.019291
0.026291
0.02275
0.041959
0.066542
0.045667
0.027792
0.046125
0.412
0.309041
0.050792
0.118875
0.022042
0.162959
0.035417
0.024292
0.026917
0.026458
0.033542
0.019708
0.020875
0.024375
0.022792
0.028958
0.093667
0.0315
0.074583
0.026
0.026709
0.026167
0.046792
0.034584
0.026584
0.030083
0.036417
0.044625
0.026416
0.0195
0.023334
0.035292
0.021125
