0.198542
0.218167
0.253625
0.198125
0.131458
0.180334
0.054958
0.070334
0.05325
0.044833
0.066583
0.115916
0.042291
0.060042
0.040292
0.058458
0.069542
0.129125
0.078
0.053042
0.041917
0.093584
0.0435
0.045541
0.069708
0.123334
0.047
0.131
0.04325
0.039583
0.047208
0.039667
0.040958
0.127042
0.097416
0.04675
0.119375
0.055333
0.043792
0.048292
0.093417
0.07425
0.108125
0.089917
0.061083
0.043833
0.044834
0.083542
0.109667
0.061333
0.068583
0.048416
0.090792
0.040958
0.058709
0.072084
0.045083
0.07925
0.044416
0.046041
0.044458
0.050416
0.040125
0.049042
0.04975
0.141
0.072958
0.04975
0.04175
0.055625
0.052583
0.045292
0.079083
0.056458
0.038417
0.043291
0.045416
0.043875
0.069167
0.046417
0.042042
0.117875
0.04675
0.043792
0.060458
0.046333
0.045041
0.045875
0.056209
0.046209
0.049833
0.045709
0.042834
0.061125
0.039208
0.052208
0.054
0.04225
0.049917
0.050208
0.051875
0.069125
0.047208
0.076
0.075167
0.06675
0.03925
0.050083
0.040625
0.046041
0.049708
0.08
0.046125
0.037333
0.058583
0.04375
0.06575
0.042791
0.11325
0.046959
0.040584
0.049708
0.050375
0.040833
0.134125
0.09175
0.060417
0.046917
0.048042
0.044333
0.049417
0.047541
0.096125
0.067916
0.044209
0.057833
0.053167
0.042834
0.046375
0.0815
0.049208
0.047542
0.050458
0.045791
0.118167
0.050625
0.039
0.053292
0.05325
0.04225
0.0505
0.064625
0.04675
0.047
0.072708
0.047083
0.05125
0.077208
0.046792
0.073458
0.152667
0.043792
0.044666
0.094416
0.045166
0.045791
0.047333
0.063167
0.048458
0.048458
0.044
0.054
0.060875
0.068458
0.069834
0.063458
0.051417
0.048208
0.050417
0.087166
0.080125
0.082167
0.065041
0.088875
0.0485
0.055667
0.054875
0.053792
0.105125
0.054542
0.045084
0.047292
0.0745
0.049166
0.078667
0.057917
0.047667
0.049792
0.059625
0.042292
0.04775
0.065042
0.053042
0.051416
0.191166
0.086375
0.11375
0.154792
0.097333
0.099459
0.11225
0.102166
0.111125
0.229125
0.098041
0.109708
0.082417
0.161083
0.091583
0.287125
0.094708
0.119583
0.185167
0.077083
0.0625
0.216209
0.073833
0.078042
0.241
0.075125
0.156375
0.080709
0.058916
0.053666
0.0585
0.187042
0.200958
0.274459
1.92742
0.285375
0.076917
0.123333
0.073542
0.082917
0.051291
0.047708
0.06525
0.066541
0.062625
0.084375
0.094875
0.15025
0.0665
0.105625
0.101583
0.094625
0.069917
0.094375
0.074041
0.086
0.09775
0.077292
0.094833
0.057833
0.062459
0.064041
0.057417
0.069333
0.057959
0.066209
0.145292
0.069
0.061042
0.0535
0.051875
0.109375
0.088917
0.059916
0.056875
0.087834
0.059541
0.386667
0.214167
0.067667
0.101958
0.068833
0.040208
0.101417
0.044875
0.084334
0.047542
0.048916
0.046458
0.097542
0.142
0.180417
0.083834
0.155125
0.071625
0.110875
0.081417
0.206875
0.105459
0.088583
0.130875
0.118542
0.083292
0.099
0.068125
0.104625
0.114041
0.068583
0.173916
0.165292
0.0855
0.140292
0.072542
0.233167
0.185083
0.056792
0.057709
0.135292
0.065833
0.056292
0.121042
0.055875
0.064834
0.191208
0.052833
0.055834
0.123333
0.152791
0.19225
0.088458
0.206541
0.109541
0.09
0.112167
0.082167
0.105625
0.166042
0.279917
0.15825
0.099708
0.071333
0.160417
0.184375
0.121
0.159708
0.105459
0.096167
0.077208
0.262792
0.075125
0.079042
0.092667
0.102916
0.126583
0.106541
0.1045
0.10475
0.098042
0.1105
0.083959
0.157666
0.105458
0.104542
0.070084
0.091375
0.091958
0.108709
0.112875
0.122333
0.103375
0.099
0.174125
0.069125
0.10275
0.170667
0.132
0.084708
0.114667
0.098833
0.101167
0.108375
0.107959
0.0895
0.228417
0.123459
0.1525
0.098666
0.09075
0.138792
0.11275
0.204625
0.111125
0.219292
0.069666
0.106209
0.080208
0.090167
0.104042
0.268958
0.137166
0.269083
0.068083
0.096
0.150334
0.066584
0.118417
0.101
0.074833
0.069833
0.112291
0.260833
0.08225
0.077958
0.076042
0.060292
0.058208
0.100375
0.060625
0.061958
0.107458
0.103709
0.048375
0.074583
0.10325
0.0585
0.047416
0.054584
0.048833
0.055209
0.161917
0.052791
0.045542
0.116292
0.101667
0.0775
0.069583
0.067166
0.053666
0.0615
0.047375
0.057333
0.050208
0.047542
0.047791
0.06125
0.059791
0.06225
0.058209
0.068625
0.047333
0.048125
0.049709
0.04775
0.044166
0.088541
0.053334
0.06375
0.0775
0.074958
0.095541
0.121458
0.054917
0.043959
0.052833
0.045333
0.1005
0.0665
0.167834
0.052916
0.060458
0.047
0.05975
0.057291
0.056709
0.064542
0.122916
0.084791
0.077875
0.16475
0.135209
0.108166
0.230083
0.1105
0.059792
0.107041
0.089625
0.071708
0.210542
0.0685
0.09425
0.193708
0.100792
0.098167
0.131209
0.098041
0.061375
0.06725
0.14925
0.105167
0.170458
0.179667
0.099959
0.09475
0.140209
0.172125
0.096875
0.070792
0.067791
0.08275
0.051375
0.083875
0.062791
0.098417
0.086083
0.102917
0.159791
0.106625
0.092667
0.094917
0.108042
0.133167
0.133083
0.086542
0.17625
0.076084
0.154041
0.1555
0.06275
0.077792
0.056
0.055625
0.09175
0.09675
0.0845
0.153583
0.072542
0.115916
0.083625
0.099208
0.14325
0.085333
0.121666
0.096583
0.110417
0.145583
0.070625
0.261
0.069625
0.074208
0.140416
0.051
0.109125
0.06375
0.144333
0.07675
0.09425
0.09675
0.169708
0.129708
0.098958
0.560792
0.0865
0.069583
0.074791
0.171542
0.080875
0.462125
0.082292
0.102583
0.052584
0.060542
0.071542
0.051833
0.07125
0.0545
0.112167
0.4025
0.254041
0.210292
0.237792
0.058
0.106917
0.052959
0.063208
0.161
0.17975
0.080667
0.250375
0.165542
0.4195
0.338125
0.075041
0.056458
0.058125
0.297
0.052209
0.043458
0.076042
0.06325
0.045666
0.054084
0.076333
0.070792
0.045167
0.045417
0.055792
0.051083
0.0725
0.0485
0.050166
0.047209
0.054458
0.044292
0.045459
0.041583
0.044
0.064708
0.048333
0.053083
0.063167
0.058917
0.079334
0.043416
0.057833
0.058875
0.095458
0.05675
0.057583
0.069791
0.094125
0.057084
0.048958
0.063334
0.1005
0.043083
0.066833
0.088375
0.100875
0.053166
0.046208
0.047625
0.073334
0.047167
0.058875
0.068583
0.084041
0.064875
0.07225
0.057708
0.056458
0.052333
0.096542
0.053541
0.049042
0.07375
0.113
0.047042
0.197667
0.06975
0.074042
0.043833
0.055375
0.052959
0.071625
0.051333
0.152
0.059041
0.057583
0.063375
0.047875
0.064459
0.076834
0.045417
0.120875
0.049708
0.086375
0.048625
0.082584
0.069792
0.108834
0.066708
0.130792
0.057542
0.046625
0.049125
0.103083
0.066667
0.050583
0.074917
0.105834
0.050375
0.051375
0.086541
0.079792
0.069333
0.09025
0.083333
0.068125
0.116792
0.122208
0.409542
0.089875
0.069291
0.063125
2.72954
0.376625
0.404333
0.048167
0.04975
0.054708
0.081667
0.052833
0.077042
0.048417
0.056292
0.076292
0.085
0.07525
0.093459
0.083917
0.069875
0.0475
0.049083
0.051792
0.08075
0.052625
0.048875
0.0495
0.07925
0.07775
0.068
0.103209
0.075
0.069333
0.096083
0.052334
0.049334
0.080834
0.0445
0.058292
0.085625
0.067625
0.06725
0.361291
0.059334
0.214792
0.052167
0.05775
0.050625
0.050083
0.075208
0.085708
0.095667
0.078958
0.070333
0.0725
0.050375
0.041167
0.093292
0.063209
0.063792
0.109958
0.055917
0.056625
0.103834
0.085083
0.061334
0.08875
0.056042
0.096625
0.073542
0.043083
0.044458
0.084708
0.08975
0.043
0.104
0.072666
0.056583
0.046292
0.10075
0.067709
0.126333
0.073708
0.067791
0.049166
0.12975
0.109291
0.093375
0.177083
0.185041
0.118166
0.089875
0.114625
0.084792
0.090708
0.077375
0.0525
0.089292
0.079917
0.085375
0.088666
0.052292
0.088667
0.047
0.046542
0.050209
0.050417
0.058708
0.085459
0.045875
0.048625
0.100208
0.068292
0.063625
0.047625
0.053209
0.052792
0.070541
0.089875
0.049583
0.053083
0.043916
0.053875
0.101792
0.061625
0.051959
0.044292
0.046167
0.08
0.057625
0.043958
0.054583
0.049542
0.078875
0.049291
0.046709
0.070625
0.078
0.111208
0.065459
0.063583
0.12875
0.072708
0.055625
0.044458
