0.560083
0.487083
0.441667
0.587833
0.142583
0.450958
0.13675
0.197333
0.155709
0.14975
0.452667
0.452458
0.118083
0.200542
0.137292
0.210667
0.107709
0.115
0.238333
0.159834
0.280709
0.28325
0.132208
0.1115
0.138167
0.113709
0.124791
0.115791
0.109875
0.124583
0.126375
0.139042
0.126
0.335125
0.169875
0.217542
0.131333
0.238125
0.112292
0.199083
0.111583
0.114125
0.114
0.129792
0.123333
0.116875
0.116416
0.185833
0.2305
0.117416
0.100625
0.161917
0.351042
0.15525
0.331334
0.133041
0.149667
0.105542
0.112
0.106917
0.306084
0.109708
0.114
0.135541
0.114875
0.120125
0.107958
0.128166
0.145083
0.118542
0.131417
0.136084
0.107208
0.112542
0.132667
0.106792
0.31275
0.10775
0.201959
0.106875
0.09925
0.094083
0.134917
0.094292
0.104583
0.146291
0.09675
0.095417
0.103458
0.098417
0.093958
0.332083
0.098542
0.123125
0.098667
0.220334
0.093666
0.164833
0.09525
0.251166
0.097708
0.1285
0.118333
0.279208
0.09575
0.297792
0.198708
0.201292
0.183416
0.145167
0.18975
0.201458
0.131333
0.147291
0.107708
0.105625
0.175333
0.094209
0.097667
0.202
0.101125
0.102292
0.121708
0.098458
0.115292
0.186417
0.099583
0.099584
0.128
0.094791
0.101625
0.10875
0.106458
0.10525
0.102125
0.102917
0.112
0.10525
0.107
0.140916
0.142625
0.10275
0.140583
0.144875
0.198375
0.141958
0.109208
0.197333
0.213625
0.119625
0.152792
0.100666
0.241083
0.115584
0.220334
0.106042
0.123667
0.133042
0.124125
0.19775
0.168416
0.121875
0.162375
0.099958
0.186458
0.10775
0.23925
0.107708
0.19525
0.113583
0.160875
0.10775
0.163917
0.099416
0.12925
0.128666
0.216917
0.118417
0.115834
0.107167
0.228333
0.215417
0.125666
0.102125
0.099375
0.096125
0.10425
0.101542
0.096917
0.09775
0.315208
0.1015
0.174709
0.124542
0.1065
0.197125
0.2555
0.137541
0.296042
0.408
0.26525
0.164958
0.292583
0.106333
0.136583
0.138375
0.1785
0.099375
0.110084
0.104209
0.131583
0.21075
0.114583
0.335917
0.128542
0.09725
0.108583
0.0955
0.102209
0.09875
0.099833
0.1025
0.100708
0.094625
0.0965
0.106541
0.123833
0.098125
0.105
0.111542
0.114292
0.097833
0.111792
0.101084
0.106209
0.103959
0.100667
0.091959
0.104208
0.100125
0.099625
0.174042
0.156834
0.102208
0.098
0.099
0.116375
0.176209
0.122208
0.112083
0.129458
0.109458
0.329834
0.107291
0.308333
0.205
0.291291
0.188666
0.11925
0.112291
0.114417
0.097167
0.114917
0.102583
0.123125
0.100209
0.104
0.103542
0.104625
0.104041
0.097167
0.094292
0.096333
0.094
0.107375
0.102
0.133083
0.092916
0.110042
0.094667
0.110208
0.107583
0.109292
0.102125
0.109417
0.105417
0.098291
0.095833
0.120042
0.096333
0.118584
0.104834
0.105209
0.118958
0.152875
0.124333
0.255292
0.414959
0.135
0.101417
0.126583
0.104375
0.103709
0.10325
0.130083
0.099458
0.116458
0.093958
0.11675
0.11975
0.110083
0.105167
0.232958
0.094625
0.111542
0.105959
0.103833
0.097833
0.102417
0.104875
0.127541
0.093042
0.115333
0.123167
0.117
0.102667
0.11025
0.098458
0.096916
0.126416
0.157875
0.115625
0.148125
0.107333
0.144583
0.107417
0.104833
0.114875
0.116833
0.098292
0.112125
0.117417
0.114625
0.1145
0.114625
0.091333
0.090708
0.148417
0.095875
0.128333
0.1065
0.093584
0.130541
0.099833
0.106708
0.094375
0.112166
0.092875
0.127375
0.113417
0.106417
0.112625
0.155958
0.10925
0.104959
0.098833
0.341958
0.129
0.113625
0.102708
0.150292
0.1115
0.122417
0.106167
0.097833
0.104291
0.114542
0.117166
0.112834
0.104708
0.105667
0.093541
0.11025
0.13175
0.100083
0.095458
0.121167
0.103042
0.118291
0.135333
0.136541
0.092375
0.106084
0.183834
0.113041
0.098084
0.11875
0.0965
0.111917
0.096708
0.10125
0.096792
0.09875
0.105834
0.119583
0.10225
0.117375
0.109667
0.108208
0.09875
0.109417
0.0945
0.101541
0.13325
0.101208
0.113375
0.11375
0.108125
0.119375
0.100875
0.12825
0.104042
0.126792
0.101
1.24321
0.192083
0.241958
0.68
0.101458
0.097125
0.100916
0.097708
0.124125
0.100458
0.128542
0.099542
0.118166
0.097084
0.113375
0.099875
0.113167
0.098792
0.247042
0.144459
0.094375
0.104459
0.121458
0.108917
0.096875
0.099458
0.115416
0.11125
0.120416
0.097334
0.109917
0.100125
0.096208
0.093916
0.10525
0.096958
0.124417
0.110125
0.138417
0.093083
0.128166
0.109459
0.146292
0.123708
0.100625
0.10675
0.156541
0.102625
0.117417
0.101334
0.135917
0.096583
0.15225
0.1055
0.108125
0.129167
0.09875
0.111791
0.156125
0.116625
0.188417
0.105542
0.121625
0.110458
0.146875
0.101625
0.1415
0.103583
0.112083
0.10125
0.106208
0.095208
0.118833
0.11525
0.138958
0.121708
0.12525
0.115167
0.162291
0.120625
0.122583
0.104792
0.122875
0.100459
0.101958
0.109
0.094833
0.094208
0.111709
0.094
0.12125
0.102208
0.106458
0.103625
0.119708
0.103708
0.093792
0.102
0.101375
0.097709
0.101584
0.115042
0.095958
0.109625
0.157
0.116542
0.094625
0.098875
0.101167
0.126583
0.10175
0.101709
0.119
0.107208
0.112041
0.121334
0.227375
0.104292
0.121584
0.103417
0.093666
0.113666
0.104166
0.113542
0.12625
0.124667
0.111708
0.367208
0.0975
0.110917
0.202916
0.094917
0.110625
0.116625
0.115416
0.115667
0.215708
0.120083
0.18975
0.107667
0.112917
0.175542
0.133334
0.104333
0.113417
0.100666
0.113666
0.105334
0.124166
0.095
0.109333
0.133375
0.102875
0.118
0.191667
0.135291
0.1075
0.14875
0.120459
0.16075
0.187
0.162584
0.274708
0.180667
0.119541
0.129
0.167
0.12875
0.107833
0.110292
0.098375
0.118042
0.12125
0.192417
0.104875
0.138667
0.120625
0.117292
0.11925
0.207083
0.119959
0.1085
0.146542
0.107708
0.116291
0.138417
0.113042
0.12825
0.107209
0.115292
0.111125
0.160958
0.101375
0.110416
0.185667
0.094709
0.179333
0.135375
0.093333
0.116875
0.148792
0.160209
0.186
0.101834
0.170834
0.099
0.096875
0.101333
0.124875
0.113958
0.110917
0.128375
0.106959
0.102583
0.167042
0.181584
0.113083
0.195625
0.114083
0.109875
0.126375
0.096791
0.124041
0.100708
0.183208
0.106958
0.11375
0.116791
0.107292
0.179458
0.163209
0.112334
0.099875
0.108916
0.096125
0.103792
0.10075
0.149917
0.190833
0.167541
0.142917
0.12975
0.127834
0.218334
0.118042
0.110625
0.185417
0.134583
0.105958
0.100292
0.104584
0.106833
0.105
0.108208
0.137625
0.096708
0.114917
0.11425
0.094417
0.0995
0.121417
0.096625
0.158875
0.107917
0.119542
0.142542
0.179209
0.188875
0.253875
0.112583
0.121791
0.140416
0.133417
0.187417
0.148625
0.100667
0.104
0.116834
0.108291
0.129875
0.112417
0.121125
0.099041
0.110709
0.200292
0.121167
0.18
0.107125
0.187708
0.108417
0.140791
0.166667
0.115333
0.236708
0.21275
0.181417
0.125625
0.107583
0.153209
0.108583
0.102125
0.136458
0.112166
0.109416
0.170375
0.108458
0.156375
0.165416
0.20475
0.112167
0.109541
0.156792
0.112625
0.116208
0.172625
0.103416
0.103583
0.123
0.109583
0.113875
0.118542
0.137083
0.105834
0.103583
0.182833
0.205125
0.103334
0.23225
0.214416
0.235917
0.115
0.117375
0.14125
0.111791
0.109542
0.129125
0.11325
0.119916
0.102917
0.164083
0.109292
0.170166
0.115458
0.105417
0.109583
0.094541
0.12575
0.129958
0.1045
0.099333
0.103958
0.183333
0.123
0.154167
0.112917
0.107166
0.111958
0.1175
0.103416
0.125667
0.118458
0.106208
0.113959
0.119416
0.102417
0.129542
0.095583
0.109667
0.164292
0.12875
0.147792
0.1205
0.1135
0.122
0.135792
0.105208
0.100417
0.105584
0.14175
0.120416
0.105625
0.133708
0.1075
0.134959
0.093375
0.21175
0.171959
0.172792
0.158
0.110417
0.103292
0.121959
0.095292
0.115709
0.099791
0.122542
0.108959
0.105625
0.126166
0.178125
0.123917
0.105291
0.101042
0.1705
0.107625
0.124667
0.134167
0.137875
0.13725
0.234167
0.142208
0.11175
0.135125
0.092875
0.099167
0.181333
0.097666
0.234208
0.111584
0.104917
0.185292
0.117
0.189
0.143833
0.113375
0.09625
