0.175
0.163459
0.276292
0.0545
0.098958
0.041458
0.047625
0.045708
0.0565
0.050375
0.051375
0.055042
0.059083
0.05575
0.060292
0.06025
0.101458
0.06925
0.052083
0.093167
0.066292
0.069375
0.063125
0.069291
0.058042
0.065
0.064958
0.058166
0.078083
0.111958
0.077
0.077625
0.075959
0.069167
0.08925
0.067625
0.069583
0.074
0.090917
0.057709
0.06475
0.068417
0.068417
0.072209
0.078625
0.074
0.067
0.093125
0.050292
0.067
0.068084
0.063375
0.066625
0.080334
0.077833
0.079792
0.222334
0.065917
0.084459
0.076958
0.254416
0.074958
0.103917
0.064417
0.041666
0.10975
0.055291
0.064333
0.087834
0.075583
0.086084
0.078375
0.076917
0.092708
0.092625
0.070917
0.084042
0.090916
0.082625
0.078875
0.07675
0.0805
0.094334
0.081292
0.06775
0.073458
0.075417
0.061833
0.086416
0.179958
0.059667
0.080375
0.090792
0.089792
0.064333
0.110709
0.095667
0.129958
0.050292
0.044958
0.054458
0.057416
0.049916
0.045333
0.046375
0.0495
0.048791
0.057125
0.053542
0.068417
0.073083
0.057
0.072708
0.076583
0.069083
0.090083
0.089417
0.074917
0.077333
0.087
0.066
0.071083
0.090583
0.063292
0.053208
0.062667
0.060875
0.070083
0.070417
0.049542
0.059083
0.069125
0.066625
0.06825
0.158667
0.069792
0.050375
0.060958
0.041458
0.076667
0.089042
0.058292
0.071125
0.093667
0.065542
0.07325
0.088667
0.072125
0.064584
0.078167
0.086916
0.063583
0.092875
0.068291
0.071417
0.083042
0.059834
0.071167
0.086708
0.0685
0.082958
0.08575
0.050584
0.049209
0.061167
0.058708
0.066167
0.066792
0.068
0.078208
0.092625
0.069959
0.080041
0.074208
0.06225
0.137041
0.069167
0.047125
0.076
0.104958
0.069041
0.077875
0.087375
0.093334
0.090583
0.105125
0.08125
0.088083
0.08725
0.075458
0.084625
0.09275
0.066084
0.073208
0.087125
0.06975
0.083291
0.096583
0.089333
0.078625
0.082375
0.085167
0.07025
0.065459
0.054834
0.060708
0.0645
0.059167
0.065541
0.079458
0.063209
0.085459
0.092958
0.074666
0.0695
0.055417
0.046208
0.045959
0.097625
0.066292
0.081875
0.091125
0.061375
0.077333
0.085625
0.067916
0.073209
0.08375
0.091458
0.080375
0.092125
0.067958
0.084792
0.117959
0.0595
0.057834
0.063625
0.057708
0.053916
0.05625
0.054541
0.056584
0.066291
0.063208
0.068541
0.07225
0.061542
0.078416
0.072959
0.068292
0.074584
0.086084
0.078875
0.0835
0.068459
0.046166
0.059916
0.062875
0.050542
0.05925
0.074291
0.066125
0.07975
0.101458
0.068167
0.078375
0.100917
0.073958
0.105125
0.094875
0.076958
0.084625
0.092292
0.071334
0.072541
0.0885
0.0895
0.082875
0.092291
0.069584
0.072625
0.08325
0.067709
0.07675
0.090875
0.075125
0.074375
0.10375
0.080583
0.078125
0.099417
0.075583
0.0755
0.060542
0.052625
0.041458
0.103709
0.059875
0.0465
0.047541
0.047291
0.059875
0.069417
0.055917
0.072625
0.089167
0.052375
0.063958
0.085125
0.06725
0.074791
0.076416
0.061167
0.06675
0.087083
0.057708
0.067917
0.077834
0.066458
0.070916
0.069416
0.058083
0.079958
0.081625
0.055333
0.054958
0.073417
0.063
0.055084
0.076208
0.061834
0.156917
0.162208
0.100125
0.044083
0.110625
0.06875
0.076292
0.080292
0.057667
0.068459
0.079709
0.051875
0.062375
0.0715
0.067292
0.068667
0.095125
0.067125
0.08125
0.088667
0.067084
0.07775
0.090375
0.062375
0.080208
0.08175
0.0655
0.0815
0.091916
0.084292
0.051209
0.052958
0.060375
0.058042
0.062
0.065292
0.0625
0.077666
0.068125
0.05125
0.090875
0.044667
0.086042
0.090833
0.070042
0.077916
0.089
0.070208
0.069666
0.078958
0.052875
0.066959
0.075708
0.063417
0.069291
0.095791
0.063625
0.080084
0.097875
0.067666
0.084167
0.090083
0.069833
0.069166
0.076084
0.07775
0.074042
0.076417
0.069333
0.068333
0.067292
0.062083
0.071917
0.075167
0.151958
0.064958
0.080917
0.060958
0.0595
0.069125
0.053875
0.0725
0.092958
0.055833
0.068333
0.08125
0.057125
0.0725
0.096375
0.061583
0.063625
0.070458
0.061917
0.064333
0.064042
0.058292
0.074833
0.058917
0.057125
0.054
0.061125
0.050292
0.052208
0.056167
0.05525
0.056042
0.054
0.049375
0.044583
0.048042
0.047875
0.049709
0.054083
0.056459
0.055083
0.062458
0.052958
0.062042
0.05025
0.044042
0.054542
0.042958
0.07025
0.082042
0.099125
0.051667
0.057334
0.072458
0.051333
0.057167
0.06925
0.052958
0.058667
0.067292
0.055541
0.058542
0.083125
0.070041
0.070583
0.095125
0.073667
0.083
0.07025
0.056875
0.067042
0.071458
0.063
0.065958
0.072167
0.1205
0.063041
0.065459
0.046958
0.050917
0.076209
0.054583
0.057959
0.066459
0.177292
0.048375
0.048833
0.053292
0.07125
0.086666
0.058291
0.07425
0.085667
0.054875
0.051625
0.061625
0.052
0.054166
0.069083
0.073208
0.128584
0.073125
0.056333
0.059625
0.070333
0.056667
0.0615
0.088834
0.056
0.066791
0.069834
0.056292
0.06175
0.072333
0.056292
0.057208
0.062417
0.049459
0.058833
0.068917
0.058333
0.046416
0.050292
0.049584
0.085708
0.097709
0.061708
0.06925
0.085084
0.050667
0.0595
0.083375
0.063542
0.065792
0.081791
0.06275
0.064167
0.068709
0.05675
0.059292
0.073542
0.073375
0.069583
0.078917
0.108625
0.069375
0.079
0.071084
0.069458
0.093375
0.120041
0.069042
0.087125
0.069375
0.068
0.0915
0.068375
0.05825
0.057625
0.085083
0.050042
0.094583
0.05375
0.067834
0.084375
0.082209
0.055041
0.048583
0.053667
0.065125
0.054375
0.0495
0.053541
0.060458
0.05425
0.073959
0.063791
0.05825
0.141833
0.071167
0.058833
0.07125
0.085458
0.106541
0.062292
0.070042
0.055792
0.07325
0.0725
0.066334
0.069792
0.06725
0.060125
0.070292
0.16175
0.057833
0.078084
0.060875
0.050375
0.065417
0.045125
0.064209
0.070292
0.080292
0.059208
0.068792
0.079584
0.053667
0.059291
0.06525
0.060917
0.059833
0.067542
0.05925
0.070167
0.08225
0.059959
0.068792
0.138584
0.112958
0.076417
0.070208
0.041625
0.04375
0.051167
0.058
0.054584
0.066292
0.054
0.07075
0.0815
0.064333
0.085875
0.072416
0.0555
0.069417
0.076125
0.085416
0.061834
0.044542
0.04475
0.045917
0.097625
0.059333
0.060208
0.079083
0.061042
0.060375
0.058791
0.047709
0.049708
0.057584
0.053291
0.058875
0.065625
0.060083
0.067
0.076292
0.061375
0.07025
0.078417
0.05775
0.066166
0.063208
0.052625
0.063583
0.071083
0.060459
0.062708
0.086459
0.0695
0.065
0.080042
0.0795
0.069833
0.0705
0.067083
0.047542
0.045584
0.0605
0.082292
0.093042
0.060292
0.069916
0.080417
0.054
0.07025
0.081
0.065583
0.074417
0.078958
0.059667
0.0625
0.09325
0.06025
0.057792
0.075334
0.051708
0.06025
0.063667
0.055334
0.057667
0.069667
0.111917
0.055
0.054834
0.051042
0.047
0.053833
0.049584
0.055875
0.063083
0.053125
0.064417
0.079708
0.060583
0.061541
0.049875
0.124583
0.081083
0.099625
0.055666
0.069834
0.074416
0.06425
0.07425
0.077875
0.061833
0.071917
0.079166
0.059292
0.072125
0.093417
0.0855
0.08875
0.124959
0.069375
0.060708
0.080541
0.068416
0.066666
0.087958
0.065834
0.075292
0.071125
0.06975
0.075667
0.086958
0.06825
0.069792
0.072666
0.07175
0.078833
0.095167
0.055333
0.044541
0.045208
0.04525
0.139042
0.092833
0.072875
0.084458
0.098291
0.082375
0.091375
0.09375
0.074792
0.094458
0.160125
0.062375
0.071458
0.075625
0.069167
0.07375
0.086625
0.067708
0.063666
0.101209
0.074459
0.066333
0.103083
0.078958
0.070041
0.081875
0.085333
0.088166
0.074917
0.075166
0.078459
0.083125
0.066667
0.068125
0.093333
0.05675
0.058833
0.040042
0.0435
0.103584
0.08425
0.054625
0.068041
0.07925
0.062542
0.074584
0.100875
0.0685
0.080458
0.090708
0.0795
0.082084
0.093291
0.066834
0.073541
0.087333
0.130708
0.070125
0.083542
0.067459
0.078458
0.083208
0.063542
0.070417
0.081875
0.0585
0.063583
0.079708
0.062791
0.068708
0.073958
0.0695
0.074333
0.09125
0.083458
0.06825
0.059625
0.055042
0.0585
0.106791
0.063792
0.080083
0.101375
0.063125
0.076083
0.078167
0.066875
