0.336208
0.390708
0.502292
0.494459
0.172667
0.095834
0.091083
0.072833
0.081958
0.085166
0.077916
0.082708
0.075791
0.083541
0.081583
0.083708
0.086084
0.122958
0.097834
0.077791
0.081917
0.081875
0.081041
0.107541
0.0815
0.083958
0.111334
0.106542
0.100833
0.083
0.094042
0.076916
0.114584
0.080666
0.0815
0.123334
0.087875
0.079291
0.090125
0.076666
0.080125
0.089458
0.078083
0.078833
0.089916
0.076125
0.082041
0.079875
0.075375
0.079375
0.091667
0.077792
0.091833
0.111333
0.0995
0.116917
0.104416
0.092041
0.126417
0.132459
0.106958
0.254667
0.309208
0.101917
0.130625
0.257875
0.262167
0.198083
0.159083
0.274167
0.169417
0.186959
0.15175
0.174583
0.172416
0.224083
0.148
0.137916
0.165792
0.130041
0.32775
0.154458
0.155042
0.198833
0.170542
0.125959
0.247458
0.2005
0.184167
0.18925
0.231542
0.096584
0.467583
0.10925
0.131375
0.233708
0.136334
0.084458
0.159541
0.14475
0.134958
0.148625
0.142708
0.123458
0.175125
0.15675
0.12525
0.15525
0.1305
0.104
0.201459
0.125375
0.138417
0.140166
0.142833
0.145708
0.257083
0.304958
0.175208
0.202792
0.146541
0.175167
0.345458
0.116125
0.175542
0.155333
0.232208
0.472792
0.481125
0.09625
0.141666
0.293917
0.141958
0.133292
0.196209
0.107375
0.13425
0.436166
0.135291
0.164584
0.157708
0.104333
0.138833
0.129875
0.269
0.115083
0.236292
0.11825
0.15075
0.158917
0.154083
0.112791
0.187417
0.098167
0.157583
0.308125
0.163042
0.119375
0.28575
0.100875
0.15925
0.176791
0.134791
0.125333
0.16575
0.101
0.175375
0.274541
0.168334
0.083083
0.209
0.097625
0.16225
0.16625
0.190459
0.130416
0.423458
0.089583
0.14425
0.299834
0.151208
0.197333
0.210084
0.200125
0.165541
0.186917
0.181541
0.187334
0.367958
0.109042
0.210875
0.198708
0.174208
0.117875
0.516792
0.155541
0.138
0.330375
0.144208
0.105875
0.244958
0.161833
0.171458
0.407916
0.239916
0.193666
0.570791
0.093625
0.160625
0.213584
0.12975
0.093083
0.190375
0.130584
0.133833
0.449458
0.123375
0.140125
0.449792
0.146875
0.163958
0.237541
0.153375
0.104
0.251042
0.116542
0.146375
0.161291
0.139417
0.124791
0.429875
0.198792
0.173375
0.213292
0.177875
0.230542
0.478584
0.108417
0.172834
0.2725
0.194
0.143333
0.36325
0.144
0.164709
0.121042
0.190834
0.101834
0.260458
0.091625
0.141333
0.110417
0.129375
0.114583
0.184958
0.144542
0.136459
0.100416
0.129875
0.100041
0.160916
0.140875
0.138375
0.141083
0.188875
0.228708
0.284875
0.149583
0.186667
0.112875
0.171875
0.114625
0.238084
0.136792
0.165333
0.15775
0.1675
0.136875
0.342833
0.396333
0.166
0.296791
0.162292
0.098792
0.359958
0.153833
0.130833
0.153875
0.23475
0.169583
0.378875
0.194417
0.171875
0.164334
0.183583
0.140083
0.367333
0.104833
0.220167
0.364625
0.176458
0.186041
0.215667
0.14575
0.145709
0.250958
0.15125
0.27525
0.385125
0.205292
0.237625
0.224667
0.161291
0.11625
0.392167
0.150333
0.17575
0.266042
0.190583
0.163708
0.448375
0.15625
0.169875
0.173917
0.119916
0.114083
0.164625
0.102291
0.137708
0.290625
0.178
0.1915
0.306292
0.0885
0.166208
0.273959
0.165334
0.109833
0.407625
0.2665
0.272458
0.230709
0.226541
0.210417
0.204042
0.156416
0.248292
0.137125
0.18425
0.127208
0.258375
0.146167
0.166458
0.121042
0.173958
0.235584
0.218541
0.135083
0.1625
0.239875
0.156583
0.131041
0.16425
0.130417
0.134084
0.144125
0.159667
0.144792
0.246
0.148959
0.2525
0.328667
0.185916
0.249708
0.306958
0.153375
0.154417
0.17675
0.16875
0.134792
0.335458
0.165917
0.191958
0.253875
0.244459
0.124708
0.508
0.141417
0.153833
0.249625
0.156292
0.105208
0.353334
0.168709
0.196459
0.3265
0.191334
0.141416
0.232666
0.222542
0.194209
0.196958
0.167042
0.145708
0.171542
0.147791
0.167208
0.289083
0.176291
0.181459
0.405125
0.157792
0.1605
0.143417
0.187
0.217125
0.362083
0.146291
0.180583
0.279333
0.159833
0.170083
0.357792
0.154291
0.154375
0.313916
0.17825
0.17825
0.418459
0.146375
0.190916
0.428542
0.300125
0.186
0.397541
0.153333
0.15825
0.36725
0.140209
0.135166
0.219375
0.139208
0.146083
0.184583
0.133959
0.145375
0.272417
0.101125
0.19625
0.109917
0.165792
0.111917
0.260583
0.163209
0.156834
0.129542
0.279791
0.163625
0.353583
0.131167
0.167416
0.166667
0.259
0.144417
0.362292
0.129458
0.164208
0.231125
0.189625
0.178625
0.364833
0.148458
0.160708
0.326959
0.147042
0.132417
0.293292
0.130459
0.134375
0.197042
0.128917
0.165083
0.318375
0.150833
0.163042
0.350416
0.197459
0.158833
0.248167
0.139709
0.156958
0.296958
0.28775
0.134125
0.358541
0.192834
0.571458
1.13533
0.527875
0.76925
1.028
0.13125
0.134458
0.136708
0.134666
0.135125
0.186083
0.14175
0.146959
0.159625
0.128375
0.137
0.140084
0.129708
0.146708
0.166
0.123667
0.131792
0.153709
0.119916
0.132375
0.165291
0.137917
0.131916
0.186709
0.131458
0.126875
0.155792
0.12675
0.131459
0.259416
0.132791
0.161292
0.215875
0.167875
0.146209
0.23025
0.166416
0.1785
0.253208
0.172166
0.165667
0.296167
0.179166
0.176208
0.201708
0.1925
0.175791
0.556708
0.201292
0.17625
0.224042
0.131833
0.15075
0.19875
0.147708
0.164792
0.197708
0.155833
0.117042
0.363667
0.156
0.235166
0.182875
0.208959
0.164458
0.427416
0.153667
0.196208
0.299625
0.241041
0.14325
0.366458
0.159709
0.170625
0.301209
0.20275
0.159583
0.44675
0.145666
0.168166
0.305667
0.169542
0.152042
0.459208
0.192333
0.155166
0.388833
0.182583
0.139334
0.162417
0.136334
0.152916
0.223375
1.09383
1.82337
0.222708
0.517209
0.106375
0.104958
0.095959
0.10075
0.112625
0.07975
0.082958
0.095625
0.101542
0.110375
0.1265
0.108417
0.111166
0.139125
0.184916
0.137583
0.329667
0.138042
0.16575
0.224375
0.175667
0.158958
0.306458
0.140917
0.190792
0.255333
0.303167
0.185209
0.211917
0.140542
0.160791
0.153959
0.135334
0.131541
0.113791
0.096667
0.13275
0.143708
0.122583
0.131667
0.2055
0.128958
0.102458
0.119292
0.109875
0.1025
0.200042
0.126875
0.16775
0.181334
0.134125
0.140625
0.341417
0.148292
0.175459
0.37625
0.211625
0.147416
0.393541
0.183792
0.178416
0.314792
0.147209
0.1695
0.416417
0.1995
0.192667
0.470875
0.174875
0.152208
0.525083
0.185792
0.138625
0.185459
0.120958
0.139584
0.20025
0.153417
0.157041
0.282417
0.157667
0.155
0.206875
0.199625
0.160958
0.347958
0.160792
0.149125
0.140791
0.106958
0.099542
0.10675
0.100875
0.098292
0.098416
0.079291
0.098291
0.094584
0.136416
0.074833
0.126916
0.078625
0.084875
0.080916
0.093208
0.079792
0.10875
0.08725
0.081042
0.080625
0.093709
0.078833
0.086166
0.086458
0.089875
0.079042
0.09425
0.076584
0.100459
0.081333
0.08875
0.084416
0.077542
0.08
0.089375
0.076125
0.089125
0.080417
0.078
0.077666
0.08925
0.074958
0.100834
0.081875
0.088416
0.078166
0.081209
0.089625
0.103625
0.080125
0.078958
0.080292
0.085209
0.077584
0.0815
0.085583
0.099417
0.084208
0.085458
0.076125
0.083583
0.075334
0.079917
0.076666
0.084042
0.077292
0.082292
0.0785
0.080584
0.083708
0.08525
0.079583
0.082042
0.075167
0.086
0.080208
0.084
0.097125
0.080375
0.081167
0.089958
0.081583
0.105333
0.08575
0.092416
0.106709
0.08725
0.113167
0.089333
0.103167
0.083541
0.109584
0.078875
0.077375
0.081458
0.085541
0.083125
0.0765
0.082625
0.074167
0.086875
0.076208
0.095542
0.081542
0.089875
0.104042
0.089875
0.078291
0.080042
0.0785
0.083417
0.076
0.083583
0.080917
0.076375
0.076584
0.082334
0.077
0.081958
0.119541
0.093
0.101334
0.079917
0.117709
0.087375
0.106417
0.081625
0.088458
0.0795
0.101833
0.07775
0.089042
0.0865
0.112541
0.079
0.1005
0.076292
0.092084
0.08975
0.111666
0.075875
0.096125
0.077375
0.09075
0.080959
0.092458
0.090875
0.108625
0.077958
0.100834
0.114333
0.125083
0.075667
0.092459
0.077292
0.106292
0.07975
0.139125
0.079625
0.140125
0.081917
0.090792
