0.489792
0.439917
0.457542
0.487458
0.501041
0.278916
0.366209
0.109375
0.255417
0.275208
0.099708
0.094917
0.093667
0.106667
0.130041
0.11225
0.434625
0.0975
0.0935
0.092459
0.099209
0.219417
0.102792
0.100416
0.1015
0.103583
0.088834
0.111542
0.095791
0.122625
0.137709
0.108959
0.121083
0.110958
0.11925
0.108459
0.108541
0.108166
0.177709
0.473667
0.185958
0.10375
0.098125
0.110875
0.1085
0.095042
0.11575
0.100709
0.095083
0.096333
0.115292
0.097625
0.110417
0.095375
0.105625
0.099916
0.488125
0.118458
0.101417
0.115375
0.098834
0.098583
0.112667
0.105209
0.101
0.097333
0.100375
0.096208
0.108542
0.097667
0.098083
0.096209
0.090833
0.099667
0.100083
0.111375
0.094791
0.096166
0.110458
0.10625
0.098
0.131875
0.3295
0.205792
0.128167
0.094125
0.090542
0.095334
0.100917
0.096541
0.090375
0.096875
0.084334
0.188917
0.098166
0.098542
0.105459
0.097708
0.085833
0.094042
0.100208
0.089
0.091125
0.103667
0.102708
0.112417
0.088542
0.0915
0.102708
0.100416
0.10725
0.108375
0.108042
0.104333
0.114
0.101959
0.093042
0.107917
0.102042
0.096125
0.300167
0.101875
0.088833
0.118291
0.097042
0.090333
0.0935
0.099292
0.098417
0.108709
0.121542
0.101917
0.098292
0.100375
0.105542
0.094292
0.096958
0.0895
0.093792
0.202541
0.090334
0.104625
0.117208
0.106125
0.109375
0.093625
0.097792
0.101083
0.097625
0.098667
0.1065
0.10375
0.095458
0.146917
0.308
0.231833
0.098541
0.098416
1.58846
0.09925
0.102833
0.08825
0.113666
0.099083
0.098708
0.120125
0.09775
0.105708
0.107542
0.0955
0.096125
0.083959
0.102333
0.096458
0.09875
0.099125
0.103417
0.100458
0.107042
0.100959
0.107917
0.111625
0.113167
0.106917
0.097666
0.08775
0.089791
0.0975
0.088084
0.095542
0.112084
0.091417
0.097792
0.102833
0.111042
0.088792
0.104333
0.095125
0.1025
0.096166
0.092709
0.093583
0.102833
0.096459
0.108916
0.11325
0.1025
0.109459
0.10825
0.098708
0.093666
0.113041
0.094833
0.089292
0.096208
0.08925
0.111292
0.098625
0.092084
0.095958
0.111708
0.0985
0.120459
0.090708
0.103083
0.109709
0.102209
0.101333
0.088958
0.099833
0.090667
0.095709
0.09325
0.089291
0.099417
0.094375
0.09225
0.107875
0.093791
0.099291
0.097958
0.097458
0.088
0.095709
0.104542
0.103167
0.099291
0.099416
0.09475
0.091916
0.094042
0.115542
0.111584
0.095333
0.102792
0.091417
0.095708
0.107583
0.096416
0.094417
0.099
0.104583
0.096042
0.09525
0.099625
0.09525
0.094083
0.101334
0.126334
0.107417
0.105583
0.107458
0.089209
0.095542
0.094417
0.089042
0.087208
0.094333
0.105167
0.099667
0.102042
0.120375
0.101708
0.105291
0.123625
0.099709
0.105083
0.10975
0.10125
0.116125
0.099542
0.100334
0.107792
0.103125
0.093541
0.101791
0.0935
0.091875
0.102958
0.083208
0.086125
0.092667
0.091459
0.084042
0.096792
0.079834
0.081667
0.089292
0.101416
0.082208
0.089083
0.096334
0.091084
0.090833
0.089375
0.09375
0.092084
0.088167
0.080542
0.099375
0.08575
0.091875
0.094333
0.09175
0.126291
0.092
0.092458
0.095042
0.100375
0.099125
0.089375
0.097625
0.106625
0.101
0.097042
0.086834
0.11075
0.098125
0.098958
0.127
0.105458
0.121
0.109375
0.107334
0.097458
0.115875
0.101041
0.096
6.095
0.091875
0.093291
0.085875
0.122542
0.085292
0.095583
0.090917
0.098166
0.109375
0.097541
0.102583
0.143792
0.087875
0.095666
0.094125
0.095084
0.086
0.095125
0.099542
0.095417
0.100167
0.099375
0.102667
0.104667
0.089833
0.094041
0.091
0.097667
0.097542
0.116708
0.108208
0.112833
0.109041
0.090459
0.111792
0.100333
0.089459
0.083292
0.0925
0.093375
0.077542
0.088667
0.091
0.10425
0.080791
0.093875
0.083083
0.100667
0.092166
0.102542
0.079333
0.097041
0.097708
0.1055
0.094375
0.103208
0.102583
0.087292
0.079083
0.098916
0.091041
0.094208
0.0875
0.090375
0.077459
0.081417
0.088917
0.098042
0.079875
0.095792
0.083833
0.084708
0.090958
0.101417
0.086375
0.0935
0.077375
0.082792
0.09
0.097625
0.082166
0.090875
0.080416
0.091416
0.101375
0.1155
0.080709
0.103417
0.094458
0.096542
0.114916
0.107083
0.102042
0.09275
0.08275
0.093875
0.089667
0.107208
0.086292
0.097375
0.084583
0.083333
0.092333
0.0805
0.080625
0.093
0.078083
0.114792
0.083916
0.099666
0.082
0.105542
0.0795
0.092375
0.095417
0.08925
0.088958
0.089583
0.078542
0.086833
0.092667
0.100167
0.101292
0.097916
0.096333
0.131458
0.094542
0.106333
0.09325
0.115667
0.09175
0.10325
0.097
0.159625
0.096666
0.09625
0.091834
0.104417
0.092417
0.094917
0.089584
0.108125
0.09425
0.1025
0.103708
0.113083
0.116125
0.117542
0.114042
0.102791
0.114625
0.093416
0.112375
0.091834
0.099542
0.129916
0.095167
0.126666
0.098375
0.100458
0.099
0.104459
0.185583
0.103625
0.180875
0.100875
0.096208
0.109041
0.088958
0.1105
0.09775
0.106792
0.094042
0.088958
0.102459
0.112208
0.089
0.094125
0.218917
0.094416
0.091417
0.1135
0.080542
0.102333
0.08975
0.085417
0.089917
0.1055
0.212625
0.092417
0.096625
0.099167
0.088917
0.097875
0.081458
0.101292
0.079334
0.10325
0.086833
0.086917
0.087167
0.100625
0.10225
0.097292
0.089709
0.129292
0.125375
0.095666
0.088375
0.10975
0.105667
0.1075
0.098625
0.107958
0.083917
0.09375
0.087667
0.092667
0.091667
0.093833
0.091375
0.099833
0.085792
0.10925
0.081709
0.106
0.082625
0.104292
0.093875
0.096541
0.087125
0.095042
0.096292
0.0905
0.088625
0.096125
0.091833
0.107083
0.086959
0.090416
0.091916
0.096375
0.09375
0.115542
0.0915
0.109542
0.093958
0.102083
1.58246
0.14175
0.086542
0.085583
0.08775
0.085083
0.082625
0.124834
0.088916
0.086208
0.085834
0.089333
0.085708
0.092416
0.087916
0.10825
0.096583
0.10525
0.091917
0.123291
0.094958
0.122125
0.093666
0.100458
0.202
0.092834
0.127
0.105833
0.09375
0.094833
0.095792
0.096459
0.100209
0.118084
0.092166
0.095125
0.098708
0.105083
0.105834
0.18075
0.099583
0.147917
0.105292
0.098708
0.100875
0.110625
0.105625
0.092292
0.095708
0.095542
0.103709
0.094333
0.091917
0.098
0.109125
0.10675
0.105875
0.097458
0.102
0.095375
0.097042
0.095167
0.100417
0.087542
0.097416
0.098625
0.093292
0.100167
0.791041
0.111583
0.090125
0.097292
0.108834
0.1035
0.105292
0.108292
0.098875
0.096583
0.097333
0.089417
0.094625
0.112667
0.107167
0.095417
0.100208
0.1045
0.097875
0.097417
0.102958
0.095917
0.090667
0.094625
0.091042
0.17025
0.103041
0.105542
0.09275
0.095042
0.092042
0.089
0.09175
0.093459
0.090958
0.09325
0.0995
0.093417
0.094875
0.091875
0.094792
0.094334
0.094792
0.090042
0.096125
0.112084
0.09475
0.110791
0.096041
0.100417
0.09725
0.098042
0.132291
0.169084
0.143875
0.174917
0.118959
0.107042
0.103208
0.100375
0.095792
0.099916
0.104792
0.10475
0.333125
0.091458
0.102958
0.108666
0.108666
0.100291
0.093125
0.096792
0.099625
0.112709
0.102291
0.109125
0.091916
0.09975
0.0905
0.092667
0.102625
0.093791
0.08975
0.094625
0.095917
0.091542
0.089875
0.107958
0.09625
0.098709
0.094583
0.106417
0.097
0.093167
0.094541
0.092458
0.092458
0.09425
0.09075
0.096375
0.114958
0.09625
0.10125
0.112625
0.10025
0.100292
0.094208
0.101959
0.112
0.108833
0.10675
0.109875
0.093625
0.092375
0.09925
0.1015
0.104875
0.099959
0.098167
0.092
0.091083
0.091375
0.093208
0.094792
0.102792
0.102583
0.093625
0.100917
0.106666
0.113125
0.100292
0.11625
0.180417
0.112958
2.17313
0.104667
0.345459
0.361292
6.77883
1.74971
5.0715
0.288042
0.2205
0.331667
0.108666
0.11375
0.156041
0.112541
0.124459
2.24071
0.089917
0.1055
0.096958
9.34854
0.097167
0.120083
0.117292
1.01729
1.61742
0.614333
0.102666
0.112083
3.80604
0.096875
2.57442
0.1235
0.095584
0.118125
0.110917
0.115458
0.142791
0.192459
0.102583
0.110916
0.10775
0.242125
0.136875
0.116334
0.133167
0.09825
0.1005
0.095125
0.111042
0.114792
0.093792
