0.199167
0.222
0.182875
0.151708
0.127375
0.088
0.0665
0.054458
0.114625
0.052084
0.047417
0.074375
0.069417
0.056917
0.053541
0.049166
0.04575
0.043917
0.042583
0.04625
0.0485
0.063208
0.046333
0.053166
0.050125
0.048709
0.054125
0.084709
0.05725
0.066042
0.07575
0.048083
0.058583
0.050167
0.04525
0.067917
0.04925
0.05525
0.042583
0.04875
0.053
0.070875
0.051833
0.169833
0.072042
0.061333
0.04675
0.061208
0.089083
0.078125
0.053625
0.049375
0.054625
0.0425
0.074333
0.072542
0.052959
0.049292
0.043375
0.064209
0.046042
0.0525
0.047583
0.048125
0.046791
0.052084
0.136708
0.045875
0.063791
0.06975
0.055417
0.047625
0.045375
0.052042
0.0415
0.045541
0.042584
0.044083
0.05075
0.04575
0.058417
0.059167
0.045917
0.051042
0.052375
0.058917
0.041916
0.050667
0.047209
0.045125
0.047584
0.045834
0.061541
0.08025
0.052875
0.056042
0.050875
0.046458
0.043833
0.080042
0.053792
0.065708
0.046042
0.047875
0.056458
0.064917
0.043583
0.070959
0.055875
0.050625
0.064208
0.05275
0.049667
0.07575
0.043125
0.044709
0.047792
0.046375
0.044792
0.047875
0.052625
0.052042
0.055084
0.047166
0.063916
0.065583
0.0465
0.050583
0.224
0.04725
0.049917
0.049375
0.045458
0.042667
0.06825
0.045375
0.045291
0.059208
0.044417
0.049958
0.047667
0.042416
0.051375
0.054708
0.052959
0.044958
0.044917
0.05
0.050208
0.055083
0.0595
0.04525
0.047333
0.051291
0.048541
0.066875
0.061584
0.045875
0.10075
0.040958
0.044833
0.046541
0.042667
0.047625
0.054458
0.162
0.059083
0.083667
0.057958
0.058917
0.04675
0.05925
0.053167
0.074
0.10175
0.0525
0.05825
0.055375
0.042667
0.042417
0.042
0.040125
0.044166
0.041292
0.05875
0.045416
0.046208
0.040917
0.047916
0.047709
0.043208
0.046292
0.048083
0.047667
0.053334
0.071666
0.045959
0.04575
0.041167
0.050875
0.051458
0.061458
0.046792
0.061625
0.047667
0.047625
0.047708
0.057333
0.041375
0.04425
0.041167
0.046208
0.044042
0.043209
0.056541
0.064791
0.047625
0.059875
0.053375
0.048208
0.044416
0.04375
0.044333
0.043333
0.049666
0.053708
0.046125
0.051833
0.067459
0.083125
0.078125
0.080125
0.061875
0.0585
0.045084
0.048083
0.045583
0.089083
0.059583
0.064
0.047292
0.049084
0.056958
0.049917
0.050083
0.081292
0.045542
0.057042
0.059834
0.05125
0.048167
0.048333
0.0485
0.05375
0.046041
0.04775
0.049834
0.085083
0.048917
0.087292
0.045292
0.074583
0.04425
0.047583
0.048833
0.047166
0.051708
0.090791
0.04975
0.057417
0.050917
0.05075
0.050959
0.052208
0.046875
0.047083
0.048959
0.046042
0.056084
0.047083
0.062833
0.046375
0.043875
0.079208
0.077708
0.048917
0.079875
0.080875
0.050667
0.053542
0.074
0.0445
0.061917
0.058125
0.051291
0.043166
0.066833
0.043208
0.04325
0.045791
0.040333
0.0475
0.050459
0.042042
0.055833
0.097125
0.045625
0.04425
0.048125
0.070541
0.055542
0.04875
0.057583
0.049833
0.047791
0.047125
0.058625
0.049416
0.049541
0.045417
0.091042
0.079416
0.063792
0.05075
0.049708
0.154958
0.143708
0.147458
0.055542
0.046958
0.091583
0.045209
0.046958
0.064375
0.071667
0.0435
0.042875
0.046416
0.040958
0.04275
0.050834
0.044083
0.070709
0.06125
0.0435
0.042167
0.046292
0.043708
0.044792
0.040375
0.043834
0.049792
0.040917
0.043916
0.042375
0.041333
0.054292
0.053458
0.055125
0.055208
0.068791
0.055583
0.08525
0.054875
0.1715
3.24254
3.48454
1.46438
5.43717
0.266083
0.092083
2.34508
0.140792
0.13675
0.112
0.049292
0.05825
0.122125
0.127125
0.067542
0.050417
0.195083
0.054833
0.051125
0.05975
0.102083
0.136958
0.045417
0.071416
0.04775
0.043958
0.048292
0.048458
0.043834
0.04475
0.0635
0.086208
0.051625
0.056667
0.063333
0.051
0.073792
0.052
0.0465
0.052667
0.054792
0.053708
0.098459
0.069417
0.050709
0.045416
0.043958
0.042375
0.051958
0.042458
0.050084
0.045042
0.042542
0.040042
0.044375
0.052
0.046166
0.052667
0.051917
0.082042
0.068625
0.132208
0.058375
0.050083
0.07825
0.069292
0.051416
0.079583
0.092333
0.085292
0.077417
0.044209
0.057209
0.041416
0.042417
0.043625
0.043708
0.050875
0.060625
0.055209
0.053417
0.048083
0.0435
0.04575
0.043458
0.041667
0.042083
0.044125
0.062959
0.042667
0.048708
0.046875
0.0575
0.048584
0.045125
0.046709
0.047583
0.050958
0.046375
0.058375
0.117084
0.0645
0.045584
0.102334
0.049667
0.043375
0.046541
0.052958
0.044958
0.043334
0.043208
0.040958
0.04775
0.048875
0.0445
0.049125
0.047583
0.045875
0.069
0.045583
0.043417
0.051292
0.042833
0.044334
0.039583
0.045042
0.045625
0.049375
0.043416
0.042959
0.045416
0.039542
0.048917
0.040709
0.052708
0.044875
0.041291
0.044792
0.049459
0.045542
0.049458
0.052541
0.046916
0.042458
0.04525
0.043166
0.054292
0.042083
0.039958
0.052458
0.045542
0.058875
0.037625
0.039542
0.037917
0.045375
0.042875
0.041167
0.044916
0.056041
0.045333
0.043416
0.041292
0.041667
0.050959
0.040083
0.0455
0.040666
0.04225
0.04
0.045625
0.039875
0.047583
0.04325
0.042917
0.042125
0.045
0.043625
0.041459
0.045834
0.044
0.039625
0.042708
0.0505
0.047917
0.04075
0.044333
0.044292
0.040125
0.038666
0.039958
0.049916
0.042541
0.047833
0.05775
0.041291
0.042666
0.076333
0.057666
0.061083
0.062291
0.058792
0.067125
0.084083
0.05525
0.07125
0.0455
0.057
0.043709
0.102917
0.061542
0.047958
0.056125
0.075792
0.120666
0.062583
0.045291
0.055375
0.048541
0.049334
0.040958
0.045541
0.058958
0.042792
0.045542
0.044792
0.047875
0.05175
0.045875
0.047292
0.050959
0.047416
0.051666
0.0455
0.046375
0.048417
0.044167
0.052916
0.044792
0.043917
0.042583
0.049
0.042334
0.052
0.042625
0.044708
0.044625
0.041041
0.045166
0.05
0.044667
0.047209
0.049042
0.060125
0.055041
0.054666
0.050292
0.053833
0.051292
0.042333
0.051292
0.041
0.053167
0.05625
0.042834
0.047833
0.046542
0.058875
0.047167
0.046666
0.044
0.047292
0.049
0.042125
0.048167
0.04725
0.045875
0.04075
0.043208
0.045667
0.0435
0.042792
0.052083
0.044334
0.042875
0.043291
0.040916
0.054875
0.053167
0.06475
0.042084
0.0505
0.046166
0.042708
0.051167
0.047583
0.047125
0.062667
0.059458
0.046833
0.067083
0.058708
0.047708
0.051792
0.047708
0.048917
0.044458
0.050833
0.066917
0.048
0.046125
0.093833
0.042208
0.048292
0.047417
0.049875
0.043917
0.043208
0.043625
0.060875
0.0415
0.057709
0.040667
0.054
0.044417
0.059584
0.043916
0.048334
0.045125
0.051
0.061417
0.04025
0.051458
0.054291
0.042459
0.045208
0.04525
0.047708
0.044458
0.134375
0.048416
0.05125
0.046708
0.0485
0.047042
0.062917
0.04375
0.043166
0.052792
0.04375
0.045625
0.044167
0.057792
0.067917
0.047667
0.043333
0.052791
0.046708
0.053
0.116209
0.04525
0.04775
0.045292
0.050375
0.045666
0.061584
0.044333
0.04325
0.055459
0.052125
0.045291
0.046375
0.050125
0.054375
0.045458
0.042792
0.046917
0.051125
0.048084
0.0405
0.042792
0.048542
0.04775
0.052792
0.044416
0.041625
0.049458
0.041084
0.041125
0.048459
0.044458
0.054333
0.041708
0.049042
0.04425
0.048458
0.047208
0.096875
0.046583
0.052209
0.046875
0.048959
0.041333
0.044
0.041583
0.042291
0.042208
0.043792
0.041292
0.053833
0.051583
0.046833
0.046125
0.046125
0.046666
0.053416
0.042958
0.044458
0.051834
0.054125
0.045
0.049208
0.040958
0.045666
0.049416
0.051875
0.042583
0.044458
0.045125
0.04075
0.05425
0.052334
0.041958
0.0575
0.044625
0.058
0.044
0.050583
0.049666
0.0495
0.047792
0.046208
0.040708
0.063667
0.072833
0.056625
0.048459
0.049
0.055459
0.045416
0.0505
0.054084
0.051666
0.055875
0.072166
0.052917
0.052542
0.043084
0.074833
0.124125
0.050542
0.052417
0.0435
0.12075
0.059125
0.046334
0.046292
0.065666
0.04475
0.043166
0.063125
0.043792
0.057542
0.064125
0.042333
0.078292
0.054875
0.053125
0.055791
0.057875
0.047667
0.056959
0.054208
0.071458
0.042833
