0.100417
0.145
0.115584
0.042083
0.0295
0.027542
0.03475
0.027667
0.02575
0.034583
0.026125
0.031208
0.041334
0.0275
0.034791
0.039667
0.027292
0.032375
0.034459
0.025792
0.041333
0.050542
0.061708
0.037958
0.036833
0.03075
0.026833
0.027334
0.031167
0.048
0.0295
0.029875
0.081375
0.053916
0.134708
0.075666
0.070542
0.054167
0.08075
0.047041
0.03825
0.060958
0.042042
0.030083
0.023917
0.031458
0.031167
0.035125
0.032791
0.025042
0.034084
0.028583
0.033292
0.034834
0.029458
0.0275
0.039833
0.047
0.036125
0.041833
0.037667
0.027208
0.043542
0.03575
0.037167
0.03925
0.032083
0.033042
0.02975
0.036125
0.028875
0.040375
0.035792
0.027542
0.045375
0.036875
0.037792
0.043667
0.0315
0.038875
0.032583
0.027083
0.030292
0.045042
0.034084
0.034041
0.03375
0.02925
0.024167
0.0355
0.026208
0.03075
0.027792
0.02625
0.03275
0.02425
0.030083
0.0285
0.025959
0.028708
0.044958
0.027625
0.042833
0.028667
0.031709
0.026
0.043125
0.029875
0.03
0.025458
0.056292
0.033042
0.029042
0.029708
0.031833
0.027416
0.029833
0.027291
0.041791
0.026792
0.031709
0.025833
0.033084
0.025542
0.026875
0.030333
0.032791
0.031166
0.027416
0.0275
0.027916
0.030417
0.027208
0.028792
0.030959
0.025417
0.028625
0.025833
0.029833
0.026292
0.031084
0.025666
0.030042
0.026
0.026791
0.028125
0.024333
0.024792
0.030084
0.028084
0.052
0.030125
0.027917
0.024583
0.036167
0.02625
0.027833
0.0265
0.050583
0.026333
0.031667
0.026959
0.034333
0.024875
0.026167
0.025625
0.029833
0.024167
0.0265
0.027334
0.030917
0.031166
0.027792
0.027333
0.026583
0.028
0.027541
0.028417
0.026666
0.034375
0.032041
0.030666
0.030792
0.0295
0.030292
0.0295
0.030792
0.0285
0.029792
0.028708
0.026792
0.027542
0.027084
0.031208
0.029625
0.028583
0.025292
0.025875
0.053333
0.050542
0.039291
0.032375
0.043041
0.041542
0.068583
0.035292
0.029833
0.02575
0.0275
0.030666
0.040959
0.025792
0.032417
0.06
0.030958
0.031833
0.040958
0.027959
0.032042
0.027792
0.03075
0.039875
0.0335
0.038625
0.03375
0.029416
0.150667
0.030792
0.029833
0.028958
0.029291
0.027792
0.03225
0.0275
0.035333
0.025667
0.0305
0.031125
0.036167
0.028209
0.03175
0.026084
0.026333
0.031083
0.029125
0.026041
0.029
0.030166
0.028833
0.028291
0.027959
0.028667
0.03275
0.030166
0.033667
0.032041
0.033583
0.031625
0.035083
0.034209
0.059
0.028875
0.027666
0.035792
0.037
0.026042
0.030375
0.026
0.029208
0.026959
0.028666
0.028875
0.035
0.027875
0.033875
0.025708
0.0355
0.032042
0.036208
0.028208
0.025542
0.025083
0.036542
0.029291
0.031792
0.028583
0.0275
0.028417
0.030625
0.031625
0.029125
0.028791
0.028292
0.023625
0.030708
0.027417
0.027708
0.031333
0.031875
0.026208
0.025333
0.025791
0.02775
0.029375
0.028208
0.028166
0.029167
0.034917
0.029125
0.026125
0.029458
0.027541
0.029291
0.024166
0.045375
0.02925
0.028166
0.026709
0.030041
0.02775
0.029708
0.0285
0.032166
0.025958
0.031958
0.0275
0.031625
0.028375
0.029792
0.028875
0.03025
0.028958
0.035667
0.027791
0.03
0.034875
0.029125
0.023833
0.028875
0.026917
0.03
0.02525
0.02725
0.0255
0.025458
0.024417
0.037542
0.023375
0.033292
0.025459
0.027416
0.024792
0.031666
0.028833
0.029791
0.022875
0.029375
0.026667
0.025709
0.027916
0.03225
0.024334
0.025
0.025041
0.026666
0.025541
0.029084
0.02625
0.030875
0.033875
0.02675
0.026042
0.026417
0.026167
0.023542
0.027625
0.026375
0.028417
0.028583
0.029834
0.028959
0.030542
0.027167
0.025542
0.031792
0.028916
0.030584
0.02475
0.032041
0.023708
0.03075
0.02475
0.028625
0.025084
0.026584
0.026542
0.028083
0.025375
0.028917
0.031667
0.032084
0.033792
0.034542
0.028708
0.034291
0.03325
0.031833
0.027458
0.045792
0.029084
0.031291
0.029375
0.045334
0.025917
0.028625
0.026459
0.029125
0.027292
0.029416
0.026792
0.031917
0.027208
0.032833
0.026667
0.051083
0.025709
0.05475
0.025583
0.028125
0.025625
0.028542
0.024708
0.0275
0.029666
0.026542
0.031125
0.031125
0.028
0.027125
0.02525
0.035167
0.028
0.029834
0.044291
0.02825
0.028208
0.027042
0.0255
0.024542
0.023125
0.027667
0.024208
0.026125
0.027334
0.035416
0.02925
0.030167
0.030292
0.031375
0.028958
0.0285
0.023125
0.033791
0.022542
0.026833
0.024708
0.029625
0.023583
0.02975
0.025834
0.028166
0.027333
0.023625
0.025167
0.03675
0.027625
0.0385
0.0275
0.024375
0.024208
0.02775
0.024792
0.027208
0.027042
0.02375
0.023292
0.028375
0.023375
0.029708
0.031458
0.026625
0.026833
0.030083
0.025958
0.038042
0.031
0.035458
0.038417
0.06075
0.023917
0.033167
0.025166
0.028
0.02875
0.04575
0.02375
0.031959
0.025166
0.026708
0.026584
0.029125
0.041958
0.046292
0.034291
0.056542
0.030083
0.027625
0.028584
0.0335
0.023875
0.071042
0.026208
0.027
0.025417
0.028375
0.026625
0.027291
0.025916
0.025709
0.033167
0.029292
0.030875
0.027917
0.025625
0.028166
0.03025
0.026166
0.027208
0.028375
0.026583
0.029708
0.027083
0.032959
0.027125
0.030792
0.025459
0.02925
0.029333
0.036541
0.03
0.033208
0.027625
0.044375
0.027208
0.032375
0.026792
0.026834
0.029958
0.028916
0.025125
0.055083
0.026166
0.02725
0.024542
0.029625
0.025167
0.023875
0.029083
0.024583
0.025291
0.031958
0.028167
0.030208
0.029042
0.0565
0.025417
0.030166
0.025083
0.031125
0.028417
0.031917
0.02775
0.063792
0.02975
0.033416
0.035583
0.033833
0.030125
0.035291
0.027042
0.029541
0.028833
0.026042
0.025166
0.029417
0.024209
0.0275
0.025209
0.024542
0.023167
0.026709
0.024083
0.02475
0.026125
0.028167
0.025792
0.027458
0.0235
0.026958
0.028292
0.033
0.043
0.026709
0.027958
0.026375
0.027792
0.026667
0.0285
0.028209
0.024375
0.027875
0.028583
0.031125
0.028125
0.03075
0.02875
0.02875
0.02725
0.024792
0.02575
0.024416
0.027167
0.024292
0.025125
0.025709
0.024958
0.0265
0.023875
0.033458
0.025167
0.024291
0.028958
0.027542
0.023833
0.0275
0.026125
0.026875
0.025125
0.024625
0.024167
0.024416
0.026
0.023875
0.029583
0.034083
0.027542
0.025708
0.025541
0.029
0.031417
0.03175
0.0315
0.028291
0.032167
0.028084
0.025
0.028292
0.028875
0.03225
0.027542
0.028459
0.026833
0.033
0.028291
0.027375
0.025834
0.028
0.025917
0.025791
0.024209
0.02675
0.0255
0.025
0.024625
0.028333
0.026208
0.028208
0.028625
0.02675
0.023541
0.02675
0.024125
0.024167
0.0285
0.025167
0.033708
0.029833
0.032666
0.027125
0.027291
0.026583
0.028875
0.026208
0.025958
0.029042
0.028917
0.03
0.027667
0.0285
0.0255
0.026083
0.025833
0.024709
0.024791
0.024333
0.029541
0.02325
0.026166
0.024167
0.025292
0.025292
0.026542
0.023167
0.026917
0.025291
0.027833
0.026667
0.02825
0.025042
0.027375
0.023583
0.02925
0.026416
0.029125
0.030416
0.084958
0.031417
0.037959
0.034333
0.027875
0.030458
0.02975
0.032416
0.061
0.059042
0.028708
0.030833
0.064875
0.06075
0.035125
0.030208
0.027167
0.026125
0.029333
0.024542
0.0285
0.025459
0.0265
0.031083
0.0275
0.025584
0.025167
0.028458
0.023167
0.027042
0.025375
0.031417
0.025583
0.034125
0.027875
0.02725
0.02975
0.029625
0.026708
0.025916
0.024875
0.025208
0.029375
0.026
0.025375
0.025958
0.024375
0.024584
0.025917
0.024833
0.03
0.025792
0.025417
0.026709
0.045708
0.038625
0.033916
0.040542
0.072958
0.024542
0.027958
0.031584
0.027167
0.025625
0.026583
0.026541
0.026833
0.025334
0.025667
0.027334
0.024291
0.027542
0.029459
0.028458
0.06125
0.02425
0.023833
0.026833
0.028
0.028333
0.040958
0.024083
0.053375
0.028459
0.024292
0.032291
0.024583
0.029375
0.025292
0.025542
0.027625
0.030875
0.028125
0.026208
0.02575
0.026667
0.029542
0.0265
0.02825
0.024417
0.025958
0.0255
0.026041
0.027584
0.029875
0.024334
0.036292
0.033708
0.034958
0.032584
0.02875
0.028333
0.024875
0.027917
0.02925
