0.350667
0.430625
0.523666
0.51325
0.25175
0.24125
0.123583
0.091875
0.08775
0.0935
0.093458
0.098583
0.097166
0.095542
0.100375
0.088792
0.088666
0.093042
0.098333
0.08925
0.087667
0.08575
0.090083
0.08925
0.09425
0.092375
0.091792
0.086084
0.090292
0.093333
0.093584
0.085375
0.089333
0.090583
0.093042
0.096625
0.097333
0.089708
0.095792
0.097084
0.094792
0.096333
0.090042
0.095166
0.089791
0.090458
0.086125
0.090375
0.098667
0.096542
0.092042
0.091291
0.099416
0.09925
0.096208
0.096542
0.10575
0.092125
0.097667
0.104625
0.10025
0.097833
0.105375
0.087125
0.106459
0.101667
0.092792
0.095208
0.105667
0.096041
0.098417
0.106042
0.096584
0.10075
0.108708
0.094917
0.106125
0.109042
0.098458
0.113541
0.11725
0.113625
0.109958
0.115209
0.096583
0.089709
0.098833
0.094
0.095042
0.094625
0.092209
0.096583
0.110125
0.094875
0.0905
0.107417
0.09025
0.097958
0.095334
0.095459
0.102333
0.107042
0.099708
0.090875
0.099125
0.087291
0.092958
0.102292
0.100292
0.106333
0.110958
0.098166
0.101458
0.109042
0.102541
0.106083
0.101333
0.092958
0.095959
0.105625
0.09475
0.0985
0.099292
0.088834
0.107458
0.1005
0.108833
0.094
0.09175
0.09725
0.098625
0.112833
0.099333
0.103208
0.110125
0.096416
0.097083
0.112125
0.094792
0.113875
0.125875
0.114167
0.119916
0.12175
0.105459
0.092833
0.0985
0.090209
0.100792
0.098042
0.096167
0.103834
0.098708
0.096667
0.092666
0.109625
0.093708
0.09925
0.103167
0.099042
0.099
0.113791
0.099292
0.090625
0.091166
0.089
0.10725
0.116083
0.098542
0.115333
0.113667
0.100708
0.104167
0.108417
0.091125
0.092334
0.102458
0.091292
0.095875
0.09525
0.093708
0.094208
0.100917
0.0905
0.094792
0.113209
0.101125
0.10525
0.109958
0.100917
0.099666
0.106666
0.102125
0.097667
0.105208
0.100708
0.101792
0.108042
0.096875
0.101083
0.092541
0.092459
0.095375
0.1215
0.094958
0.104042
0.098584
0.095625
0.097875
0.1015
0.094541
0.09625
0.106125
0.097958
0.100333
0.117625
0.133875
0.092167
0.104541
0.09525
0.09675
0.101292
0.097291
0.104792
0.109625
0.099792
0.1025
0.106833
0.107292
0.09475
0.110334
0.114292
0.116166
0.133459
0.115792
0.123333
0.132333
0.109625
0.117458
0.111375
0.09825
0.105875
0.114167
0.097167
0.110958
0.109417
0.108459
0.100125
0.106875
0.099666
0.093458
0.101833
0.095917
0.097291
0.098041
0.098666
0.096959
0.106833
0.094458
0.098875
0.099667
0.094791
0.101208
0.107875
0.097
0.108
0.113125
0.102958
0.109375
0.125958
0.119375
0.11025
0.133541
0.129291
0.15075
0.140875
0.133125
0.128417
0.107708
0.11275
0.10675
0.104875
0.105334
0.113792
0.119667
0.120167
0.115125
0.123208
0.11825
0.127416
0.118292
0.119042
0.110458
0.119375
0.11775
0.104458
0.107791
0.103166
0.112625
0.110375
0.103042
0.10425
0.10325
0.1005
0.096916
0.1095
0.091458
0.094583
0.103
0.096208
0.100041
0.105042
0.098834
0.110708
0.109542
0.104666
0.094125
0.092417
0.097917
0.096583
0.100875
0.090458
0.106208
0.102417
0.126875
0.116333
0.12725
0.104125
0.092125
0.105042
0.094417
0.0965
0.1065
0.093583
0.091208
0.106833
0.098792
0.095625
0.099292
0.099375
0.091166
0.098458
0.092375
0.093
0.101417
0.094708
0.094125
0.103625
0.095459
0.095667
0.105541
0.093041
0.103292
0.094292
0.091666
0.105792
0.110875
0.095125
0.10175
0.108541
0.096208
0.099375
0.122791
0.106667
0.092667
0.111334
0.087209
0.105125
0.098459
0.099167
0.098959
0.105459
0.095958
0.100083
0.104917
0.089709
0.095209
0.104417
0.094584
0.100083
0.107625
0.096333
0.10775
0.109792
0.103417
0.100041
0.097833
0.096375
0.10025
0.104459
0.104917
0.0935
0.089667
0.098709
0.105625
0.107666
0.091042
0.099792
0.102167
0.097125
0.095584
0.101
0.092833
0.095583
0.098
0.095167
0.099667
0.099458
0.095208
0.108958
0.097666
0.093542
0.091791
0.103417
0.086833
0.092208
0.106
0.101791
0.091458
0.1045
0.092166
0.094209
0.1035
0.093833
0.093375
0.107875
0.091125
0.097167
0.108959
0.105417
0.09625
0.095709
0.099125
0.10475
0.103666
0.096292
0.093416
0.107
0.095833
0.097958
0.104166
0.091209
0.088208
0.094417
0.092083
0.087041
0.087916
0.089958
0.09125
0.105875
0.093084
0.098125
0.103
0.088666
0.097417
0.107292
0.090084
0.093375
0.089459
0.095167
0.095083
0.101625
0.099125
0.098417
0.1015
0.105833
0.108375
0.096459
0.094458
0.100208
0.116041
0.09825
0.090042
0.115875
0.10475
0.091041
0.091583
0.089958
0.089084
0.091958
0.092125
0.093292
0.097708
0.094458
0.096375
0.112917
0.094917
0.10075
0.104792
0.099459
0.095875
0.104542
0.092333
0.094291
0.109292
0.102125
0.103542
0.106
0.094833
0.096208
0.113875
0.104833
0.109042
0.100125
0.092708
0.104542
0.103708
0.090333
0.096458
0.103083
0.090916
0.105292
0.114458
0.099292
0.101541
0.111208
0.096375
0.094625
0.104125
0.096875
0.099792
0.109083
0.098083
0.098584
0.089791
0.091041
0.086958
0.090625
0.08675
0.092959
0.105792
0.103083
0.095792
0.10225
0.099292
0.097125
0.097416
0.107542
0.096208
0.103334
0.107708
0.111667
0.094291
0.091042
0.09125
0.119334
0.107709
0.094209
0.110875
0.128167
0.115125
0.148334
0.101167
0.100167
0.106334
0.094375
0.096
0.100875
0.097584
0.099958
0.112333
0.088042
0.097375
0.10325
0.093333
0.101667
0.1035
0.097333
0.095291
0.102834
0.096875
0.098875
0.113541
0.174333
0.117
0.146291
0.104375
0.098417
0.092417
0.098792
0.093542
0.108625
0.097333
0.098292
0.109458
0.101541
0.102334
0.104
0.091291
0.103
0.121666
0.110166
0.10375
0.094584
0.08475
0.094083
0.095958
0.0915
0.096916
0.098375
0.098625
0.097042
0.097125
0.0945
0.105834
0.104083
0.100959
0.088417
0.104
0.093917
0.089333
0.099958
0.090792
0.099084
0.09275
0.089166
0.10025
0.104792
0.10075
0.094417
0.095958
0.092458
0.097792
0.093917
0.087083
0.114041
0.092
0.085292
0.084834
0.092125
0.087791
0.098125
0.08975
0.090167
0.091292
0.107666
0.104917
0.094917
0.097833
0.092917
0.095625
0.088459
0.088625
0.096167
0.092333
0.103209
0.093708
0.0965
0.0965
0.096375
0.091875
0.085792
0.088
0.101042
0.088959
0.100458
0.094417
0.109041
0.097709
0.094167
0.089083
0.092084
0.094917
0.086625
0.088875
0.091083
0.086333
0.099042
0.089
0.092167
0.0945
0.094375
0.093917
0.094791
0.091791
0.102334
0.087166
0.087875
0.103041
0.103333
0.092542
0.094958
0.094833
0.085167
0.087416
0.091292
0.10325
0.09475
0.095917
0.108292
0.098041
0.099291
0.097791
0.102
0.088708
0.108708
0.098583
0.108209
0.096333
0.095792
0.099916
0.084959
0.098334
0.091208
0.098666
0.085584
0.102125
0.089834
0.085416
0.099375
0.092209
0.091458
0.106167
0.09025
0.086292
0.087916
0.097708
0.104042
0.085833
0.09825
0.094
0.087084
0.104167
0.087667
0.104292
0.1065
0.093459
0.090667
0.087958
0.085875
0.083083
0.100417
0.091834
0.100708
0.102041
0.09525
0.098959
0.089959
0.095583
0.089416
0.0995
0.1
0.089
0.088542
0.104042
0.088625
0.110417
0.087666
0.092958
0.088417
0.086083
0.089417
0.103916
0.092625
0.097708
0.09875
0.100917
0.126959
0.087375
0.087375
0.130459
0.094291
0.0885
0.086458
0.093084
0.093
0.086542
0.100958
0.096625
0.095417
0.092541
0.096167
0.097917
0.236333
0.114458
0.118458
0.098375
0.08975
0.105709
0.196083
0.170667
0.091708
0.105042
0.102875
0.091041
0.094667
0.085541
0.13825
0.0925
0.084708
0.085417
0.090125
0.0895
0.090083
0.099667
0.100792
0.087375
0.091959
0.087708
0.089208
0.091125
0.092833
0.084459
0.093125
0.105667
0.100916
0.103709
0.099916
0.09775
0.099708
0.101542
0.084959
0.09025
0.10075
0.099583
0.108834
0.097583
0.10375
0.090709
0.089958
0.100042
0.090625
0.09625
0.095917
0.096875
0.098833
0.0955
0.091125
0.093583
0.096042
0.10025
0.088792
0.084791
0.095625
0.099583
0.088
0.085959
0.099208
0.088625
0.085875
0.098708
0.084458
0.103458
0.088666
0.093542
0.095792
0.096833
0.098375
0.10275
0.115167
