0.229458
0.212
0.226292
0.049042
0.092041
0.04375
0.102083
0.042625
0.05125
0.095375
0.047042
0.059542
0.070291
0.092583
0.049666
0.064167
0.045
0.0435
0.048541
0.047083
0.054833
0.046667
0.041916
0.044875
0.038833
0.055
0.040916
0.045584
0.040375
0.045833
0.039917
0.052125
0.059416
0.04475
0.041375
0.046334
0.065833
0.041375
0.046166
0.047208
0.043833
0.052125
0.044792
0.04275
0.05325
0.044541
0.0395
0.045208
0.044375
0.040958
0.044542
0.042416
0.047792
0.039833
0.042
0.041125
0.042375
0.044041
0.042125
0.051584
0.038875
0.049916
0.040584
0.039458
0.039833
0.040667
0.045708
0.044958
0.046709
0.046042
0.057625
0.048584
0.048417
0.058458
0.046875
0.041208
0.046583
0.041833
0.045208
0.04325
0.04525
0.042
0.043167
0.040042
0.044916
0.045125
0.040375
0.042875
0.04325
0.04
0.041917
0.049125
0.053042
0.043417
0.040167
0.047792
0.049334
0.050333
0.050334
0.046875
0.047667
0.043459
0.06475
0.041791
0.090625
0.140625
0.165292
0.088917
0.049041
0.052583
0.052959
0.125708
0.973167
0.054666
0.056083
0.0715
0.113916
0.043834
0.075833
0.063416
0.044709
0.044
0.046666
0.042917
0.040334
0.042833
0.042666
0.047167
0.044041
0.149625
0.042042
0.046292
0.115666
0.045208
0.044458
0.047
0.054458
0.427166
0.045125
0.054625
0.048375
0.046375
0.048833
0.044333
0.044792
0.05
0.049042
0.043375
0.0415
0.042291
0.04425
0.04375
0.044583
0.046583
0.042083
0.04125
0.047459
0.04425
0.043166
0.04225
0.044583
0.048041
0.044375
0.042875
0.041541
0.08025
0.061667
0.045875
0.085084
0.05225
0.081709
0.08475
0.049041
0.0485
0.055541
0.052375
0.059667
0.05175
0.044625
0.057334
0.098417
0.080041
0.053875
0.063625
0.049583
0.04725
0.048292
0.04925
0.080333
0.055417
0.066917
0.049375
0.049417
0.061459
0.046542
0.050708
0.054375
0.050334
0.055916
0.091291
0.047709
0.048041
0.063333
0.053708
0.048792
0.05075
0.051458
0.052583
0.060917
0.060208
0.060208
0.050417
0.052583
0.051042
3.84717
4.87296
0.139416
0.098083
0.058583
0.16525
0.06975
0.050166
0.16225
0.223208
21.2038
0.077917
0.691292
0.085958
0.22425
0.310875
0.06225
0.095583
0.11125
0.059375
0.139875
0.087583
0.049959
0.214875
0.360084
0.131291
0.084542
0.064
0.158666
0.062792
0.339833
0.132875
0.050541
0.416375
0.156375
0.411375
0.212583
0.354708
1.80479
0.067917
0.055333
0.055167
0.223333
0.227875
0.225584
0.064375
0.084375
0.04675
0.053542
0.071959
0.148042
0.052333
0.179958
0.066666
0.074
0.08925
0.055334
0.186
0.046875
0.046375
0.063083
0.058334
0.057375
0.1195
0.161375
0.111209
0.084541
0.074542
0.044458
0.103083
0.108167
0.095
0.085375
0.147041
0.074125
0.050875
0.279583
0.0505
0.063583
0.170708
0.158208
0.451375
0.056583
0.134375
0.2735
0.109084
0.246375
0.073666
0.122125
0.108667
0.163417
0.221125
0.082625
0.163791
0.052875
0.366458
0.064209
0.045541
0.158
0.060875
0.052708
0.07225
0.129084
0.085125
0.075375
0.077417
0.118791
0.105542
0.06625
0.045792
0.053792
0.051375
0.063083
0.045834
0.043667
0.086167
0.046458
0.100709
0.044042
0.04925
0.063417
0.038959
0.043916
0.055459
0.043417
0.043042
0.048
0.044167
0.051375
0.047459
0.043584
0.044333
0.043458
0.0405
0.047625
0.048333
0.042625
0.042708
0.04225
0.038625
0.04625
0.050292
0.054917
0.051833
0.046458
0.04275
0.0445
0.043375
0.040167
0.041875
0.042916
0.0745
0.044583
0.08425
0.043875
0.060208
0.056125
0.055875
0.085084
0.166583
0.090958
0.125959
0.060083
0.14175
0.116916
0.084458
0.078042
0.059708
0.047
0.082583
0.092875
0.042625
0.173458
0.12675
0.063875
0.092666
0.087875
0.055458
0.097875
0.088083
0.051875
0.123
0.111667
0.120042
0.084958
0.042917
0.058792
0.0415
0.056375
0.049917
0.045083
0.052958
0.118708
0.044
0.046541
0.086292
0.042292
0.087542
0.045084
0.050083
0.045875
0.043875
0.114083
0.049084
0.042625
0.03975
0.050584
0.048875
0.041459
0.041708
0.040875
0.040583
0.0535
0.044166
0.039875
0.1115
0.047916
0.047958
0.04925
0.068416
0.116875
0.050667
0.096292
0.048041
0.041708
0.056166
0.044292
0.045834
0.059042
0.04
0.043042
0.114292
0.041125
0.04125
0.049958
0.03975
0.051167
0.045791
0.05225
0.043792
0.1015
0.038
0.101333
0.063167
0.128792
0.076875
0.055
0.083416
0.210875
0.053041
0.049708
0.04875
0.082291
0.04375
0.057875
0.041125
0.071209
0.047209
0.042875
0.055042
0.044416
0.086875
0.1305
0.041625
0.077167
0.044459
0.048458
0.049875
0.044959
0.039334
0.047958
0.049709
0.055125
0.047333
0.094584
0.0465
0.040333
0.041292
0.049042
0.152417
0.047875
0.061917
0.041375
0.047959
0.089041
0.040959
0.0535
0.046959
0.048625
0.040917
0.051709
0.044875
0.109625
0.049166
0.058875
0.042292
0.051
0.0475
0.057125
0.044208
0.08775
0.041083
0.064625
0.047291
0.063125
0.043167
0.066584
0.096958
0.049667
0.115416
0.065541
0.059084
0.05175
0.048833
0.054792
0.044416
0.0475
0.048542
0.144042
0.106291
0.160167
0.045625
0.044834
0.043833
0.045084
0.043083
0.055292
0.043083
0.061084
0.049959
0.059917
0.051875
0.045042
0.0485
0.050625
0.046041
0.043209
0.041042
0.04575
0.044125
0.042208
0.049459
0.051041
0.0475
0.045792
0.045083
0.042
0.041708
0.044708
0.039792
0.039083
0.042375
0.044084
0.042375
0.0385
0.042625
0.043625
0.041708
0.043375
0.040417
0.047375
0.042625
0.044792
0.047084
0.043292
0.044417
0.045
0.046
0.051084
0.042125
0.043792
0.042834
0.041875
0.042667
0.039583
0.044
0.046125
0.039416
0.042042
0.049791
0.04625
0.039792
0.0405
0.045833
0.043166
0.042167
0.042667
0.041958
0.054916
0.04175
0.047125
0.042459
0.047708
0.05075
0.045042
0.044917
0.044542
0.042916
0.046167
0.039708
0.049666
0.044875
0.044209
0.044625
0.0445
0.051167
0.043916
0.041959
0.052084
0.040208
0.049792
0.045542
0.041541
0.04075
0.041792
0.041042
0.046041
0.045875
0.049334
0.045375
0.068041
0.042042
0.046541
0.046292
0.04625
0.045
0.049375
0.061167
0.043792
0.039708
0.04225
0.061584
0.040166
0.05725
0.098375
0.04175
0.051834
0.040708
0.043333
0.042042
0.040625
0.043333
0.0475
0.041334
0.043
0.042625
0.047584
0.041917
0.04425
0.048792
0.043084
0.043459
0.049125
0.040292
0.073209
0.050917
0.058541
0.03975
0.043584
0.041583
0.046125
0.055291
0.043833
0.047417
0.043041
0.049792
0.040125
0.043417
0.039833
0.039458
0.041875
0.039375
0.038542
0.042875
0.041792
0.046208
0.037375
0.040625
0.042041
0.042875
0.041292
0.041583
0.04375
0.040292
0.044209
0.04875
0.044083
0.04125
0.045334
0.047792
0.041625
0.059042
0.047708
0.043208
0.043708
0.043125
0.0405
0.043833
0.049125
0.040125
0.042667
0.042209
0.039834
0.043125
0.040875
0.042709
0.044542
0.041125
0.039708
0.052042
0.039708
0.040583
0.044583
0.040375
0.040792
0.052458
0.042417
0.040542
0.060792
0.056333
0.046417
0.049959
0.044667
0.047208
0.044292
0.041333
0.044125
0.044
0.0415
0.040083
0.055042
0.043541
0.039667
0.046334
0.039666
0.049125
0.057334
0.04225
0.046125
0.044833
0.04875
0.039959
0.042334
0.046041
0.040375
0.069917
0.042208
0.03975
0.064875
0.043416
0.040125
0.0555
0.042291
0.03925
0.069208
0.04075
0.039583
0.063625
0.043083
0.041333
0.066
0.044958
0.041375
0.041667
0.043125
0.039417
0.055916
0.040875
0.039834
0.044208
0.041875
0.042208
0.06675
0.038667
0.041459
0.041291
0.039459
0.039416
0.041583
0.039917
0.04475
0.03925
0.052458
0.038708
0.041542
0.046625
0.039666
0.040459
0.040667
0.054458
0.04475
0.066042
0.039375
0.048417
0.044084
0.04375
0.044167
0.051459
0.041583
0.038958
0.045375
0.039208
0.039
0.038584
0.050084
0.039375
0.040084
0.041458
0.051417
0.0415
0.063459
0.039792
0.049417
0.041875
0.039708
0.039459
0.041875
0.038083
0.040291
0.040667
0.038042
0.040334
0.041125
0.0405
0.040375
0.042875
0.038708
0.041458
0.041
0.040709
0.047208
0.053917
0.044833
0.043667
0.046416
0.042583
