0.177125
0.203
0.224792
0.048291
0.126792
0.036916
0.039291
0.038333
0.141083
0.050167
0.053875
0.043542
0.049292
0.050542
0.044375
0.043083
0.042958
0.041667
0.048875
0.041333
0.047208
0.041875
0.040333
0.042625
0.042208
0.045042
0.043125
0.041958
0.046125
0.038584
0.042708
0.041542
0.041375
0.041875
0.044917
0.050958
0.054125
0.051084
0.050542
0.057
0.046042
0.055625
0.054167
0.052709
0.065458
0.05675
0.054417
0.049791
0.064583
0.070583
0.060459
0.048375
0.056291
0.064916
0.096542
0.065666
0.0865
0.054708
0.068583
0.047916
0.074458
0.119083
0.06175
0.062209
0.05325
0.05425
0.062375
0.04925
0.064375
0.05925
0.063333
0.059583
0.061375
0.046667
0.056375
0.082292
0.05375
0.065917
0.0805
0.053084
0.0695
0.061375
0.069625
0.061875
0.065375
0.047416
0.060584
0.046375
0.051625
0.053042
0.0705
0.062916
0.061791
0.048583
0.049708
0.042209
0.131666
0.060875
0.069792
0.070833
0.0555
0.051292
0.056791
0.053333
0.052542
0.047542
0.05925
0.057292
0.0545
0.051792
0.061125
0.058125
0.06075
0.066042
0.080709
0.051708
0.078166
0.060708
0.07575
0.065541
0.059375
0.045208
0.055334
0.053542
0.195958
0.075375
0.115417
0.058166
0.064917
0.073708
0.065583
0.05425
0.10925
0.049792
0.066083
0.0845
0.0745
0.056
0.066167
0.052333
0.060667
0.053209
0.054875
0.055917
0.057208
0.057334
0.082458
0.070667
0.055458
0.067291
0.078166
0.065791
0.07075
0.04825
0.057083
0.057666
0.078041
0.053667
0.064
0.048625
0.05625
0.050917
0.075292
0.063584
0.058208
0.056916
0.061459
0.053083
0.081291
0.058041
0.068
0.052708
0.083541
0.095
0.102958
0.084375
0.077958
0.062375
0.060708
0.064667
0.061125
0.054
0.091667
0.061875
0.136209
0.0625
0.116708
0.060792
0.07775
0.06875
0.07275
0.077666
0.072167
0.05175
0.0655
0.079875
0.0605
0.066417
0.071416
0.06325
0.062625
0.049583
0.059291
0.056958
0.091292
0.062041
0.090833
0.060583
0.057916
0.096292
0.085667
0.096334
0.111458
0.076417
0.054875
0.064125
0.059
0.055375
0.054375
0.068375
0.0555
0.058917
0.052167
0.057333
0.052833
0.064
0.05725
0.10925
0.071334
0.086375
0.06
0.096708
0.05525
0.069792
0.083959
0.078667
0.0715
0.169875
0.05775
0.067
0.085292
0.086959
0.070708
0.054917
0.055208
0.070125
0.088959
0.067125
0.080208
0.079417
0.091625
0.075625
0.081042
0.069792
0.053583
0.058958
0.052792
0.055167
0.053583
0.07475
0.053042
0.068542
0.118875
0.053792
0.066542
0.050458
0.050375
0.064542
0.066833
0.06375
0.08275
0.058833
0.060084
0.088667
0.066459
0.072834
0.065833
0.053375
0.064625
0.072083
0.049042
0.076083
0.06025
0.05575
0.066209
0.068917
0.085208
0.08325
0.069625
0.076
0.093042
0.075959
0.05725
0.052542
0.063458
0.054958
0.067625
0.052833
0.062166
0.052916
0.068458
0.105167
0.070667
0.070834
0.088083
0.0665
0.058083
0.07425
0.075
0.071833
0.219083
0.08975
0.088125
0.064167
0.059792
0.068583
0.118
0.067833
0.081792
0.061042
0.065208
0.0605
0.066292
0.088833
0.09875
0.069958
0.088042
0.077333
0.0855
0.069125
0.0685
0.053
0.055542
0.06175
0.062875
0.05625
0.057792
0.053
0.05575
0.055792
0.054375
0.055208
0.062417
0.053667
0.052583
0.053708
0.058584
0.059542
0.08475
0.048916
0.06225
0.0575
0.060084
0.058625
0.068208
0.066459
0.076917
0.072625
0.065041
0.054333
0.054292
0.14
0.057416
0.05925
0.0615
0.066709
0.104333
0.05625
0.052291
0.212667
0.053333
0.057375
0.059416
0.0555
0.058625
0.070917
0.059166
0.064708
0.066333
0.054
0.0565
0.064125
0.065083
0.063167
0.076958
0.112042
0.056333
0.094666
0.088583
0.068459
0.128208
0.086334
0.0805
0.0585
0.059375
0.0555
0.072583
0.06925
0.0865
0.067417
0.055791
0.095208
0.081208
0.07125
0.063916
0.063667
0.056709
0.057667
0.050583
0.056917
0.054125
0.061
0.05575
0.077375
0.072209
0.11675
0.074542
0.068167
0.048459
0.096833
0.067625
0.069833
0.056417
0.052375
0.065083
0.060417
0.059167
0.072792
0.056417
0.050916
0.073375
0.057416
0.050542
0.053041
0.056834
0.064625
0.049958
0.060291
0.074083
0.113042
0.079084
0.070833
0.072458
0.091
0.070084
0.064542
0.058083
0.054333
0.055833
0.055625
0.052333
0.055042
0.065417
0.075916
0.047958
0.057333
0.052041
0.072125
0.048417
0.05425
0.065417
0.054916
0.056791
0.088542
0.052958
0.088667
0.108833
0.060917
0.06225
0.068834
0.069791
0.069833
0.057791
0.125625
0.105083
0.084292
0.0615
0.074959
0.060792
0.10875
0.116458
0.080209
0.082459
0.066542
0.077
0.077333
0.06825
0.052667
0.068792
0.077917
0.083542
0.07225
0.135541
0.064083
0.0695
0.095208
0.101708
0.064125
0.06775
0.072958
0.080958
0.082167
0.065417
0.057417
0.0625
0.073541
0.074792
0.090084
0.057083
0.071958
0.084041
0.0825
0.082167
0.075834
0.06575
0.070917
0.079083
0.067125
0.072333
0.110292
0.070125
0.089042
0.066542
0.080292
0.156791
0.06875
0.07075
0.061667
0.060292
0.069084
0.066167
0.061958
0.066375
0.069958
0.086541
0.127584
0.068042
0.071333
0.089834
0.062167
0.092584
0.097375
0.088417
0.076459
0.070542
0.061708
0.075041
0.056583
0.063542
0.060083
0.057541
0.062041
0.062542
0.061584
0.073625
0.0605
0.080625
0.057792
0.065125
0.060666
0.072667
0.067916
0.069667
0.192458
0.217459
0.101458
0.112875
0.059666
0.057417
0.065042
0.061
0.079
0.069292
0.054208
0.052625
0.056584
0.080167
0.057375
0.062083
0.072041
0.064833
0.0815
0.059292
0.072208
0.068
0.061833
0.06475
0.057584
0.072375
0.073791
0.06575
0.061709
0.059833
0.064958
0.064583
0.061666
0.094459
0.090708
0.077834
0.086166
0.073541
0.069709
0.116542
0.116875
0.065666
0.076667
0.053583
0.061375
0.063125
0.071625
0.087542
0.080208
0.059459
0.068708
0.070334
0.092834
0.103292
0.077875
0.074666
0.065667
0.067208
0.070584
0.143292
0.104292
0.091917
0.101833
0.077083
0.085625
0.136209
0.107625
0.078584
0.176833
0.077042
0.118375
0.077125
0.070125
0.1075
0.109042
0.066
0.094875
0.121792
0.098291
0.092291
0.067333
0.065083
0.05925
0.051417
0.06925
0.0575
0.082334
0.060958
0.063292
0.062792
0.066708
0.055834
0.080167
0.061458
0.071083
0.084417
0.104917
0.065791
0.092833
0.066542
0.111458
0.098375
0.060625
0.067458
0.168708
0.07875
0.136625
0.076458
0.085292
0.111417
0.092459
0.104666
0.064083
0.101625
0.072792
0.0745
0.056375
0.071666
0.0615
0.056333
0.055208
0.052084
0.053833
0.0805
0.059334
0.059167
0.05925
0.080334
0.052875
0.058417
0.059416
0.111041
0.060666
0.067958
0.072625
0.077
0.094916
0.129209
0.068041
0.068333
0.176542
0.05575
0.086667
0.173708
0.066417
0.095916
0.053666
0.056833
0.069375
0.048625
0.069041
0.075708
0.054625
0.07875
0.056292
0.064375
0.050375
0.055125
0.055834
0.051709
0.064916
0.056042
0.063583
0.108167
0.076875
0.06425
0.088458
0.074333
0.054667
0.064792
0.0545
0.056875
0.05575
0.062708
0.044666
0.049833
0.072416
0.049542
0.056958
0.076583
0.063
0.058833
0.051542
0.054792
0.055042
0.06975
0.059291
0.08025
0.071125
0.055584
0.076458
0.107209
0.075334
0.060292
0.08125
0.058292
0.094375
0.05525
0.054125
0.051959
0.048667
0.057792
0.066584
0.082834
0.067625
0.05275
0.128416
0.055291
0.094333
0.087
0.066458
0.246792
0.162333
0.065917
0.084375
0.106375
0.094958
0.090292
0.056709
0.127333
0.079916
0.057666
0.05425
0.056458
0.055791
0.102208
0.073416
0.064417
0.149958
0.0625
0.083875
0.103583
0.071084
0.081292
0.069375
0.05675
0.086208
0.064709
0.049208
0.054291
0.069375
0.052291
0.052708
0.056584
0.044166
0.050584
0.056166
0.053333
0.060875
0.053833
0.0595
0.059375
0.061667
0.05175
0.124833
0.063459
0.088458
0.064917
0.069333
0.071459
0.0715
0.085333
0.124084
0.090458
0.113042
0.071625
0.084625
0.076583
0.120416
0.066042
0.054834
0.053708
0.07275
0.065333
0.10525
0.070084
0.074208
0.063042
0.116709
0.05875
0.0565
0.084083
0.066209
0.051583
0.091042
0.066833
0.077042
0.101417
