18 853 1 -0.30738539207764293 0.71823056392256746 -0.5636775614408559 0.26819150716015366 -0.52433965982332753 0.86659432324415997 0.25420873064301797
17 811 1 -0.14336277038063558 0.6323565672235093 -0.64503738030198621 0.40435017740967949 -0.2878132508088182 0.78657110666805941 0.024385259899587119
16 766 1 0.10591597690846434 0.56390875869333479 -0.67719266969816816 0.46065041605488194 -0.11594991945603786 0.61898812656400692 -0.29321243221512822
15 724 1 0.2450740730184304 0.54379011414884204 -0.71169842150133655 0.37110155930776167 -0.42599029488745277 0.53262248001733914 -0.55388300180504457
14 679 1 0.25086986364195274 0.47541675072573319 -0.74666035722882085 0.39184376425889905 -0.23751668720772703 0.46960400198193686 -0.5378412735726541
13 637 1 0.26511915046775253 0.37673372834527569 -0.70548001931693083 0.53859212427114833 -0.17877924512968715 -0.049631638589611685 -0.61716830889816132
12 592 1 0.37662743406411364 0.31699338278608474 -0.63810526124538514 0.59202081614675972 -0.40781795774630214 -0.078871680198369321 -0.46606172571331872
11 550 1 0.37102834419953407 0.36391563207948047 -0.64735697289345251 0.55752338980079574 -0.457390337742488 0.28655253643853168 -0.44800899237096448
10 505 1 0.16012388034328048 0.52812735701528679 -0.73133650165596653 0.4007352730437776 -0.59568476996692044 0.79232707603319419 -0.31255276838736024
9 463 1 0.10006360552658303 0.54497613566638059 -0.70666078496567919 0.44002138742889452 -0.54892162887091722 0.91511426131701101 -0.32920758376898346
8 418 1 -0.0023271576302497923 0.60449992054085111 -0.67373776482418202 0.42503159253540651 -0.22183347117862157 0.90825227118071905 -0.030548388565886278
7 376 1 -0.0069544907476509531 0.5064925767305537 -0.69877443538951856 0.50510513086024433 0.35493776371940466 0.62807377866053549 0.29500619704614606
6 331 1 0.16764082309465697 0.39628849955031126 -0.7024960527899633 0.56687853669973254 0.55373284508006881 0.12895937631452112 0.2585229616917385
5 289 1 0.19134912341492583 0.36550187409269053 -0.74734036699688977 0.52084188470208947 0.52179427893701935 0.091345079434461268 0.010663128074607248
4 244 1 0.019460436117910568 0.47946564618166898 -0.69195313579887852 0.53938376265493404 0.24604983342992934 0.57868881996243215 0.031582147040053216
3 202 1 -0.10374326641464568 0.62656291655064988 -0.65133260130762438 0.41523738843101116 -0.33367721730355376 0.74292574570802905 0.04354978486573808
2 157 1 -0.037904273816877582 0.55225060844312646 -0.72246360342328675 0.41428115239442387 -0.2322189233898766 0.6567840918123472 -0.0076185405021503231
1 115 1 0.093962326152427333 0.50895149155873087 -0.71124567000154715 0.47567747204194799 -0.11062121228002282 0.48209643239393285 0.036590834713255332
0 70 1 0.21817693051526199 0.46914601447064896 -0.6665219948325356 0.53670222144286095 0.0055611479206628799 0.26601317424836929 0.089241143616783369
