19 867 1 -0.26461241421367521 0.72338135675618742 -0.59040612880037813 0.24108149248032182 -0.55266933003788321 0.89187363200361713 0.30421317077342497
18 824 1 -0.23451143987299389 0.66488378581026319 -0.6347088082159984 0.31635212139060226 -0.42146722695919114 0.86704688137867214 0.1466832316459741
17 780 1 0.034433738541469659 0.5974631716981994 -0.66462041183378928 0.44736091055016197 -0.089914158772039149 0.62750597621664173 -0.1785108126779798
15 693 1 0.28586763705995433 0.54521134379647285 -0.67167167147170748 0.41216677500716276 -0.42446803855448634 0.4326245919090817 -0.56497450393494664
14 650 1 0.222925694668688 0.39215270069081837 -0.75224572432612302 0.48025697728450201 -0.13230240374763599 0.18347355774891777 -0.5894328795084588
13 606 1 0.34255617157205259 0.29363021041205301 -0.67194059248462679 0.58730946614428148 -0.3561676673255999 -0.17456112373999189 -0.53092665964254204
12 563 1 0.37109147348151306 0.34921709607355844 -0.62934708803071671 0.58673740370503735 -0.43508866432372728 0.12042165927248112 -0.41313209030932641
10 476 1 -0.025941719690193807 0.55543367784519748 -0.76833100652074493 0.3169982982820127 -0.59725326910089083 0.92039121048994643 -0.090695376378129758
9 432 1 0.064999477720259158 0.56764167033957702 -0.74478060798958756 0.34476056612212574 -0.24543699619802117 0.99367083050452054 0.0026262700828419421
8 389 1 -0.037716274338757495 0.60265164125420989 -0.6571873980460865 0.45110221213492774 0.15675625011334823 0.76059567325038568 0.22030438399199748
7 345 1 0.14061861834773937 0.44349036180764684 -0.71104508856585991 0.52721682938243131 0.56231289654573957 0.23175055404957873 0.32907212364925986
6 302 1 0.20669471086483304 0.34398401890729147 -0.73733686990116287 0.54340282619917157 0.52261821474778547 -0.0028695767233361037 0.070212334458601713
5 258 1 0.063181409554026027 0.44252728776475114 -0.73138685278137572 0.51502522331327993 0.40836173715071555 0.45904602465635891 0.0588195226904017
4 215 1 -0.10491140266822098 0.59669530639960522 -0.66535110157217903 0.43618370046066102 -0.18952760782280473 0.71070930703523971 0.064539760588970166
3 171 1 -0.073388206592280972 0.59981682747978848 -0.69673569016010262 0.38651432400672542 -0.33019574027449283 0.69366677552394895 0.024322138317115573
2 128 1 0.037821713818899837 0.54837058102931568 -0.70356784544033013 0.4503903980857315 -0.17108023997399915 0.52392129084899952 0.04061041876867337
1 84 1 0.16992425486654153 0.46634415763636516 -0.69560729812886779 0.51940288893722597 -0.024996705290714797 0.33988820660572677 0.068468720582124179
0 41 1 0.24553086964259993 0.46463158247415592 -0.65379795262060569 0.54440823080590417 0.036413282205162115 0.1468612557663479 0.060774055060898308
