18 853 1 -0.30715582069551728 0.71854532198293397 -0.56354870161712589 0.26788203182549752 -0.5251062861864304 0.8666448213912038 0.25457893266605314
17 811 1 -0.14286286349112801 0.6325666194559928 -0.64512832147798116 0.40405336653978674 -0.28840304083517043 0.78660156577135087 0.024797168200482483
16 766 1 0.10630672355172606 0.56383991984902604 -0.67692907063162056 0.46103194970213435 -0.11537875963392658 0.6180150937143174 -0.29388584358357894
15 724 1 0.24587677723165047 0.54398453896827625 -0.71130414858689728 0.37104156099380375 -0.42676078571932197 0.53209010873275076 -0.5530898041314195
14 679 1 0.25167913052221252 0.47526720846727022 -0.74635016664979559 0.39209708562693224 -0.2373978560687863 0.46842217783011664 -0.53746808219173325
13 637 1 0.26688509986355741 0.3770696291976352 -0.70524726516340996 0.53778911590614042 -0.18238267579256298 -0.048878372185972574 -0.61557689769452018
12 592 1 0.37690339820244068 0.31648735552056373 -0.63823406674457328 0.5919770757941023 -0.40680387468404761 -0.078515155228301367 -0.46640467311994754
11 550 1 0.37147804506865778 0.36399480677616131 -0.64703549002010952 0.55754543969652393 -0.45833125472474107 0.28584580456649772 -0.44868387856820535
10 505 1 0.16053091330404351 0.52828719389357925 -0.73103577385621776 0.40091041890210122 -0.59647751682645389 0.79224290999336466 -0.31363535598712167
9 463 1 0.10047655242360753 0.54510757210465322 -0.70637329212369659 0.44022604355213629 -0.54950407509694477 0.91509486715944921 -0.33032236432047529
8 418 1 -0.0017799019844960029 0.6045405869609094 -0.67356547471259809 0.42524941145294631 -0.2217035285898229 0.90758263161796238 -0.031183989030130727
7 376 1 -0.0067112708732705645 0.50657896123743618 -0.69883179184528832 0.50494241412379848 0.35457302683890196 0.62839325595424644 0.29482340171096016
6 331 1 0.16778750121852778 0.39621990442883342 -0.70239415326746168 0.56700934315488505 0.55411376979819349 0.12859672537793382 0.25812918760680775
5 289 1 0.19151712226000353 0.36541916080618786 -0.74724249401124765 0.52097858299626754 0.52220563501450834 0.090848657816140113 0.010582751551957769
4 244 1 0.019565032730854207 0.47938795319515187 -0.69195042470649759 0.53945250909982911 0.24654510559998929 0.57866516028558901 0.031485854559480983
3 202 1 -0.10368740524147749 0.62659476986303519 -0.65129327322403219 0.41526496195526286 -0.33332581509547721 0.74308994716970356 0.043474006904939036
2 157 1 -0.037734164365652502 0.5522856367260699 -0.72243759020707943 0.4142953494326162 -0.23186758249368594 0.65684202166746852 -0.0075772542142042614
1 115 1 0.094167595684856054 0.50899448742407472 -0.71120190841952691 0.47565630570324591 -0.11039888220700868 0.482086760198012 0.036445601541203479
0 70 1 0.21845686085293098 0.46922551959856035 -0.66636721044170877 0.53671105126676832 0.0055248522034738049 0.26579674215635196 0.089002100213242771
