19 867 1 0.26928900326907285 0.28854245132723499 -0.68056874850890536 0.61729479590665737 -0.01524081485647606 -0.35070055851158771 -0.77475207750130748
18 824 1 -0.035213010737076618 0.54678384863727603 -0.64396214476752145 0.5339477716506108 0.25431399599110732 0.516358729457846 -0.73763910799221744
17 780 1 0.20014068135957344 0.27089806087342488 -0.66564459205726212 0.66593935560594786 0.70063112958379103 -0.24177379606730548 -0.52504837815048411
15 693 1 -0.56815339230220063 0.13268958594742969 0.45481325928811828 -0.67285964046918445 -0.4216498181268124 -0.96771318042479249 0.24512790840343446
14 650 1 0.49041598835215738 0.051968595203799657 -0.47863004828052308 0.72643286019019304 -0.49073164952572917 -0.91728835261677621 -0.16769037631411884
13 606 1 0.40342335392072004 0.18613282002575118 -0.5355544750713952 0.71818213222804506 -0.49160801406998506 -0.56884542804314886 -0.44151041567293492
12 563 1 0.31765377864966438 0.2646774278885185 -0.60573160504271251 0.679802293853358 -0.56728611688013209 -0.3706164014124641 -0.60368774456201979
11 519 1 -0.054438886372125732 0.48996213793654786 -0.76566609256878404 0.4131935935244645 -0.51459743759194143 0.52939323941404093 -0.7039968243876602
10 476 1 -0.066690656968127773 0.6045551674315317 -0.74994237146911502 0.26009968335288691 -0.95110672102983795 0.76735661782465336 -0.40993648231318564
9 432 1 0.034170744083102042 0.62491895995276991 -0.7614283231873612 0.16892472402948883 -1.008279023559852 1.1444014610653894 -0.16522728138655932
7 345 1 -0.025324454845776254 0.65349227926714748 -0.72223397616244278 0.22513239793859285 -0.19072294856624961 0.92920857688915237 0.23658305170901342
6 302 1 -0.29066360099173322 0.67403304499356986 -0.6637469061817447 0.14364598793345029 -0.21969539035785848 1.0430423442451155 0.64436336191104138
5 258 1 -0.50116716549706208 0.61710582554489335 -0.50242814484641407 0.3399673978080644 -0.50297724776536412 1.0548054123536206 0.23885199845743532
4 215 1 -0.22308287232096946 0.61354418174920811 -0.68848560139722403 0.31588786900959576 0.037784080905405519 0.78848663454576229 0.038237901016101611
3 171 1 0.051788781275277071 0.42996541637052893 -0.74667687906541724 0.5048973174106467 0.25886256147067555 0.08855761484519617 -0.14521179005107576
2 128 1 0.24317587423593762 0.32298178313995562 -0.70558121016380104 0.58198231744023654 0.089499903484052096 -0.39684859710782117 -0.30519512993821279
1 84 1 0.38014770579172963 0.32479693558205153 -0.58812181813228781 0.63569442301672374 -0.24937866577902529 -0.34505174936819422 -0.20338300796208691
0 41 1 0.31174189812531727 0.37229486238471243 -0.61773127203320843 0.61856414376150737 -0.12651156801238414 -0.11522546405618705 -0.095787475895856553
