18 853 1 0.17310508975190667 0.29207102024899961 -0.7292850757682473 0.59403066023092999 0.29347313205490394 -0.1360984233938094 -0.78581486390896216
17 811 1 -0.016377414680568948 0.53966315690994904 -0.66626019690414739 0.5143858545718526 0.32907592103223926 0.43162522066538284 -0.68735089270790917
16 766 1 0.25979780939497865 0.18857535961266528 -0.625114741540444 0.71146046403812802 0.83608868288217519 -0.4827616590014433 -0.34760447848585413
15 724 1 -0.64134392264815865 0.2230303133441241 0.42252368189055245 -0.60034089520333855 -0.43709401200806203 -1.0050223421387914 0.41272357421294342
14 679 1 -0.51391738084093042 0.13469473947410784 0.48746596105724455 -0.69290922178748438 -0.42691761112182902 -0.94159384203585039 0.14191719403175271
13 637 1 0.50935233129221635 0.08105616796679975 -0.42684501791874024 0.74282799551421907 -0.58517433423638998 -0.78847296595545746 -0.18291366205645809
12 592 1 0.37269187496552064 0.19804216757930138 -0.52619810295150127 0.73823818828709886 -0.50291764911428494 -0.62430024181861332 -0.44733926269852847
11 550 1 0.18093354790729149 0.36701879317390657 -0.666950067441063 0.62268600774323712 -0.49291042157680121 -0.14521448861580974 -0.81525438233456982
10 505 1 -0.065571543197289459 0.54395397044483906 -0.75169327952760101 0.36711260435057397 -0.73598512298122709 0.63084294683624609 -0.57297405653694233
9 463 1 -0.027363618482513254 0.63135814564657244 -0.74398166025808399 0.21709309871317842 -1.0642890798073938 0.79199299500013987 -0.32887849942624331
8 418 1 0.071400309095173767 0.65355608747198046 -0.7391860749334801 0.14618612455998059 -1.0089176910598132 1.0076486316381048 -0.058650216176641956
7 376 1 -0.0085097301684571667 0.64014352965757348 -0.72137539411776908 0.26412380939899543 -0.54834035718212515 0.91979587719971101 -0.11435198996949186
6 331 1 -0.067038544216078133 0.65555410363663946 -0.73537529162486603 0.15804376375610146 -0.044946237032903055 0.90013454751731592 0.39696512633868691
5 289 1 -0.40560359330732226 0.65851841772460995 -0.62374903457357911 0.11303256381323233 -0.38025878901531462 0.93569056984057986 0.78661879353710873
4 244 1 -0.52120060598480766 0.66462236815398579 -0.49332788733718341 0.20797747869874822 -0.57869621555812656 0.86141529356139246 0.39089716649852979
3 202 1 -0.15410273451861961 0.59645585323583905 -0.71496374732080792 0.33063514993354737 0.092323601618490334 0.62475121161509073 -0.042888889863595785
2 157 1 0.16711334538693656 0.37094937158155195 -0.73775985465741944 0.53868366447545213 0.25911242628770381 -0.20532597834899516 -0.19926169346469128
1 115 1 0.29834399232156145 0.342925508927441 -0.66521481733241483 0.592353107845219 -0.12100390214700263 -0.45726444045107345 -0.32873702305800429
0 70 1 0.34021177001542985 0.3650139933584261 -0.61193745872557925 0.61363937520663003 -0.27779325303568025 -0.11251908778482114 -0.19549224726991352
