22 22 1 -0.074278118198623899 0.67196980698955 -0.69420981305881668 0.24700622482873028 -0.14855706841028804 -0.12121131741850934 -0.20621891679321452
21 21 1 -0.01769670315644389 0.69754511556168275 -0.65552462436988834 0.28879942052945373 -0.14988881501687315 -0.28562364278429092 -0.14042738077075811
20 20 1 0.055258913488710752 0.62650667030470419 -0.65516362570721531 0.41856477168287343 -0.13440989739982137 -0.5054704101178541 0.039702813816487451
19 19 1 0.01425228641204856 0.59892551271255723 -0.70423873287719607 0.38096313426570633 -0.028446272981100879 -0.55107709988612064 0.015251008516377014
18 18 1 -0.019477568267184102 0.62546771895025244 -0.71322520447896809 0.31578563073942961 0.04082660427699833 -0.45945775229253227 0.049227166006458142
17 17 1 -0.012736451472843397 0.59085453624166107 -0.73314002191266225 0.33650320663618127 0.18895471111031306 -0.48081358797848067 0.13368482995644376
16 16 1 -0.03819313362039959 0.58367590409315517 -0.756476663927374 0.29258636410229927 0.25602164163923308 -0.43221565343743384 0.20735194708383398
15 15 1 -0.089412603420161246 0.62512315645002237 -0.72193069880873628 0.28291781799158489 0.32486173098743176 -0.20686818028176182 0.26984472960652339
14 14 1 -0.15525081912797625 0.68885331827895446 -0.6807251744872872 0.19491415001332868 0.35663348733493422 0.013837482799281093 0.27754384799618015
13 13 1 -0.20100638990387157 0.70997528984095692 -0.65618028530066319 0.15798402519179641 0.20393835497082735 0.21275262938421036 0.40097368412311807
12 12 1 -0.18461780055769983 0.70523226619393387 -0.67411637114794876 0.1188731954080771 0.063947303400112482 0.36771196726897248 0.22480882158411331
11 11 1 -0.19570520184139242 0.70016556680092479 -0.66674746847954114 0.16405933778570117 0.034776017131245868 0.22469878749988351 0.12451084245064242
10 10 1 -0.1590472693342759 0.68256115691173669 -0.6898195389093098 0.18155780603314528 0.042697768328042777 0.065190128019939578 0.13591109133607415
9 9 1 -0.13868651608163698 0.66793833692559135 -0.70067522304613039 0.20899440215342732 0.032676161573856027 -0.079409223324846304 0.12189614262113307
8 8 1 -0.14653789234724413 0.67911795056197266 -0.68233395487616666 0.22747709632836263 0.046842519903140326 -0.13497247032787871 0.066315690338022065
7 7 1 -0.18054130063134949 0.67963463607565278 -0.67932535437406827 0.20980625137779485 -0.0013267566110861872 -0.0069167096767099832 -0.010406647779510534
6 6 1 -0.36250503433802828 0.70149713989076767 -0.60757458241395046 -0.085702914823076681 -0.027685991903806891 0.37503988871053151 0.42534108224329781
5 5 1 -0.40912749971137785 0.6830436720944002 -0.60411661964992902 -0.033303766370442751 -0.096633402945109304 0.2971733932003337 0.084349408897446534
4 4 1 -0.36543449909136588 0.6912775950071115 -0.62003858872723894 0.064382155945262809 -0.09907363526709044 0.040101040600636767 -0.067792099714834866
3 3 1 -0.32148850707344617 0.69904901286227394 -0.63065895415933726 0.10121709823255208 -0.14138429651035844 -0.13089669164463247 -0.083293692008509279
2 2 1 -0.29143432820255349 0.65386447248333912 -0.6867022319485997 0.12636189538790066 -0.070724262594637488 -0.20286271025530433 -0.013205209052275383
1 1 1 -0.27228356718257141 0.64986373716124723 -0.69893457261860037 0.12259382269758208 -0.016452458744571324 -0.10679851696294215 0.040168102768907844
0 0 1 -0.29850389394929844 0.67846706394782264 -0.67082706219162114 0.023852066293847583 -0.0042946493568155634 0.01338781626039722 0.0080707631964314266
