19 883 1 0.54558864254892536 0.36082277641489152 -0.6059390033307811 0.45274483032318547 -0.70451413526387474 -0.36090426568234812 -0.35558703952984588
18 838 1 0.50226743859075762 0.40726428721968572 -0.53463748921416598 0.54408269188947156 -0.64644232855263306 -0.30317169828389456 -0.21864911262636791
17 796 1 0.27831382275914296 0.52446957514336345 -0.66362197352017438 0.455059289622046 -0.67975625319134847 0.3678373510832908 -0.29312058893648785
16 751 1 0.082740031409985801 0.70414063585146092 -0.66394867587585416 0.23772296470403356 0.17395766608763932 0.86364049726442649 0.22864703635619454
15 709 1 0.10920266322755685 0.77215739454643695 -0.62256669183609803 0.065256805066782164 0.065026135489807929 1.3728991224433444 0.52035068524708195
14 664 1 0.086459569394486263 0.69831203300564038 -0.69270329986993207 0.15826302716982424 -0.76329474365111183 1.2476436056039899 0.55466014310525069
13 622 1 0.10290876277415593 0.6236701520048944 -0.70411554598076209 0.32352221863528607 -0.84895568879311634 0.8808022983545255 0.050836510373208105
12 577 1 0.28833976475044798 0.53881605748051353 -0.69271351483019361 0.38299532978407391 -0.76850902307137992 0.29290630470910684 -0.097586593793358253
11 535 1 0.46387891859060187 0.25426924599953582 -0.68271309924590129 0.50404992167849538 -0.55236374184959924 0.077529110319988354 -0.24213925580582304
10 490 1 0.42757690642741897 0.28246016704974025 -0.64347335316793297 0.56862666740402501 -0.22742291349063515 -0.26735481447929899 -0.29950926544228779
9 448 1 0.38155339351499756 0.34269062994991434 -0.587202527310411 0.62623744056227293 0.63956773142600254 -0.46539827333351341 -0.096028574407361178
8 403 1 0.38998585887727111 0.24125326434513455 -0.5605665334072496 0.68954554160138881 0.36271899691203802 -0.8127828698342483 0.037692890960331002
7 361 1 0.52278345095741696 0.19454804832190925 -0.4840631833407793 0.67418940575566844 -0.054591018688846485 -0.55852168773648292 -0.080497809987053665
6 316 1 0.35339855505193496 0.35807152366635958 -0.62535713030373963 0.59650876339306858 0.1122913552999867 -0.080080166600571712 0.072796205866653044
5 274 1 0.3171917161641391 0.28698172645295106 -0.67852960547450136 0.59718378944304018 0.45786081708828302 0.084454515481033235 -0.042106910864310371
4 229 1 0.070865248224616553 0.48028568014295364 -0.67865885221304845 0.55111336797119292 0.49735272557961052 0.96143985275458332 -0.0069037338167961424
3 187 1 -0.034512030139208234 0.58208386489643582 -0.69582948918350507 0.41929538035318331 0.16672406686681449 1.3597484162207387 0.40272894038506873
2 142 1 -0.078297650250197554 0.62008822723444679 -0.69628628984005669 0.35291000409638079 -0.23263972228670429 1.1881109775455969 0.43167224486496369
1 100 1 0.063654795814985579 0.57488778860564649 -0.70117139503443282 0.4169061912077216 -0.054354970548698742 0.82778678179351406 0.27908551363907563
0 55 1 0.20572906528664703 0.47166679447487009 -0.65652910248804541 0.55152110047787384 0.018287087799193701 0.39697435977340639 0.1171716765649663
