19 868 1 0.52028641723718883 0.39637615726998748 -0.58958450392364692 0.47389671735461031 -0.64964025055927421 -0.40801672149094814 -0.29213779379427846
18 823 1 0.43622307954379402 0.44383877673903255 -0.59469912780903278 0.50896906833254973 -0.66166957408899374 -0.11638335827402935 -0.22586258559215264
17 781 1 0.18611691721606857 0.63964486705939505 -0.65835308553949012 0.3504085500258074 -0.70938165794734542 0.49463193332379213 -0.12589563192507888
16 736 1 0.037391250134543627 0.74368926776001076 -0.62214934413082446 0.2417816391489237 0.051025009707083832 1.2047836645026173 0.36044814889551419
15 694 1 0.1788765131131218 0.71253987844172528 -0.67795254432522378 0.025893287348230029 0.078208628807256361 1.4680122143914032 0.457413578861388
14 649 1 0.010060799931780856 0.71069938649808317 -0.67960325236299313 0.18150642333984432 -1.0409807741594217 1.0770339177108792 0.54766842556670459
13 607 1 0.1666006239525302 0.61494209710825298 -0.66841221052491195 0.38381709983263163 -0.84133770392973806 0.64067010351717746 -0.13401031360672774
12 562 1 0.39172354822905975 0.40629348231819679 -0.70317255738383067 0.43246574723424319 -0.61921456045002099 0.15388062263412322 -0.25805925086564407
11 520 1 0.43702027045805197 0.3038290700113036 -0.67449683741677258 0.51162016744808803 -0.54946058013934185 -0.072524530997790798 -0.32855100758040329
10 475 1 0.47529102274679341 0.33358507492013045 -0.56616946255493694 0.58503981160010976 0.058528645421494954 -0.40524143912000876 -0.25479755207084076
9 433 1 0.35262870650945133 0.2463629961708991 -0.60683675284425465 0.66836174700577367 0.58020151711480461 -0.67036174579899055 0.069052301737061353
8 388 1 0.45955812828328335 0.28367278394349216 -0.52176886432828595 0.66037362954321932 0.16110017976080482 -0.85494913158720465 -0.085934846007120674
7 346 1 0.49338046789998069 0.22222305697510361 -0.53446551418740618 0.6492605339829518 -0.048062956028324458 -0.32016640659986206 -0.1517484795905763
6 301 1 0.30815301228019526 0.32138310685813465 -0.64537818143790826 0.62067835677809247 0.17593002681199821 -0.041292685495480139 0.12262726174220638
5 259 1 0.23896516081341476 0.35943532100728764 -0.68078424291312301 0.59180631673801265 0.55452071801387026 0.40291268649360784 -0.083217921943217338
4 214 1 0.041314068625468686 0.55653428593108201 -0.6766634563429581 0.48030126292441955 0.32733836424266483 1.2104201725875001 0.12681629621222687
3 172 1 -0.046188867151119327 0.58492128125773613 -0.71467766018597889 0.38074863796762215 0.072195476580711779 1.3263797710880507 0.41744486661672453
2 127 1 -0.0095249168769739618 0.61777087121223806 -0.68533451999380812 0.38546727791735547 -0.18148963269105961 1.0968039883242686 0.30720849193649913
1 85 1 0.13189717138301754 0.53695943880085095 -0.69031010575597751 0.46663653431231189 0.014766656045691906 0.65025643472552452 0.12427511878690703
0 40 1 0.27226320750847743 0.44614653676053445 -0.64856022684381343 0.55334947883781194 0.047099205123295081 0.24462245153333187 0.14897532339582728
