19 868 1 0.5185452304880297 0.39715662546915526 -0.59104587162963906 0.47333100090066954 -0.65006696575670841 -0.40521228325949232 -0.29441209779849659
18 823 1 0.43526038947892487 0.44376135750558576 -0.59545709534217217 0.50897455588871809 -0.66262514811208861 -0.11629958901860452 -0.22709564510182187
17 781 1 0.18743874590638016 0.6401859464894174 -0.65819259353936577 0.34901458459556611 -0.7144849412455021 0.49545038990077445 -0.12098627061577368
16 736 1 0.03667794776124432 0.74358399166381206 -0.62245826210122945 0.2414193186786272 0.050654163501636554 1.2083939262863275 0.36021116432933231
15 694 1 0.20197124679367975 0.71415363718097358 -0.66829651535297641 0.050714549557910771 0.044641259569945087 1.4678916065692846 0.36743109305926641
14 649 1 0.0086704496842463282 0.71075634969363688 -0.6799606184185979 0.18001053322583013 -1.044832131928729 1.0808122681124335 0.5523861411144968
13 607 1 0.16491976654882951 0.61529135524285827 -0.66949149006683784 0.38209836886981285 -0.84439343033875958 0.6461411210654453 -0.13132673093869629
12 562 1 0.39073365497268003 0.40609406412164278 -0.70382953593442221 0.43247983340636076 -0.620003737636041 0.15466280139351449 -0.25914071394446697
11 520 1 0.43599870865791679 0.30367218542001961 -0.67511427871666285 0.51177049594885649 -0.5499235158620942 -0.072694396525572746 -0.32983273719064665
10 475 1 0.47393668679823475 0.33320428063406715 -0.56657620270783271 0.58596103180929948 0.061501598346352195 -0.40805105948695419 -0.25485044387376088
9 433 1 0.3515686983955717 0.24612874830359291 -0.60730999609705438 0.66857659113039991 0.58352079407518509 -0.67264222380692074 0.069362272960552473
8 388 1 0.45856465574289423 0.28350113457648707 -0.52234483524286701 0.66068255334339465 0.16317771167384845 -0.85793393232213133 -0.086318121013981355
7 346 1 0.49229689175574465 0.22220548305173526 -0.53506688821107951 0.64959365668815605 -0.046626218350563062 -0.3213075426120619 -0.1524163788327923
6 301 1 0.30686083932864411 0.32132468441779327 -0.64609352706043088 0.62060456553343046 0.17822971283450076 -0.040384786026828254 0.12266127628105586
5 259 1 0.23791230418203932 0.35924763548317368 -0.68166680215755826 0.59132837134271687 0.55748097385193529 0.40493387192897318 -0.08452791711994552
4 214 1 0.040648851749165382 0.55654619909479552 -0.67664040346211574 0.48037668920050208 0.32834329227842962 1.21330432089758 0.12532324699793779
3 172 1 -0.046637197411735797 0.58476517705854603 -0.71465484984596639 0.38097651516714948 0.072878706137626328 1.3298282006667639 0.41597370984447629
2 127 1 -0.010409067678475744 0.61741288122947358 -0.68552025997095523 0.3856876437887774 -0.18077069967135584 1.1000506141110362 0.30617127499754426
1 85 1 0.13081255877420023 0.53676531615687706 -0.69077498791290515 0.46647720835200523 0.015971533248194093 0.65256888757537435 0.12415055506588124
0 40 1 0.27100522058776733 0.44607651808234672 -0.64932158519701777 0.55313053561246939 0.048754663618382696 0.24658151745056744 0.14906033735760463
