19 868 1 -0.59141648383181467 0.6963722929486228 -0.25888892782037004 -0.31347838094118985 -0.5589786899692214 0.90751077845201589 0.18916059465841625
18 823 1 -0.5946553142266876 0.70893638620143107 -0.31669822011874599 -0.20855813327519296 -0.39605276178632454 0.86503074194807594 0.01707448761883542
17 781 1 -0.42251681370933258 0.74510212114250352 -0.50996371529677931 -0.078989747958584502 -0.1141605029869518 0.57001736788706736 -0.2776947103514471
15 694 1 -0.22896082676282012 0.67715168949563442 -0.69763080412396938 -0.0485158773870763 -0.50604260570860737 0.33838832502633809 -0.65735849245637334
14 649 1 -0.34413969894278851 0.61488892952138186 -0.70488789913697281 0.081317412734796077 -0.20266828693800129 0.10903056978523504 -0.69098946158479191
13 607 1 -0.19998731981770107 0.61016018930442106 -0.73177387291244411 0.22850954952221941 -0.44556466417738005 -0.2636520917053779 -0.59699721900520064
12 562 1 -0.15197813574012803 0.65312187914968511 -0.71554874123814971 0.19576633046936043 -0.51737350877047217 0.040399074837013924 -0.46908509348350425
10 475 1 -0.53016185243284586 0.63206958294714255 -0.54960489586504169 -0.13172285670746603 -0.6195311061274178 0.90204013966569507 -0.21904312411611815
9 433 1 -0.45000093714582518 0.65129104850707509 -0.59767782617253551 -0.12688712623472223 -0.29078309483257692 0.96622200591403662 -0.11375500327628582
8 388 1 -0.46284776277438511 0.7511435145906129 -0.46623410627674272 -0.064661635670119261 0.18689391552576595 0.69836260381599191 0.11224510547889115
7 346 1 -0.37579223224305475 0.688225724682203 -0.61533517877434851 0.080549164081194585 0.5395775305334839 0.16325291236364051 0.24830433677692715
6 301 1 -0.34825889393589882 0.62123212060736965 -0.68374628123292946 0.15898873551404433 0.47988411630624378 -0.078727608912564861 -0.015415082689550332
5 259 1 -0.4392120824221214 0.67537135496332723 -0.58563671551672225 0.089419891457153566 0.40739854869858921 0.37709090963753961 -0.042636991730930336
4 214 1 -0.52177327093573012 0.73844237891094011 -0.41745884387276944 -0.090463365169506427 -0.20635740165287519 0.6742671241809014 -0.046107156604342198
3 172 1 -0.5242524655173042 0.70648579041337189 -0.4592574764825626 -0.12296239521857739 -0.34900429831684843 0.6665179614526805 -0.091433633729984781
2 127 1 -0.44167077804264976 0.71125964275478948 -0.54506348113480108 -0.044073188502106113 -0.19814729248321264 0.45995362618863667 -0.055891286723121908
1 85 1 -0.34524787401818535 0.69538391446623338 -0.62688408154501019 0.065279899609378231 -0.072310382322321329 0.26622045516688125 -0.014114726035453915
0 40 1 -0.25755188285169972 0.7123844060017186 -0.64746823746734761 0.083428815142307766 -0.011990186490843418 0.045577353323400772 -0.00087718783138772155
