12 1610 1 0.01132152457244716 0.63626643732712218 -0.74952577504808493 0.18234022142954212 -0.026752097577256724 -0.65568579757858747 -0.12234493670670521
11 1482 1 -0.0098777609164511938 0.65370404848797414 -0.72567250074472311 0.21441284591322787 -0.083649905631709043 -0.69477546834521786 -0.11255180986752779
10 1354 1 0.042061266303102203 0.66196454885435141 -0.74499234048640295 0.070853359508396913 0.15326306224539232 -0.52995570280698512 -0.098178684442261008
9 1226 1 0.045331657018779711 0.63173015899583729 -0.74582960995901071 0.20639825579547882 -0.040756661020594005 -0.47637385713293362 -0.046711366391089242
8 1098 1 0.024859395480136239 0.6004873572177214 -0.75986345222641738 0.24779927007275512 -0.086489180679731534 -0.39178042493812121 -0.075960425753710439
7 970 1 -0.069282535256875277 0.65216520644569953 -0.75486395597815026 0.007802677427338027 0.17829805097489043 -0.24007635843223343 -0.099338584327983884
6 842 1 -0.29009834620692154 0.74527158473904864 -0.57553599914230757 -0.1707967452846276 0.28217777361352486 -0.2687110078910856 -0.31634573798240506
5 714 1 -0.072744219937547969 0.64124448251957034 -0.74487971365626149 0.16931628476685812 -0.12692350686536349 -0.36386188442734818 -0.018792466469082496
4 586 1 0.046018678856292551 0.67376930771882693 -0.7254769287002627 0.13266660128324742 0.002943034921185435 -0.069720785076189826 0.048059009151443899
3 458 1 -0.23202795330396728 0.793820062451428 -0.56212096636240227 -0.0057233304100089829 0.20173468669356159 0.20474509578805208 0.1774210935254257
2 330 1 -0.2668369630187305 0.78047457650604213 -0.56364052927919761 -0.044348893430624578 0.20522590539872024 0.35677461361647894 0.2104852286584506
1 202 1 -0.24909845481029458 0.74389142864683078 -0.62014105794366992 0.00075528101181091879 0.082458303788013096 0.11210244627669999 0.082661782202887488
0 74 1 -0.16548492259736358 0.70300062459024426 -0.68376109594043666 0.10428626897633372 -0.031101513958465672 0.0044617977190893185 -0.0084503041394473708
