109 1693 1 0.13424357932612868 0.69384668232563751 -0.66248252026635768 0.24833918977267616 1.2555601354766717 -2.0878816625421242 0.45880978746566825
108 1678 1 0.071980248102741493 0.67166855206368725 -0.69737059458505068 0.23948789919290256 0.97098565118809421 -2.3198263279483013 0.20477999248530404
107 1663 1 0.037876547951390553 0.65852451905429521 -0.71382619186020313 0.23529341838214735 0.78904532038046138 -2.4248505837790106 0.016249704997300576
106 1648 1 0.061419413548493805 0.6628298021386444 -0.70837216109923296 0.23471938653593968 0.68252584518754811 -2.4691624304629474 -0.0010796637014811093
105 1633 1 0.074538050743731168 0.64674686371611045 -0.7233100835296431 0.23018491768367597 0.41224560723658082 -2.5115946086947711 -0.067296323000166094
104 1618 1 0.049189047173589989 0.63969802066685122 -0.74144928578121128 0.19651930339688753 0.19045216731652451 -2.5712052788806448 -0.35918337022482499
103 1603 1 0.013563483255700217 0.62970579396815418 -0.75132966491897402 0.1969527343746518 -0.0035966926164470222 -2.6015142746958309 -0.54335174434151146
102 1588 1 0.0063742590840236762 0.6482798330969769 -0.73315743017185098 0.20536019430428648 -0.061145967773643922 -2.6805356225570147 -0.55257921053064818
101 1573 1 -0.018850655989834472 0.64769559954317235 -0.72664430679688452 0.22830487182896206 -0.25372246804773935 -2.689595806584876 -0.64441086276260773
100 1558 1 -0.041560059416640344 0.66624204470918713 -0.70565594721975877 0.23757942561676576 -0.27294621600611102 -2.7357870336674881 -0.7276565294884435
99 1543 1 -0.03999008007209396 0.66175566241279549 -0.70287137402170707 0.2577829869119897 -0.35520949223547055 -2.6764383894309494 -0.69202918915806555
98 1528 1 -0.047479492678629484 0.6643410365463559 -0.69764203812350389 0.26399293850096972 -0.29816231842019619 -2.6836691226804139 -0.69624324232794299
97 1513 1 -0.056705728083042771 0.68100018126999673 -0.68570594323910894 0.25066027391544821 -0.088112386753601307 -2.7314117060353191 -0.70812314477174854
96 1498 1 -0.01760844422960476 0.68626782832448419 -0.68752388319464419 0.23672203221408492 0.050155523211187686 -2.7692865849543442 -0.49110641917165904
95 1483 1 0.0095739977126378089 0.64899320289993878 -0.72542579102300153 0.22907113060386056 -0.14943292116861209 -2.7292833971105313 -0.40274859736078972
94 1468 1 0.009498724670572202 0.64778447615437751 -0.72996884454335043 0.21778551990221268 -0.11406230426991811 -2.7147269478535554 -0.43947817410702755
93 1453 1 0.013225276181906149 0.64335682871215083 -0.72321481358342976 0.25075369674810721 -0.030812009289565453 -2.7044898979449381 -0.28166729316642231
92 1438 1 0.027027207333481518 0.62119026419568946 -0.74504738636476353 0.24144684260366037 -0.12355521759014912 -2.5995008165744529 -0.27754050103521
91 1423 1 0.018654257584749648 0.62560295832421831 -0.75086347113706131 0.21089572049226449 -0.0037843221138719597 -2.5110075388555138 -0.43059704526275738
90 1408 1 -0.033060997297274609 0.62874830723778807 -0.76281176259679706 0.1473117491827908 0.14051740009742855 -2.3776198406821085 -0.82313048685764789
89 1393 1 -0.029161479911701545 0.65453435301088625 -0.74675503775988139 0.11441722946400136 0.37373138904958947 -2.2939029840550331 -0.82414492599821632
88 1378 1 0.0042224314356867432 0.66259141233036156 -0.74199929533909126 0.10194036048160557 0.53094869199603445 -2.2314409976944103 -0.64708839208785118
87 1363 1 0.036388329389589968 0.66390896732574156 -0.74200074906261571 0.085648473303496064 0.67330076704141484 -2.161660409974612 -0.52183128550286306
86 1348 1 0.084179533954830799 0.66757937446379867 -0.73637431346496152 0.070742174992556278 0.87611207545632841 -2.0550415046291151 -0.36697750649199795
85 1333 1 0.12424170822559943 0.65904653162411386 -0.73971095895183858 0.055221049410190695 0.99573050267593677 -1.9098917638885968 -0.26725306696640266
84 1318 1 0.13662322066904203 0.65533403816546176 -0.73859139373757132 0.079712904178425747 1.0217371229987158 -1.7978930957473171 -0.1639640419504248
83 1303 1 0.13521437727487648 0.63488893610001373 -0.74984105292046799 0.12795118737661171 0.86605899030587152 -1.7027527900581745 -0.04379813227774524
82 1288 1 0.14083476921274887 0.62232939030072398 -0.75059519675911579 0.17169318085138097 0.71092719611804467 -1.6034515899621513 0.042177158156531655
81 1273 1 0.13810432435215955 0.6149499227310854 -0.74515729374101602 0.21795503140058486 0.54058570824553465 -1.5571708339086667 0.12471184613020744
80 1258 1 0.11124779400940628 0.61140135604371793 -0.7440294215991331 0.24542316506557196 0.37619040827887001 -1.6353056682020468 0.09648648140253685
79 1243 1 0.07521209484471722 0.61331191324457723 -0.74844105917852166 0.24088922515770247 0.24997818827468279 -1.7749119522949282 -0.047104423190311911
78 1228 1 0.074208978592998076 0.6249484997785516 -0.74481796605033546 0.22176248007578528 0.041519077583897779 -1.8896653788669067 -0.1293165256612121
77 1213 1 0.034816549628881373 0.63504021675036881 -0.74094197920513061 0.21567733871032471 -0.2203546609393284 -1.9941451635817273 -0.24150550500798501
76 1198 1 -0.010152926919901589 0.61708877430320563 -0.75558101867774774 0.21953516100575385 -0.52064385163426807 -1.9721830055261806 -0.34992646552761397
75 1183 1 -0.025322278816055845 0.61888065179915663 -0.75648565392954725 0.20994041160052648 -0.58344980505236732 -1.8000881873738788 -0.40632918948960245
74 1168 1 -0.056031674232568211 0.63335266578541194 -0.72662082907622061 0.26028258293207729 -0.42821373404540952 -1.7732380626431574 -0.43311205659080176
73 1153 1 0.031550057442747304 0.59086834209017713 -0.75301593154599045 0.28783016351468127 -0.6540612255925955 -1.6192180271309853 -0.18950360067211497
72 1138 1 0.088731672155138525 0.56468030558701499 -0.76271772123572268 0.30253019775172163 -0.73530571881104223 -1.525165433208802 -0.035468540573283552
71 1123 1 0.094852709234022989 0.56864198453677461 -0.75784658661689674 0.30547963618899854 -0.57591633349101834 -1.5297888610226049 0.0084791302438519903
70 1108 1 0.076947782021222724 0.58810103520367762 -0.75461521892508687 0.28066364673933053 -0.3395772792130699 -1.5709603438747424 -0.1049654506539551
69 1093 1 0.031241687097982328 0.59909415157691437 -0.75888167497098047 0.25339447098713214 -0.089634798191715548 -1.5876529357051492 -0.32193065223702017
68 1078 1 -0.019528916810359759 0.58589889688515429 -0.78083987960059964 0.21594023817319311 0.074960243032565113 -1.5790646830101209 -0.60516402161231198
67 1063 1 -0.023281679482466417 0.56751121711151364 -0.80133201015458388 0.18776578856303391 0.19436162552164857 -1.5738656348240476 -0.68391651253779817
66 1048 1 -0.0094706694180365404 0.60786851554873744 -0.77954279917659774 0.15072889065226658 0.42714158081067877 -1.4940673778690301 -0.51204312995828238
65 1033 1 -0.062456168916374323 0.63571203647938079 -0.76234498726435684 0.10392090276953064 0.61242799109668489 -1.3993582838957965 -0.47031323399675012
64 1018 1 -0.071699419464404113 0.64187456117057451 -0.75924990630245592 0.079973875423554303 0.68778600545873625 -1.3567583102693985 -0.38710403628766094
63 1003 1 -0.082774257951571423 0.64180423750795834 -0.76000323166104511 0.060256375614221508 0.75292190559499561 -1.2466347564195299 -0.38619746438550301
62 988 1 -0.056456951240063696 0.65070676863672494 -0.75542960960599914 0.052148047303383134 0.81282534519301664 -1.1426541039702216 -0.34530627249296009
61 973 1 -0.049776889371564825 0.65223373551364483 -0.7558268585787683 0.028968524183305727 0.8705152390130162 -1.0188442319552917 -0.37308993261864781
60 958 1 -0.037242627776337141 0.67886233668603246 -0.7333175144201568 -0.0020826785966351997 0.98956242156908703 -0.83229813099482675 -0.42084492631571679
59 943 1 -0.060282033813410282 0.69458179283266297 -0.71496286521283281 -0.052443405985321143 1.0724141459240846 -0.70855428052257552 -0.54035716921705967
58 928 1 -0.10245697316848726 0.71147282537403811 -0.68735862574022111 -0.1041494456247877 1.1596379578756666 -0.63282765518903528 -0.64545597286489742
57 913 1 -0.15665243701142648 0.70550287211736629 -0.67050752822092485 -0.16776580703943691 1.1928159814807764 -0.64513307602754655 -0.81416112733509349
56 898 1 -0.20239690816097081 0.70027492830022442 -0.64972011497908544 -0.2156717147716859 1.2109593618676497 -0.67540478580929997 -0.99065880286653463
55 883 1 -0.23658239112915641 0.70813233684878374 -0.61818595854163938 -0.24581189226448441 1.229909027419904 -0.65654102399372061 -1.1582107133548645
54 868 1 -0.28968579684550005 0.71236112606246305 -0.59620905625583143 -0.23056132897677667 1.2149919815084365 -0.68660942834851191 -1.2714118828206171
53 853 1 -0.29084743328513796 0.72948395767244378 -0.58878488010921637 -0.19129372965356212 1.2185211270799809 -0.83926009944596169 -1.2710799884034332
52 838 1 -0.27243149784125043 0.75424901490934626 -0.57674153656459004 -0.15575205453980367 1.2654059299627598 -1.0171874203242908 -1.2200484800060165
51 823 1 -0.25234459741771348 0.72388555001318056 -0.6370118706334712 -0.080794748023946095 1.0021920932481019 -1.4349820633613792 -1.0673497591847072
50 808 1 -0.17050691208104451 0.67712316477576517 -0.71556221490442629 0.020058146916177317 0.45063741619059217 -1.8645514461354511 -0.61518111566657874
49 793 1 -0.14837783429957943 0.65580119343150689 -0.7375772732628012 0.062358471345823216 0.20295675820763026 -1.9686476912151649 -0.4067956226959083
48 778 1 -0.096051124236779764 0.64371897217639595 -0.7509595640311334 0.11162347236663467 0.05404663574092021 -1.9876118633118205 -0.12606836953317141
47 763 1 -0.054563088426626362 0.6283510802494745 -0.75770041520839404 0.16759436184935789 -0.13707995184093758 -1.8290252716809285 0.019435427931335063
46 748 1 -0.067642755306827299 0.62433131902740058 -0.75802973319794653 0.17614137879515132 -0.28506058500749099 -1.752823490227766 -0.082419146887388439
45 733 1 -0.06269376796428329 0.62668717941523167 -0.75733536105032195 0.17255671971210004 -0.34731473802515878 -1.6388282444057227 -0.094507581695604539
44 718 1 -0.051153560950788525 0.63410342811559706 -0.74931918116490925 0.18389377475176136 -0.33920522099848693 -1.5019909709979311 -0.037444587564322396
43 703 1 -0.032503932077344942 0.64881764339347303 -0.73896935919275619 0.17861535822851238 -0.28576207601621201 -1.3879457485159925 0.023934420323669093
42 688 1 -0.052732485577679157 0.66863510736291076 -0.72236105401026429 0.16834751502700909 -0.17348313923927569 -1.2943026574634371 -0.033539744499810904
41 673 1 -0.047542421407337623 0.67427926204928612 -0.71837867629534957 0.16437540077864224 -0.14290474629103594 -1.1699454723792428 0.009914074800465536
40 658 1 -0.038483327845586113 0.67729792871256511 -0.71941826373990592 0.14907686284952623 -0.12338795363924869 -1.0203058700815149 0.050983302666660346
39 643 1 -0.02904478826792679 0.68112153047295676 -0.71707002141045173 0.1450532502050989 -0.096300487382613043 -0.87417734742802045 0.092170603075877211
38 628 1 -0.01326628415935029 0.68207643069190893 -0.7160663716644593 0.14779952560980902 -0.06309155088651297 -0.72424695925749794 0.13286335825648157
37 613 1 0.023164915258557687 0.67952037028479328 -0.71447505524976862 0.16504801875491232 0.0047273038180750855 -0.5592316692881012 0.19507574576582432
36 598 1 0.058414614311457218 0.67197393810679618 -0.71953598191502266 0.16524748128086975 0.1000167720450056 -0.40810053739979163 0.22249328156736869
35 583 1 0.070729237423655333 0.6753820398785324 -0.71870313278627329 0.14940643261311398 0.23675614354768026 -0.3019546815434509 0.20813440922405146
34 568 1 0.079279547447443283 0.68260690718470229 -0.7132018352731917 0.138223390868603 0.40101191687136639 -0.22270325185030962 0.22016619771031903
33 553 1 0.050056548855690171 0.68672538718087106 -0.71518022354547461 0.12008260643151066 0.52010572202819716 -0.15053794209371052 0.20941900440075575
32 538 1 0.003948184738234631 0.68966710369119066 -0.71523414629898696 0.11306552919186354 0.63084318386311866 -0.079209079566370619 0.23615759806869954
31 523 1 -0.047998581939406586 0.70233950015273516 -0.70346601883662074 0.097728823788927832 0.7163411051855193 0.0018652089678304403 0.26991801889131106
30 508 1 -0.089441321162395074 0.71324970704472634 -0.69031037965900277 0.082138207944775998 0.8199042679755133 0.13641712765231825 0.33568299440699628
29 493 1 -0.11650651804699282 0.71762182277313313 -0.68225914931727205 0.077250267994381491 0.90993157820753812 0.29991938615294905 0.45096473352069127
28 478 1 -0.1539507934018095 0.73119916910489957 -0.66122196470143813 0.066576585280626127 0.9440593170610404 0.46024594884966008 0.59148288306525076
27 463 1 -0.19923451305975262 0.77813611976832364 -0.59443353800639243 0.038191056687968683 0.94972794335378308 0.73058512132159203 0.71208612175813524
26 448 1 -0.21830274263693555 0.83454681020715049 -0.50530678582697952 -0.023250512413052642 0.92023458713562123 1.0818602955624832 0.80165079010796347
25 433 1 -0.26456267856676413 0.8644528505372604 -0.42608075090656178 -0.034395523175034255 0.6841420541793205 1.3361095370505052 1.0083595251681194
24 418 1 -0.29185204993442243 0.87553548825693595 -0.380700844254517 -0.057678912400131399 0.48223027281088326 1.4858629475036251 1.1437079711654743
23 403 1 -0.30719335675095594 0.87450276024022733 -0.36306513855601219 -0.09518859735077323 0.40608481934423579 1.5478396574565589 1.2323815945467991
22 388 1 -0.31114302446661685 0.86883366291086628 -0.37487284779858804 -0.088252096303884461 0.36708112648029551 1.5944592625253975 1.2623536894982303
21 373 1 -0.28891612019423746 0.85956125213632584 -0.41686958864705298 -0.062463392310831777 0.44565457759229077 1.6904905491224955 1.1948711278753739
20 358 1 -0.2761015557825483 0.82353873841613745 -0.49322142265118246 -0.047796500503248546 0.73760956845840664 1.6358243263562298 1.1148867194586491
19 343 1 -0.26538598556600868 0.79904625018667541 -0.53886359426710129 -0.026858806773802209 0.89316682916944412 1.5117509662071407 0.98870276897688714
18 328 1 -0.24520333392117155 0.78362297924397672 -0.57016768191827361 -0.026817269262165787 0.96853947246089933 1.3816703151302889 0.86036694369849898
17 313 1 -0.24309276317178002 0.76596215683246771 -0.59429091615133955 -0.032034196947391819 1.0174279449043953 1.2032124501276253 0.79885521944486415
16 298 1 -0.24581425940718904 0.74848239804875605 -0.61497251137727094 -0.034033218090728658 0.98309813599208506 0.99848648637153714 0.751202413966643
15 283 1 -0.23612242701501479 0.75166765489237675 -0.61562797476038955 -0.015624747727714113 0.89826101955663396 0.86148175897189838 0.66307104204186362
14 268 1 -0.22792650193339734 0.75544118058547083 -0.61286694964470201 -0.041859699296984298 0.87261097630594719 0.74137342489977653 0.5694404838154874
13 253 1 -0.22197865091016539 0.75397038456402055 -0.61801114720943284 -0.017786502336539778 0.78114314105448046 0.65860168918084983 0.50208605443632692
12 238 1 -0.22657589466740322 0.75328952912199443 -0.61732217036032921 0.011471148697609613 0.66680409633417914 0.59175919556370937 0.45999269808518928
11 223 1 -0.22337934889613528 0.75200175619841936 -0.62012775336885695 0.0060493522732683047 0.61634593019208239 0.51247794195671703 0.43462898510115877
10 208 1 -0.22041277546150159 0.7468798106886021 -0.6271028143744396 0.018188375484718459 0.54009949360800047 0.46463682367681908 0.39628491309651581
9 193 1 -0.23038387252892609 0.75027791163588431 -0.61964888433762688 0.0064487773264112003 0.46293108059055099 0.40175467775681906 0.33736620212085355
8 178 1 -0.23301119378904911 0.7477694766349704 -0.62169560691425274 0.0064160521804270147 0.39276532689942184 0.35230553435014944 0.27788805357499724
7 163 1 -0.22321991515214396 0.74088000220995875 -0.63276690241812483 0.029592887811279674 0.32632019305112203 0.28009133079757176 0.22083463976445306
6 148 1 -0.20340556890971426 0.73651863863581613 -0.64399415548149341 0.037920933324976813 0.27858539919933967 0.18953894254218479 0.16120087534343155
5 133 1 -0.22132348177533712 0.72687306017747388 -0.64980200062172622 0.020708230032485824 0.24917982597430272 0.11076675668705122 0.093478710981826349
4 118 1 -0.21823881329405448 0.72910204215144103 -0.64839594622568308 0.019097890477797905 0.23333685500587897 0.04492393458307762 0.019098571441515218
3 103 1 -0.18731093700539642 0.72215320384879467 -0.66314802593036881 0.060366039738716369 0.19709543841038077 0.022494440418933691 0.00530580302980946
2 88 1 -0.16112056465975363 0.71247733454159734 -0.67460762086530945 0.10639910374936691 0.12518041254761858 0.010867713609750283 0.024220088172216075
1 73 1 -0.13983023507949752 0.70345274996634333 -0.68585390603122398 0.12331323328870385 0.063136929102354092 -0.00059026852833210432 0.028884289532978464
0 58 1 -0.11329133995358899 0.6924942252848979 -0.69250951239955294 0.16747356649550058 0.011517529509476413 -0.016677133749187098 0.03898915953400145
