19 867 1 -0.26550067607445604 0.72758684918625771 -0.58839458378397602 0.23220375033341378 -0.55318104975797389 0.89897120216868487 0.31230918014921538
18 824 1 -0.23551581854068193 0.66981572917694654 -0.63344885044399513 0.30760647268132868 -0.42241574933527648 0.87182492060720351 0.15310141230562677
17 780 1 0.032968446348560422 0.60233695622730299 -0.66668212010266337 0.43776503223031421 -0.089199769180055205 0.62984093448671996 -0.17233115707791408
15 693 1 0.29833403330886926 0.53896693158172915 -0.67144451748955014 0.41191468918243668 -0.42951432501002912 0.40754248352690431 -0.56878332278875809
14 650 1 0.22196060080457761 0.39778525132501452 -0.75525067944281432 0.47127146817936383 -0.14538618585606025 0.17575435550003901 -0.59014644853982501
13 606 1 0.3432624977635067 0.29923111814372461 -0.67641460852857194 0.57887379706871667 -0.37659722849386351 -0.18292140857984526 -0.52585356045892695
12 563 1 0.37162841355287318 0.35456422062768306 -0.63348994825962068 0.578676957502959 -0.45153790993639142 0.1170780522769739 -0.40272480102181557
10 476 1 -0.028191096045949229 0.56204952936166752 -0.76645294770295869 0.30960534169407006 -0.60180922280296456 0.91583341752140779 -0.071890136835686541
9 432 1 0.062308211013692959 0.57128483506671035 -0.74613434890154839 0.33620656961507661 -0.24726445772965946 0.9998361076839174 0.0089470720655397181
8 389 1 -0.039557731266754617 0.6075539796908882 -0.65843413143077234 0.44246789965577793 0.1644462619021663 0.7643365917064987 0.23294190338182011
7 345 1 0.13770246072677297 0.44654816678445219 -0.71424664923813252 0.52104173643129303 0.5763213634859955 0.22359287119955265 0.34613972090365264
6 302 1 0.20292056152465326 0.34698206155514355 -0.74113954604239807 0.53771634526163536 0.53278346787993791 -0.014702161891573747 0.082807139328859497
5 258 1 0.060045580201564169 0.44715564573568106 -0.7339575790242997 0.50769343995934457 0.41655537057181929 0.45624969369585383 0.069604882596201637
4 215 1 -0.10626503663033235 0.60213280537506719 -0.66605152554721225 0.42722264920921138 -0.19036411167524611 0.71283044034413856 0.073718735410922678
3 171 1 -0.074915037661853687 0.60475575021984507 -0.6974277009037243 0.37716418403700658 -0.33414140624945055 0.69487613621174527 0.031661368338845058
2 128 1 0.036214356481565457 0.55330867505947645 -0.7055192249380835 0.44133961269222 -0.17400936615325158 0.5225322392146593 0.050502925187168937
1 84 1 0.16917617565259416 0.47203744486718985 -0.69748500250017131 0.51193236225321159 -0.029344593001319121 0.3321008580248529 0.082719263981086963
0 41 1 0.24502130057124272 0.4698535109177307 -0.65675037473054543 0.53654560461898004 0.03433422378598195 0.13860463209717166 0.076823417154987111
