19 867 1 -0.25746773927343863 0.6392046731407548 -0.67929079402299741 0.25237227705128606 0.042239392352533274 -0.32945723809334371 -0.71244941029706987
18 824 1 -0.4558256970795363 0.77190120818607577 -0.44290644856160966 0.015011212655000175 0.28012170092815242 0.55850742607796577 -0.67602743834932
17 780 1 -0.29454892203863953 0.65828750328416308 -0.62621061881496121 0.29624104447081945 0.73812972526690568 -0.20778018106427204 -0.47274143402428959
15 693 1 0.11211060191979751 0.36430741989562315 -0.72481414966814217 0.57389525628552029 -0.34863814037388569 -0.9635755024619217 0.28454700554287349
14 650 1 0.039397380636971346 0.53540642776798619 -0.68707816278921963 0.48960331057077289 -0.41815227089150564 -0.89365903549445269 -0.14270390281471626
13 614 1 -0.079730358761130229 0.64273459450835313 -0.64092665742514865 0.41200525568957297 -0.37586383743447005 -0.56580306836949679 -0.41557532922318557
12 563 1 -0.17097427416562733 0.66498042213687325 -0.65718591774257606 0.31092684874267579 -0.51744370217986124 -0.33660095701120152 -0.56221683244554432
11 519 1 -0.55157628477630349 0.65207235060423596 -0.51886209643519809 -0.036706627912514271 -0.49979142464621756 0.53586404942012111 -0.6297073174533292
10 476 1 -0.55127477743767805 0.63141144487181455 -0.49606763802286391 -0.22656700013978845 -0.91266824792996926 0.75282768535541467 -0.34175262266751377
9 432 1 -0.50269682227456736 0.57480934023832664 -0.55613263769180099 -0.32803447462696922 -0.96661606590482052 1.2208662712134275 -0.039527376470579516
7 345 1 -0.50361647475622817 0.64081121571568234 -0.5043699588956887 -0.28520584974831809 -0.14044766153538824 0.94355470430405108 0.31081548467527897
6 302 1 -0.65884317696314076 0.6009406483417955 -0.27968070510646181 -0.35577339491706039 -0.18974644284617964 1.0372570932029443 0.72992201038343896
5 258 1 -0.69990132033153896 0.69347335432250645 -0.020673611973694862 -0.16972168515196001 -0.53086201082141571 1.0463207271201507 0.3236631548021674
4 215 1 -0.62512979477075847 0.67371620790716946 -0.34577157589182883 -0.18910639385894473 0.058556300617463711 0.79675766320088537 0.12409109398154324
3 171 1 -0.46321551695849023 0.66712674862793664 -0.57915587739173791 0.070368713194166502 0.29420101545217314 0.11408768734818456 -0.068904624230527123
2 128 1 -0.29597990344002995 0.63940147229966748 -0.68163797310603491 0.19731023186987695 0.14151233097930166 -0.36357199714599309 -0.24683217019098835
1 84 1 -0.11353284290485444 0.67515918737796243 -0.689593732891432 0.23607382073820002 -0.18822638559478863 -0.30414257071060435 -0.16763414285583605
0 53 1 -0.14573015445272106 0.70974225556368264 -0.67448277579967664 0.14178024509826978 -0.11602844733606324 -0.054369572964857928 -0.059439383237729647
