18 853 1 -0.31458782562236204 0.72041567477479285 -0.56071788556057189 0.26006000907762716 -0.51624295625662697 0.86579998263157476 0.2641167920297352
17 811 1 -0.15113372199820008 0.63728030015655812 -0.64385978544417199 0.39557173027798986 -0.28608988666096141 0.78359036287545281 0.036668172175378919
16 766 1 0.095984100992387286 0.5685210646188299 -0.67847848617929374 0.45523378085683547 -0.10789935022542654 0.61422173506820232 -0.28423529755856319
15 724 1 0.24047289008167858 0.54819635525855559 -0.71498101574375827 0.36118650631359983 -0.43396226912560976 0.52956211486553406 -0.54198896645064365
14 679 1 0.24378343686036208 0.48161311218198632 -0.74763920384972671 0.38685147919308538 -0.24441177512817519 0.45659996017166632 -0.52910404871617833
13 637 1 0.25534041317596917 0.38226298448901025 -0.70694872940498088 0.53749397957685396 -0.17726240458234888 -0.068493547628084475 -0.61042042203385027
12 592 1 0.36940289268359966 0.32527935887414411 -0.64032614682504974 0.58967556101605567 -0.41703197149307514 -0.090532260794857336 -0.45110290277918041
11 550 1 0.36374408680514575 0.37208984463036354 -0.65043930697793162 0.55332458356312952 -0.49601850027053901 0.2541072966125425 -0.41760183968929626
10 505 1 0.15243279604150886 0.53395142448137467 -0.73157019061438733 0.39555679135834276 -0.62916921876145171 0.77554659087653388 -0.31279623771715936
9 463 1 0.092134898951324817 0.55059571761376125 -0.70704779574557997 0.43409553173458643 -0.57481816524665763 0.91070563591768083 -0.33506082024079692
8 418 1 -0.011837003256873705 0.60866488056557377 -0.67369847641105418 0.418947862390318 -0.21505627177716594 0.90595539167398109 -0.019670518163549058
7 376 1 -0.015163098747362481 0.5127410912570296 -0.69955925381057027 0.49747713935509275 0.35689020954463158 0.62475574368349818 0.31107875580614086
6 331 1 0.15809743294982906 0.40292660257737728 -0.70471860009663578 0.56216283166709313 0.56157546280652515 0.12150746636509845 0.28026057329886039
5 289 1 0.18133085188339568 0.37141709704848991 -0.74982689398479796 0.51665084073523526 0.5282384865704729 0.081782932056264565 0.02751680883667617
4 244 1 0.010299948894780095 0.4857821151707859 -0.6925905882302944 0.53313030745567003 0.25000048299264871 0.57574649086585128 0.048059828744708981
3 202 1 -0.1113289212171604 0.63167605454676168 -0.65048041048778249 0.40677569861596419 -0.3334474817551249 0.73889705053432653 0.056404088904352223
2 157 1 -0.04700901069946864 0.55722044094961565 -0.72237405813681121 0.40678157926819669 -0.23274338566610184 0.65135247788934414 0.0048392003470896392
1 115 1 0.084935928911961361 0.51447857717733259 -0.71270233733960242 0.46920471007452308 -0.10984753467156361 0.4765126089395107 0.05225950927809235
0 70 1 0.20984977234107977 0.47553533170646556 -0.66915944169338359 0.5310883758281838 0.0079487953219600244 0.26033456261975274 0.10828356307193625
