19 883 1 -0.023046182332515968 0.57002694890495176 -0.81776841841390757 0.076111529000697661 -0.87627226971654348 -0.52034129764548354 -0.43142195412274037
18 838 1 -0.0052494815226001509 0.66714593442579573 -0.73668880533022241 0.11035555819262356 -0.77176565106017425 -0.50927367691670489 -0.27895735008677125
17 796 1 -0.25497847939914819 0.69143296327961457 -0.67502025394556742 -0.035413120406581476 -0.74866490812315589 0.20033686833900577 -0.47550427533331979
16 751 1 -0.39444264592079192 0.67303723111494396 -0.53904909703684167 -0.31758771323195123 0.092548444167858152 0.79871591292277799 -0.018257280217035175
15 709 1 -0.34665615186161819 0.60156618875175916 -0.52667756495204077 -0.49046750708213749 -0.08272496068004509 1.3318031118487739 0.30435997226118466
14 664 1 -0.41322274815361659 0.6117588210207443 -0.56171642270549638 -0.37346052773301464 -0.86049387536757316 1.2110086815932499 0.32321483128272738
13 622 1 -0.40933699378988703 0.67304366150211314 -0.58288375345596954 -0.19925357006580255 -0.88722898789295235 0.79380571514530907 -0.19381566583112494
12 577 1 -0.26763776923517368 0.65200546331349718 -0.70266374806641052 -0.097583592070777547 -0.86156626721233909 0.15512425573125577 -0.29277101288791146
11 535 1 -0.13524010384069121 0.52894804689709474 -0.81684618822775834 0.18624280596761186 -0.70260262625150349 -0.084641418383346101 -0.36555757356322371
10 490 1 -0.13444493486026737 0.59390287806273101 -0.76391929918969226 0.21361468873828135 -0.35281801212490427 -0.45660540838355551 -0.40958452106636994
9 448 1 -0.12809638906045964 0.67776694803090354 -0.69170536794753845 0.21393214629668572 0.54297051850225519 -0.68252915834175765 -0.19295829924138572
8 403 1 -0.10450323975281274 0.6478831838826663 -0.67869119965205182 0.32970397091646347 0.26707972333882973 -1.0346298004901695 -0.030276222684264092
7 361 1 0.044096699585065603 0.60292946066531972 -0.71480994235780471 0.35153704335953434 -0.19767784168812474 -0.76588998347521664 -0.085887772732147913
6 316 1 -0.17500956484203725 0.66828021951177163 -0.69984787227730694 0.1816209131461064 0.026807634263285113 -0.28940194368109107 -0.053033766633128226
5 274 1 -0.23812047259594563 0.61742640519749548 -0.71330151074523152 0.23083377019871218 0.37313425521084909 -0.11530901783860331 -0.18802850574164137
4 229 1 -0.41423153371737953 0.72748474185425061 -0.54324281470094438 0.063760733364644523 0.52144576217216554 0.79585554039726447 -0.21726499607964922
3 187 1 -0.50295782891778285 0.70961843624808607 -0.48251353062774915 -0.10322688616961979 0.19860961830398263 1.2716415435678046 0.15246304311183603
2 142 1 -0.53529709069678921 0.6912130050699522 -0.45185636453773831 -0.17750332994188683 -0.20217847754620455 1.1410527954912708 0.17422764382194242
1 100 1 -0.43525011385464624 0.70290656963716702 -0.55395063890247598 -0.098073352190933341 -0.058075572964285553 0.71774482827448061 0.034259140380680543
0 55 1 -0.30248620431820394 0.72024145287965902 -0.62029036876338883 0.070669683530796196 -0.0067653061357315931 0.2090742571076005 -0.067297938254687648
