19 881 1 0.27974340198665371 0.34367281015267709 -0.62341845095131099 0.64419101485519292 -0.30467122281142811 -0.38414820904638824 -0.62765413970898631
18 839 1 0.01443124382054578 0.43739751279083927 -0.67662950005377931 0.59215511030738588 0.38603188367224173 0.27094121574600571 -0.74900755248104145
17 794 1 0.089751523331915217 0.38677527644616772 -0.70694781172667598 0.58529850596465349 0.52425521379548168 0.046692074358871592 -0.57565249747770697
16 752 1 0.35051768605767858 0.038498783235273761 -0.6163249224218883 0.70412980724567242 0.62237774452966299 -0.84753824336656802 -0.1714600141669205
15 707 1 -0.64307410670996201 0.1836043213704506 0.38774568384092423 -0.6343488244775225 -0.51121518560013024 -0.95253297032648099 0.41559566439150025
14 665 1 -0.51785415735293239 0.066875114669492683 0.50394852509048527 -0.6880339198101727 -0.46837077933961707 -0.94006711881873095 -0.0060321764037014301
13 620 1 0.3478740662961235 0.098400459882387534 -0.49899091974075871 0.7875970070472631 -0.37419510860635169 -0.67591025205851263 -0.42253408188819314
12 578 1 0.34272054752823938 0.20856751670865292 -0.57222386423805449 0.71526363424432415 -0.47230163501665989 -0.53215151781157677 -0.53545845699725181
11 533 1 0.059415367527314369 0.48729434657477061 -0.70633916142922049 0.50999904208667601 -0.51732399685876285 0.18381878197439894 -0.8228216920767164
10 491 1 -0.13953994805861578 0.59812421237473989 -0.72296213140327747 0.31638866291908441 -0.89549005896383038 0.71353186933522628 -0.47879364225291587
9 446 1 0.024867857059691897 0.64413193102182564 -0.72977663192101683 0.22781947376238387 -1.1429676412207872 0.85474926281731112 -0.35378270074731594
8 404 1 0.05654856783495376 0.67003157377645339 -0.71882711187965131 0.17648663644940357 -0.99538622469072735 0.92765820217552997 -0.095987388780558985
7 359 1 0.0032784887096418006 0.67784223267469157 -0.70227199428821874 0.2175619570440066 -0.39561817914342251 0.89410494511386174 0.084749082612122412
6 317 1 -0.12542336382512129 0.67226887246503986 -0.69791649779685894 0.2126878111795375 -0.010478137041628458 1.01839566876001 0.37485921398062827
5 272 1 -0.4943899172211727 0.61995388851170363 -0.54963338134050899 0.26294283026060772 -0.49818780119889761 1.0670075662354253 0.46629010616857658
4 230 1 -0.38944037908569223 0.68135748355113568 -0.58274652415865358 0.21093757210953235 -0.25491150434083465 0.87178383759169487 0.31702695724941005
3 185 1 -0.072347946156541693 0.50506106964671771 -0.73676638928357829 0.44368274502879018 0.18655491498459684 0.277260692040456 -0.09848637283752143
2 143 1 0.22403993499476993 0.35900370774371893 -0.7015562669848695 0.5733596163038136 0.23144897931815148 -0.36017190267355531 -0.21997895467562695
1 98 1 0.36226076337319074 0.34142884136533791 -0.61424447464399679 0.61228850305515015 -0.25218380231999776 -0.42215441355964411 -0.25710663027779723
0 56 1 0.33899906123578316 0.42054412457816848 -0.60263270662132784 0.58741475694290501 -0.19215123953527771 -0.093098365453781251 -0.10803674392856329
