19 867 1 0.51880234469389896 0.396880672184662 -0.59088142429771451 0.4734860099372189 -0.6565393167922966 -0.39569113652027044 -0.27592701699119032
18 824 1 0.43535557497586713 0.44202374298879088 -0.59446544916729038 0.51155778140689356 -0.66644660575731685 -0.12212430657551078 -0.2162042483339201
17 780 1 0.16915597487177417 0.65449350127171524 -0.65655116405244629 0.3346118377159551 -0.71121049147475701 0.49226600323828468 -0.07616164005495063
16 737 1 0.035191374118444148 0.74412050169844202 -0.62237854288899719 0.24018991546499921 0.058708237459133714 1.1931160315116625 0.36959202785423989
15 693 1 0.20207734984183792 0.7069296125859662 -0.67498679079574642 0.061709802958805911 0.039821348299470712 1.4702343050324085 0.35515005331287708
14 650 1 0.0074170062437374333 0.70470934477890657 -0.68559210435208007 0.18246422621914435 -1.0318894640703167 1.0990097673272645 0.56256580732069239
13 606 1 0.16478994183357293 0.61372337984155001 -0.66827306516224805 0.38678029743642062 -0.85001636503553291 0.62651650390255176 -0.12202206930259604
12 563 1 0.38334442225660853 0.4044898503122617 -0.71107890800935114 0.42872112322970501 -0.62886003371537802 0.18554623481566987 -0.24221232253218758
11 519 1 0.43217956045964151 0.30504915261526544 -0.66867443306808205 0.52253262536486556 -0.55075204135521061 -0.084382272069880429 -0.32107940733043128
10 476 1 0.45726894137751273 0.33850532495792979 -0.58436484965498448 0.57865100251734025 0.037567127626068002 -0.38423470552822664 -0.26826247104267098
9 432 1 0.34706083119157277 0.23643420704756676 -0.60552215570498369 0.67601077220765682 0.57348841833087805 -0.6810238468283224 0.095618260763826415
8 389 1 0.44880479589377803 0.28436371652309977 -0.52506996989173371 0.66484062648563258 0.17958236607932263 -0.85573554623974157 -0.078004164618035193
7 345 1 0.48787815456794204 0.22713795758073824 -0.53689372900648391 0.64971407424723548 -0.044573501137034351 -0.29756795243847184 -0.14396264162974992
6 302 1 0.30080395052745723 0.32420803212452676 -0.64692582534752274 0.62120295536277303 0.16680032090654129 -0.039312454590197519 0.13116363501807476
5 258 1 0.22318947821177693 0.36081191570203786 -0.6851488838460672 0.59209139942028255 0.56073223360824576 0.43648816514743666 -0.059568713314595276
4 215 1 0.04100599005792141 0.5517521520389469 -0.67578566652419103 0.48703367893834154 0.34164430629543213 1.2035513154288038 0.12162986071294088
3 171 1 -0.052029803487823455 0.58673775799529226 -0.71653667070094329 0.37364007069971017 0.060204573012659385 1.3252123808212808 0.44796074204461178
2 128 1 -0.022421070849257953 0.61669727215535519 -0.68716723795379109 0.38338356404660118 -0.18992328155610647 1.1067772143574128 0.33300200247357375
1 84 1 0.12990174185112924 0.53119825631569206 -0.69087110353088554 0.47291761254707732 0.017258785025005885 0.6467245035539847 0.13413342501862044
0 41 1 0.26405069608734366 0.44720163863855084 -0.65016312566167089 0.55459519861303397 0.044560918760708022 0.25690188740924663 0.16380458095904038
