19 868 1 -0.034009899918173561 0.61428278671952807 -0.78541417041874462 0.068004158351395588 -0.80474269732854586 -0.58084690428912855 -0.36541323364151768
18 823 1 -0.097597694429584686 0.6725440583485458 -0.7310409345997656 0.061141896941446131 -0.77855474970710214 -0.30862089248057667 -0.32506941597289107
17 781 1 -0.32161699999303206 0.70364627811284208 -0.6041876404328026 -0.19079233674775672 -0.77929607392870381 0.37932772494558081 -0.32992056564436067
16 736 1 -0.40419923994232265 0.70404877082371164 -0.47489558629392958 -0.33972413050917388 -0.0042141640634904406 1.1491179722627993 0.12236293397539344
15 694 1 -0.27930914835635084 0.57528733157235101 -0.63678766527877984 -0.43073466905464508 -0.16312986814669042 1.3874113469455802 0.049518927834531545
14 649 1 -0.46352684374239239 0.63847518612928111 -0.49746758425590154 -0.36058051034684796 -1.1059099693218428 1.062128977716239 0.30863099960779733
13 607 1 -0.3432376587120185 0.70919866917435748 -0.5976804596316363 -0.14833484235919892 -0.89205719800022576 0.52148910692473993 -0.34381020743513269
12 562 1 -0.20465010094622246 0.59242295826638092 -0.77854570595346251 0.031936788239203519 -0.74914323905425573 0.0078690619823847917 -0.4076194214894252
11 520 1 -0.15208458283197807 0.57324670991757387 -0.78907116801735666 0.16007867140011078 -0.6857410464289283 -0.23943744712765355 -0.44710599371733206
10 475 1 -0.049650980040031482 0.64590314445843144 -0.7369580437350719 0.19296826146791818 -0.064984615618051689 -0.60910630221968898 -0.31696937049550805
9 433 1 -0.16646791358333907 0.64013216196082035 -0.68156714379659455 0.31302632072643372 0.50112043366619041 -0.88602808096561003 -0.01871400167687862
8 388 1 -0.030430942562507498 0.66174429249144218 -0.69421802886881234 0.28147784545725613 0.05425746830791741 -1.0726875916879399 -0.12180340836282935
7 346 1 -0.014766649868532513 0.6097808664852078 -0.72669317979154169 0.31601623908379667 -0.17945100994231189 -0.5256520573470953 -0.18357730504727357
6 301 1 -0.22576628134576646 0.66109667507904135 -0.67869583138881528 0.22661143144639775 0.11492654572164399 -0.2446514836880114 -0.0014529985128282743
5 259 1 -0.30030090751108424 0.66818042066559791 -0.65673305228593237 0.17904186220648702 0.51699463327745765 0.21515277261834198 -0.23909206541068509
4 214 1 -0.4387855609484565 0.73421166068167609 -0.51671860071974818 -0.037448050582497318 0.35175557813717839 1.0892588758598492 -0.092016521055532902
3 172 1 -0.52802060023896447 0.68582033460894143 -0.4840089122552475 -0.12876368749634204 0.099920417214944407 1.2694035421078231 0.17293421846891782
2 127 1 -0.48160789495486334 0.71272029935668157 -0.48805754113435851 -0.14793054770381805 -0.16557843055805754 1.0240057223286616 0.066733358066630249
1 85 1 -0.38340871538821303 0.71032491115002583 -0.58930432212985318 -0.034010196752479627 -0.00079925826959796782 0.51628801592507068 -0.085142250669098488
0 40 1 -0.2532973775994668 0.70485396851104298 -0.65623698127955299 0.091511452707114652 -0.0038500598504748727 0.057147773257655222 -0.0051799830344676544
