12 1594 1 -0.01079051171319057 0.64451296764168942 -0.74363404760419338 0.17746831447465336 -0.0609218390388142 -0.6675352054439716 -0.1593088113766899
11 1466 1 -0.01079361345178108 0.64872059619297506 -0.73062593276901788 0.21267541547881613 -0.080033712332255286 -0.68881135831115303 -0.11487285273571413
10 1338 1 0.096549711399356489 0.66208988622594755 -0.74178029499488474 0.04557553887026157 0.20441512010678234 -0.49015169604057462 -0.060896790681553639
9 1210 1 0.0085249898729174642 0.63745705180593537 -0.74421464743204058 0.19929974961889793 -0.12019688042336428 -0.50418456339857798 -0.073730206537700127
8 1082 1 -0.025767196358223669 0.60037085120399525 -0.7713945983479995 0.20938306105307419 -0.031802035039305766 -0.39317102945733362 -0.14651458863454805
7 954 1 -0.065610669171621713 0.67911688485353106 -0.72993719480155772 -0.041075399485832047 0.20995888054778428 -0.19153085908254358 -0.11684554206548224
6 826 1 -0.2792288041703499 0.73268782424080836 -0.60929004564540656 -0.11817557873048512 0.23886308295227276 -0.33982430508018352 -0.29887297375773597
5 698 1 -0.053099559690725925 0.65774245002542986 -0.73523165320808137 0.15488615921413951 -0.11294274111789603 -0.33700542542323481 -0.007558909552153022
4 570 1 0.058131250253956955 0.68473881690208005 -0.71687249726410218 0.11767469157716692 0.045891660675328273 -0.051579072496066296 0.048928598520114656
3 442 1 -0.24521194415033323 0.8484518490056413 -0.46551812614486743 -0.05738847092834698 0.17585816366238308 0.29703179049301315 0.20758238744034466
2 314 1 -0.26479913518093318 0.76567861623423783 -0.58359348719239146 -0.055102779926940931 0.21723466308636388 0.31160946453020782 0.19589418577214074
1 186 1 -0.25406588845606587 0.74929709254411536 -0.61144339225422928 -0.011889890521198839 0.066912228664362194 0.096505044245067229 0.066028755640270789
0 58 1 -0.13238478975686394 0.69632383368374984 -0.69068151896209062 0.14340999075802158 -0.043671276561579229 0.0030776783025985317 -0.008233812312349929
