18 852 1 0.51664652670746403 0.40373014421655301 -0.61215300539149331 0.44198080849982335 -0.58604777202065217 -0.29804798438370844 -0.27084218994669651
17 809 1 0.38561772189097249 0.48260211846169893 -0.6132852173038853 0.49221480072872981 -0.68179607600991743 0.088545975410170175 -0.24847410712156773
16 765 1 0.14372179118758754 0.66321683516961683 -0.69941743905040032 0.22428268376673344 -0.18339479726216315 0.75468857248841015 0.118865203526563
15 722 1 0.022411491873989744 0.78472209599334841 -0.59956229274374151 0.15567277928930323 -0.041980117526139366 1.2932844151609635 0.54084990385101628
14 678 1 0.20040783199113377 0.68682037961851772 -0.6800044985608773 0.16033823297722463 -0.34131237782603802 1.4058815871157138 0.27531126570177256
13 635 1 0.037244822499387473 0.67352173550453287 -0.7180989197882045 0.17121692789839843 -0.90483015973033809 1.0024677769333723 0.55409145118985881
12 591 1 0.23750485344916178 0.57676454961029711 -0.65710285745877295 0.42326107028693155 -0.80630588482657861 0.40486511854497681 -0.11845964989213925
11 548 1 0.33950247445014264 0.35959334503630008 -0.74026151695066067 0.45545974857251831 -0.55193763867808721 0.082259670711396615 -0.32184914514157664
10 504 1 0.3896724290177172 0.31546254928038592 -0.63412310222038015 0.58866515889370741 -0.40643561687420598 -0.22623405449996181 -0.34791515861800432
9 461 1 0.41816970580918267 0.36314897238184829 -0.56025640514683173 0.61592993229215498 0.47029916509308295 -0.40176539632683772 -0.21884211802345818
8 417 1 0.37698920297939792 0.19643059051997999 -0.58253845291200723 0.69277926847143423 0.45899840490742633 -0.74776104297306234 0.14275586140121263
7 374 1 0.47499484929539676 0.23840519106113725 -0.53606377469438116 0.65587993373662368 0.023535593537197801 -0.72886551544323119 -0.12962787737043796
6 330 1 0.42143794697456555 0.35621349284225429 -0.57247209430176615 0.60644678712376265 0.020503591620931835 -0.12483657288101156 -0.042245915913497245
5 287 1 0.30769250643954982 0.29217191731568609 -0.66250262874899146 0.61729341411819671 0.27697404083535515 -0.011951683428071447 0.09902807799836244
4 243 1 0.13642247404973329 0.40901044988612961 -0.70931590513180087 0.55764711707777159 0.56826441082696133 0.7016682934466536 0.0049983678369435423
3 200 1 -0.016326213909643277 0.58701050656304243 -0.68548782095542193 0.43041673671659708 0.19747209532817109 1.3525198527574307 0.36210906928390685
2 156 1 -0.080004978308321303 0.62701056927713572 -0.70383986311403979 0.32413947083355488 -0.1503433479030426 1.2559643115351999 0.53165941638661152
1 113 1 0.048810636982586808 0.57904285498113439 -0.7064427968284227 0.40406121890362973 -0.074321611250840164 0.97273786840854293 0.31985170340362784
0 69 1 0.17008910363381852 0.49721633880981364 -0.68372123024683928 0.50633080940760222 0.046728340247527755 0.54489234132038045 0.10441784577066072
