19 881 1 -0.22247391861212154 0.68565712415531122 -0.65305878411579854 0.23215057208981893 -0.5800317369490221 1.0051210591214315 0.28793320756226831
18 839 1 -0.30587234413075609 0.68134148856443932 -0.6104189434056958 0.26382683447334249 -0.48765755812883521 0.87337577896201934 0.23891375133405346
17 794 1 -0.061054739621940163 0.6158591356995966 -0.66434085827915468 0.41909553536867822 -0.15722133254946266 0.68723785356303013 -0.077009362183332819
16 752 1 0.14829602289542332 0.56287402213138105 -0.68865029589562976 0.4323677772058222 -0.23637097942726501 0.64145942173500792 -0.39787023359345658
15 707 1 0.34890582196977749 0.47890706560015811 -0.69018987574719459 0.41539220663116916 -0.50687072903485031 0.47510584328005767 -0.55931880051270033
14 665 1 0.18380828473585883 0.42793524964825175 -0.77959996193144465 0.41870017426249068 -0.12278564025924013 0.41938646543870906 -0.50530957072387783
13 620 1 0.31302215667958594 0.31616523681311626 -0.69148975658184375 0.56912089137629562 -0.28181402845489351 -0.2045224154293081 -0.56721741989607088
12 578 1 0.38061765405644243 0.32554134196659679 -0.6393525669665352 0.58342208666150086 -0.4261416358018319 0.037419895554578031 -0.44245320894818746
11 533 1 0.29739688289292904 0.42472300328661633 -0.71447496556470558 0.46977759429976984 -0.49296255078471968 0.50455819617627584 -0.40557419531164807
10 491 1 0.092862961355008156 0.54663867641895925 -0.73134364571531807 0.39711345950890914 -0.63398598899266834 0.83117637002136302 -0.30681877165670934
9 446 1 0.12513220673544301 0.592727305266463 -0.72115606791877462 0.33608064230628804 -0.38966653431833914 0.99476556817477069 -0.051037246966955364
8 404 1 -0.036955862757676233 0.64020673594359045 -0.65093569699629772 0.40626631393241786 -0.098290795470977146 0.84999212657884726 0.12622721175073923
7 359 1 0.075135936529840602 0.49861327386965698 -0.70811229384863028 0.49428369734717881 0.50600538609301815 0.40579819060714184 0.35864705059419522
6 317 1 0.20663218422657154 0.33842591790935111 -0.71558624938346005 0.57507161138616658 0.5290502296044477 0.0093818326028338589 0.18568171989464075
5 272 1 0.16470372735713362 0.37092989507209306 -0.74877238814359237 0.52404542349896976 0.5030019697180903 0.25118785882204137 0.0080977825703501781
4 230 1 -0.04949838738363134 0.52854220338788616 -0.68346144595071201 0.50107235084692159 0.050954562506385151 0.65889772833506144 0.026812029967629561
3 185 1 -0.12309212123233626 0.60501224881369964 -0.6816366742378881 0.39265755157621141 -0.36489167854497478 0.7442050257228835 0.030258870055182161
2 143 1 -0.0065204349206615725 0.54260674874767245 -0.72238777499263085 0.42859223357770032 -0.19048447539703242 0.60460398646401048 0.010683659012003265
1 98 1 0.1485337318929642 0.47071903035023693 -0.71065449492959643 0.50132974556916343 -0.055625237523968307 0.40201509866044338 0.054044277733460544
0 56 1 0.21870140412730671 0.46341495965027585 -0.66080944325710977 0.5484041855304409 0.019196627317373472 0.20804525795563511 0.079323195746497599
