19 881 1 -0.22368226828561708 0.68607848398818461 -0.65144939305792438 0.23425679274577579 -0.58339219982853552 0.99993855518208619 0.28460719519238942
18 839 1 -0.30686119370162823 0.68183549999597814 -0.60929001484273415 0.26401181139901109 -0.49115639500721037 0.86812373696862344 0.23888506017294436
17 794 1 -0.063591289707022908 0.61557333669238656 -0.66441508041736808 0.41902054357845198 -0.15891399768228223 0.68871207256451727 -0.075543440244759258
16 752 1 0.14764809090112774 0.56364974339103913 -0.68766113099644488 0.4331526023760659 -0.24028744569698191 0.63974609433149332 -0.3983736326190197
15 707 1 0.35685451116471345 0.47705035678107954 -0.68658306078568954 0.41675114348804393 -0.51715508855637116 0.46827061025844868 -0.56621850261806006
14 665 1 0.18135205424426096 0.42805395493614123 -0.7799992303479153 0.41890624815294214 -0.12302371257109292 0.42307273254526351 -0.50273118764071145
13 620 1 0.30996626451594045 0.31664091727558097 -0.69259652645544534 0.56918318308850657 -0.27930004369697742 -0.19694745749330259 -0.56737877511075163
12 578 1 0.38139167816408581 0.3262460302625092 -0.64139730457185917 0.580270120937732 -0.43140935175229822 0.049465204878888107 -0.44437202124156389
11 533 1 0.30036394512101278 0.42323154802317986 -0.71118703165057406 0.47420413667669459 -0.49729569191323209 0.49378789899998604 -0.4118862932319316
10 491 1 0.080835414892456089 0.54953540800196787 -0.73258823153045038 0.39343481553411425 -0.63712669620027562 0.8386739392715219 -0.29555973304833005
9 446 1 0.12353540393555129 0.5928513559937254 -0.72118839031476267 0.33638308421512941 -0.39142191243106506 0.99448416426351594 -0.050031603296195944
8 404 1 -0.039273433190090683 0.63977928060953704 -0.65124541337574171 0.40622589910696999 -0.099841400006819014 0.85099795180532667 0.1268686515817293
7 359 1 0.072280433039604269 0.49821592167500495 -0.70864346193342664 0.49434894381210193 0.50497983897913168 0.4092784692465572 0.357936185918654
6 317 1 0.20373510418744853 0.3383027711853136 -0.71602966482905528 0.5756255392308941 0.52956440505079461 0.01340685848390122 0.18422196016760584
5 272 1 0.1618475283389639 0.37070790726566188 -0.74917455135875211 0.52451741311199052 0.5031104688123641 0.25490770885162717 0.0073992507145510195
4 230 1 -0.052031775028943975 0.52820820832889459 -0.6835669444155551 0.50102396703520879 0.049472746943196422 0.66100058091530334 0.027619564947112971
3 185 1 -0.12578406948750087 0.6042925683444863 -0.68169174625521245 0.39281703475575863 -0.36546576550235177 0.74524793520599009 0.031530514866016088
2 143 1 -0.008930334186295439 0.54227661307163055 -0.72247370908581288 0.42882171554932969 -0.19163180127012314 0.60608218807055581 0.011691228477272469
1 98 1 0.14590166891288309 0.4707390914262175 -0.71099693588956137 0.50159821368034163 -0.056056605442289027 0.4052633271520979 0.054545157859108621
0 56 1 0.21612856692926793 0.46366465500581544 -0.66124903962900583 0.54868318531294236 0.018678496496804864 0.21165905779178987 0.079139083362260262
