12 1610 1 -0.11024070778684228 0.33916670691578643 -0.90440666239028578 0.23422536218484313 0.056557817617424823 0.60794500783151229 1.0270703143061166
11 1482 1 0.056115169129824324 0.085614661329673367 -0.56458888198799861 0.81899976306130773 0.1676441090376761 0.24717125954452995 0.17190797116879489
10 1354 1 -0.11941481126202877 0.29238619966333673 -0.81854102834046427 0.47983434435336209 -0.0017581741047794344 0.1422916180822873 0.54450175601318218
9 1226 1 0.14886909903432488 0.16883793963714414 -0.7682678715758533 0.59924637587231233 0.17470552197205355 0.094032708488834882 0.41593877356817044
8 1098 1 0.3201265662428614 0.061796413061672842 -0.17612173105330461 0.92880639574082047 0.20511235630142699 0.34374724487492059 0.20999233231225919
7 970 1 -0.034811707756575556 0.16907982313149861 -0.80583648102548133 0.56641656425404885 -0.017681449715514577 0.061582564210852418 0.05752754919812611
6 842 1 0.23441612010530061 0.031393472538711741 -0.44380320396783868 0.8643507671452717 0.16133833011043638 0.18465399260873921 0.054421880735729414
5 714 1 0.28688496044833911 -0.065735957495278663 -0.29476297718753286 0.90911527907096334 0.13862927347968085 0.28133116376723671 0.39063079447455062
4 586 1 -0.091088194353136753 0.25741694882347554 -0.74384039382818523 0.61003354319039527 -0.032494044742114342 0.14698199171372595 0.44510005457847762
3 458 1 0.052242196501481659 0.12246399082278903 -0.72931176170067891 0.67110183884527441 0.20412792626507192 0.33974954448158079 0.46304093401622842
2 330 1 0.1515549263210387 0.1695736746488728 -0.66659726595860336 0.70987601606929795 0.19488225650190164 0.37939466492572854 0.68039531076157855
1 202 1 0.082884133842957494 0.074703317838093794 -0.74548866360469834 0.65711208107747088 -0.015152796490120525 0.16029492404417348 0.27304736169900656
0 74 1 0.13308428503679676 0.099722023478278243 -0.69736826189879642 0.69715249293529336 0.069297189636982864 0.10351915501740638 0.37109786957862556
