19 883 1 -0.60349887849345618 0.65548549309663551 -0.34023967629312452 -0.30060744281030582 -0.60994487700246047 1.0272787926274336 0.18673705581842523
18 838 1 -0.62946176129081799 0.68609967789717197 -0.24841967703800844 -0.26708198576914494 -0.47977763718175592 0.88532807209499242 0.11122349414979939
17 796 1 -0.50397882945605799 0.7332295395652898 -0.4397418704387635 -0.12250252712492377 -0.17470982804350238 0.66306515394143828 -0.15934457737152652
16 751 1 -0.35173568366690799 0.70604837826301614 -0.60982303723579223 -0.076769522885396096 -0.2992468299094645 0.58822221256369522 -0.49217339337799387
15 709 1 -0.20370694277545492 0.63700813483917396 -0.74340476794213339 -0.0085713834762720879 -0.60363354225547905 0.3952345454641083 -0.63444891646155355
14 664 1 -0.38461325291479659 0.60326776669358328 -0.69843067903485934 0.018309394685257576 -0.19094191742349781 0.35207509725117769 -0.61141998000373243
13 622 1 -0.23910564420530542 0.62866977360896847 -0.71334573441481874 0.19682649682346387 -0.34235935833100517 -0.29472673928948306 -0.64279092768541546
12 577 1 -0.14751723965004973 0.63924228413426232 -0.72755905566734169 0.20066336660508527 -0.5210037126358642 -0.044832087328638151 -0.47935791955911222
11 535 1 -0.24337149244252648 0.62978698396389443 -0.73436122599384535 0.069658174342823787 -0.56539071966823717 0.40442255812637762 -0.47569644188252824
9 448 1 -0.37856914208587944 0.67593365259023508 -0.6150164924765763 -0.14681217912078692 -0.47951770970670887 0.93418010990099853 -0.18566191807695462
8 403 1 -0.46652278038827949 0.74995440697577909 -0.44845795884110068 -0.13715080017437217 -0.093756079920815874 0.80233169843771746 0.033009081620796771
7 361 1 -0.43185349110510945 0.69981124660168381 -0.5686672592295281 0.019604326831163327 0.48986258261532667 0.35073667740832587 0.26938061439752953
6 316 1 -0.33299932037704766 0.63609123518099342 -0.66975459217885758 0.18954730124608657 0.49354645799493752 -0.08636677569868291 0.10397155104818959
5 274 1 -0.37979566287584426 0.62830768532296977 -0.66614372769308028 0.1312906740022208 0.47269733402702568 0.15339752496589867 -0.08455729208550003
4 229 1 -0.49764993285364467 0.73388623193750124 -0.46233528711028427 0.0012748317497918305 0.035332030107369891 0.60891346646767797 -0.074953131716109789
3 187 1 -0.54873161808035786 0.71789118514825978 -0.41067704773972336 -0.12194351177952979 -0.37101773624704959 0.72009613614994128 -0.087564883751291067
2 142 1 -0.48764965881722105 0.69454885909536634 -0.52662447957851488 -0.049662360932916004 -0.21271428706294188 0.55288752211753744 -0.10006576776821871
1 100 1 -0.36730900832764357 0.6930987682920895 -0.61898206344385975 0.03948917482213548 -0.1075325456273425 0.33736023814552019 -0.032253037564406568
0 55 1 -0.27744449605270621 0.71588916272217107 -0.63518914603743892 0.084035748721826217 -0.028092241092446655 0.11240435759713041 0.014927771066672896
