18 853 1 0.17535282141359446 0.29414329497603492 -0.73193021574509554 0.58907492674724438 0.28589283406459531 -0.1312235582472083 -0.79071184751712797
17 811 1 -0.012452178994796781 0.54065476050357986 -0.66840292579541194 0.5106612399342948 0.32325180723014624 0.43090929146262896 -0.68874030138709996
16 766 1 0.2665722334945792 0.18713893436710372 -0.62160135158438545 0.7124114143401421 0.82087025355889376 -0.51340996488943824 -0.34536425330170084
15 724 1 -0.6424648296247395 0.22610957832478834 0.42404052495477418 -0.59691124506170967 -0.44527821482641955 -1.0010699119655588 0.41340129864242509
14 679 1 -0.51655510417696815 0.1340891286708657 0.48875744032840912 -0.69015005212245806 -0.43797129626949638 -0.94103794383228745 0.14566819299987629
13 637 1 0.51157638983315323 0.085264936944160374 -0.43175063440640105 0.73797755899678696 -0.62391436682719925 -0.72979501624638909 -0.20715234511040495
12 592 1 0.36994213309215218 0.19514301350424013 -0.52487125568566506 0.74133136140235278 -0.49523614366504931 -0.64559053917455966 -0.449805004622372
11 550 1 0.18034195724521113 0.3658427055550631 -0.66957657717163444 0.62072787963183684 -0.49173479134589865 -0.14317412043861422 -0.82441080202552097
10 505 1 -0.060615365530291405 0.54655658826071152 -0.75003197162144164 0.36749655078121951 -0.74705238183732181 0.62131100300242326 -0.57942912747209685
9 463 1 -0.023212063057676039 0.63316934241067957 -0.742759054544605 0.21648734570833111 -1.0727522983328706 0.78246491726267553 -0.32258598067190414
8 418 1 0.074631993416507419 0.65560447555609658 -0.73713283920627592 0.14576698718567446 -1.0154195417540366 0.99539819030713361 -0.04924617487505023
7 376 1 -0.0050437167938958303 0.64223491991935366 -0.71931460014873116 0.2647553107492947 -0.55791819405977761 0.90566071386113223 -0.10982025444864495
6 331 1 -0.064938087320040361 0.65821732551103995 -0.73449820874492278 0.15180704385109572 -0.057767128980959093 0.90657907637670154 0.40855293240014146
5 289 1 -0.40148278329170761 0.66332321374245928 -0.62227384174376588 0.10765293638435534 -0.39976599323845563 0.93612256437108865 0.78805532577203963
4 244 1 -0.51645940399832568 0.67029104575127119 -0.4891975727019322 0.21134174426719235 -0.57672012674129614 0.84561731188238476 0.38119075043492562
3 202 1 -0.15228598009743019 0.60003262292909054 -0.71462783211290781 0.32569447839379567 0.082030673315008809 0.62749422457425452 -0.040736750321073038
2 157 1 0.16790085013100889 0.37240246407692734 -0.73901593162650558 0.53570622740166596 0.25726670522906009 -0.20523492508800936 -0.19743961281167849
1 115 1 0.29851966159854171 0.34390510334611357 -0.66751899448718754 0.58909564888089705 -0.12288149818842925 -0.4553977245751244 -0.32835381596942181
0 70 1 0.34110560325742728 0.36497664773413935 -0.61315056211807917 0.61195212411545752 -0.27949177538018677 -0.11386407364632614 -0.19366324438115595
