108 1694 1 0.11899396659101716 0.70097999589585469 -0.66808566084068799 0.21938329710314047 0.27569573205025677 -0.53836459304165918 0.10189403158253767
107 1679 1 0.054443939341888202 0.68155821784172888 -0.697245481335099 0.21532067229861909 0.2089769147073692 -0.58757058385528449 0.040521096169611831
106 1664 1 0.017249228408269181 0.66501362071633685 -0.71540380377552082 0.21367439229955426 0.15730826437597636 -0.6161451518556802 -0.0095709424653267015
105 1649 1 0.038940500147215312 0.67081419090484962 -0.70969592740410181 0.21171596386429786 0.13192493771903016 -0.62826828629070863 -0.015496774480753334
104 1634 1 0.052222648725869687 0.65474555091262621 -0.72473231243578817 0.20819254028819353 0.063099038999794591 -0.63652833842153744 -0.031288013255289827
103 1619 1 0.028030133684615523 0.64741403363299543 -0.74158874993494028 0.17353819934126899 0.0065474074824556274 -0.64962819538892069 -0.1052987558030979
102 1604 1 -0.0076900070954590803 0.63636395254663647 -0.75101813139263596 0.17593621005809862 -0.043330312293133812 -0.65716834907513277 -0.15268207889176963
101 1589 1 -0.015790234362618619 0.6544780149984657 -0.73338514858904369 0.18318138609440712 -0.059530024445046417 -0.67981276727045137 -0.15821925352022012
100 1574 1 -0.041181440247576515 0.65321427409231181 -0.72774169847697867 0.20495663297154271 -0.11034230412586617 -0.6830416755633435 -0.18693939009393723
99 1559 1 -0.065364763057312703 0.67186194830660873 -0.7070889337829972 0.21060439190513888 -0.11873986035162322 -0.69697448292107111 -0.21571081981531484
98 1544 1 -0.06014339951617894 0.66957384123352393 -0.70282396630897281 0.23257711626930272 -0.14136017417309488 -0.68303033414222181 -0.20276889928687802
97 1529 1 -0.066627683239798813 0.67115675310588052 -0.69842700416197945 0.23939315872386951 -0.13022131624097955 -0.68477447428688953 -0.2041075842373872
96 1514 1 -0.076911079196220339 0.68604042873789173 -0.68677130565243016 0.22754865362479879 -0.079272918411690055 -0.69772514688306131 -0.20818687019737014
95 1499 1 -0.04113375312276335 0.69583381496070817 -0.68501059605640546 0.21185797035209855 -0.033950110209590177 -0.71036639185391215 -0.15210141042473463
94 1484 1 -0.013826090008479985 0.65569094334525002 -0.72549137642163375 0.20866357801000382 -0.086718633637127659 -0.69494418989619888 -0.12251627125639565
93 1469 1 -0.0093391321578509372 0.65460818207112159 -0.73192044687324409 0.18892688539472258 -0.082347723938992576 -0.68878144490157367 -0.13420622047658931
92 1454 1 -0.010343604853022263 0.65127652169630179 -0.72311425828859177 0.22986446351176376 -0.05444419663766719 -0.68981097691834303 -0.093436395268750208
91 1439 1 0.0052293585075147237 0.628686129332651 -0.74532078712979499 0.22186331122236505 -0.079697806203736662 -0.66009075363773573 -0.087909460834597095
90 1424 1 -0.0023767440462396342 0.63142647017174658 -0.75065685434711249 0.19444601018247962 -0.049873688876233307 -0.63628317041326288 -0.12146600028277486
89 1409 1 -0.053877309196404037 0.63225398815115252 -0.76186958265284321 0.13002641673560059 -0.014040294241290474 -0.59986628960963939 -0.22217357696001488
88 1394 1 -0.055719735169007502 0.65636638103340761 -0.74630816369454767 0.095407598044787725 0.045925147704358335 -0.57962746410167576 -0.2270314264119121
87 1379 1 -0.019034267771557981 0.66597981733603351 -0.74136491498249912 0.080539694464629344 0.086401410636366999 -0.56515427187791134 -0.17720340241557284
86 1364 1 0.008669738500628528 0.66525301317957997 -0.74392154767625096 0.062801234006921516 0.12084621478383668 -0.54535609343662417 -0.14566513943779907
85 1349 1 0.056168057527621579 0.66861343687293029 -0.74001951031460067 0.04660842949811396 0.17238753770517456 -0.51808412042264063 -0.10281407259962931
84 1334 1 0.1017334939058315 0.65976430684180276 -0.74384505546125568 0.032494447235015975 0.20590744982116144 -0.4808878466686729 -0.068285442528414633
83 1319 1 0.11491339018349414 0.65690070468064166 -0.74315634163388145 0.054726856624130626 0.21421794508848033 -0.45217547750834608 -0.043318734506579505
82 1304 1 0.11119520175105242 0.64008907561270767 -0.7532248904883726 0.10282930874799917 0.17798538804474553 -0.42549120437844945 -0.017820074619797819
81 1289 1 0.11781547618416029 0.62837491219652131 -0.75464025112488142 0.14758920921154595 0.13713242194109046 -0.39897148818796868 0.0016905217519483894
80 1274 1 0.11634834808357096 0.62137830902741886 -0.75047997712286951 0.19269629707419692 0.093481016875112247 -0.387156468557525 0.018681207981259305
79 1259 1 0.092031742020318566 0.61762722599359099 -0.74778749186143911 0.22556736286028906 0.050718679781581517 -0.40587689336442323 0.013266398859117441
78 1244 1 0.055742415171897125 0.61977343889602143 -0.7510473214793576 0.2206843639420023 0.018210373214084481 -0.44219655861908014 -0.026358435813965849
77 1229 1 0.054538090711523109 0.63027708203779742 -0.74753096606848868 0.20241998737321698 -0.034767265502743644 -0.47314068215596977 -0.045012876856460292
76 1214 1 0.016798226530774955 0.64110916675060048 -0.74221814793313257 0.19444556249110512 -0.10046674641552156 -0.50145814517869014 -0.075685125875454576
75 1199 1 -0.027887444098434289 0.62293061336338107 -0.7561631984735202 0.1984866712670513 -0.18175460908448607 -0.49601817576926333 -0.10635366344570189
74 1184 1 -0.0475877170652853 0.62545310132809617 -0.75552070100711277 0.18902988539726062 -0.19589698537782088 -0.45324503661631005 -0.12314309085690896
73 1169 1 -0.074991860532927307 0.63847645935471997 -0.72789955257239392 0.23850843395691346 -0.16189242740245752 -0.44645540085255231 -0.13366689889448827
72 1154 1 -0.0030859733556096646 0.60468423666425919 -0.75207076455064104 0.26217745098773304 -0.20717622100605801 -0.407763243535743 -0.082983824235242962
71 1139 1 0.062891999159229842 0.57395357095236121 -0.76633757032362093 0.28168887649901592 -0.23613060116553011 -0.37815901869101559 -0.034290731035195317
70 1124 1 0.069980708043842321 0.57571225270463899 -0.76259501287014786 0.28654310135302741 -0.19918919257644913 -0.37841228941059929 -0.022688917043860581
69 1109 1 0.055335090456977022 0.59441535178131455 -0.75806684530459223 0.26257013421323772 -0.13927225692752024 -0.39015448488817184 -0.045964371247045339
68 1094 1 0.011389611714698643 0.60418967386805744 -0.76175129089510552 0.23358100427012296 -0.075092054031462865 -0.39313545128508481 -0.10069586058674841
67 1079 1 -0.04024076287896413 0.59452385475677905 -0.77834691394537803 0.19773251801301064 -0.027587286253099867 -0.3895899619937499 -0.17236128933449707
66 1064 1 -0.04730704622073887 0.5730907554403355 -0.80038014401609825 0.16947169224228656 0.0033934212080573086 -0.38411056023490048 -0.19599598622442263
65 1049 1 -0.032138156592646065 0.60972970716185526 -0.78095991196664816 0.13152353019969487 0.059656261269691951 -0.36777537222875345 -0.15019878850268337
64 1034 1 -0.082212668387316765 0.63539709276161516 -0.76317044375339005 0.084157503812663667 0.10581658913975019 -0.3450380569768482 -0.13431960481549923
63 1019 1 -0.092558289736078367 0.64472814021859026 -0.75639295311565624 0.060235277772967014 0.12877310545874285 -0.33474929060418424 -0.11025220083095465
62 1004 1 -0.10495497596679113 0.64185954720369354 -0.75857748544281112 0.03950915416130437 0.14359049082288097 -0.30699303261829869 -0.1084295398672873
61 989 1 -0.080505871001836551 0.65227896122386719 -0.75309693475322981 0.029932730317130844 0.16152016466165373 -0.28100424515837097 -0.096813193207882134
60 974 1 -0.074244164336558116 0.6521302789580431 -0.75441107402876673 0.0088223982473000732 0.17520310889598664 -0.24986530386922423 -0.10007692153007521
59 959 1 -0.058923908626992275 0.67723787902047627 -0.73308535502684802 -0.021510240750043388 0.20484566469356652 -0.2043917548758338 -0.10801219458165838
58 944 1 -0.078711748449135227 0.69068064007532226 -0.71518453335540344 -0.072634684073361114 0.22376911715749642 -0.1744375255456479 -0.13561981991606281
57 929 1 -0.11968253371121562 0.70754343870744429 -0.68521848224910675 -0.12463548872909104 0.24721441250174364 -0.15669500776390502 -0.16149309300499554
56 914 1 -0.17175745531057798 0.69980877944599362 -0.66733606267707501 -0.1882275968241699 0.25352484202073144 -0.16260967553147837 -0.20215622250146989
55 899 1 -0.21791167697296643 0.69244793679561567 -0.6452635286843571 -0.23804481598248753 0.25893850675738922 -0.17232142107073622 -0.24848580813094337
54 884 1 -0.25039154120129437 0.69958229483281986 -0.61336730011361562 -0.26771112043137069 0.26591218138907985 -0.17201611124439845 -0.29177669625950059
53 869 1 -0.30384526464879624 0.70465548134927569 -0.58823543545314705 -0.25518185717674047 0.26367233361115228 -0.18046727698538439 -0.3288374361548122
52 854 1 -0.30970669021689834 0.72120568958630649 -0.58002181788662555 -0.21798809627759194 0.2636043256246528 -0.21688230444415382 -0.33456548987152929
51 839 1 -0.28774825659028996 0.74974757508110412 -0.56812552725149512 -0.17975789210619739 0.27812977656468085 -0.2674774888392783 -0.32035821642374424
50 824 1 -0.27255810566787891 0.72589665311891249 -0.62217245736406668 -0.10810902516930429 0.21876958046168099 -0.36335619919861795 -0.28719026593254832
49 809 1 -0.19571612784438572 0.6798261729580688 -0.70670363108440548 -0.010077185862262696 0.074275188981968679 -0.46655901399271732 -0.17806628675955305
48 794 1 -0.1729894060186252 0.65727173502047742 -0.73254872650074065 0.037959123417668238 0.0054437546975281597 -0.4916441011330151 -0.12206804066852385
47 779 1 -0.12306453028928301 0.64895227198487426 -0.7460545516630861 0.084372246699609091 -0.029081792792689548 -0.49988372769321909 -0.051724086406135808
46 764 1 -0.078758524561477736 0.6333987301456302 -0.7563722596255642 0.14319269648875463 -0.080067810618467933 -0.45923232879129117 -0.012549749241346874
45 749 1 -0.089829967371638689 0.62898210483320771 -0.75669662619979949 0.15402046831327018 -0.11954378403050453 -0.43660213329337183 -0.039136453825644159
44 734 1 -0.085618373773422352 0.63072266255461995 -0.75630475903932159 0.15120029254892092 -0.13764729218440949 -0.40887916762540216 -0.042318145549960738
43 719 1 -0.074929834917021959 0.63837635531428649 -0.74873588217132436 0.16203619214263254 -0.13602404547404529 -0.37500038133095226 -0.029198278324137402
42 704 1 -0.05486862808104636 0.65272038268253252 -0.73909114067419146 0.15712995086931911 -0.12383529524818825 -0.34666218770697865 -0.010414159783820768
41 689 1 -0.072988564233005052 0.67107034023925338 -0.72322860663592303 0.14586860692362388 -0.097111473369059231 -0.32425682373075432 -0.025093257741508952
40 674 1 -0.069091537410271353 0.67909034321015449 -0.71693621175958877 0.14165145069786539 -0.086357769953054359 -0.29405202445010309 -0.013870326713507779
39 659 1 -0.059696588912738671 0.68058521527651838 -0.71930170508373537 0.12587747647148675 -0.082944372375177045 -0.2552096123986537 -0.0012700755700515566
38 644 1 -0.050302225037676326 0.68532128467877307 -0.71616946463936126 0.12208898738488051 -0.075420056991333737 -0.21810691295520704 0.010567181272971626
37 629 1 -0.036043513723943175 0.68606325144190283 -0.71600120913181098 0.12393687369455875 -0.067689822552130643 -0.17957734590719776 0.021468124605176775
36 614 1 -0.000819431169824763 0.68450867469037535 -0.71503169950714263 0.14204531497416917 -0.051701130392057558 -0.13735777929761886 0.037625535028043146
35 599 1 0.035738765873705336 0.67601657237590551 -0.72205021094966682 0.14271589734328224 -0.027670936611604875 -0.095799763806947505 0.047328604346984528
34 584 1 0.051118261500818218 0.67865518730416385 -0.72157003217636562 0.12708559615976581 0.0084515820080960161 -0.067348158165449104 0.046121137282480976
33 569 1 0.05709206067009908 0.6855337083239138 -0.71637445292089708 0.11658333741315802 0.049233540319306365 -0.047831537835886076 0.05009618092713343
32 554 1 0.033048730254907413 0.68914206638533482 -0.71706634864047902 0.099029517892898933 0.080673141247864663 -0.02872090356738146 0.047262855109082076
31 539 1 -0.013466735493274705 0.69211140592627507 -0.71618616586960537 0.088757110356878194 0.11018007914457355 -0.010526105618424981 0.051304176291377991
30 524 1 -0.066663126181899596 0.70362998530397824 -0.70315563631510092 0.07767253380111494 0.13345933951899611 0.0096744514570679153 0.059582395778277918
29 509 1 -0.10358639620625686 0.71384216354850039 -0.68987998480807311 0.061358215608093111 0.15889286630428451 0.041287920015303715 0.072841449562622035
28 494 1 -0.13631866122983258 0.71992021530286066 -0.67854825124254947 0.052003624243575304 0.18395517896251967 0.082708603958547233 0.10181542681431464
27 479 1 -0.17114936860689348 0.73162105379987363 -0.65871182548334239 0.039207884801746397 0.19461991747545063 0.12235869501802443 0.13599704754570555
26 464 1 -0.21485111067550658 0.77521653968346804 -0.59380380016974277 0.016594087702059127 0.19448548492044998 0.18178997621187667 0.16749897224971377
25 449 1 -0.23292673361416635 0.83046624262178215 -0.50365101058609307 -0.049057274374975639 0.19134717377085603 0.26139840231711386 0.1922476831643736
24 434 1 -0.27275245342900811 0.86206657638181339 -0.42296543509836215 -0.059561377971377373 0.13535435217135955 0.32399202427654267 0.23932410287114231
23 419 1 -0.29834423304189989 0.87388496248061343 -0.37451888804821254 -0.083972575618637371 0.085134411337581567 0.36156760823026657 0.27294459476035254
22 404 1 -0.3163188195893849 0.8716701227833985 -0.35416887072424164 -0.12123535965331447 0.063108264355514587 0.37653308138774277 0.29864050731102504
21 389 1 -0.32297819797011523 0.86596665112831672 -0.36325041745002035 -0.11762642981903035 0.051220877757396227 0.38866123659249135 0.30791143561629053
20 374 1 -0.30231539726825435 0.85828841012034196 -0.40371980145516628 -0.094639989120002349 0.067905872747455909 0.41612303024088543 0.293657806228249
19 359 1 -0.29068903072463315 0.82451319138921575 -0.47957957999248774 -0.075374472441092771 0.13740302814468119 0.41331661533972691 0.27404954590012687
18 344 1 -0.28096879196191921 0.80009415550904539 -0.52718676354695226 -0.054589345156514868 0.17926505530427195 0.38690395325153737 0.24176465129851091
17 329 1 -0.26093169399980898 0.78354387775956336 -0.56146952932785121 -0.052207378101737374 0.19998514246274562 0.35627073127356734 0.2091374427876975
16 314 1 -0.26182445296648582 0.76571645943684263 -0.58467364661430277 -0.057297351867603728 0.21156513081800085 0.31279917239716348 0.19638802811520709
15 299 1 -0.2636047984509971 0.74806785270787246 -0.6056314462059269 -0.064168133408721365 0.20483162239944758 0.26286800006067462 0.18309118024419646
14 284 1 -0.25581777249494997 0.75064682184527243 -0.60789914053171223 -0.039309681633403148 0.18168406004572207 0.22650151996675272 0.16087347602776267
13 269 1 -0.24513687108379487 0.75416415057707742 -0.60577915134338001 -0.064621731772652166 0.17458517806918578 0.19521993928152243 0.13717875774766838
12 254 1 -0.24029939571831932 0.75264967067075406 -0.6114868037321759 -0.043111048676916015 0.15317695319201485 0.17300752251384585 0.11935183543856416
11 239 1 -0.24304336242401986 0.75392453446753482 -0.61017318422010269 -0.014710729697668228 0.12334633302174838 0.15636396621596579 0.10424355926223318
10 224 1 -0.242769955028561 0.75179941648752646 -0.61280550390755939 -0.018160415332467698 0.10861045528691057 0.13530758034031662 0.098423456770691919
9 209 1 -0.23818306473303855 0.74757769121340123 -0.6199438729265152 -0.0081251274014809659 0.090239196783453712 0.12406760917485463 0.088458714541001474
8 194 1 -0.24879035405955213 0.74989316744904388 -0.61273438614086972 -0.017893271940445304 0.070136027258260236 0.10736941963418954 0.073944120263851942
7 179 1 -0.25147127644538103 0.74849366565715336 -0.61332862595629223 -0.018639371679721638 0.052788657212094095 0.094789345958222221 0.058260625885679679
6 164 1 -0.243193619277107 0.74190862360815701 -0.62483546954198466 0.0030155863441761414 0.03523743670216517 0.078120994225275256 0.042524326743934499
5 149 1 -0.22410824936583654 0.73782610283719618 -0.63653584552078046 0.014500065703318837 0.022658868507991953 0.055672955745118269 0.027600422028973733
4 134 1 -0.23831749526006546 0.72759675076280472 -0.64325749672464505 -0.0052471554123106057 0.01440611401627067 0.036222135852605461 0.010790977160517289
3 119 1 -0.23827308792405352 0.72993036736233241 -0.64063666156897559 -0.0035017463049873692 0.010255551848688604 0.018514658928661873 -0.008942626762003197
2 104 1 -0.20616514208138284 0.72454623443219524 -0.65688634204315832 0.032078372743151451 0.0019099407601346464 0.012982465820476193 -0.014258487487427569
1 89 1 -0.18209022248948006 0.71727804546937146 -0.66820061636049044 0.076572140213202702 -0.015358031846274569 0.010459020689888451 -0.011705844648688761
0 74 1 -0.16322821064767512 0.70888235910743702 -0.67875161188453825 0.10069062299526334 -0.029058262490528137 0.0063996033644673567 -0.01128501573391338
