18 852 1 0.51812244021687981 0.40195488501107973 -0.61124847698065343 0.4431215485036441 -0.58747930769568113 -0.3079757787688584 -0.26493827704656325
17 809 1 0.38711408957089333 0.48341502983219714 -0.61201708878577477 0.49182077388233553 -0.68650367683131508 0.085405991422619593 -0.24836143086397558
16 765 1 0.14312587565101426 0.66520983534579659 -0.69880515615876315 0.2206404595813633 -0.18687680351951716 0.75713086111979488 0.12444228389831771
15 722 1 0.023952142675790784 0.78569354923140888 -0.59758686761828672 0.15811981914850132 -0.043552248712427466 1.2938719300329353 0.53575706252249133
14 678 1 0.2018033676327588 0.6885879792435079 -0.6781918880595732 0.15867500944890925 -0.34611253757027954 1.4079788311134058 0.27998856109631759
13 635 1 0.037607824009204038 0.67413956109338913 -0.71601588444693953 0.17732105617148908 -0.90675240731815665 1.0008864349304578 0.53955251890266531
12 591 1 0.23636956320245575 0.57638155665913493 -0.65643263843756483 0.42545260832267789 -0.80445165159088017 0.4022039844507429 -0.12550489362759557
11 548 1 0.34132446292555008 0.36014826054775184 -0.73941841076968551 0.4550288510060061 -0.55689198142544116 0.079168346694217531 -0.32248043396651199
10 504 1 0.39151343816971512 0.31544543965158195 -0.63329044540251123 0.58834905804074988 -0.40999200917389039 -0.23096813939344688 -0.34775342969521811
9 461 1 0.42015311381840925 0.36396102083995618 -0.55957252847603445 0.6147213365686679 0.46697275398601717 -0.40431723862392449 -0.22038248630123494
8 417 1 0.37874861528829018 0.19641875789362684 -0.58225029596819178 0.69206484581264549 0.45749842636585719 -0.75199769900298785 0.14322529171577197
7 374 1 0.47693908173411559 0.23886835093585396 -0.5352381906264716 0.65497412355810292 0.019609582207461552 -0.73283733534886109 -0.12846741334417322
6 330 1 0.42311986016655723 0.3563998195642521 -0.57175055916949635 0.60584655700645018 0.018353162973675393 -0.12808957261032489 -0.04227333743957204
5 287 1 0.30959292279019657 0.29255715000964311 -0.66196955003816904 0.61673239817502912 0.27497575748050107 -0.015184792110220301 0.098193809053835374
4 243 1 0.13819475368220063 0.40978414074346098 -0.70924063368373713 0.55673772243467612 0.56798582306213952 0.70094013624463458 0.0012772689536585584
3 200 1 -0.014015975255664512 0.58748408966611332 -0.68397533042558711 0.43225425873670636 0.19852978644312461 1.3520288985894218 0.35728693443158971
2 156 1 -0.077933087599274101 0.6276501155905635 -0.70247487723393742 0.32635994409786362 -0.14993646985483378 1.2567645375548255 0.5261657897897799
1 113 1 0.050866010852997114 0.57948307505761709 -0.70496036433544085 0.40576212166454556 -0.074349399459990959 0.97111699559323283 0.31570320134033436
0 69 1 0.17173122319718362 0.49787383175703992 -0.68245009433447001 0.50684504868217362 0.045613224209001463 0.54205036103993465 0.10283870890549322
