19 881 1 0.27713893585203114 0.33771916200225 -0.62675096636615868 0.64523096950656977 -0.31867928163414483 -0.394531793043504 -0.62661354873973507
18 839 1 0.016522845071062917 0.43101254182230586 -0.68483150332593701 0.58733380324562456 0.37780626013860574 0.27792679043570384 -0.75097711925877653
17 794 1 0.088170467261553268 0.38154451939610784 -0.71370301823326165 0.58075618824632869 0.52409828801899516 0.055446604028012998 -0.57207477343634783
16 752 1 0.34433266779802957 0.03194789789265845 -0.61986532380253467 0.7044013955512235 0.63266130764376682 -0.85508263231901727 -0.16670805604415645
15 707 1 -0.63665578844415649 0.19014504237253005 0.38921626742568838 -0.63798508373857254 -0.51335116330920894 -0.96205737920224921 0.42677813929188563
14 665 1 -0.51102676972292849 0.075065954648055253 0.50669729212929271 -0.69027139389385639 -0.47222044924661333 -0.94910811879632961 -0.0016232605042458075
13 620 1 0.33986373407919962 0.091040201310083266 -0.50449125967870734 0.78847504266841184 -0.37875916417855865 -0.67755325595353999 -0.42807058549742444
12 578 1 0.33657007154000973 0.20465056289940362 -0.57546765422512258 0.71671173632719665 -0.48680532935152382 -0.53975304894527298 -0.53534778735770738
11 533 1 0.054921007960708736 0.47688569740656495 -0.7122299504594678 0.51214471798715089 -0.51517382732530947 0.17902849153289038 -0.83550633419454368
10 491 1 -0.13987147412027329 0.5920962604797394 -0.7291599631634198 0.31334284286201691 -0.83481704941830159 0.73542149991168249 -0.44598966164111598
9 446 1 0.025646779543261642 0.63893483767053305 -0.73685011385245358 0.21944572364394618 -1.0799179611331957 0.88301499266101036 -0.31712172165095232
8 404 1 0.051257845767151443 0.66318942983723062 -0.72689066535870617 0.17082849298011482 -0.92377794486589671 0.95893596424196448 -0.080561789206585674
7 359 1 0.0054764077494232587 0.67119685541405116 -0.71073402865524504 0.21052774342574615 -0.4058639046849965 0.91668728973423608 0.10809378301162031
6 317 1 -0.12839390213835505 0.66573355755639152 -0.70688175844098677 0.2015738470644837 -0.011326198533579454 1.0536923505189058 0.39256619968022483
5 272 1 -0.48844596132441076 0.62031326495293337 -0.55512239511883055 0.2616698733649655 -0.50351026805919641 1.0513081692685877 0.47271389306736117
4 230 1 -0.38600935385102775 0.67898036808662454 -0.59067308539303709 0.20270112156752809 -0.26742209628443714 0.87755013077316857 0.3372758519082496
3 185 1 -0.072902205860955915 0.49921271056639044 -0.74471235848362627 0.4368929401023996 0.18015042800099171 0.28497452478528557 -0.08343412442820454
2 143 1 0.22134631451637887 0.350911894307186 -0.70874369171492735 0.57056904134211028 0.23364321304158531 -0.35833912063792017 -0.2090614254363074
1 98 1 0.35950956764246844 0.33424583185105206 -0.62131223720785489 0.61074028732309282 -0.26115557505374687 -0.4167324556896374 -0.2509605689373775
0 56 1 0.33792800669848527 0.41232550992732148 -0.60831643034616134 0.58799953802946714 -0.19840716090521571 -0.088667540633073472 -0.093157223675275944
