22 22 1 -0.06845539971454688 0.67673569586287463 -0.6925443005962203 0.24026037523196495 -0.14791843651798531 -0.11664578311055994 -0.21489217962440968
21 21 1 -0.011515319009306264 0.70169988931262439 -0.6540560652004288 0.28230360667426291 -0.1490396977427324 -0.2841397690143232 -0.14938986340228022
20 20 1 0.061948983179557646 0.63072251894902942 -0.65508333873880642 0.41136023979041586 -0.13319905404354571 -0.50942764184412026 0.031984436094993719
19 19 1 0.019801705105546772 0.60311917748405697 -0.70402181886659765 0.37444415976969803 -0.023766917821407232 -0.55471130612742425 0.0070797983313588336
18 18 1 -0.013641774307408738 0.63007755845784541 -0.71219334886827446 0.30918733180604047 0.044980362604387612 -0.46119108261657316 0.04254940853600165
17 17 1 -0.0073235270787874902 0.59552616079306331 -0.73244729571341294 0.32987257655693236 0.19570281662499672 -0.48322957630345781 0.12766163935929734
16 16 1 -0.033076584681295707 0.58856811048123525 -0.75549900661049996 0.28585795402772574 0.26334976037954871 -0.43321789195261795 0.20254102423609741
15 15 1 -0.084139104460428882 0.63010009734938743 -0.72069117405172178 0.27658400182375076 0.33291533271059071 -0.20392811197560262 0.26605948342765218
14 14 1 -0.14984503929899626 0.69394669422821698 -0.67841539724656397 0.18904231945783609 0.36330477540102962 0.021233937796296693 0.27476093772531779
13 13 1 -0.19542248803619774 0.71525368401356082 -0.65352026307047761 0.15209695733664408 0.20728243012439576 0.22343080769952706 0.40036399028057146
12 12 1 -0.17926229654584894 0.71038627608175831 -0.67122711587340644 0.11256343415189912 0.065127944193497447 0.38033780751957608 0.22254037730488591
11 11 1 -0.19012249824506494 0.70551142982290826 -0.66417997498662196 0.1580253741557385 0.036480393682871211 0.23534192267947157 0.12107196472659108
6 6 1 -0.17160729253633963 0.71223443744245118 -0.67291077422215873 0.10229434590981776 0.019448479896536332 0.30157283282375952 0.21883550340517338
5 5 1 -0.21711568156777614 0.68115572431667382 -0.68300197780396654 0.1496527927031692 -0.026016867952883452 0.2195074654387161 -0.12265567299896721
0 0 1 0.091818449297414534 -0.66010978929551856 0.71815557890000048 -0.20019241479049446 0.029563512276075447 -0.12025852475621072 -0.18240956835821895
2 2 1 0.079762317862080864 -0.60850759419277911 0.73376978971856932 -0.29144189155876549 -0.03389412045081891 -0.36753621833486566 -0.17997062446713233
1 1 1 0.058267502262100319 -0.60543295082016546 0.74029616741499105 -0.28638684458612751 0.011623933814680274 -0.2729576783008818 -0.12474739885552069
3 3 1 0.12342397035125494 -0.65866163224590413 0.68694285555544965 -0.28114211877841888 -0.076206808987845556 -0.28079535603130829 -0.25480540044165756
4 4 1 0.16917227441558511 -0.66192680194657116 0.68806888867975613 -0.24452986497531928 -0.025564740916630913 -0.084965360933535558 -0.25323942070101463
7 7 1 -0.17496838767434814 0.68504529378101242 -0.67715997812750395 0.20384644418160436 0.0011954353291677856 0.00040934717856593456 -0.01584089787715488
8 8 1 -0.14093660745719155 0.68426195844648652 -0.68033979749048989 0.22149538336506183 0.050394960789531582 -0.12966185209481032 0.061178430167924888
10 10 1 -0.15353920873420709 0.68778128895156221 -0.68751251183356166 0.17524028081953105 0.045001958559560302 0.073540860801315999 0.13204848682601214
9 9 1 -0.13324095531451788 0.67312180091108431 -0.69860669958860333 0.20273768336205369 0.035818292965207603 -0.073430829918216006 0.11742629744610633
