19 881 1 -0.22140101769527085 0.68463735659628899 -0.65313692911222421 0.23593522659026039 -0.5812775096586007 1.0007134083388394 0.28277031542094877
18 839 1 -0.30484922405687492 0.68042013933790302 -0.61120485464278984 0.26556357098893668 -0.4907027377084236 0.86949268789814793 0.23856721621331708
17 794 1 -0.06173284824000233 0.61302035098716834 -0.66556261985785592 0.42121432047319241 -0.15618837161620214 0.69013305841944139 -0.077891192860287395
16 752 1 0.15152327995478429 0.56095068973193041 -0.68769086171692007 0.43526577861354498 -0.23889423744303984 0.63792905099442621 -0.40163982316643582
15 707 1 0.35769235475708716 0.47617192781348849 -0.68379703764386246 0.42158994985672293 -0.51502621717125718 0.46085462165554103 -0.56396670685068062
14 665 1 0.18378042943417239 0.42508843733198348 -0.7798905440760362 0.42106450036120102 -0.11861743012256228 0.42277939385520968 -0.50454786362865178
13 620 1 0.31221348980066072 0.31307875172869509 -0.69024901691349294 0.57276585674466607 -0.27336065866046499 -0.20149725954765729 -0.56577409782834909
12 578 1 0.3828592848700087 0.32436728473639259 -0.63817912432728319 0.58389385838046615 -0.42636406567417995 0.043129881607624473 -0.4433144901542222
11 533 1 0.29841421448159494 0.42435018413307563 -0.70798700367810907 0.47919753802002235 -0.49405718348073691 0.48472260690678526 -0.41484191305240176
10 491 1 0.053930720141939913 0.5646453150992794 -0.73649018518096498 0.36857747176613392 -0.65820911663779735 0.8945029304486678 -0.25015805720665207
9 446 1 0.1251071536721943 0.59051722213755775 -0.72191960321314186 0.33833370650226985 -0.38739455049541582 0.99571585945524554 -0.051501762810849623
8 404 1 -0.037589787234434964 0.63750435300940278 -0.65219133401116125 0.40843808787927033 -0.098131996227166632 0.85213082628546688 0.12390074099849208
7 359 1 0.074207070182861934 0.49547718951497977 -0.7086460316795693 0.49680626726120469 0.50602166088569334 0.40924332013247516 0.35276449512397379
6 317 1 0.20573129206423801 0.33541453496301149 -0.71510590504149762 0.57775017938197704 0.53067379888085342 0.012305422481847017 0.17970391003636477
5 272 1 0.16400931134505689 0.36784816586726971 -0.74865894208533124 0.52659136063543499 0.50442853502615992 0.25401873664176972 0.0035143566603292459
4 230 1 -0.050288063516782645 0.525373472467069 -0.68432406228733644 0.50314451489625078 0.052492540444190314 0.66159624714369225 0.024807312829129687
3 185 1 -0.12365132111806253 0.60203099013185879 -0.68300193731925185 0.39468644684706422 -0.36271344692806856 0.74684467366575902 0.029918944154701987
2 143 1 -0.0066858635835433224 0.53963399245719712 -0.72327650575060487 0.43083819427024272 -0.18823039235337391 0.60735169332512862 0.0091578426100127775
1 98 1 0.14826458536988252 0.46801199236874469 -0.71082996200051241 0.50368954014004008 -0.053481339241320106 0.40487949949260854 0.050471425942413051
0 56 1 0.21844825516171471 0.46100315010940757 -0.66076767246122037 0.55058381599551831 0.019888462379221948 0.21149974714443817 0.074691885209082903
