19 883 1 -0.60385781382643422 0.65558696963575924 -0.33917173070825751 -0.30087207084228829 -0.61127345340004691 1.0272475078690873 0.18683402733247897
18 838 1 -0.62989238845607964 0.6862323657321695 -0.24718601353506028 -0.2668703690921308 -0.48001398234898351 0.88530078806639945 0.11050914046980127
17 796 1 -0.50401257780392494 0.73382892319281012 -0.43873147600837265 -0.12239740544896474 -0.17556644960561946 0.66281354825107508 -0.15948169326494999
16 751 1 -0.34910319867023154 0.71021968123808321 -0.60658311313584024 -0.075972942017015918 -0.30650969445821269 0.5757384008708033 -0.50045574539687476
15 709 1 -0.20391640146821066 0.63896425792309297 -0.74168230102877708 -0.0070811474850791707 -0.60371590027498712 0.39084583030915576 -0.63781638123672135
14 664 1 -0.38571144682210379 0.60353529267015649 -0.69756469484112871 0.019373352914535163 -0.18787381129165798 0.35293011768556531 -0.61204356005942184
13 622 1 -0.23998496599423769 0.62919657554455011 -0.71245376151999973 0.19730312495183411 -0.3406021407233869 -0.29455631572288815 -0.64427089177631569
12 577 1 -0.14799800871593388 0.64002480016406738 -0.72652571673087818 0.20155700811370408 -0.51944655440930043 -0.046250057735607544 -0.4808085759841218
11 535 1 -0.2437538491715483 0.63136635259035245 -0.73270052479270087 0.071487976606626868 -0.56391625096295628 0.40048171286835937 -0.47922056661341111
9 448 1 -0.3751499923752345 0.67504472959072814 -0.61794071057876809 -0.14739869226709351 -0.48219167529834706 0.93523272469971663 -0.18044085605921037
8 403 1 -0.46674246760708976 0.7503391220543788 -0.44760460456965206 -0.1370867929990133 -0.09439293971982346 0.80229134952102421 0.033146988261217869
7 361 1 -0.43206750946971806 0.70032461553938608 -0.56788662204330131 0.019180318936216027 0.48872565217038849 0.35155744935141064 0.26996793023673943
6 316 1 -0.3330272153017238 0.63697443395474573 -0.66909679195597693 0.18885424896101966 0.4923652819204512 -0.0848771216874349 0.10437559244247296
5 274 1 -0.38000566273778846 0.62892877411292802 -0.66554423206785307 0.13074849345684869 0.47163136337736428 0.15477223897609363 -0.083958336808325026
4 229 1 -0.49788863712986148 0.73430004545248473 -0.46142050679337016 0.0012100314035518927 0.034572372579343459 0.60947073462040735 -0.074833638491514171
3 187 1 -0.54915950724456208 0.7183477308858639 -0.40948972353249025 -0.12131998786401486 -0.37017066846116797 0.71991306482517103 -0.088028107787726129
2 142 1 -0.48810932800679879 0.6951147289797055 -0.52549954215240002 -0.049142941159843974 -0.21190905798620385 0.55292961411577279 -0.10036570796874364
1 100 1 -0.36781003981456911 0.69371716651928628 -0.61798050160366502 0.039653084693886953 -0.10706379080223369 0.33781383141430182 -0.032568232108054034
0 55 1 -0.27795329315063866 0.7165430906820992 -0.63422422424026714 0.084069015750700124 -0.02760178987761177 0.11287568426786446 0.014567287554038416
