19 881 1 -0.21508487929398526 0.69192258166229936 -0.64552644282676286 0.24140680871983805 -0.2546085615485113 -0.34204586197784798 -0.59175110788437268
18 839 1 -0.44565976730309032 0.72030528557016993 -0.51315542028192174 0.13863326448697577 0.4022940723356157 0.32208203118790801 -0.68716587956742348
17 794 1 -0.4137295583017051 0.67943478129044288 -0.5813273635929419 0.17104013242032839 0.56761606587196478 0.091872658294953474 -0.51214096571879031
16 752 1 -0.16229414061881908 0.50381159334364356 -0.69122917972698439 0.49197226692903995 0.69448923364818149 -0.80822400902574609 -0.12735694676673456
15 707 1 0.20983627387762918 0.29525639635570539 -0.72081123405648095 0.59095140530687318 -0.42962244949814254 -0.96151254925762675 0.4359288257534028
14 665 1 0.039048888904099369 0.41770297122968386 -0.72122289091626046 0.55121407249782817 -0.39270222742766098 -0.92348900338583328 0.020368429800896173
13 620 1 -0.082533674140594107 0.60733102914603054 -0.60103236251444991 0.51293012475343724 -0.31568716422706017 -0.62589734759455906 -0.40157600287096906
12 578 1 -0.13629540626945136 0.63911557826136367 -0.65153401600797411 0.38530282355312301 -0.41346287988888963 -0.48476855780756645 -0.50941389401945425
11 533 1 -0.43494933280039272 0.70668846267117225 -0.55582705864834081 0.04966664371872162 -0.4750432601592911 0.21414126755185084 -0.77030249319722077
10 491 1 -0.58988287764823666 0.65697134951832392 -0.43608455280921649 -0.17394567936770805 -0.77752174412356034 0.74443117327816777 -0.35539701954647329
9 446 1 -0.47372293147760275 0.63046914760932582 -0.55212959030038222 -0.27064396098891369 -0.97017118775764333 0.8718312045240052 -0.26327828748753929
8 404 1 -0.4429383612474993 0.61465420838236673 -0.565391780764118 -0.32609499612475723 -0.8397846773195754 0.93510704577338832 -0.037465483783213981
7 359 1 -0.4738116975189357 0.64776653955539976 -0.51580689753531261 -0.29974027087070393 -0.33933997613808864 0.92211439877150869 0.15840947682744128
6 317 1 -0.57055748383324323 0.63450665812759799 -0.42414576091187201 -0.30325868814283785 0.029274264270729534 1.0559141001112931 0.44724202675179758
5 272 1 -0.72950320082305398 0.64278672016567084 -0.070464128812245161 -0.22290159021036626 -0.50604199868402744 1.0243968599582762 0.53846488740142118
4 230 1 -0.68066587460857642 0.64413923293419706 -0.16429215721804366 -0.30787449198484707 -0.25443011001153337 0.86783572591658442 0.40724899203920517
3 185 1 -0.55270686271512703 0.67192163475896838 -0.49265877427298588 -0.01799368728961492 0.20594940205766471 0.30866688121320329 -0.017457111584802575
2 143 1 -0.3115409457123624 0.65235116548317951 -0.66785625269267834 0.17705429047802765 0.2845612826165993 -0.31506054905765696 -0.16658229580205269
1 98 1 -0.15172319701707437 0.66568299020905009 -0.69739647713280506 0.21790911343036756 -0.18800743165487172 -0.37110204877521885 -0.23079854618029549
0 56 1 -0.15859254979950721 0.70781220845034576 -0.67206717083019951 0.1489160790815641 -0.12962362706062769 -0.043472939152183192 -0.078888868037672963
