19 881 1 -0.22686454973633657 0.6901802459427534 -0.65006998795937299 0.22269421846520954 -0.5913757388325469 1.0077114178972526 0.29773965993321305
18 839 1 -0.30992475495836558 0.68638325742342809 -0.60591895344037372 0.25629454160111081 -0.49316730322499019 0.87149851913223997 0.24457507788327273
17 794 1 -0.067386586825891256 0.62014867333461221 -0.66423243669512477 0.41191011266941985 -0.15664754205387679 0.68852063518389695 -0.071190473172167493
16 752 1 0.14143387313444175 0.56671922995672119 -0.69139868687072881 0.42519834162527459 -0.23728706848240219 0.64480409205659017 -0.3942631418886986
15 707 1 0.3540386654799168 0.48041298713368769 -0.68638983171116619 0.41560676614078829 -0.5291190648812375 0.45319480521641781 -0.54854002828216042
14 665 1 0.17762800626616237 0.43414484011218762 -0.77860366399195202 0.41682476367435112 -0.13022057617571864 0.40545169154947608 -0.50350273022342773
13 620 1 0.30791359581685945 0.32339490426376294 -0.69387393851826484 0.56492823513479529 -0.29521643059965019 -0.21324095447961575 -0.56306247289614642
12 578 1 0.37908478341646462 0.33228049930365727 -0.64282951831752488 0.57676217554921483 -0.44532251003139128 0.0371134497351117 -0.43347937936221992
11 533 1 0.29777790386005848 0.426949070139852 -0.71094595564545615 0.47286219940992807 -0.5076583765117002 0.4780591993070063 -0.40921126907850014
10 491 1 0.077080243360699852 0.55665381658682822 -0.73295683498120467 0.38336593825887599 -0.65356292503514535 0.83955144993079056 -0.2852769816770126
9 446 1 0.11816755351105145 0.59629586101320464 -0.72277828947782086 0.32872362205240008 -0.39394222541215446 1.0012445649768562 -0.043551470098942474
8 404 1 -0.042889209120249377 0.6445228590005101 -0.65097350306366186 0.39872835148240093 -0.096818377645595255 0.85441054469877387 0.13588037650759496
7 359 1 0.068104134378727116 0.50352839917285808 -0.70952435012581727 0.48825830733893283 0.5144731340405625 0.40363804780704743 0.37345002134923783
6 317 1 0.19908811530966736 0.34396101636932325 -0.71889625499722887 0.57030072427762735 0.53558071574464805 0.0064185718404736183 0.19997708827697883
5 272 1 0.15729198709248965 0.37611743037618978 -0.75087898912010187 0.51959181389017506 0.50883276471475913 0.24717021379241219 0.019101222025287239
4 230 1 -0.055817864383892621 0.53391926932602152 -0.68342212851937167 0.4947209052668386 0.050985739071982339 0.66018429207933693 0.03635633145817331
3 185 1 -0.12959347475546146 0.60923870875151009 -0.68057182841645547 0.38581823884503036 -0.36852749384238009 0.74523760315173981 0.036783314120382202
2 143 1 -0.013568056242252182 0.54722750692174427 -0.72262004167184823 0.42211164268732959 -0.19365558726052992 0.60428248927483841 0.018541661950293688
1 98 1 0.14102614446077108 0.47574000625098184 -0.7127444919423388 0.49576038792616628 -0.056451601541751481 0.40131721063985348 0.065844282747458419
0 59 1 0.21030593538401601 0.46778179069554832 -0.66257123858710854 0.54584884687344093 0.017476322011991046 0.21680480386438578 0.09418189989344268
