19 896 1 -0.11851942675427597 0.49034325896796188 -0.82070138959842853 0.26826453917304233 -0.70716840973475337 -0.57780326966651907 -0.78060313807716153
18 852 1 -0.044542177235513875 0.59493314415375242 -0.80139784156122362 0.042802429550930422 -0.75274141517518522 -0.47304437385766901 -0.34745610011246802
17 809 1 -0.14244459948901217 0.68771101234818888 -0.71158622851573494 0.020202449311812705 -0.78265981066410706 -0.10109638213244256 -0.38063836727422568
16 765 1 -0.37842995573159383 0.63205600076228585 -0.60553745426505412 -0.30103217766140378 -0.28277512111962538 0.69582369165803526 -0.1050262209408446
15 722 1 -0.39448931588464325 0.67548456409990154 -0.44959867993252073 -0.43123057674354104 -0.132287659280451 1.24527587009358 0.2925387904118858
14 678 1 -0.32266785179143981 0.60759693582132968 -0.62945592045955523 -0.36124322166546252 -0.47951226982486639 1.3310216431227022 0.063941307766004429
13 635 1 -0.46767390382437707 0.60800080941669965 -0.54458095582857557 -0.33918684818126504 -0.96648705195330586 0.98570036194666821 0.2861765094193901
12 591 1 -0.27949480718514486 0.70878418385261388 -0.640768333646757 -0.09446468161424719 -0.86690246278485839 0.25303777746119371 -0.31665560958442202
11 548 1 -0.2642045078870689 0.57271621431251485 -0.7718859704166372 0.079900967138449963 -0.65718528770775153 -0.061284315704214436 -0.49747932657731803
10 504 1 -0.15496068801240104 0.63247427469579431 -0.73012717705285557 0.20706951090776332 -0.50493077918220475 -0.42614496631531562 -0.45994456270436129
9 461 1 -0.083077851473150166 0.68574744893129003 -0.69659436825219545 0.19391955290314977 0.36515765204557532 -0.61850785036674905 -0.2988975098270073
8 417 1 -0.12912029099158256 0.61828343164181165 -0.68458790621144971 0.36385841653106998 0.35984554179705425 -0.96309102604274144 0.063328058368228246
7 374 1 -0.02555084354443108 0.62308659653717824 -0.71843434970600006 0.3081595897784144 -0.10559945668529137 -0.93571653447313408 -0.1735313449731396
6 330 1 -0.089375686988791753 0.67428025842523753 -0.70762195909336412 0.19138778091128436 -0.083510487504303232 -0.34001772406355729 -0.13055451354911723
5 287 1 -0.23400622849185621 0.6357798867194443 -0.69427355853813333 0.24291818907777382 0.20450410268961003 -0.21532239795116662 -0.043330161563025028
4 243 1 -0.38987049053669143 0.67967893961168602 -0.60997837678256306 0.11816902942278569 0.55991955886399591 0.53157774984595163 -0.19789459034741022
3 200 1 -0.48272165010253576 0.72203530844286135 -0.48618714093205528 -0.096264665773174982 0.22367657992383053 1.2508273658504021 0.1128705611562501
2 156 1 -0.5413012107465428 0.67789111076303443 -0.45515949846755338 -0.20071490265436578 -0.1317602012366213 1.2171256164937141 0.26598773035658041
1 113 1 -0.4502929351538531 0.69778906624907444 -0.54612584667326158 -0.10987834713530231 -0.078315260502032025 0.87136966993465037 0.071776659804245371
0 69 1 -0.34750127964222832 0.70850303523671498 -0.61387168866419595 0.020684766470629969 0.022510223624233001 0.38440236741217282 -0.10253691627467501
