18 852 1 -0.31230851917531116 0.72295598369814451 -0.56010279977309807 0.25706592184089544 -0.52492055159419682 0.86195855694274859 0.26257569266862918
17 809 1 -0.17034688217800317 0.63587488018866511 -0.62585586703788254 0.41826966202623961 -0.29197419006688208 0.74572023911428553 0.0018336119534453365
16 765 1 0.099680260419984457 0.56939516991377581 -0.67776882079292156 0.45440335795682568 -0.12127136310332233 0.61705926130415645 -0.29448087066488882
15 722 1 0.24783645387439363 0.53437083518171746 -0.71554212066533729 0.37553212404787889 -0.44414619134209599 0.506555126315552 -0.5627676429881856
14 678 1 0.23396206175027409 0.48455711049731159 -0.75053102735401622 0.38362655969964099 -0.24355574457907267 0.46094115307081851 -0.51867272681413057
13 635 1 0.25733894868449203 0.38063507843293071 -0.70385536876729848 0.54173907226059248 -0.18937261853682524 -0.090512480885032234 -0.60577014192369039
12 591 1 0.37490209938607039 0.32735396840516434 -0.63702278281871738 0.58863381606496679 -0.42812145338674001 -0.079270009822626317 -0.44460127767835961
11 548 1 0.362514005418686 0.37928313601933017 -0.6676259718644999 0.52820778136887114 -0.50949317125931537 0.30312005445493062 -0.41284356777808434
10 504 1 0.14403718066669335 0.53734169390737352 -0.73095421478370415 0.39525071848673915 -0.6445899420854112 0.78153565587004681 -0.31647626102732385
9 461 1 0.12060068373427693 0.54881744112135411 -0.69610119977095997 0.44687583407616033 -0.54767697764942203 0.88848183288297045 -0.32972538034149251
8 417 1 -0.014838179970658161 0.61468133063951735 -0.66802167205108931 0.4191583660723685 -0.21633153465685623 0.90631367310841415 -0.014210123781161677
7 374 1 -0.010039412619772056 0.50716956535352742 -0.7117704141772504 0.48586121441756341 0.38905605359743012 0.59115253378415245 0.32990288921964483
6 330 1 0.16090008111185214 0.40087994899093227 -0.70550472719430513 0.5618447386081995 0.556471436117987 0.11299846324010759 0.27288059904681827
5 287 1 0.17877958160296656 0.37335996862944676 -0.75226782896720057 0.51257517353834214 0.52327053519866462 0.10051690325416064 0.021704910145349015
4 243 1 0.0062523556263891717 0.48982248689683128 -0.68799787800850742 0.53543791352043379 0.23326360247388145 0.58223231803191566 0.040626985057143537
3 200 1 -0.11713060509295251 0.62988065442888508 -0.65071568389037426 0.40755353177942277 -0.34205162363894243 0.74465091746407786 0.050464083684817196
2 156 1 -0.048707062133158029 0.55002631120840295 -0.72263504606524398 0.4158091741112942 -0.22343990436605854 0.6504130240745607 -0.0038514036448126288
1 113 1 0.088559188543020403 0.50928990581658207 -0.71022659276480582 0.47786948938767104 -0.10742595612166259 0.46851604702894284 0.048746184606085166
0 69 1 0.20849456871029159 0.47695936448451692 -0.66812423415547262 0.53164817989249102 0.0054582591264707948 0.25937118663195163 0.10815201647226612
