114 895 1 0.48027600106281843 0.17353641261251457 -0.66765660384226 0.54171462565312589 -0.5572997212158326 -0.43769714284693384 -0.65665892234752843
113 889 1 0.53154405547729655 0.33518914071153333 -0.61466336373234065 0.4767579116501971 -0.68686957871041898 -0.40154260148793947 -0.46061348906108518
112 880 1 0.53118896870840338 0.37022177350286378 -0.60521935005274852 0.46312380231275707 -0.67801532120078034 -0.3759423114868079 -0.3506701122689711
111 874 1 0.53065887278735568 0.38166773077151639 -0.5885765735499584 0.47571895178557355 -0.66738172375732796 -0.3989598665092573 -0.29611158274633148
110 865 1 0.52785347624130263 0.38907530643053984 -0.59224376118951505 0.46822904745226002 -0.66724944960138455 -0.37641958006150761 -0.26800835311600402
109 859 1 0.52451010372064122 0.39597922693117332 -0.59611636185388805 0.46123192220837977 -0.6254282358019706 -0.36195938083306872 -0.26006548497457382
108 850 1 0.52584698355703674 0.397265992252268 -0.59518456775313555 0.45980431880561939 -0.59008331058814822 -0.31696728223055137 -0.24361278537015579
107 844 1 0.51973971795522289 0.41214306953646412 -0.5442452371847778 0.51362032437839911 -0.6059825990465284 -0.33532372849383335 -0.21454966677684933
106 835 1 0.49211468854983376 0.41745316686984218 -0.54035505654186289 0.53997444351883928 -0.66607612325549859 -0.27605454465610479 -0.22236377456888232
105 829 1 0.45327626220449158 0.44826856478777161 -0.57763378445207114 0.50983834203070144 -0.66874060809773184 -0.1914950591526613 -0.22445019073207692
104 820 1 0.4416967231716013 0.4422599807366957 -0.58792104665357781 0.51347731895382587 -0.67231317379285582 -0.068408082464243777 -0.19782309815651652
103 814 1 0.38926690522168317 0.46781451571607779 -0.6107484915207122 0.50656404875359962 -0.66805064561073202 0.00040310774143776528 -0.24323997191564536
102 805 1 0.35635704601702411 0.49671183889311143 -0.63046693696491618 0.47832880558410945 -0.68421231830517548 0.17810391237340745 -0.27765312387427477
101 799 1 0.30804052565629253 0.51678016538915972 -0.65214520017542288 0.46125473775551101 -0.68788749850716058 0.30844240187414429 -0.29413517374406489
100 790 1 0.22485499115384572 0.5696357880342412 -0.66436718073192225 0.42845250741491803 -0.72224957599319717 0.41093794872450984 -0.2628230432322558
99 784 1 0.19947447868799914 0.60592759948726171 -0.65935707607939198 0.39788179495396692 -0.72903493185878177 0.46726071037947287 -0.20684443871900113
98 775 1 0.14601921688610056 0.67259032746677294 -0.66845867734225728 0.28189295199410164 -0.61029879064978754 0.59142708928407639 0.023277894572426672
97 769 1 0.16369748122351999 0.68211612738446692 -0.66863077250641012 0.24668525181002227 -0.39606182597754164 0.71111008815753496 0.074673982673807274
96 760 1 0.13397357061856283 0.69237685757951706 -0.67701027049263529 0.21052900776737443 0.00083477900309913815 0.74956699469054711 0.17548624975947516
95 754 1 0.10069756953203582 0.71005849311505465 -0.65386144292226189 0.24112683240389615 0.11095936044777514 0.83093116084949548 0.17696151672551302
94 745 1 0.068333968452682067 0.73311995570396693 -0.64378914075822313 0.20832940633983973 0.18553154430803803 0.98848793321107487 0.33171659545737564
93 739 1 0.031483989565817591 0.73674481641515843 -0.63016132008894488 0.24313071494603952 0.093243612550433841 1.1440155969639128 0.37350558407582685
92 730 1 0.024150116386556311 0.76171768133122919 -0.60802715172991562 0.22249927771814934 -0.0036363195413166411 1.2801410668209723 0.42109960567340371
91 724 1 0.0073625587266666556 0.78341497395542203 -0.59369916779917287 0.18365203365601801 -0.077800181132331933 1.2824697484781671 0.5185471854031567
90 715 1 0.072532250731680778 0.78560446096451009 -0.60589843664958487 0.10223398643331581 0.0019538326020299896 1.3378196608405726 0.5350895832142063
89 709 1 0.10901041684365582 0.77625603918133723 -0.61765929981014756 0.063563196994116916 0.050549531606591314 1.3727248476010148 0.52166924310493312
88 700 1 0.16308315166437903 0.73843332262573225 -0.65371017051059277 0.027984400121250894 0.12846655605093441 1.4366650277466029 0.4667592807279588
87 694 1 0.18542604579762942 0.71750847044374799 -0.66965133194309767 0.048640209787416205 0.047660955642287714 1.4705992260600294 0.4130394753848784
86 685 1 0.2335931212368019 0.68161811946689932 -0.68301795731742487 0.11965560123616965 -0.12113858935802235 1.4801815585053941 0.24742463360692485
85 679 1 0.20906264766162244 0.68040461812839836 -0.68489850042722633 0.15574469202768226 -0.29416583753307834 1.4275484702864014 0.26280146012218064
84 670 1 0.13414215136137639 0.69230873701779494 -0.69166226751096382 0.15594166723028008 -0.57546873709044954 1.3057569539602996 0.45464059749333741
83 664 1 0.091973797180897585 0.70209565697060916 -0.68931856263985247 0.15310920382283866 -0.77155939628235959 1.2483180959591818 0.56647651779262098
82 655 1 0.021141148310242674 0.71235575441121113 -0.68179362060572102 0.16510539030177371 -1.0080684441574583 1.1111760505157648 0.59751826634892768
81 649 1 0.0088195037215528429 0.71129071738435656 -0.67865052136315196 0.18281466453891229 -1.0524285129034596 1.0753922290238689 0.56080011212364866
80 640 1 0.014005612438876078 0.69225685971751116 -0.70242348108754893 0.16488036939281794 -0.96258941610525217 1.0183451076224395 0.59733403884320102
79 634 1 0.034140779028884786 0.67048016921206999 -0.71883377785205038 0.18046814045588275 -0.90277367650118534 0.99545502137113262 0.5186835059507624
78 625 1 0.083262958587929065 0.63267863228114274 -0.71176911943437404 0.29354684226144107 -0.87853817352363617 0.93151874112857436 0.13043335982312776
77 619 1 0.12053262159021515 0.6136700502140876 -0.70121277810209959 0.34231797561501903 -0.81524310064123873 0.84080052961027285 -0.0085076519076594647
76 610 1 0.15504048532479969 0.62042343864467886 -0.66776489769720015 0.38095570096011272 -0.85308507227402108 0.67095362043742324 -0.11266961248197135
75 604 1 0.17073304515161161 0.61815821964667117 -0.66334360636581413 0.38562404316913612 -0.85883827694196679 0.58763469201771967 -0.11947689729536551
74 595 1 0.21874311501266755 0.5917753949932214 -0.65891146697776748 0.40962056857582002 -0.8143716338214495 0.46159717322667815 -0.1181052381667638
73 589 1 0.23383722163827134 0.57005050562861526 -0.66386218767398353 0.42385088248789426 -0.79417694508104741 0.39381841795242944 -0.12660365259330111
72 580 1 0.2676595940031547 0.55823109922480996 -0.68288720840453165 0.38781624797549763 -0.7801170692823185 0.30532875719536506 -0.09365775569101463
71 574 1 0.31038627369066424 0.51729273708012347 -0.69138662874165513 0.39755894514628543 -0.76161795776448271 0.25963272801861925 -0.1358603475938549
70 565 1 0.36350671908702714 0.4401123974073613 -0.70514876318232733 0.42062948613876822 -0.66201327801279974 0.18468781061114234 -0.22116459169920322
69 559 1 0.39654115183358607 0.38488457049854852 -0.70884357736000514 0.43836031427367034 -0.60393394364668518 0.1370932525504836 -0.27232234520713611
68 550 1 0.33520176205518515 0.36446971572311077 -0.73117588023551294 0.46923707994747904 -0.55485749598526657 0.066631307597382367 -0.33738890545118744
67 544 1 0.37104440905002406 0.34237715072772107 -0.73389498623050786 0.45442500190681456 -0.56008448537047162 0.085470825722315527 -0.2829130798566844
66 535 1 0.46648659877894927 0.25577196217380699 -0.68154060469110955 0.50246727324541762 -0.56053124347799788 0.075138508640128374 -0.24202029876703446
65 529 1 0.46866355657506842 0.26786949878889282 -0.67690406586827601 0.50040112706506934 -0.5629106645512324 0.031140358261581891 -0.24345224126148535
64 520 1 0.43448629177328491 0.30544472314093968 -0.67305502399775763 0.51470585584179307 -0.55734139236189217 -0.072137974858331746 -0.31995158652827077
63 514 1 0.43174852138327213 0.31411406333280967 -0.65973309583259665 0.52884573531706569 -0.53502363159313204 -0.11990640344782755 -0.33114690583156514
62 505 1 0.39031332364975313 0.31639290203009018 -0.63922736413238368 0.58218503748449757 -0.42084478280807491 -0.21530195044225053 -0.35167043926962716
61 499 1 0.40234646625751946 0.30750275621064471 -0.64095196364105933 0.57683616072296784 -0.34829467566011607 -0.22844646891774623 -0.33554782234065922
60 490 1 0.43004912633473724 0.28334830018398571 -0.64193529838707897 0.5680585906456016 -0.23192307578423402 -0.27387514571379501 -0.30019088641930652
59 484 1 0.422831317535111 0.29036196551679821 -0.63945339569651105 0.57271542726291658 -0.12548641506927524 -0.32889046052371568 -0.30717949452091609
58 475 1 0.47308692744034053 0.33170736085080099 -0.5646558727083627 0.58934092956319595 0.063628183038576258 -0.41320751988264837 -0.24664897935199406
57 469 1 0.47729433830118345 0.35000779724807873 -0.52578541958530078 0.61092908675450419 0.24862793956751955 -0.43153652369216711 -0.22204287632368902
56 460 1 0.41372493792803489 0.35913335802735269 -0.56071834445988555 0.62084607196519026 0.48757079074223519 -0.40339798119192727 -0.21081421513585916
55 454 1 0.38427716243082644 0.35805508750792497 -0.57354248733403657 0.62863075964073778 0.59908339886782491 -0.41109188207332614 -0.15381277369823138
54 445 1 0.36191062895815918 0.31052578236417949 -0.58323224607940027 0.65759758383634748 0.66645012092282929 -0.48729715900514753 0.0056731867534404526
53 439 1 0.35235547912109499 0.2856350711247076 -0.6081332674238864 0.65148457505091772 0.62938110708280637 -0.58696298996024776 0.021810341822379568
52 430 1 0.3591474485992765 0.2244927030377839 -0.60795534448849786 0.67157012705695251 0.53617613014329046 -0.70634129418274483 0.098679008330289517
51 424 1 0.36712238058855307 0.19502096268998353 -0.6039826093930607 0.67999484507841323 0.48232931972755005 -0.74255881401826795 0.13515659207090969
50 415 1 0.37057024601029231 0.19453873643185932 -0.58474752797912577 0.69491200976934375 0.44399725221099628 -0.75576239045698379 0.13494042559173661
49 409 1 0.38016441721504901 0.20792588439659437 -0.57401478971157038 0.69480131237197429 0.3951487000969171 -0.78712189956743495 0.097162617762032055
48 400 1 0.40963766408791169 0.25149424063643017 -0.55717602589427073 0.67712813208134515 0.31261044687910661 -0.83293931938381993 8.1162881561326386e-05
47 394 1 0.44119700082486218 0.26483319048282578 -0.56010707160094886 0.64922157698619631 0.19447464596199501 -0.8623899869449696 -0.077899229002099404
46 385 1 0.45247144238345183 0.29141199035065063 -0.50967188253565965 0.67125495741921171 0.16354799366706696 -0.83439374135897937 -0.079749686950982904
45 379 1 0.46200603179263361 0.2746500894861269 -0.51805699243244518 0.6653831283736733 0.096722882022006545 -0.78879679572647521 -0.11115232567517168
44 370 1 0.49893840536114153 0.21574646348131607 -0.51855041909725985 0.66001469226453013 -0.020582794862074986 -0.68468303619754278 -0.10606473367537549
43 364 1 0.51686128007667376 0.20694197018240457 -0.49528069365365673 0.66687815425944164 -0.044186483907131355 -0.60331140890123025 -0.09024017991460058
42 355 1 0.52669929279606909 0.20434448865524579 -0.48959162544021301 0.66417710380828165 -0.066942931613941575 -0.46601613319197638 -0.11046564186451953
41 349 1 0.50013994061372991 0.22201010784499636 -0.52767431668921672 0.64971637452361952 -0.056042490110938807 -0.36324529530354999 -0.15102186514920404
40 340 1 0.47734418813571033 0.26777160989989185 -0.54927585508511478 0.63145619484267945 -0.03473116762938671 -0.21933815681530064 -0.12764518329684785
39 334 1 0.43785576781434571 0.324587556954472 -0.57560495586875393 0.60959345406702592 -0.0062535735482542295 -0.14836522414094666 -0.086525341229221051
38 325 1 0.39744017603590548 0.37018452415626041 -0.5834506645669254 0.60381292348223603 0.047812626496416162 -0.10001692012339453 0.0016551019222179168
37 319 1 0.37547313604175581 0.36494148809055388 -0.6102989822129814 0.59445166892777768 0.087825970630939221 -0.082892419299175707 0.050209576260366394
36 310 1 0.32950207360248701 0.37228087330057907 -0.65436737127931477 0.56977072430164299 0.1339273991856435 -0.077519012136030976 0.086886679833119554
35 304 1 0.29327272093323653 0.33635774824364079 -0.65183750906044713 0.61315775958129681 0.15782854411436945 -0.048294733074232717 0.11949328686358418
34 295 1 0.32286500623767156 0.31589281819532017 -0.6443290206814728 0.6170980702185197 0.21966900940841005 -0.026548519668150295 0.14159561527110709
33 289 1 0.32758838850633171 0.2853863314176861 -0.64691411286774791 0.6266918063357092 0.25858584165654763 -0.015476132006984823 0.11381930931244628
32 280 1 0.31087228962180818 0.29456987772448984 -0.66245921211671088 0.61460133335714506 0.37449818696283299 0.035560468000162306 0.025577584176677069
31 274 1 0.31927466410470196 0.28837046793916188 -0.67841068113813907 0.59553766446721468 0.45670849840563615 0.083515449851548365 -0.044629473214910398
30 265 1 0.28804805614063084 0.32698494716358611 -0.6770774384246786 0.59302217838653071 0.53617793624117527 0.25322345003958324 -0.092842456864788245
29 259 1 0.23513463147211169 0.35990383997580566 -0.68070736174154622 0.5931428316383901 0.55694760863556503 0.41023452921342057 -0.075236951140055422
28 250 1 0.16551362932743807 0.38632928662521338 -0.7137505720844004 0.56028121657941055 0.57619209608544841 0.59167627868163075 -0.0003766511506180858
27 244 1 0.14022960019052702 0.40296227020570041 -0.71161307458233936 0.55817909321699155 0.56987838311174122 0.68581782005908931 0.002017757810543305
26 235 1 0.099158321183725029 0.46526347083484526 -0.6853982682316021 0.55129551417715994 0.52072730545988721 0.85360972021595849 -0.015613084555282227
25 229 1 0.07288048111922607 0.48206873768486269 -0.67798636298205206 0.55012058608010861 0.49718293018078391 0.96244364684920658 -0.010584117021999196
24 220 1 0.057828439411729882 0.5323545641337144 -0.68339444080873468 0.49621218033511 0.42247281095420347 1.1164570276546255 0.06957690875362034
23 214 1 0.036408379082151575 0.55535958472297831 -0.67532303142673644 0.48393074381933471 0.33033962460888727 1.2164897027230464 0.14013968834732571
22 205 1 -0.00073526948611677149 0.57893246405182097 -0.6839817000454963 0.44385323638399049 0.23342668721493354 1.3211148227989671 0.30355611796264614
21 199 1 -0.015719583325340691 0.59059094568833936 -0.68403485661980656 0.42784523428472537 0.18855909173189167 1.3561241919368812 0.36602331996399928
20 190 1 -0.03075767742353807 0.59179715969949298 -0.69165484894220397 0.41284822512136277 0.16687098172150658 1.3600671781669333 0.41224496610310407
19 184 1 -0.033722256766919714 0.58412403940869462 -0.69384936618064819 0.41980349335627087 0.14613853436822385 1.3621125404509844 0.38418885899647737
18 175 1 -0.049514007887941656 0.58620231887276286 -0.7057241866134969 0.3948019462968575 0.079308356304339522 1.3402852755643877 0.41511842821976008
17 169 1 -0.057051939464094967 0.59225739118228327 -0.71679867631617367 0.36356005889635684 0.034801971343720393 1.3133675058507532 0.47065796360864026
16 160 1 -0.077116600419894848 0.623423583152939 -0.69883633754415497 0.34208747307713677 -0.12525516025671241 1.2763672380046844 0.50397489677967955
15 154 1 -0.08518720059639126 0.62390461292735311 -0.70378969765721167 0.32888635771963931 -0.17151935102443466 1.2490029821267374 0.52050324636284273
14 145 1 -0.085487403256508221 0.62486104214222826 -0.69603511870005863 0.34318463752560774 -0.24349644074688218 1.2048615414716399 0.45963868662563634
13 139 1 -0.071169241185258678 0.61588235714812067 -0.69453967458267307 0.36501849500180633 -0.22218322511832908 1.1740941243965068 0.3974078551684635
12 130 1 -0.030774014874132265 0.61504945820388968 -0.69041521067897604 0.3795971033012942 -0.18709495868738832 1.1187388765168917 0.34075718810749944
11 124 1 -0.0083394782548590375 0.60705805471218999 -0.69108373567484505 0.39219158787152653 -0.16933766014238938 1.0657659999283584 0.32372220205445995
10 115 1 0.036204385839419102 0.58114963628479055 -0.70948278296138245 0.39697420996006533 -0.083745861673981625 0.98146536330245082 0.33664828221983101
9 109 1 0.05488086114943995 0.57687001903616208 -0.69955254774523257 0.41813311894642829 -0.077353006213707387 0.9401976267355372 0.29636433755360603
8 100 1 0.0652764472475027 0.5756743537467206 -0.70014758568851487 0.41729052484759754 -0.053501618694047529 0.82792326598862298 0.27593658356414563
7 94 1 0.087748235147257006 0.56459457842289151 -0.69726636068717296 0.43284273298518539 -0.027316272309724637 0.75443230815717144 0.21755217385739828
6 85 1 0.12796973242550583 0.53714138194775052 -0.6893916548891853 0.46887314867814261 0.012715287790578149 0.65284355175337017 0.13458972329038069
5 79 1 0.14906045187603648 0.5100089841386346 -0.68896509152348306 0.49294920676113119 0.040554122828554334 0.6087932879882888 0.10311811399912808
4 70 1 0.16491057624011557 0.49747109406742679 -0.68573604623922402 0.50506740866908784 0.045397432919522883 0.5498981315334539 0.10566583136618267
3 64 1 0.18251145771598384 0.48984794707195817 -0.67303642153281318 0.5232213029322107 0.038061028841970983 0.50410477197841275 0.10381923278097607
2 55 1 0.20732800199966933 0.47308392593385651 -0.65602158480916839 0.55031116550030279 0.017202558976041862 0.39687198100457921 0.11595614085814743
1 49 1 0.22508189264585715 0.46113859720262551 -0.66572266362161248 0.54175886786789096 0.027117489933610871 0.3142116302034848 0.14978612083658713
0 40 1 0.26818583334972573 0.4471151735267383 -0.64789286191340956 0.555337032687646 0.045876072229229015 0.24869982364086199 0.16137028138031406
