12 1610 1 0.52478253814013209 0.34262385480571794 -0.52962612028603206 0.57158407473619888 0.053842841650990916 -0.59878762916687556 -0.11155615174342549
11 1482 1 0.49312573376766733 0.33305780741611485 -0.52694643715250511 0.60681707292029197 -0.0085885066407017652 -0.63229583571814507 -0.098481303931332614
10 1354 1 0.5428436187928164 0.43804567618131868 -0.50519304869221349 0.50815034651945068 0.23454653146604842 -0.47075151907384044 -0.095537377135793772
9 1226 1 0.5478670494495772 0.32232323417175773 -0.50362526478761682 0.58507351803690089 0.039578511049137025 -0.41956413006182486 -0.042621840329292254
8 1098 1 0.54297631249962719 0.27350119792162025 -0.52784253560739169 0.59309027677353265 -0.005178747831342867 -0.33677068353690853 -0.06873397876906516
7 970 1 0.46582569029975951 0.47426070581700386 -0.5920433539931248 0.45559617663812929 0.26223903454538328 -0.17963215661632478 -0.077063005835069032
6 842 1 0.1818725398708177 0.66308132657118879 -0.61131199319211504 0.39184586328429438 0.33288446486874534 -0.2087305332228685 -0.25173963840563512
5 714 1 0.46092725457170464 0.3557074845628943 -0.58462415936076606 0.56500694129421736 -0.053396907441074837 -0.30310564579928306 0.0072800728018537278
4 586 1 0.53300830547902645 0.40639756139845779 -0.48915433778498929 0.55809605105742521 0.075282096563274448 -0.0018623902625642475 0.043659686225674017
3 458 1 0.2141872739729804 0.58686725103277482 -0.56341665124234408 0.54062215866177776 0.2367298589748158 0.29290564345354614 0.23065781600892565
2 330 1 0.18940489031375046 0.60367792685958377 -0.58875542588451724 0.50305645472381311 0.24120092023063361 0.44058195156223623 0.27182082248668521
1 202 1 0.24133263976364541 0.54640710530336745 -0.61766186723473415 0.51155806124310743 0.12963552718483734 0.19140600418605663 0.13900775657825712
0 74 1 0.35098074923666189 0.44741714108935426 -0.60420406992999343 0.55818263803591384 0.024317160905046827 0.079255714990806872 0.027664736294022003
