12 1610 1 0.011321524572455669 0.63626643732713706 -0.74952577504807327 0.18234022142953801 -0.026752097577239561 -0.65568579757858048 -0.12234493670669985
11 1482 1 -0.0098777609164449661 0.65370404848798858 -0.72567250074471057 0.21441284591322665 -0.083649905631685839 -0.69477546834520731 -0.11255180986751964
10 1354 1 0.042061266303114034 0.66196454885436695 -0.74499234048638874 0.070853359508392874 0.15326306224540645 -0.52995570280698279 -0.098178684442253167
9 1226 1 0.045331657018792326 0.6317301589958515 -0.74582960995899794 0.20639825579547907 -0.040756661020575548 -0.4763738571329334 -0.046711366391076349
8 1098 1 0.024859395480151036 0.60048735721773783 -0.75986345222640395 0.24779927007275462 -0.08648918067971513 -0.39178042493812193 -0.07596042575369745
7 970 1 -0.069282535256863745 0.65216520644571818 -0.75486395597813527 0.0078026774273393835 0.17829805097490681 -0.2400763584322399 -0.099338584327973004
6 842 1 -0.29009834620694092 0.74527158473905575 -0.57553599914228992 -0.1707967452846228 0.28217777361355795 -0.2687110078910519 -0.31634573798239535
5 714 1 -0.072744219937537019 0.64124448251958555 -0.74487971365624894 0.16931628476686142 -0.12692350686534534 -0.36386188442735035 -0.018792466469069142
4 586 1 0.046018678856329723 0.67376930771884436 -0.72547692870024549 0.1326666012832407 0.0029430349211726678 -0.069720785076212016 0.048059009151446355
3 458 1 -0.23202795330396106 0.79382006245144077 -0.56212096636238651 -0.005723330410018327 0.20173468669355943 0.20474509578806821 0.17742109352542118
2 330 1 -0.26683696301872911 0.78047457650605601 -0.56364052927917851 -0.044348893430631836 0.20522590539872482 0.35677461361649893 0.21048522865845259
1 202 1 -0.24909845481028836 0.74389142864684532 -0.62014105794365482 0.00075528101180172432 0.082458303788015636 0.11210244627671583 0.082661782202885892
0 74 1 -0.16548492259730535 0.70300062459027501 -0.68376109594042234 0.10428626897631127 -0.031101513958515518 0.004461797719065368 -0.0084503041394552465
