19 883 1 -0.22468264023194146 0.68120319685388686 -0.6640983014808729 0.21083965885162259 -0.57869692123378702 1.0226528636238656 0.31867261526882962
18 838 1 -0.30460482466174688 0.68336894210809096 -0.61265803172322375 0.25470164098387876 -0.48132023649555156 0.87775197450689746 0.24903664594884622
17 796 1 -0.077437151372513419 0.62279356373466788 -0.67027991341330695 0.39605113588100266 -0.1654270823437636 0.70183438813012633 -0.038422023167689376
16 751 1 0.15060799005319739 0.57147360081892384 -0.69413527161905508 0.41098829860901143 -0.25224392956973041 0.65142943372722906 -0.39143723437980343
15 709 1 0.34601185425936321 0.4717249216741371 -0.69599896602139943 0.41633740437374728 -0.50983858558617323 0.46614833407428569 -0.56341160279936542
14 664 1 0.18285955850657096 0.4304318291152851 -0.78035601845102853 0.41513287850338959 -0.13018957301914977 0.39475001568212814 -0.50591295229690569
13 622 1 0.30139048806843471 0.3308369519694942 -0.69501636945739176 0.56272811472297313 -0.2812671210931646 -0.21156500309544393 -0.56862318194443795
12 577 1 0.37731617504830162 0.33315653607832169 -0.64461718019053482 0.57541977504984754 -0.4398921803033104 0.038563306514802956 -0.4255725318430521
11 535 1 0.31113553306271252 0.41890158476901829 -0.71685389566890279 0.46242473399257589 -0.49397884501819012 0.49021781319398605 -0.38860786774092104
9 448 1 0.13445987269454102 0.59338890697287405 -0.71642681208924219 0.34138361213765289 -0.41750685588270453 0.98122722081178315 -0.085502670664618988
8 403 1 -0.043528102715863264 0.64466468902296115 -0.65207843929212461 0.39661877415376251 -0.078836279712880569 0.8480066099715341 0.14924477074370096
7 361 1 0.061973582452942697 0.50257020989759549 -0.71754335268756175 0.47824052130212535 0.50982134036002724 0.41263663791940824 0.37589115303273657
6 316 1 0.20251536984755558 0.34034836489828491 -0.72403373051102082 0.56473504634374017 0.53670103644597833 -0.0072448169207313057 0.19408833599252517
5 274 1 0.16469528863091282 0.37415312149411678 -0.75486811455888048 0.51289280868550879 0.51252458129067435 0.22208605823120639 0.019533822086658818
4 229 1 -0.058888876804312276 0.53984394204502706 -0.6832401898075664 0.48814286992409572 0.033608320405898236 0.66264448880813265 0.039902248560154008
3 187 1 -0.13066343372755257 0.61070551302893672 -0.67884283243378829 0.38618422067176739 -0.36723693860028761 0.74813593723651417 0.035880419633046411
2 142 1 -0.0085582448534709272 0.54384088305421918 -0.72387719345016943 0.42445925501341242 -0.18985034805222165 0.59790979292519253 0.016964597873927713
1 100 1 0.14171099121716876 0.48226070479471733 -0.71197335202213585 0.49034330176878521 -0.062852855335862545 0.40710470122772224 0.065640767028606176
0 55 1 0.21894536855893354 0.46932086232602421 -0.66395908229556744 0.53940633182173325 0.024071437885203783 0.19917386694704545 0.09416691768557843
