# Frame list with one line of data per frame:
#   FRAME_ID, RIG_ID, RIG_FROM_WORLD[QW, QX, QY, QZ, TX, TY, TZ], NUM_DATA_IDS, DATA_IDS[] as (SENSOR_TYPE, SENSOR_ID, DATA_ID)
# Number of frames: 19
1 1 0.99264677043884586 -0.056466876641211534 0.10493545253437007 -0.021270443839342325 -1.0104598305764159 -1.0285500212040426 0.16817865470640955 1 CAMERA 1 1
2 2 0.99999279586693124 0.0019792640162322357 0.0031769530840508073 0.00063063245553807883 0.15487659578030641 -0.041925772815514899 -0.37738112469079133 1 CAMERA 2 2
3 3 0.99255888167335693 -0.021632322704414276 0.10308645637294987 -0.061090846599266516 1.0681222402777517 -0.81222801932645028 0.91392367023908938 1 CAMERA 3 3
4 4 0.98694475304076312 -0.050103400264004533 0.13732232828911414 -0.067618650389880533 1.3217745483808485 -0.99846555362771305 1.8900955888448587 1 CAMERA 4 4
5 5 0.98863332643774193 -0.112848099745992 0.04947829875282829 -0.086147258765963186 0.3813269442541013 -1.4947139558250602 2.1643191655021199 1 CAMERA 5 5
7 7 0.99819997100485935 -0.050928483205818206 -0.022890487775828906 -0.021889108105113259 0.1859905006093503 -0.65654331660620646 1.5574861543749632 1 CAMERA 7 7
8 8 0.97944854052740715 0.12025992162800443 0.036167498653585317 0.15782908397979559 -0.78527050778314056 1.7470101916534144 0.99628293013519065 1 CAMERA 8 8
9 9 0.88178679211209765 0.32732602136324118 -0.027517310746058388 0.3384560925799272 -0.9708629617518999 3.9634243160272113 1.08600246832951 1 CAMERA 9 9
10 10 0.98168169870884547 0.13762859845617792 -0.077368939760757816 0.10664641797735114 1.0977743779418407 1.4890130439535398 1.2770329950252852 1 CAMERA 10 10
11 11 0.97141394792021474 0.060175994038974362 0.2112004594540817 0.090156294588168692 -2.6709807997065376 0.25828954129093279 1.4603585970383064 1 CAMERA 11 11
12 12 0.88099049483546799 0.31766107475564553 0.25050825542033622 0.24534221724135694 -4.7388045169553559 3.0290326411593402 1.4334622636441514 1 CAMERA 12 12
13 13 0.89254254460270543 -0.36161991144667088 0.021214649501429185 -0.26860525751734848 -2.0123146330804547 -4.4387731139226689 1.4915661591754159 1 CAMERA 13 13
14 14 0.85465285413173397 -0.39811409388207858 0.073353924394136905 -0.32510439700642624 -2.3984692262074567 -4.5395440133361138 2.5429923625637123 1 CAMERA 14 14
15 15 0.89883839703365886 -0.28981982695936642 -0.0061422878335405306 -0.32871914489328963 -0.76717664817304132 -3.1471176684854529 1.8327782246069084 1 CAMERA 15 15
16 16 0.99344828337045521 0.054243644309398237 0.036704778080006509 0.093653054335824076 -0.24736740799104212 0.64819271330550809 1.1304361005428956 1 CAMERA 16 16
17 17 0.91068104717517639 0.29928004959219384 0.037374383680712671 0.28230238694794096 -1.1913193471781833 3.1845096466212017 1.0899019512991261 1 CAMERA 17 17
18 18 0.99953898188881252 0.0065498428602393183 -0.015761255779022761 -0.025109879717961678 -0.20045263414851339 -0.54176457923871102 0.94241066764156689 1 CAMERA 18 18
19 19 0.99030540449717586 -0.014684980769837153 0.13808976527060848 -0.0032823605808665738 -1.7735472985302441 0.18375038466963195 1.5378419789334488 1 CAMERA 19 19
20 20 0.95038701394943248 0.15236611613420317 0.22481315594373091 0.15168432775036295 -3.5891835404346306 0.76910014378842928 1.1594955355249161 1 CAMERA 20 20
