18 852 1 -0.31261182762464756 0.72317122128715461 -0.559477603962512 0.25745298715608161 -0.52737404358692941 0.86642935483924755 0.26058053220102062
17 809 1 -0.17070676524829759 0.63640615590137628 -0.62494710180390756 0.41867353030277915 -0.29329726690506969 0.74816205730849894 -0.001753750050135301
16 765 1 0.10155301558702985 0.57031828472242674 -0.67674250715901096 0.45436066966737504 -0.12625903623344209 0.61605265044832336 -0.29888587694927549
15 722 1 0.24749791271206789 0.53239706293815658 -0.71763978296577202 0.37455479236399286 -0.44251193893892676 0.51444505667636764 -0.56732670229142201
14 678 1 0.23117620804413003 0.48118706393497818 -0.75182034047824819 0.38701775925549387 -0.23312581071726482 0.46182975794662767 -0.52821495309244382
13 635 1 0.25458242534558251 0.38045430842368233 -0.70432920249112119 0.54255200895880917 -0.18555978453862126 -0.092089929800891729 -0.61299542488368353
12 591 1 0.37424040219955451 0.32833601888982106 -0.63652341712473359 0.58904797725902713 -0.43164116247583756 -0.082528626690749687 -0.44726852197012629
9 461 1 0.12165698632788546 0.54885652141182084 -0.69697108313833356 0.44518244108489996 -0.58019272373330932 0.89959937867091766 -0.33666284774816552
8 417 1 -0.016159801121011511 0.61509078734305822 -0.66777289139651297 0.41890517980727693 -0.21758944588402809 0.91161956784666287 -0.015447916652234845
7 374 1 -0.007899443022860244 0.50833245952262174 -0.71105056522505472 0.48573943950305387 0.3877855257041174 0.59100931575715487 0.33132405057539588
6 330 1 0.16209365367389839 0.40241500891483734 -0.70514362805464981 0.56085673023744975 0.55485141046605557 0.11233422842835625 0.27442003712024898
5 287 1 0.17985250791682261 0.3752157638444506 -0.75184022977261611 0.51147089345740349 0.52122327314048167 0.10049375566367692 0.022295475888728121
4 243 1 0.0064529975120690211 0.49061942826196692 -0.68781334670123984 0.53494274042615997 0.23285265972300717 0.5847441642672202 0.03886107325591142
3 200 1 -0.11698051342475775 0.63043949695297263 -0.64998929774490322 0.40789154560697921 -0.34451072361155899 0.74654882387661325 0.047364215760798731
2 156 1 -0.049079424834388333 0.55044201983863894 -0.72197753135011045 0.41635710283299543 -0.22461837087470732 0.6523599299826206 -0.0068393841376508
1 113 1 0.087949428337024779 0.50963029328017373 -0.70997101208212521 0.47799897931840574 -0.10809231454832323 0.47004478323005933 0.046873914883141382
0 69 1 0.2075551902474394 0.47710967536833082 -0.66817961856674846 0.53181124283270842 0.0061774481859157545 0.25972627824351024 0.1067618030420439
