19 867 1 -0.26546610517878988 0.63925622204279509 -0.67702237556650968 0.25003986194816269 0.054533844743983408 -0.31665293674924622 -0.72011607839506275
18 824 1 -0.45769192245256579 0.77102152230722476 -0.4425807102869353 0.012893065680279861 0.27837411137241502 0.56327451226581071 -0.67576292793578652
17 780 1 -0.3001058165413959 0.65764628254704038 -0.62332705462805671 0.29816312464621098 0.75308020318147906 -0.20434074333900756 -0.47217213653750501
15 693 1 0.10922739831353973 0.36531254673856095 -0.72469453775844828 0.57396336607497089 -0.34537506397442774 -0.96495650779404352 0.28382429643945728
14 650 1 0.038441212702914583 0.53875077487618483 -0.68592490118934701 0.48762373369702205 -0.42167191504316842 -0.8958498083738522 -0.14026352119909083
13 606 1 -0.065323689285252229 0.63080560371678485 -0.66619300755008171 0.39243341171343121 -0.42465998502233804 -0.53112235336350166 -0.41523877793050018
12 563 1 -0.17469068981255906 0.66333481018872431 -0.6585274529713192 0.30953462838236456 -0.51633797567275996 -0.32697893408347362 -0.5640653763857405
11 519 1 -0.55371888289748461 0.6514573769230676 -0.51724656315918982 -0.038140236958945188 -0.50007301026862572 0.5386633616603228 -0.62754497469986292
10 476 1 -0.5534878467719434 0.63004521902772148 -0.49468977879978443 -0.22798299982035664 -0.90920632540136492 0.75095693106435246 -0.33918168744141064
9 432 1 -0.5065891818951257 0.57140672452403873 -0.55375276371917814 -0.33199342256874431 -0.96514046526246577 1.2189412360159031 -0.032683289928219186
7 345 1 -0.50577093530598549 0.6380362232028356 -0.50451532412763489 -0.28734965912831312 -0.14284209922593502 0.95007002385247419 0.31496860403252547
6 302 1 -0.657354912277062 0.60266639087212426 -0.28107728561076428 -0.35450430199374033 -0.18681065037728467 1.0233960651712568 0.72603636916138758
5 258 1 -0.69934278027063157 0.69364525275542932 -0.019523426435084052 -0.17144904442263148 -0.5320162510688764 1.0407877422126204 0.32403524187943633
4 215 1 -0.62711763500583706 0.67181840550474237 -0.34482674201112695 -0.19099219848921278 0.057230171725023378 0.80137089785745386 0.1282498213028031
3 171 1 -0.46530713885790403 0.6668849770104911 -0.5778500113743622 0.069592085183860369 0.29653645193432487 0.11553541114470703 -0.066720516990593906
2 128 1 -0.29775976784509306 0.64002298479428676 -0.68038938903368962 0.19692632855515121 0.14317445577323437 -0.36619235412715745 -0.24565572004659714
1 84 1 -0.11669198787492568 0.67608971284768815 -0.68849995821636478 0.23506060427769027 -0.18661969014355534 -0.30319538922924738 -0.16923852290416236
0 41 1 -0.18629490477704455 0.69977120071819632 -0.66265196342704269 0.19106765939271667 -0.068419750631304649 -0.069703989919019604 -0.050490124670110874
