19 881 1 -0.22623802069559978 0.68722500143474441 -0.65307771380952007 0.22366862792998884 -0.58801927804886545 1.0106416005302357 0.2962958737963009
18 839 1 -0.30948759256125358 0.68337715345250483 -0.60900731496696026 0.25753288432067262 -0.48821932017762482 0.87438969836934211 0.24266929157525999
17 794 1 -0.066119882167775867 0.61709738135487158 -0.66627925198596161 0.41338957592095538 -0.1537574847176027 0.6867570977220967 -0.073652377012267581
16 752 1 0.14170397202469481 0.56412166295293575 -0.6923842902321441 0.42695518305715513 -0.23666463268769763 0.64293494144284102 -0.39718580316667923
15 707 1 0.35133313193112697 0.47848948398510938 -0.68863486065386881 0.41640709986184882 -0.52039656269722301 0.45622672317339286 -0.55440579651793132
14 665 1 0.17765204863886508 0.42920592160189142 -0.78045234997803314 0.41846882308010835 -0.12576807390736267 0.40381042456763289 -0.50796742642819104
13 620 1 0.30804574227054449 0.31838720527558007 -0.69177304235520509 0.57025210745460519 -0.29157832516307636 -0.22856633996003636 -0.55948277933948976
12 578 1 0.37339517118001408 0.33012349786604722 -0.64155792029052117 0.58309343780275491 -0.43466653490247631 0.026675236792825248 -0.42973915487884956
11 533 1 0.29139635268267383 0.42748788226550138 -0.71232825616888307 0.47426862812417775 -0.50237661875766371 0.48121548430986005 -0.40356605440789561
10 491 1 0.049149680990464656 0.56900439751673582 -0.73765803142155473 0.36010961267984609 -0.66985222310271308 0.8640595926721597 -0.24052144044030027
9 446 1 0.11821559451171169 0.59282451268119485 -0.72462897357780232 0.33090334091714335 -0.39081648642249955 1.0008914452433895 -0.046496469840685027
8 404 1 -0.042073781052542926 0.64155271100519673 -0.65300155724285269 0.40028600048994284 -0.093529623716756188 0.85367342893735298 0.13399335191798706
7 359 1 0.068881753514539124 0.50041920428394648 -0.71091819921163735 0.48931711399282474 0.51736874419747736 0.40081091232554006 0.37379978646328815
6 317 1 0.19967384608840599 0.34073132687824936 -0.71951735946963735 0.5712506345676055 0.53669666974187258 0.0022806408420846039 0.20112643509350231
5 272 1 0.15799615044550783 0.37268918612981611 -0.7518034038327619 0.52051093069384136 0.51053116266662879 0.24379999647047451 0.018739402550952834
4 230 1 -0.055142582131591587 0.53071716603996666 -0.6852542078541588 0.49570682456925724 0.053831035904088831 0.65842656560523316 0.035562493651228121
3 185 1 -0.12894967698612403 0.60612323584182859 -0.68291914232796203 0.38679199684048021 -0.3656202165935788 0.74521640549469215 0.035032112094626346
2 143 1 -0.012869291234501439 0.54379064089527374 -0.7243952936995246 0.42352990293934217 -0.19075341265349802 0.60230980816636359 0.016809976777819678
1 98 1 0.14152852540852756 0.47236345027066234 -0.71406756827803264 0.49694059532058793 -0.055083200084491232 0.398665761849543 0.065549824186397196
0 59 1 0.21062824702410679 0.46445825895239923 -0.66361953592277789 0.54728729090679151 0.018729409550558993 0.21349099001007574 0.094581780981864844
