19 868 1 -0.26099366565532389 0.72381848600780019 -0.5939681360461565 0.23488499135327401 -0.5583360128456395 0.89737431704189674 0.31363655005370439
18 823 1 -0.22363376047665712 0.66296678486745719 -0.63851460645719649 0.3205652518261885 -0.40918570463443887 0.87038891678332042 0.14116296935107939
17 781 1 0.033069050488126105 0.6002428922135371 -0.66438193937495738 0.44408506716541618 -0.095012541023693151 0.63159812840301888 -0.17408985548176192
15 694 1 0.29360102459368626 0.53583671795659582 -0.67532938597156011 0.41304681392103354 -0.42296399048197469 0.43680467663177802 -0.56820150117055646
14 649 1 0.22326056051345985 0.39579789552731504 -0.754175404301481 0.47404452065398045 -0.14100532990730066 0.1774865342734839 -0.59315162411795985
13 607 1 0.34744697710041961 0.29257608424470749 -0.6765541111817569 0.57961570689110664 -0.36336753516958126 -0.17220376863565717 -0.53381780450983585
12 562 1 0.37541056190635252 0.3498104326673161 -0.63032414966334027 0.58257277447324018 -0.44718328628085763 0.13221107782016883 -0.41781736716381057
10 475 1 -0.018966452752908283 0.5483588486000518 -0.76853213716223812 0.32909147813463696 -0.56960560964595353 0.92594455620109117 -0.099569470905267479
9 433 1 0.073156136666349125 0.56343450876047052 -0.74702824494955677 0.34516450462567366 -0.24445766803794566 0.99769690378904841 -0.0075150645935605125
8 388 1 -0.026514719970837815 0.59497250131068502 -0.65931241665436069 0.45892464474504086 0.18664502893251225 0.75265472570775782 0.21145090547817383
7 346 1 0.13774538486376925 0.45063794484514547 -0.71022169923183331 0.52300744694002488 0.56330598159023837 0.24484710371859414 0.32699273414544411
6 301 1 0.20382918081574525 0.34806119723018974 -0.74182404418276771 0.53572768782562707 0.52222276576594318 0.0035053255181447325 0.063846577373798591
5 259 1 0.071152647798971597 0.43485013021268165 -0.73102991362971137 0.52099705406436414 0.42183809473606271 0.44619588911536823 0.052470494437667776
4 214 1 -0.10199534866714913 0.60365341736522193 -0.66333384609032831 0.43033441552421603 -0.21195375252991919 0.71523827874089807 0.065609028219727888
3 172 1 -0.075450941325613058 0.60182313531518616 -0.69575223527616037 0.38476602807512061 -0.33789423918866623 0.7016183197330027 0.024437801637258384
2 127 1 0.043514202428247134 0.55198767797256976 -0.70287962983837871 0.44651578192909169 -0.17475049748751262 0.51950509125778566 0.045293288869960896
1 85 1 0.16976795616797213 0.46629647194013235 -0.6977091827463372 0.51667043424815118 -0.032937698016938653 0.34551060256628047 0.066146053910798031
0 40 1 0.24839998760929452 0.46650812881805859 -0.6534855596432132 0.54187105038022898 0.035760398111082059 0.13859953092378177 0.060896043051465218
