19 883 1 0.54822862309917297 0.36221878834987892 -0.60735906980136123 0.44649511364756933 -0.70888448722410613 -0.36060853816282662 -0.36745153857389395
18 838 1 0.50554726645997494 0.40889491781763143 -0.53627924514688696 0.53817420858161236 -0.6502658702684756 -0.30546776622945243 -0.23117773976066056
17 796 1 0.2817174942984863 0.52747007368887011 -0.66340625118712904 0.44978074731437762 -0.68098033656158541 0.36805196042307065 -0.30699912303131532
16 751 1 0.086092766224394254 0.70749766767560252 -0.66169234745007599 0.23280533319368477 0.16530907344114057 0.86822786304926935 0.21656846273940195
15 709 1 0.11195537455987872 0.77489655936590895 -0.61917427500787714 0.060204099183554821 0.053417480844287483 1.3755712163897973 0.51219807250338056
14 664 1 0.10336698511608407 0.70088338627069768 -0.68637316051735986 0.16422432754967253 -0.76957032826711302 1.2424351139171819 0.50626468423175797
13 622 1 0.1061502116980378 0.62728708345359274 -0.70251768285227656 0.31892311419622055 -0.84963132086410142 0.88418139513228255 0.03709572634359555
12 577 1 0.29132659728197136 0.54181376932090175 -0.69214674458016834 0.37749110858066581 -0.77034640621339523 0.29568289537082049 -0.11164544636442131
11 535 1 0.46631767861002804 0.25695802852844507 -0.68448906286619593 0.49799108125255254 -0.55361202264261988 0.075652051260662628 -0.25637435197704422
10 490 1 0.43049448003511426 0.28479214993128232 -0.64555867438999726 0.56286937375970669 -0.22891905858980405 -0.26960187287765258 -0.31307778959138377
9 448 1 0.38507752673664103 0.34497309562638789 -0.58925864793896887 0.6208728593886812 0.63523132565342477 -0.4681141947106241 -0.11010140691144592
8 403 1 0.3935224219438071 0.24336748792747148 -0.56323108167051783 0.68460435135018738 0.36096651661276219 -0.81746814629334874 0.024588393885880942
7 361 1 0.52612461524306953 0.19568585706899963 -0.48717542503298628 0.66899928237811468 -0.058318306379521893 -0.56584431196617035 -0.091292784425321946
6 316 1 0.35677877851439771 0.36068093251753058 -0.62706432662196576 0.59110785682327027 0.11045215300916193 -0.082775019732224966 0.057307563964509117
5 274 1 0.32015579326726246 0.29000557009774897 -0.68053878832424963 0.59183105269650371 0.45683013268245887 0.0816130523498068 -0.057285273685211982
4 229 1 0.074580089484799994 0.48435780301550319 -0.67894249886321079 0.54669224628470203 0.4970752735756907 0.96035606180415911 -0.022032483918545561
3 187 1 -0.03108919571941059 0.58655579485054987 -0.69472727714713711 0.41513825627673129 0.16504178376751868 1.3615664262671905 0.387465827533365
2 142 1 -0.074943695266691465 0.62471338902722984 -0.69456822025866516 0.34884324777268749 -0.23410919525895668 1.1923371120957342 0.41764379891041725
1 100 1 0.067125516432834612 0.57898400044802956 -0.70025497769456768 0.41220705777897865 -0.056256601487240106 0.83069708533556086 0.26370666845863194
0 55 1 0.20948831572355872 0.47513070664115814 -0.6570338356763975 0.54650891663205381 0.017367578488897667 0.3959624571494047 0.10091663579972313
