18 853 1 0.17240666784463604 0.2959427999941191 -0.72777976435394953 0.59416362612605278 0.2939852478060459 -0.12029339730445006 -0.78371114845034628
17 811 1 -0.01749512098666867 0.5409481859875328 -0.66458785388503228 0.51516207671658676 0.32183580872779405 0.43700804644157737 -0.68438372765435529
16 766 1 0.26145355476877963 0.18660444865574527 -0.62000603669326093 0.71583051967946221 0.8345813030087692 -0.45967197153665396 -0.36680202995261529
15 724 1 -0.6435480961245269 0.22050432482851012 0.42083118576088613 -0.60010399415226878 -0.42848832422886018 -0.99486768619786092 0.39051487993028322
14 679 1 -0.51659958502003944 0.13064407598810623 0.48493319972808635 -0.69346722054313203 -0.41343806134531608 -0.93213056987849552 0.12737496641587295
13 637 1 0.51018873904888118 0.081098040077135947 -0.4231617179571151 0.74435523703332862 -0.57184082563249872 -0.78446307267650583 -0.20849146530585633
12 592 1 0.36681650080529515 0.19477829942347705 -0.52764698371256802 0.74100993879278454 -0.45819138947133481 -0.61427719445879148 -0.47055722444778586
11 550 1 0.17608579406357022 0.36432781461622649 -0.66922181427778671 0.62321842071677747 -0.45496572291802423 -0.11918831516334077 -0.82226207208767088
10 505 1 -0.062707944068214949 0.54375443107446642 -0.75098607773463055 0.3693490807980665 -0.71647865482776518 0.63666282423995524 -0.56618088845445214
9 463 1 -0.024822050317087688 0.63109960394168407 -0.74388530195261926 0.21847611599798725 -1.0362686416994973 0.78857194053131197 -0.31176748114752989
8 418 1 0.063972198005593478 0.65347754873086195 -0.74023893944330055 0.14464080931360501 -0.96862636842383543 1.017835872714532 -0.047759656217157553
7 376 1 -0.011473041164020766 0.64223461209986565 -0.72081692414992382 0.26043431841143189 -0.5492301706041276 0.92894948097611496 -0.11212209616154727
6 331 1 -0.069417686785123389 0.65751321596713563 -0.73407640049813727 0.15488509877214143 -0.058776495422730939 0.90572696371244199 0.39517694996819075
5 289 1 -0.40572007335869237 0.66025852608937874 -0.62224849500585044 0.1107100323505175 -0.39180701577757604 0.92912381407197464 0.76470181049120256
4 244 1 -0.52070968252077199 0.66736400528464324 -0.48769366758847982 0.21363894208138351 -0.57333042515341281 0.83988131871209259 0.37169900289427454
3 202 1 -0.15660521651078882 0.59896439027471038 -0.71314624369933766 0.32884479689053692 0.08014321637508047 0.63523928619104963 -0.045032905877584808
2 157 1 0.16535068597355823 0.37354484318631648 -0.73597767097169953 0.53987060357835459 0.26166224516641351 -0.18682083738289618 -0.21143431727646067
1 115 1 0.29605545946082762 0.34556710838897514 -0.66469146115375333 0.59255362625876251 -0.10784601389513127 -0.43493299735519902 -0.34192440892318665
0 70 1 0.33812494097332063 0.36689923596865681 -0.60958878049230669 0.61600161820835075 -0.26052260426425822 -0.10919742221701326 -0.21298866070627409
