18 853 1 -0.31393385548159086 0.72269329173521624 -0.55887349111428941 0.25849634696279078 -0.52588710598169208 0.87032358628944317 0.26543177694610426
17 811 1 -0.15080330174564807 0.63801809456842395 -0.64283413097282049 0.39617616692868768 -0.28845609977129089 0.7873215381402161 0.034468618640205118
16 766 1 0.097611946924865911 0.5698150602547194 -0.67752843867672952 0.45468441771048274 -0.11317294915417017 0.61639204053685293 -0.28697298994321768
15 724 1 0.24106060961941081 0.54885355762878762 -0.71389981657879442 0.36193453366169004 -0.43854066871908415 0.53040270221329067 -0.54813406980281065
14 679 1 0.24448303625312909 0.48375061522826668 -0.746518270723874 0.38590654143997294 -0.25100464614848039 0.45945512249946485 -0.53219195320378654
13 637 1 0.25709817515270278 0.38426977749499769 -0.70663008247968917 0.53564091794022117 -0.18424074946791102 -0.065330782681115043 -0.61063096038448916
12 592 1 0.3707322609128198 0.32558107765112027 -0.63996415270479057 0.58906742894752184 -0.42068208105876098 -0.089621680093446648 -0.45185099739943879
11 550 1 0.3642418431834632 0.37286136209277193 -0.64915186610181652 0.55398929508535233 -0.50077667205174614 0.25207775660728238 -0.42045994347642657
10 505 1 0.15261352962277647 0.53542539870030659 -0.73034810322745336 0.3957529546506971 -0.63488835869549176 0.77789296043690703 -0.31522672766062376
9 463 1 0.092277036345826111 0.55133492297816633 -0.70621089523350888 0.43448926652033237 -0.57361461798001068 0.91062753516767259 -0.33926953136806709
8 418 1 -0.01074282529818317 0.60913721894204242 -0.67155889863119311 0.42171683138502525 -0.21531893069751684 0.90590300133818047 -0.025023455338641479
7 376 1 -0.014822262978214975 0.51364586831710701 -0.69837366127422895 0.49821928075838079 0.36005342926834505 0.62691684976878248 0.31320913906002013
6 331 1 0.15916923193560373 0.40385027723707462 -0.70387104069608031 0.562259430556736 0.56255184098143185 0.12042625351275325 0.27909173836381429
5 289 1 0.18237504192043139 0.37254847939765645 -0.7489831291080119 0.51669260387060501 0.52909875166769904 0.08065060549355442 0.026598338164596436
4 244 1 0.011201717183569757 0.48666257712988664 -0.69155355724123668 0.53365507120276512 0.25048222974030909 0.57688432062075856 0.046383226007604222
3 202 1 -0.11141435247393092 0.63244809867169705 -0.64937914738158797 0.40731187988485196 -0.33583765506282182 0.7426872301680113 0.054374328698345076
2 157 1 -0.046520487349851598 0.55826076210302267 -0.72134227086106195 0.40724205826742788 -0.23577495508957871 0.65405060623781264 0.0023429058402227366
1 115 1 0.085476586646165698 0.51554126533543376 -0.7117037789486147 0.46945573582812022 -0.11240635118293281 0.47772629944500594 0.050777676503318853
0 70 1 0.21022609032075767 0.47635687741670729 -0.66853144495559602 0.53099418395292786 0.0064665240822139869 0.2608054960158892 0.10780952012881725
