19 883 1 -0.21420366945802433 0.68415481589371818 -0.66087114542192327 0.22203221619590469 -0.59407960327381482 1.016849321852541 0.30295874983445975
18 838 1 -0.29557938424344843 0.68400483454177052 -0.61112711951141241 0.26700909672037931 -0.49012104391548661 0.87381132758568802 0.22807402504585172
17 796 1 -0.073141568535978418 0.62111133924388762 -0.66687120153416146 0.4051590006147528 -0.17312678037541832 0.70730577568657571 -0.047880677992703256
16 751 1 0.15473033289823349 0.57044106450285192 -0.68967487094773861 0.41833489980310679 -0.25305657480345733 0.65787283516321482 -0.39110296605578343
15 709 1 0.35324635059395598 0.47097885529742661 -0.68781814134284891 0.42461999257506278 -0.51166679121288738 0.4673355553177938 -0.57394866115880383
14 664 1 0.18936433916258971 0.42977953898489041 -0.77526704777212274 0.42236441559647031 -0.13004774324004131 0.40518017264598566 -0.51189408789120128
13 622 1 0.30741709536100681 0.32877154499491806 -0.68881196108783416 0.56827993361000195 -0.27558333210260666 -0.1987635169818463 -0.57947731977642447
12 577 1 0.38317176464893654 0.33145999466484166 -0.63786536591980092 0.58003572792768698 -0.43501284207643098 0.046357136448060353 -0.43949700333633845
11 535 1 0.31754899704385425 0.41266283133614157 -0.70808696383245262 0.4769537438375136 -0.48033771934094066 0.4777388055833775 -0.40947178305846182
9 448 1 0.13797987708194567 0.59346988885732521 -0.71184160191613899 0.34933734172228231 -0.42061996171740063 0.98524477573224689 -0.092519485868447243
8 403 1 -0.039461309670677409 0.64299045180400294 -0.64827951739203193 0.40588144975831741 -0.088248623290574771 0.85063935080947251 0.13735351553478725
7 361 1 0.067471394599071768 0.50031995518354955 -0.7126553452254305 0.48708306506961385 0.50062879873504385 0.42014875438971483 0.35716529020348337
6 316 1 0.20925468401028982 0.3386731731205449 -0.71786214130804804 0.57112774849838921 0.53092356946626384 0.0020429135429815308 0.17475286461611153
5 274 1 0.17148141998541155 0.37238305796814158 -0.74919245147052116 0.52022653853650469 0.50682079324890728 0.23056206987160252 0.0035209048153615821
4 229 1 -0.053656375138227394 0.53746909018476341 -0.67933316019114132 0.49674382529398969 0.027636852537746268 0.6678590766996404 0.02611999023011775
3 187 1 -0.12624319256659206 0.60885122573982942 -0.67575079212293943 0.39588345278746062 -0.37112727679237301 0.75279835473679269 0.025675815175074886
2 142 1 -0.003089716802017581 0.54241676207009926 -0.71977248416302453 0.43324598199782682 -0.19343710110573292 0.60502730136834471 0.0053154501037114858
1 100 1 0.1479296380089653 0.48101037130317414 -0.70624109315637884 0.49796522291682399 -0.067178984167556438 0.41375064891341368 0.049800811335400846
0 55 1 0.22529051578606277 0.4680470746155978 -0.65723424691810284 0.54609455602361134 0.016765300114217188 0.20584848916488691 0.076260045940996724
