19 868 1 0.52037325307407334 0.39625201941142679 -0.5895077609976539 0.47400064801749547 -0.64963009678573802 -0.40840536824287432 -0.29210883228167206
18 823 1 0.4361997028548199 0.44379453751560777 -0.59476227097341738 0.50895389646530631 -0.66153368123545375 -0.11617397501847786 -0.22594935733151006
17 781 1 0.18616184730465912 0.63967989564811523 -0.65833111789960497 0.35036200838103132 -0.70947032111500652 0.49468174877605753 -0.12568823425034656
16 736 1 0.03742387283675707 0.74369938511228539 -0.62212919062907213 0.24179732937467024 0.050941552834008884 1.2047800345300683 0.36036457426456187
15 694 1 0.17890290608284851 0.71261965504578795 -0.67785739776612386 0.026006263308533551 0.077837463406495 1.467987969372464 0.45722042252185796
14 649 1 0.010054704886715298 0.71065409093962029 -0.67965200559802708 0.18150156260209568 -1.0408292397634502 1.0772068661991669 0.5476737073570459
13 607 1 0.16667476577678955 0.6149485352378502 -0.66839081069969597 0.38381186228968783 -0.84142052111350774 0.64071848437822787 -0.13399702408521183
12 562 1 0.39171376001331676 0.40624079327518819 -0.70320763010989018 0.43246708204279266 -0.61906322655714818 0.15399846494088767 -0.25808312917954468
11 520 1 0.43699209700457842 0.30377452259661386 -0.674546296217022 0.51161141585840153 -0.54926302167358265 -0.07238286793324232 -0.3286127368666647
10 475 1 0.47554804849968357 0.33355494782445139 -0.56596322492102002 0.5850476718926152 0.057779207036253187 -0.40580407869491886 -0.25400747712315896
9 433 1 0.35267579256804632 0.24633217451552161 -0.60679868310932861 0.66838282691264561 0.58021102495903021 -0.67043310866861983 0.069042768148312561
8 388 1 0.45957934955396418 0.28362647307875283 -0.52176799556720754 0.6603794394393584 0.16115082531060806 -0.85495782766956963 -0.08595865298799571
7 346 1 0.4934027978845586 0.22219191021216567 -0.53444514638797358 0.64927099086459739 -0.048026834864589918 -0.32016723926957119 -0.15178986812781203
6 301 1 0.30816373606181841 0.32134834982262667 -0.64538392915676157 0.62068505204239999 0.17602251997984383 -0.04122607025727109 0.12254376655688878
5 259 1 0.239081809502625 0.35942514347218657 -0.68068908469373524 0.59187483861349743 0.55440048587699942 0.40269678314622992 -0.083448110945607029
4 214 1 0.041356607013238261 0.55655554388161954 -0.67665202678488934 0.48028907157969863 0.32724620459782161 1.2104443721642546 0.1267223137089396
3 172 1 -0.046109046040240048 0.58495668172718229 -0.71465227765355921 0.38075157047681779 0.0721018876371715 1.3263769290827532 0.41730062299571391
2 127 1 -0.0095630605191825944 0.61775610137743975 -0.68534535456298651 0.38547074086548694 -0.18143549113978852 1.0968969508699276 0.3072477891363381
1 85 1 0.13185218402269319 0.53697451282461439 -0.69033622115669879 0.46659326602974388 0.014778150128109294 0.65046137585267294 0.1243790123689357
0 40 1 0.27226013184887032 0.44613494439173246 -0.6485604195059318 0.55336011262875784 0.047159122074099266 0.24470538811928613 0.14893430412469011
