19 868 1 -0.033998600058917638 0.61438671158693692 -0.78532403986110089 0.068111792192423304 -0.80486284390223473 -0.58099689183380643 -0.36539072950664392
18 823 1 -0.097644138517059484 0.67255578192213972 -0.73101760277116068 0.06121770050456074 -0.77873435865342766 -0.30852955776389035 -0.32507370980479694
17 781 1 -0.32209167146541717 0.70480622614566102 -0.60442392118051713 -0.18486985223040903 -0.76979686535598324 0.37507461686652271 -0.34094080289668627
16 736 1 -0.4043868918394094 0.70396301376460413 -0.4749054585290759 -0.3396647205984244 -0.0041401878539675937 1.1493883139079559 0.12272564596212819
15 694 1 -0.27757947068737121 0.57687743460336316 -0.63668219987926711 -0.42988119202316633 -0.16739835463404118 1.3848091472727388 0.044804120940916792
14 649 1 -0.46437156666697654 0.63767622414454228 -0.49695544416676679 -0.36161217864589262 -1.1068881190215654 1.0634051283656267 0.31260137010930394
13 607 1 -0.34412495090497358 0.7086960131710498 -0.59744321223906938 -0.14963150480286946 -0.8938079906674764 0.52424662124731558 -0.34064625696654144
12 562 1 -0.20466534476650608 0.59243495608950691 -0.778528623314381 0.032032829020329251 -0.74932983631828287 0.0079033695823705185 -0.4076287626234818
11 520 1 -0.15210477604207373 0.57326154147929187 -0.78904249185290998 0.16014770749694543 -0.68593888101764156 -0.23930819671401288 -0.44713737985688917
10 475 1 -0.050019789251265087 0.64587757966888204 -0.73697729386330568 0.19288504632097583 -0.064924282218959253 -0.60819762852077208 -0.31748056283721682
9 433 1 -0.16645027749011776 0.6401186651454942 -0.68148601008131926 0.31323987249272339 0.50110512725677159 -0.88635014995626449 -0.018653385222761925
8 388 1 -0.030407457509195636 0.66176007572431128 -0.69411902271666115 0.28168736394813249 0.054221666496328258 -1.0730287046917388 -0.12166845782815003
7 346 1 -0.014780176769547787 0.60982604862108891 -0.72661573680171598 0.31610648179047129 -0.17961625863374289 -0.5256619441996685 -0.18358626446232346
6 301 1 -0.22574595584187065 0.66112806566192495 -0.67863308824840407 0.22672797743021406 0.11472624536277309 -0.24479400786507377 -0.0014932741596121227
5 259 1 -0.30052432693586706 0.66812346682285595 -0.65665513187451263 0.1791652862114162 0.51724812487788729 0.21546448110529168 -0.23881115319398558
4 214 1 -0.43898687404557918 0.73412422886012207 -0.51666943336498783 -0.037481163836314751 0.35161071871246818 1.089742087644358 -0.09158079579865612
3 172 1 -0.52819775699140015 0.68571135815849882 -0.4839829146826905 -0.1287151937299103 0.099920977677916273 1.2697554699855529 0.17337906693852265
2 127 1 -0.48181045591914762 0.71260781343566304 -0.48801980067640754 -0.14793736155949924 -0.16577065095686952 1.0243298231405147 0.067228576084962105
1 85 1 -0.38352501229792224 0.71027319984219395 -0.58929739394477532 -0.033898790800055499 -0.00083502940228270958 0.51642536505133807 -0.084928391675222037
0 40 1 -0.25329849496779949 0.70487385209717568 -0.6561891307173664 0.091698145047343457 -0.0039335316436160039 0.056945844388834335 -0.0050220385395742849
