19 881 1 0.53601392502457201 0.36766586227713965 -0.60684789017866414 0.4574347211148973 -0.68786655631279825 -0.3693947777719121 -0.35188640804946786
18 839 1 0.50917351279883194 0.40635247442473965 -0.53393546171529072 0.539011060290852 -0.6448890884184143 -0.31364527489904487 -0.21393341346821196
17 794 1 0.26016901371141749 0.53868799972097769 -0.66607093515510962 0.44550738782049165 -0.69086390861397806 0.38593046123951941 -0.28618384189715379
16 752 1 0.089956518799561624 0.70688869198037518 -0.65972243941334108 0.2387100852713368 0.15155901582104273 0.84938440373977531 0.20421568914681809
15 707 1 0.13108077113213126 0.77474557647999032 -0.6159448241960942 0.056560557901561198 0.053316697166354475 1.3916106339023595 0.48740535334049934
14 665 1 0.096404203914641121 0.69614664922350766 -0.69541233530945801 0.1499591815858993 -0.72033743201377676 1.2674123276905773 0.5607248555394353
13 620 1 0.11405538236828291 0.61712258584220525 -0.70229415595330491 0.33605654629852111 -0.82449615159997103 0.85030320526611747 0.0094391124277020001
12 578 1 0.27947751510169649 0.54633486736203218 -0.69059045770618022 0.38274711100446002 -0.77455327399717011 0.29348756211184934 -0.09840551529802849
11 533 1 0.47378924532239081 0.2600807022983247 -0.67866155020509678 0.49729295147032249 -0.56251276802709627 0.069721067227745057 -0.22742902921182676
10 491 1 0.42835306105596987 0.28379490688731024 -0.64190985089922581 0.56914484028877688 -0.24414553817521994 -0.2638864931277366 -0.30111068463896989
9 446 1 0.36961115656058174 0.31760112472553037 -0.59075378288328917 0.64306071760612993 0.66488469757397128 -0.49729900206837646 -0.02651234934195108
8 404 1 0.38452377222146872 0.22408738037218148 -0.5616655725078501 0.69746548245338591 0.37626950348605337 -0.81724783362828268 0.066037422902247095
7 359 1 0.52391684437912633 0.1957648200956803 -0.48840507369984026 0.66981173427536933 -0.057234473013832672 -0.52830720068062442 -0.093762753890384784
6 317 1 0.36170599261810504 0.35723961770989804 -0.6194338623673693 0.59820591822154368 0.10296039674163229 -0.08744607904824668 0.065818948370101452
5 272 1 0.32210684083358104 0.29472021909168639 -0.68125593521187489 0.58760320479499795 0.47774300803909531 0.10970634075271778 -0.065527730765761905
4 230 1 0.077782887222197367 0.47993961646511979 -0.67764043529477869 0.5517347437457566 0.49912329902045194 0.9401625987168295 -0.016526734438369554
3 185 1 -0.032772182618060149 0.58489249317741998 -0.69365689451553725 0.41912631528241123 0.15170580290703867 1.3571026711618166 0.38742895746038075
2 143 1 -0.078860935931589271 0.62188283560584534 -0.69553981349138883 0.35109408911457163 -0.23486696146119265 1.1923607203452427 0.43333715929275413
1 98 1 0.072664470885982116 0.57302696978739054 -0.70065846744531612 0.41885281253003698 -0.043718031801982311 0.80098523721964787 0.25952380201470937
0 56 1 0.20221013240321031 0.47571208623463712 -0.65964370693137797 0.54559990218986987 0.018549238664258588 0.40925508860058818 0.11698951518259876
