19 896 1 0.4812342854281414 0.172649439329145 -0.67344169309571522 0.53393072549552201 -0.55186510683945156 -0.41504677938642359 -0.67336828317698028
18 852 1 0.5182969520466737 0.40291776105608867 -0.60984477612647514 0.44397623399899022 -0.58289625378523424 -0.30190592899926799 -0.26376400684773055
17 809 1 0.38601581423973585 0.48316323851889681 -0.6131369650046411 0.49153650754106049 -0.67732868277750846 0.0962778550663662 -0.25006389306245236
16 765 1 0.14260228507268374 0.66115529661439343 -0.70193359263398158 0.22322072838948873 -0.17340073842654333 0.76352474441988871 0.12728947003452989
15 722 1 0.022873770408021559 0.7857292726688514 -0.59800178116897029 0.15652530280225641 -0.043240241113090445 1.2921982191745351 0.54372398235632868
14 678 1 0.19830479184081928 0.68866073809466521 -0.67857727299483617 0.16110394754558907 -0.34208944646928535 1.4058008911808679 0.28023459225559982
13 635 1 0.04009928330890717 0.67473538063411265 -0.71586595698543143 0.17510038614458745 -0.90273119159639537 0.99924266382889182 0.54804629503860047
12 591 1 0.23899340078390521 0.57644547639792354 -0.65663591495822338 0.42358239140584159 -0.80169975325642184 0.41006543054384859 -0.11919343468128436
11 548 1 0.33988790778275985 0.36049629851713927 -0.73977781405520704 0.4552443461814758 -0.54634882396142204 0.088225869653608541 -0.32118628599244176
10 504 1 0.39013422028036654 0.31629231296320054 -0.63380076297481103 0.58826104390752154 -0.40158655912532232 -0.21913617472262156 -0.34945445764958472
9 461 1 0.41972654595847009 0.36457160396673943 -0.55914257458411765 0.61504207456590798 0.46756081857960824 -0.39479672930915105 -0.22288642605509293
8 417 1 0.37833466000044019 0.19695692455597746 -0.58176283519993621 0.69254809110410109 0.46028350521683797 -0.74164689481851354 0.13930190125780928
7 374 1 0.47659186813057353 0.23974345897046104 -0.53467761346689613 0.65536487148002787 0.023787195511899843 -0.72313897469928645 -0.13217946475685102
6 330 1 0.42264126993328976 0.3571832957304133 -0.57173614537589235 0.60573280435440591 0.02102922544254883 -0.11848838625444759 -0.045838565421349405
5 287 1 0.30904544041996235 0.29324382292853673 -0.66191509869718645 0.61673931136792504 0.27720458327829195 -0.0058431416414601684 0.09646551818955354
4 243 1 0.1379996785799755 0.40987547798705792 -0.70849649463787201 0.55766557930587035 0.56651707752646474 0.70514543252752959 0.0042436403927703804
3 200 1 -0.015226652790217572 0.58811189481669068 -0.68418286962581887 0.43102940634080611 0.19430635576625327 1.3530121774034047 0.36319267448689918
2 156 1 -0.078990647707946782 0.6282183759645168 -0.70253355981030974 0.32488266653584008 -0.15279806721945141 1.2558481010216083 0.5331496973431511
1 113 1 0.049895053496788307 0.58032370961449886 -0.70499946610630315 0.40461170087584841 -0.076616589973899404 0.97434922601857243 0.3205983513567035
0 69 1 0.1713721192005106 0.4981290432444721 -0.68260557527370258 0.50650634906418568 0.045748611450731204 0.54878188751860213 0.10422690864891214
