18 853 1 0.17270832229615488 0.29264042838412646 -0.7317847001615998 0.59078301236088371 0.29553375648794 -0.13071950489409284 -0.78755562871482998
17 811 1 -0.013965916005901705 0.53900663709671215 -0.66807052056243421 0.51279486923256901 0.33047477338217857 0.43022104364027858 -0.68856459909287193
16 766 1 0.26076942074016302 0.18874250578931395 -0.62585743862200571 0.71040695536904275 0.82721975884099486 -0.49462467411827687 -0.34625184180684943
15 724 1 -0.64208819298154984 0.22291407637443419 0.42383231892658935 -0.59866370561537363 -0.44539296448277482 -0.99916578713836757 0.4097252297164149
14 679 1 -0.51460637013808674 0.13529451839242576 0.4891404428383706 -0.69109862124457089 -0.42982631773212676 -0.94219507677467251 0.14273904626643538
13 637 1 0.51193249692266019 0.080683109850073653 -0.42799559567648082 0.74042901378929349 -0.59479626714282374 -0.78753736562260268 -0.18445061302981727
12 592 1 0.37249410515734988 0.19713917556120705 -0.52696371501620343 0.73803355624144507 -0.50142013492546877 -0.63044048972720279 -0.44784340021452163
11 550 1 0.18097716286932505 0.36671670275856333 -0.66697728284249036 0.62282215006348807 -0.49092999987193014 -0.15129920332002711 -0.81874368844687273
10 505 1 -0.057789580940881276 0.54493394261128791 -0.75202430766412343 0.36628786931468371 -0.74585220411731123 0.62723466665619321 -0.57325641055558396
9 463 1 -0.019714130101364351 0.63128598764605459 -0.74329638259468456 0.22045371962783561 -1.0567342722472783 0.76913962546629389 -0.32844349168666653
8 418 1 0.067901079332458994 0.65379360151080435 -0.73927849628816766 0.14632387014743845 -0.98626228291012952 1.0099078172474494 -0.057467761293571
7 376 1 -0.0089204305821736565 0.64073232927881463 -0.72226341127227522 0.26022696415342783 -0.55076485541653664 0.92936166958164956 -0.10752836029873662
6 331 1 -0.06659668590315812 0.65643916294440319 -0.73598522435082425 0.15158580512974906 -0.05111318796191551 0.91301744928627138 0.41146261330931799
5 289 1 -0.40035347485738548 0.66213138851096986 -0.62412472972636734 0.10847783765424572 -0.39741426395284107 0.93212615618224171 0.79011697576130346
4 244 1 -0.51738169176470084 0.6690827643693984 -0.49069256010161399 0.20944032780585525 -0.57901349408945824 0.84966938391902103 0.3861463676028018
3 202 1 -0.15295978291433296 0.59860160964065956 -0.71583970688943377 0.32535047531371664 0.084343353453276662 0.6315572449003839 -0.038479719801613306
2 157 1 0.16764255857051172 0.37162022575818693 -0.73910597337922934 0.53620587508764639 0.25964276036042977 -0.20385384824295363 -0.19849091208527989
1 115 1 0.29893049189014154 0.34325647733466813 -0.66688688064197321 0.5899808812272912 -0.12134678001883739 -0.45628832229667626 -0.32905021676547325
0 70 1 0.34081463490256764 0.36506279052491514 -0.61357753827114603 0.61163481599685932 -0.27814369986817228 -0.11053885944435649 -0.19474658365851538
