19 868 1 0.51855388670840907 0.39709879110679064 -0.59099062126803292 0.4734390164048084 -0.65005057138301281 -0.40565786801612397 -0.29463302141567205
18 823 1 0.43523784442488356 0.44370308228666233 -0.59548579844604066 0.50901105822838244 -0.66255887723849549 -0.11642089783570905 -0.22723857096551969
17 781 1 0.18745015053041544 0.64003246303772898 -0.65814438534645903 0.3493806739945905 -0.7140744949772494 0.49490603515031673 -0.1220097531574753
16 736 1 0.036671010510898883 0.74356549869590016 -0.62248748390424435 0.24140198532694429 0.050793668278737152 1.20860635879356 0.36020719380092731
15 694 1 0.2017200733609526 0.71381334700430998 -0.66877493995185533 0.050195590783939321 0.046451700216639198 1.4683988906784298 0.36886968046431501
14 649 1 0.0086884395141568413 0.71070019208059299 -0.67994692471728158 0.18028290979160597 -1.0446584684921889 1.0807551876262764 0.55168484642842541
13 607 1 0.16498517011831712 0.61523096240093911 -0.66944678245172162 0.38224568278697602 -0.84432389013701692 0.64584061398368309 -0.13166235072391508
12 562 1 0.39073208458217318 0.4060126262490355 -0.70385996877104207 0.43250818462320267 -0.61992659910802905 0.15456197281074865 -0.25931158453155262
11 520 1 0.435978584789593 0.30361749784488495 -0.67514112166277229 0.51178467586203558 -0.54986695776907857 -0.072787566428085579 -0.32996949689355087
10 475 1 0.47352887238021779 0.33424516777753316 -0.56701006331970016 0.58527785105356389 0.060589575958896906 -0.40510711384733172 -0.25587654056882614
9 433 1 0.3515201224077536 0.2461973532630527 -0.60735883535989232 0.66853250623958516 0.58363789753234185 -0.672579485209852 0.06928645028121351
8 388 1 0.45852826155957566 0.28356790040183549 -0.52239816564417818 0.66063699241296336 0.16320038066557463 -0.85793372177800553 -0.08641306673903737
7 346 1 0.49229601874325268 0.22220713063715089 -0.53506476211790333 0.64959550595986948 -0.046655532171459957 -0.32143503414181213 -0.1523897785475834
6 301 1 0.30689700792015823 0.32132615888870864 -0.64603520311543772 0.62064663253664565 0.17815942954387454 -0.040669868356998033 0.1227108906445494
5 259 1 0.23799486774783751 0.35930784443074149 -0.68157945617018978 0.5913592484970297 0.55733698608862403 0.40472165734768617 -0.084664484150565211
4 214 1 0.040637002004108615 0.55642452419461141 -0.67670055504736171 0.48043390985806894 0.3288129858909819 1.2134087944383334 0.12546069283738928
3 172 1 -0.046611690808020641 0.58465783136224725 -0.71472417253258036 0.38101434054957806 0.073224541232030607 1.3299634757928074 0.41603438634996293
2 127 1 -0.010381247597986002 0.61733111858275558 -0.68557080860808872 0.385729420853692 -0.18052822732586651 1.1001550345992133 0.30618622385468081
1 85 1 0.13081220705601043 0.53675119916469038 -0.6907629744817656 0.46651133937505318 0.016027820091002742 0.65251596806681023 0.12413700327105827
0 40 1 0.27101949299219225 0.44607101679873112 -0.64926779786712419 0.55319111439282576 0.048744507727293544 0.24634530142391797 0.14905590371847274
