19 868 1 0.29004705117176094 0.3028498658118064 -0.66149596957824097 0.62175376887967448 -0.070764955116070519 -0.38407575878178801 -0.75367072971883631
18 823 1 -0.033966935289609812 0.5501233331529235 -0.64201435313809363 0.53294290124967814 0.25540697595355649 0.51583790414705943 -0.74107028539546027
17 781 1 0.2001970846217993 0.28004305718385386 -0.66769395394266817 0.66006196474305279 0.68297899261930772 -0.23056329543245216 -0.53665691632789958
16 736 1 -0.54553262989246898 0.13646898478386571 0.47981255920494409 -0.67346141236441259 0.0031075388639830196 -1.1236274437076326 0.23174865307502218
15 694 1 -0.57193707594898147 0.14176636640276732 0.45338072872174867 -0.66875720058599852 -0.43665188054041959 -0.96876434744129858 0.25708909075962899
14 649 1 0.4979842737901346 0.062040957677865383 -0.47843383773116338 0.72059950426152564 -0.50888810163175913 -0.9077900497325182 -0.17708724369094242
13 607 1 0.40274654400445287 0.19162071035864686 -0.53523159337125936 0.71735895206749856 -0.49614522564420255 -0.57997677210007159 -0.44054087113364521
12 562 1 0.31944130615340116 0.2778842006011753 -0.60449065962760906 0.67478045718754553 -0.58347754317665512 -0.37544199540002815 -0.60594547782670094
11 520 1 -0.054188404170280834 0.48603345237221141 -0.7694546902322863 0.41082183450756854 -0.50348221279514116 0.53533249588024012 -0.71671921120145277
10 475 1 -0.059095400239499954 0.61053442707317673 -0.74784499621231726 0.25393563883228482 -0.99527168317994386 0.7770310248429364 -0.40745175499340724
9 433 1 0.063581945314938201 0.62213596764158197 -0.75516945296145654 0.19652804204625676 -1.0395481555168991 1.0649103361436818 -0.24528035150505051
8 388 1 0.039757388502821379 0.65696261352158347 -0.70564718045171315 0.26245291237643653 -0.72078521198026824 0.906178657016251 -0.22364356341603936
7 346 1 -0.019458938101510337 0.65523925626915047 -0.72070841832900145 0.22552658938919182 -0.18424254460083139 0.91324066088132483 0.22786602174171697
6 301 1 -0.30298145542813854 0.67755842776726305 -0.65599728552424552 0.13705610534749255 -0.23498911549861937 1.0316187975408133 0.62953111633227932
5 259 1 -0.49462429953380715 0.61576438229613917 -0.50506515622903259 0.34798019450751477 -0.48988332323965711 1.0572919240357754 0.25126752801782992
4 214 1 -0.21258418854906938 0.6127759416155254 -0.6909959711657957 0.31912094257315521 0.050130775875584808 0.77239812108900696 0.025491990305686676
3 172 1 0.05031161892157298 0.43769398912385638 -0.74621211727191938 0.49905930401395693 0.25025507464761049 0.096402795211000591 -0.13993756931989643
2 127 1 0.2507954378976831 0.32944055588630922 -0.70416941145733059 0.57681540239045759 0.070942088383570634 -0.40377511485029205 -0.31055140554825117
1 85 1 0.38610330482237398 0.32542260094169329 -0.58812651214971101 0.63176860835926341 -0.25935237602510341 -0.35755836909329153 -0.19978091101464357
0 40 1 0.30949620309005049 0.37085327185771161 -0.62103886090506089 0.61724442830293502 -0.1277471618145207 -0.1155597852702151 -0.092342878528874975
