19 868 1 0.2913069684530693 0.30208235959443824 -0.65963550860955722 0.62351222436609033 -0.070011809335847719 -0.3893136605856849 -0.75579270549691835
18 823 1 -0.034025411192373886 0.55018783670453475 -0.64063872764612262 0.53452561807225996 0.25673092078297444 0.51398527189010401 -0.74409465475290404
17 781 1 0.20136860142603349 0.27943662724427754 -0.66573474284234635 0.66193890192879656 0.6827320315975296 -0.23665140675649626 -0.53810622364482918
16 736 1 -0.54685686548334378 0.1326004539142287 0.47954039051377922 -0.67335406894245819 0.002047854069696162 -1.1242793534333364 0.23235823753238699
15 694 1 -0.57297355222741875 0.1382803422350623 0.45274134980642244 -0.6690329779425721 -0.44036175602299854 -0.96936336822072944 0.25871580711117625
14 649 1 0.49819473850643398 0.062900120263366249 -0.4787846451128302 0.72014640247628892 -0.50853544716904753 -0.90687144993036373 -0.18060656646581497
13 607 1 0.40259659781589335 0.19260966826112869 -0.53600261436873131 0.71660218567158374 -0.49580708179420113 -0.57629345635683116 -0.4451542832571081
12 562 1 0.3189905947274711 0.27855624217555147 -0.60464071262072161 0.67458211439524252 -0.58275249832198983 -0.37265475994043468 -0.60932177732652526
11 520 1 -0.055188072071800875 0.48629641121771539 -0.7695109497623277 0.41027183102627074 -0.50422450942001495 0.54199659111528242 -0.71600360997758938
10 475 1 -0.059967780682025122 0.61073554879857306 -0.7478083366904491 0.25335478343627615 -0.98926510466899609 0.77276580027604524 -0.40657624072182369
9 433 1 0.062574245213275911 0.62236489918502247 -0.75531155486451451 0.19557824824492959 -1.0338221312817235 1.0516243808228953 -0.24407547537742966
8 388 1 0.039289504266603638 0.65766603969268922 -0.70542984492029748 0.26134354590298103 -0.73282312056698118 0.8918460623079818 -0.22947462999705689
7 346 1 -0.022703932561782658 0.65800008365421225 -0.71833698386424594 0.2247496361956963 -0.1890035517232975 0.92582908848849588 0.23440753141591697
6 301 1 -0.30077928674712884 0.67801558266377726 -0.65586485191391097 0.14024259821085377 -0.23622734649088409 1.0270382292666747 0.63369531093516829
5 259 1 -0.4949567160003554 0.6160814887754863 -0.50395379701704368 0.34855705264192877 -0.49389957707350313 1.0601846530364085 0.2537177731912168
4 214 1 -0.21325822558377616 0.61345553625431259 -0.69032666089683314 0.31881395125499457 0.047645583728995786 0.77568553329931356 0.027121730702453366
3 172 1 0.050522307335682852 0.43884499732896326 -0.74512250521096035 0.49965489791351325 0.24903551825466883 0.096763391418570863 -0.14010724704199562
2 127 1 0.2509478466128508 0.33049360758685598 -0.70351684412729587 0.57694298128477883 0.070403771759627726 -0.40298640354474469 -0.31108052016258542
1 85 1 0.38654806786211665 0.32629132623251672 -0.58724774823896775 0.63186600149537397 -0.2604423933284607 -0.35750875814137678 -0.19986201643103915
0 40 1 0.30991540828642239 0.37165660915646553 -0.61986346195115272 0.61773221796738931 -0.12857334240150634 -0.1161558611285764 -0.092158830253460708
