19 867 1 0.52288807907018486 0.39698195062359232 -0.59072375786519837 0.46908296658373594 -0.65647253532006544 -0.39716651180014528 -0.28674012350413836
18 824 1 0.43987643821265748 0.44246994389384781 -0.59414174219143223 0.50766589213935875 -0.66444123150066792 -0.12598980520018013 -0.22824641581058666
17 780 1 0.17339549199062948 0.65634448830411884 -0.65460729704374099 0.33261870465627669 -0.70842400772274339 0.49168151036730329 -0.089831573454456359
16 737 1 0.039679998794145632 0.74630531285053658 -0.62028033441578967 0.2381306037530577 0.054442290039954704 1.191486634556983 0.35556227569290089
15 693 1 0.2008873131653465 0.71062368472804893 -0.67226159643249017 0.052178655356173123 0.026151427627582966 1.4739101983446672 0.36809065766786364
14 650 1 0.015502045754226855 0.71061814544355961 -0.6796843818751841 0.18113718276140559 -1.0377905371694018 1.0884001511135366 0.54971229720378978
13 606 1 0.16980080765364364 0.61548580206252101 -0.66641836333649207 0.38500841313864415 -0.84505027724918214 0.62312717468034606 -0.13609556679662577
12 563 1 0.38755919669016009 0.40563804772545753 -0.710582390676882 0.4246508087338165 -0.62600757834990761 0.18255300635559102 -0.25475949065286729
11 519 1 0.43629794639018266 0.30560038453520078 -0.66913562009834893 0.51817953342759948 -0.54762345701905235 -0.088754157336096498 -0.33212254468448416
10 476 1 0.46168803206248321 0.3387052375363675 -0.58471199294631293 0.57466060280869735 0.035533246083998923 -0.38874906890765792 -0.27884107915743606
9 432 1 0.35171110954017787 0.2369375870877449 -0.60674894573131899 0.67232104838758944 0.57179722370110564 -0.68500683488565672 0.083833137633288105
8 389 1 0.45348702253322742 0.28413174844648359 -0.52593187000257002 0.66107059988649619 0.17762091965338106 -0.85961230029644076 -0.087724781226456064
7 345 1 0.49222364174641192 0.2268682422729639 -0.53792746998818741 0.64566301131935966 -0.04578711958201117 -0.30569904955317612 -0.15276696814811952
6 302 1 0.30554557687872835 0.32518973279216651 -0.64760526272719299 0.61765764127423206 0.16826747596760588 -0.045067491213283128 0.11749019170853488
5 258 1 0.22794027614227411 0.36246511273358339 -0.68565773552398457 0.58867286524803908 0.56031571549080472 0.42989997919597889 -0.073005745658779153
4 215 1 0.045869513148785672 0.55415056384713801 -0.67532462231547075 0.48450985010199654 0.34216410278935605 1.1979456926554914 0.10735787233672851
3 171 1 -0.04775653324500536 0.58984694899264445 -0.71555975332777255 0.37117937673581053 0.061720336650898329 1.3228632795882957 0.43361892817562425
2 128 1 -0.017785874664392538 0.61962301729394553 -0.68599581933370457 0.38099962592980169 -0.18759883834425822 1.1052272545867186 0.31838980564660524
1 84 1 0.1348609518304176 0.53336218239998434 -0.69017277027974377 0.47010515123885194 0.018775108388836205 0.6435773181923542 0.1190143250307118
0 41 1 0.26902906693181566 0.44850419437086675 -0.65008768164167285 0.55122894967090708 0.045456316089103777 0.25203166885864836 0.14868818024664421
