22 22 1 -0.068250085703933011 0.6774283276014218 -0.6920468569385575 0.23979978016255635 -0.14734212849538081 -0.11689170546915245 -0.21446712692005293
21 21 1 -0.011326489861726826 0.70230771413764015 -0.65364988768729082 0.28173996808505386 -0.14831720583311903 -0.28380163254768043 -0.14885589838118751
20 20 1 0.062227467185776222 0.63123641414065379 -0.65481879834583789 0.41095093761105489 -0.13254616217053211 -0.50914618872915829 0.032161493942093736
19 19 1 0.020041459086333167 0.60380613111510584 -0.70356925404262827 0.37417482639990352 -0.022983111464300272 -0.55486182089434655 0.0074112464899543694
18 18 1 -0.013341633604052851 0.63084529628157526 -0.71164812151818058 0.30889021368737413 0.045455735569559563 -0.46163449206114987 0.042770747143285451
17 17 1 -0.0072307432429690194 0.59622251486849354 -0.73200378559519219 0.32960110283545974 0.19623839654885053 -0.4833535488825777 0.1274306042363027
16 16 1 -0.03314240195371599 0.58917282168440122 -0.75512017920068997 0.28560546623812549 0.26407991252204072 -0.43311194550669158 0.20215068021920987
15 15 1 -0.084185643788787914 0.63070334376499293 -0.72025842537887463 0.27632204076813827 0.33350379644383932 -0.20398817802334188 0.26547647975600003
14 14 1 -0.14997365861094034 0.69448136746773814 -0.67791620827127674 0.18876744032296583 0.36393355319311588 0.021287223771117501 0.27416939553959713
13 13 1 -0.1951856669233796 0.7158627580647785 -0.65310744436368784 0.15130675186618897 0.20654411956542607 0.22350898672738703 0.40005496988416983
12 12 1 -0.17905205844624331 0.71091789092812141 -0.67089077357186833 0.11154229090625169 0.064359044448121683 0.38066130063107939 0.22295445779242162
11 11 1 -0.19010925554766372 0.70602765638181486 -0.6638049216311791 0.15731002955100837 0.036436545636975931 0.23576241174366119 0.12101062945642418
6 6 1 -0.17149847693296 0.71290154768171088 -0.67230980972766763 0.10178003471528098 0.019631660880286755 0.30095119580169899 0.21875809360729562
5 5 1 -0.21699237350488987 0.6817351651422725 -0.68263236783215453 0.14887754980862358 -0.026238174233807327 0.21980462283620203 -0.12209484906065043
2 2 1 0.0797973521733924 -0.60911374673583329 0.73347778895961324 -0.29090060025113013 -0.033132920280869567 -0.366886430712693 -0.17954645984018883
1 1 1 0.058160397220567275 -0.60611683154719276 0.7398846018517985 -0.28602540211132194 0.012363500454488347 -0.27310339827596747 -0.12425521565304648
3 3 1 0.12340393402786662 -0.65921168077069248 0.68656532594251818 -0.28078369292992866 -0.075274137354682524 -0.28039326512712609 -0.25432906529676419
0 0 1 0.091831354377284333 -0.66067440820026302 0.71774040131266181 -0.19981252469754013 0.030332272001801001 -0.12019175075796476 -0.18227048035064888
4 4 1 0.16913655915358122 -0.66253053628985847 0.68765550368905992 -0.24408199664724323 -0.024915891240783895 -0.084706035161907264 -0.25268891117863257
7 7 1 -0.17471396254046892 0.68571397281822377 -0.67674368592500644 0.2031978403819594 0.0010472519551607184 0.00054649448493280942 -0.01559604886679593
8 8 1 -0.14071195279013821 0.68489958723688338 -0.67993692160205599 0.22090378988838635 0.050423807934664826 -0.12942546408451738 0.061382935543361161
10 10 1 -0.15338661070948226 0.68833524430319482 -0.68719230619340155 0.17445306937315072 0.044753345153580933 0.074059158543898995 0.13218519264915302
9 9 1 -0.13304265620469521 0.67376437294369873 -0.69821554083942161 0.20207988497645626 0.035822292974793911 -0.073199106276609402 0.11763854119835365
