19 883 1 -0.21610275819146341 0.68327337752081985 -0.6627062161435785 0.21738804143281157 -0.59017556903564694 1.0148585490372526 0.31000519685606098
18 838 1 -0.29774242474159529 0.6837575218153169 -0.61186761345186946 0.26352063197914027 -0.48888456689269288 0.87089025797187802 0.23612772502733101
17 796 1 -0.073599652506571717 0.62098378230125617 -0.66808793715666448 0.40326262099962951 -0.17113975317981406 0.70378097206665691 -0.044881318074019391
16 751 1 0.15317489425703917 0.57070064384081021 -0.69181991794691355 0.41499810604502235 -0.25491285703602057 0.66075063969886383 -0.39044021358398162
15 709 1 0.35496534510349503 0.47104243133953128 -0.68794410157821295 0.42290843542904805 -0.51273171481138868 0.46237475103083786 -0.56666042132602179
14 664 1 0.18856034159894852 0.42840024917537811 -0.77828563623478009 0.41855667777875127 -0.12959702139908613 0.40820260308284523 -0.50860600302227077
13 622 1 0.30575215724638483 0.3273350879627413 -0.69068724319020491 0.56773100199119064 -0.2713337348238859 -0.19976982263213941 -0.57369379512157537
12 577 1 0.38357496405553482 0.33167481501758811 -0.63811119739459632 0.57937566724231582 -0.43647630705393115 0.043196612101735705 -0.43301154334713354
11 535 1 0.31904567113841242 0.41242707878696233 -0.70850591438114507 0.47553457676390914 -0.48142273855807094 0.47287822466550994 -0.40348643115081595
9 448 1 0.1422525990283128 0.59306312530515215 -0.71264606859892776 0.34666397041438807 -0.4218528474042148 0.980074241888645 -0.087000351281661739
8 403 1 -0.039731925405060445 0.64275515393722071 -0.64966512327683568 0.40400793777900001 -0.086095452074343312 0.84722049378833386 0.14040576804446334
7 361 1 0.066675872744512629 0.49966190036871622 -0.71411494104728213 0.48572848823876658 0.5011713785217039 0.41700284611223987 0.35909012733169393
6 316 1 0.20815172367364942 0.3378409678246248 -0.71923296776918355 0.57029841176785867 0.53056512959106605 -0.00017954400031303512 0.17755921872470079
5 274 1 0.17036837322623924 0.37165396680204821 -0.75068222698540288 0.51896448862401268 0.50644907837248121 0.22806871140415147 0.0064120018314296045
4 229 1 -0.05435841866745688 0.53714296090806946 -0.68071210061977283 0.49512992026002828 0.029160839888923221 0.66419362084769451 0.029279142197366423
3 187 1 -0.12612160466596495 0.60902121133275156 -0.67693125987823988 0.39363761809934905 -0.37003240141727134 0.74835031127619089 0.028463246884338291
2 142 1 -0.0033397053494435749 0.54224231671479362 -0.72117569102760626 0.43112380936664496 -0.19274652943843079 0.60157698092431455 0.0085627082454533456
1 100 1 0.14771436474999808 0.48079091962686343 -0.70770654165028757 0.49615724216849777 -0.067311205081102887 0.41113656896077849 0.053397154496365729
0 55 1 0.22504487103363177 0.46777617908298469 -0.65889193603760232 0.54442783629109159 0.016712441849936276 0.20462500660246491 0.080197348194191928
