19 868 1 -0.26059316242329367 0.72373290893418041 -0.59393615251535214 0.23567292368695347 -0.55842221006727999 0.89806422075370196 0.31247296535561037
18 823 1 -0.22370630059113819 0.66241008327855799 -0.63857748574122786 0.32153874937732357 -0.40773894723713233 0.87138011423608863 0.14011846371772152
17 781 1 0.033237863341042721 0.5998927847165777 -0.66410113947196336 0.44496468156197733 -0.094076212283373428 0.63141762138344426 -0.17552979498227497
15 694 1 0.30105890572420513 0.5324767017052997 -0.67150266012270299 0.41822993062826486 -0.42382159271398312 0.4223459607238641 -0.56871378088360047
14 649 1 0.22354300450420847 0.39546084498291117 -0.75407814198623235 0.47434734214626423 -0.14070684728599861 0.17746785042985747 -0.59472337648396634
13 607 1 0.34851032010170058 0.29238532035730924 -0.67572025522892964 0.58004613428201912 -0.36514585472960914 -0.17433130995923343 -0.53448914219473209
12 562 1 0.37600212235764613 0.34957606988446799 -0.6303679471245216 0.58228448939044553 -0.44820816511840161 0.13288186372009808 -0.41907393624378997
10 475 1 -0.019188700101368663 0.54667314477027862 -0.76968924063352673 0.32917888666859957 -0.56452327227901233 0.92936378094112915 -0.099292499605488901
9 433 1 0.073483641257092322 0.56320200853370384 -0.74678577854303763 0.34599805348740037 -0.24379250620352627 0.99755536270630463 -0.0090684044793771026
8 388 1 -0.026091343574061492 0.59474548854625253 -0.659147165016298 0.45948020685918228 0.18690361484561777 0.75277093484423108 0.21035395660467668
7 346 1 0.1382521558324607 0.45041949924405328 -0.71004856683655648 0.52329690314559063 0.56371458714691891 0.24481887118332693 0.32704298539498711
6 301 1 0.20439777814480686 0.34786448132358544 -0.74160889354576509 0.53593665664588142 0.52251020222628808 0.0033561353104341945 0.063935891503902859
5 259 1 0.071648081956864978 0.43471985533419338 -0.7310173442757002 0.52105550769397202 0.42182535941297949 0.44676938124745841 0.051902380964284338
4 214 1 -0.10152974053367173 0.6035537054773864 -0.66329458755981341 0.4306447799585395 -0.21226229437927471 0.7158194935245803 0.064923098351687955
3 172 1 -0.075006942443640812 0.60184957633359948 -0.69557877483635366 0.38512493304053985 -0.33836177366010622 0.70198634613003208 0.023606965044867343
2 127 1 0.043792772297725387 0.55185218022784566 -0.70281186022482522 0.44676263653037707 -0.17475663271670763 0.52020024355881067 0.044614149042243777
1 85 1 0.16990544272262234 0.46597066047537761 -0.69764683675807815 0.51700326427481824 -0.032243353201764254 0.34581813247165782 0.065279811399881177
0 40 1 0.24858132647867862 0.46626848149306477 -0.65340326983884378 0.54209334459681324 0.036039631616279891 0.13868906720765115 0.059900484653805118
