18 852 1 -0.31274345585210933 0.72436261537465707 -0.55833246534389813 0.25642774891238129 -0.52852418106037391 0.86932435903648464 0.26145080878811283
17 809 1 -0.16912360877283353 0.63821276665406557 -0.62427338256420462 0.41756965078566632 -0.29609122524709836 0.74980121470384209 -0.00065423384141706845
16 765 1 0.10228148055222019 0.57129246315430138 -0.67607610383535677 0.45396533138769635 -0.12581218620674972 0.61615184871567075 -0.29971120819980518
15 722 1 0.24886066282509633 0.53329633247390817 -0.71648639316886598 0.37458061972291318 -0.44530232287345123 0.51131227084721054 -0.57150617468621268
14 678 1 0.23265117444541622 0.48257317064751887 -0.75109141736604845 0.38582152448953611 -0.2363703215435326 0.46068356596294158 -0.52997974089549227
13 635 1 0.25539393000961269 0.38137765495914733 -0.70426738184909554 0.54160177222339945 -0.18648123242981585 -0.094614204955538406 -0.6150930322914101
12 591 1 0.37508300896250302 0.32914975333930913 -0.63651793706818349 0.58806300007292656 -0.43402349410784907 -0.084747068727274374 -0.44781625248367146
9 461 1 0.12065903192125892 0.54818174913815365 -0.69783042915376903 0.44493916446490256 -0.56547355741522598 0.90289649257887328 -0.33567297521937961
8 417 1 -0.014288912830765919 0.61656154596051471 -0.66662238264012907 0.41864338759389486 -0.21881196820130172 0.91183138069797076 -0.016890627786156572
7 374 1 -0.0071136187995191804 0.50946533418773621 -0.7102594052971547 0.485722191046987 0.39040422510568629 0.59034683950701372 0.33156683200721426
6 330 1 0.16295958679919773 0.40382629099334916 -0.70516506458976735 0.55956298256308834 0.55662637837416107 0.11182815571079667 0.27713488658094737
5 287 1 0.18060560382364105 0.37640552264648353 -0.75190780730326678 0.51023048488415434 0.52271882038139583 0.099816922841689137 0.022641613127468794
4 243 1 0.006993352888781292 0.49176805002382262 -0.68725848223110508 0.53459429158244653 0.23493090231079591 0.5849659456493258 0.038861809524443937
3 200 1 -0.11611731324406668 0.63188164474417763 -0.64941369579923125 0.4068220843424748 -0.34604910133632305 0.74879884814275632 0.04832625351623826
2 156 1 -0.048087834759825233 0.55199860537371848 -0.72144015923504912 0.41534226423094589 -0.22621810622153002 0.65340700565417098 -0.0067132093808511479
1 113 1 0.089199479929022274 0.51120881161442799 -0.70960945868425762 0.4766166382471253 -0.11011098283872534 0.47043691196116483 0.04774377427699121
0 69 1 0.20912752452752167 0.47858331067427667 -0.66775186305562639 0.53040658236373683 0.0041507957541995905 0.25889437814186916 0.10854355216137401
