19 868 1 0.51833082758722349 0.39640079145048623 -0.58779019567001989 0.4782282421442422 -0.65481943729265701 -0.4170531246936785 -0.27879640725550808
18 823 1 0.43100925025237413 0.4469867351334017 -0.5947515644288337 0.51059226533617164 -0.66842905718168166 -0.10909940998506241 -0.21334822390037295
17 781 1 0.18238026498675866 0.64089309237013559 -0.65723126381868102 0.35219390817403984 -0.71986258129929948 0.49436058500298791 -0.10822001729809824
16 736 1 0.03102319347013369 0.74416671720719407 -0.62200852410681995 0.24157577363311553 0.051977760796130694 1.2107017929364483 0.37924482718115476
15 694 1 0.1940626345900098 0.71417333355711665 -0.670593421904215 0.050996137017380719 0.054301422852594629 1.4720386476949179 0.3876288476760833
14 649 1 0.0030676701847705567 0.7109026113982021 -0.67958358022742504 0.18103652667936782 -1.0536877137719105 1.0795003727484176 0.57084158564807908
13 607 1 0.15990513874340495 0.61680368160704768 -0.66838466468309021 0.38372582005374256 -0.85442007065958681 0.64811725952365129 -0.11586160915799915
12 562 1 0.38634362121769023 0.40876304060293772 -0.70335674338207776 0.43467306624680713 -0.62620861090534885 0.16094330478849592 -0.24433446898726033
11 520 1 0.43212347282772268 0.30686264803064017 -0.67433076816564874 0.51418151909618282 -0.55596560627819802 -0.064212786246711742 -0.31752669314350812
10 475 1 0.47036556781479638 0.33424755492473496 -0.56463535579364121 0.59010314321217516 0.065143690507319704 -0.40788681509949726 -0.23717939250932224
9 433 1 0.34808478601321607 0.24968972811662785 -0.60556860107186661 0.67065541883670832 0.58230405234552107 -0.66584822971402891 0.081021854799883691
8 388 1 0.45520267383525237 0.28758662850768674 -0.52102492784764687 0.66228202557382831 0.16174701693584553 -0.85098904720309376 -0.076769354311961496
7 346 1 0.48915662638203994 0.2262873280041616 -0.53382378068257619 0.65157655822553895 -0.048355135810582796 -0.30926591488104355 -0.14401137053272881
6 301 1 0.30294605057892038 0.32439154132811859 -0.64437987215459502 0.6227105256179869 0.17300564700217538 -0.031412525578055614 0.13750669715999761
5 259 1 0.23343703490821943 0.36182096413290787 -0.68006363677409232 0.59338536431629918 0.55492140633020681 0.41576070812172328 -0.070195543895645238
4 214 1 0.035385563459125344 0.55788854601677584 -0.67495411936212324 0.48160686132785613 0.32319046945425978 1.2215953914417992 0.14229090641334094
3 172 1 -0.052107519161526089 0.58536491464824913 -0.71316235117622295 0.38214157587271386 0.065908679794532812 1.3344680162613345 0.43450694791739525
2 127 1 -0.015751776916304461 0.61831266211078262 -0.68409241695600864 0.38659914441284365 -0.18883114615961966 1.1033316199734688 0.32454683810119889
1 85 1 0.12588293221617911 0.53850303486710127 -0.68936715953436645 0.4679111968857958 0.0094046470303516694 0.65737625012110379 0.1419472837356123
0 40 1 0.26655535985830414 0.44876972656208203 -0.64792044200976828 0.55475496706029648 0.043358856167554735 0.25438038116112377 0.16645935492062849
