19 881 1 -0.60237615474521145 0.66333725164959045 -0.33172433484808944 -0.29510273539554577 -0.59968540927001823 1.0135775411008408 0.17045320301959072
18 839 1 -0.63511632609091861 0.68307766105557877 -0.24224579287655451 -0.26711259261446874 -0.48023499178627432 0.88437013100327044 0.12040160485817784
17 794 1 -0.49389012653229841 0.73838147883766225 -0.44682568327274641 -0.10588740903082233 -0.15642957035108176 0.64119683522595605 -0.18892351665265938
16 752 1 -0.34956012945533876 0.71083185935467941 -0.60736251064693425 -0.060303932559898646 -0.28689213404770508 0.56151272992552281 -0.49894186147775904
15 707 1 -0.20100368876699942 0.63595608825368288 -0.74496468080423373 -0.013601296606549268 -0.59989227238817422 0.39497045515791118 -0.63146726786238105
14 665 1 -0.39035524856261777 0.60060958157057986 -0.69741671292798479 0.022379431939953707 -0.17664970911841449 0.36090393593434333 -0.60806286682039734
13 620 1 -0.2392859228001688 0.61875266654602235 -0.7184488025897473 0.2090901787488281 -0.34019076896152112 -0.29403091043992557 -0.6336845160920298
12 578 1 -0.15088933453077544 0.63509869143072595 -0.72769149712190262 0.21058762044413565 -0.50585104079961862 -0.051313747982491241 -0.48953631081311394
11 533 1 -0.25904349935905757 0.63482452377622023 -0.72503583684414008 0.064940932729877707 -0.56802869722647953 0.41923518628361078 -0.48609151869620892
10 491 1 -0.45833431844197509 0.66727714727034271 -0.57506017506651419 -0.11822290946154937 -0.7158084449682558 0.83525985939812175 -0.34011438695927143
9 446 1 -0.39416971479120178 0.66579894456275224 -0.61479381056927629 -0.15287436621702355 -0.44771239115737926 0.95211079372639273 -0.14869440397796779
8 404 1 -0.46674392226493461 0.74775832303985312 -0.45326911405952525 -0.13249419456362721 -0.10392745624274695 0.80403141882590068 0.020218730893602547
7 359 1 -0.4225324607980786 0.70333652482865361 -0.57090127086752118 0.029253911460214981 0.49700192937104065 0.3331518093060592 0.2695255998650673
6 317 1 -0.32997012964323441 0.64016279425710565 -0.66534559743005728 0.19653637417181014 0.49351760390216642 -0.083277156639933334 0.11415870695102243
5 272 1 -0.38378733344250615 0.62949533565109694 -0.66150958111748592 0.13728794256005114 0.47228523467369338 0.17452669522083081 -0.08078766588540337
4 230 1 -0.49781295741506448 0.72948858323493404 -0.46888423038784671 0.013275724204449432 0.061020381022885872 0.60104924391437831 -0.07566688129296692
3 185 1 -0.55091510969029656 0.71264143586142936 -0.41788683497263102 -0.11834407025637571 -0.3623940239061651 0.71352286494404316 -0.085257463564942015
2 143 1 -0.49240175930954089 0.69097514171505625 -0.52688078454004128 -0.049904908007103704 -0.20587683612264809 0.55561400680034156 -0.097536884319061712
1 98 1 -0.37020233852259932 0.68714715174050678 -0.6229479318994019 0.052104649980263852 -0.092464763349589557 0.32684396022828516 -0.030975328139987372
0 56 1 -0.28536079931459152 0.71318559577796903 -0.63370082830586394 0.091426365966403925 -0.022333385139285226 0.11758815300007999 0.013141463065117447
