19 867 1 -0.26584802196156571 0.72746911355429056 -0.58815343445634261 0.23278542819701242 -0.55316713606021761 0.89829521176439042 0.31139554306150607
18 824 1 -0.23591731405692948 0.66961488119230828 -0.6331834056754938 0.30828186224810294 -0.42217403840089329 0.87099189304790581 0.15227174167631921
17 780 1 0.03251013300681569 0.6023959497858199 -0.66635573688948313 0.43821483640788939 -0.089545132179107992 0.62873146179692685 -0.17249663385355676
15 693 1 0.2982393779368373 0.538054220748024 -0.67172570529959896 0.41271722259053029 -0.433407864346459 0.40456181397251562 -0.57660033251725051
14 650 1 0.22019100342900241 0.39676979481277247 -0.75606280089948763 0.4716552692689665 -0.14234754493954049 0.17726345737161744 -0.59142920782642849
13 606 1 0.34040850072098655 0.29845418573836324 -0.67768886882609725 0.57946954080550728 -0.3720220142091904 -0.18176651125966198 -0.52861701154216412
12 563 1 0.37008152787981191 0.35408672898565674 -0.63438836226813466 0.57897638716715905 -0.44987532526534679 0.11874536871132428 -0.40374335071788719
10 476 1 -0.028925051131560808 0.56168802401026796 -0.76623148413701514 0.31073979117207418 -0.60236548447925886 0.91498860180722663 -0.073570117208606609
9 432 1 0.062113194071603629 0.57131423904899881 -0.74579317369156362 0.33694885881562481 -0.248051363994271 0.99869719955219172 0.0083018944416244893
8 389 1 -0.039848809971675753 0.60751195409315573 -0.65814428378350531 0.44293046824626292 0.16433653426921108 0.76332108796484255 0.23313441591648765
7 345 1 0.13736967387412907 0.44638556815832398 -0.7144340104694672 0.52101203625655246 0.57618950096455923 0.22369458992677912 0.34734922680300501
6 302 1 0.20259664604581787 0.3468084501746998 -0.74130701296737167 0.53771963923944777 0.53251799469079752 -0.014722524341607441 0.083490509485880285
5 258 1 0.059871668120784281 0.44721607794024659 -0.73378899088532656 0.50790440029957629 0.41577174420018292 0.4555907899873663 0.070009326320897347
4 215 1 -0.10668674370305407 0.60208274072836776 -0.66575184644422947 0.42765499060709555 -0.19068460438286033 0.71183931275797618 0.073643198303305651
3 171 1 -0.075454580472682345 0.60465846343258378 -0.69714499022190424 0.37773484283759112 -0.33436645077700522 0.69387477621562632 0.031419299576448498
2 128 1 0.035665246082594151 0.55328987758685433 -0.70529962454297535 0.44175869114407901 -0.17446279572089554 0.52163116775681551 0.050817226013873396
1 84 1 0.16753416434409943 0.47114213204435013 -0.69876117013781869 0.51155666577404224 -0.02736859981507379 0.33585917646578711 0.082704687670106886
0 41 1 0.24361953789237739 0.46919927494992991 -0.65758437311102769 0.53673490047111838 0.036236938356532924 0.14019960392927389 0.076660613391526203
