19 883 1 0.54754487264513796 0.36227392135267983 -0.60560307442656114 0.44966335696036985 -0.70959301517641593 -0.3640977819646819 -0.35719291038095868
18 838 1 0.5045279112795058 0.40865745161747719 -0.53449123795502496 0.54108205526218778 -0.65056854365971895 -0.30600911303985423 -0.22009417315869642
17 796 1 0.2806601830599405 0.52636364550657067 -0.66246704686763902 0.45310990515355487 -0.68300302396294854 0.36566776955172509 -0.29692935674910503
16 751 1 0.084924169123350782 0.7065072124501951 -0.66170665904377668 0.23617735207188359 0.1729356539365671 0.86461087347458065 0.22606071112171286
15 709 1 0.11098037016461382 0.77417391919426726 -0.61996229530348379 0.063125689537219309 0.063686282008431849 1.3762648759885245 0.51996661573545988
14 664 1 0.10274073129549485 0.69980052307464458 -0.68674451465702457 0.16764707461154366 -0.77106980448590356 1.2407268722067299 0.51638133060556646
13 622 1 0.1050975036112833 0.62580495148176307 -0.70248625691257038 0.32223552920891663 -0.851734960083254 0.88127401832155949 0.04638916651131203
12 577 1 0.29045409686944407 0.54091262716770716 -0.69136458272018997 0.38087394390063273 -0.77263535886758372 0.29113868788656128 -0.10093216746165956
11 535 1 0.46612384080266528 0.25647218926802645 -0.68261567780148757 0.50098544648228338 -0.55749604601189195 0.076021010243505285 -0.24470975150532145
10 490 1 0.43012462306483984 0.28417368042232499 -0.64354506145447266 0.56576309694616778 -0.23101413019468564 -0.27076198208182539 -0.30153660004805
9 448 1 0.38466353467125625 0.3444100142796796 -0.58718296596910502 0.6234034581503467 0.6386785795762383 -0.46984994398453372 -0.097380793573672339
8 403 1 0.39327251160584364 0.24273949050058363 -0.56091613025779619 0.68686779381724383 0.36071822840705686 -0.81910602892353435 0.03728783576145963
7 361 1 0.52572353653148229 0.19548781360630255 -0.48455121703802873 0.67127445648946305 -0.058112583743674187 -0.56314306755630472 -0.080047933726368592
6 316 1 0.35617390836349255 0.35984110923616136 -0.62517773540630095 0.59397585999517921 0.11058068702911612 -0.083400816199240849 0.071872890138913972
5 274 1 0.31989426271434152 0.288956687915986 -0.67858095909529026 0.59472647086235131 0.45720611372418657 0.08163120289507074 -0.043842273834490179
4 229 1 0.073829288840812538 0.48281351636262188 -0.67780168462540669 0.54956821309622783 0.49846481393429026 0.96165923916058904 -0.0099467731509658066
3 187 1 -0.031923122144962249 0.58486499926021829 -0.69459494816815348 0.41767416114974487 0.16710476312133127 1.3626158806033504 0.4014692350391571
2 142 1 -0.076129057667438313 0.62286202878429942 -0.69482037963216137 0.35138568514553015 -0.2335601673405007 1.1908297451180367 0.43086203689663621
1 100 1 0.066191364440489037 0.57734137438932587 -0.69985049426829216 0.41533712374910331 -0.05505624483827249 0.82829616618004109 0.27676521703543733
0 55 1 0.20858814353770994 0.47369772631089901 -0.65583632979204065 0.54952721405612126 0.017368678644303092 0.39502059862751887 0.11545378187684599
