18 853 1 -0.30771104141205591 0.71871255458686711 -0.56385487909068477 0.26614630224362873 -0.52265172737293608 0.86289288928272867 0.25640546598070929
17 811 1 -0.14456826242473569 0.63162882403807352 -0.64566779876505132 0.40405214982928417 -0.28263498328649422 0.78274566215089014 0.026180548877186498
16 766 1 0.10404760511566713 0.56288281604057544 -0.67749407845774956 0.46188613849152338 -0.10917294945882781 0.61371825398074975 -0.29154632765912741
15 724 1 0.24891712246433501 0.53957974331540148 -0.71030891978010668 0.37729988766043759 -0.41751091389764533 0.51588468231782025 -0.55846388836696514
14 679 1 0.25228314998581858 0.47838492263461546 -0.74425989877752985 0.39189064941736856 -0.24200457532379693 0.46106888653799882 -0.52783056504239889
13 637 1 0.26350268459612869 0.3762565478249687 -0.70500157769701099 0.54034259583545308 -0.17363348300693046 -0.054963074628881448 -0.61256077163648914
12 592 1 0.37556841745547576 0.31751507267469181 -0.63720684586276222 0.59338012944486518 -0.40421531772448055 -0.083466225758403581 -0.46035619098477093
11 550 1 0.37175131339387857 0.36474680695462053 -0.64678607369806063 0.55716111016166781 -0.47385495144726886 0.27460360967203085 -0.44284695440067473
10 505 1 0.16082028688792696 0.52729199153073514 -0.73105624695142502 0.40206561005156005 -0.60779295859585403 0.78606140951732584 -0.3204567645084746
9 463 1 0.099951144408115936 0.54527366423378454 -0.70590878198539286 0.44088455557035483 -0.55860424882449811 0.91303279619950728 -0.32945293262905223
8 418 1 -0.0049731920255439285 0.60293125926478952 -0.67342412153217235 0.42772551537297182 -0.21161169591941004 0.90052753415853004 -0.031603425313794002
7 376 1 -0.0072095388295533858 0.50634212137039292 -0.69930728931314634 0.50451461206737591 0.35323400672880106 0.62384829923558693 0.29515338209985853
6 331 1 0.16635964886964327 0.39550905869035557 -0.70245988713872509 0.56784430848859235 0.55471702126842337 0.12502505289537411 0.2585685426985479
5 289 1 0.19021570720346584 0.36470813769081406 -0.74724247140503341 0.52195272579389929 0.52281407890772924 0.086599972452270371 0.013048739825416506
4 244 1 0.018486198265567761 0.47885332180068085 -0.6921833865862389 0.53966648590416 0.24802448769655255 0.5740576583308129 0.034093344656567853
3 202 1 -0.1041384021007687 0.62615007816917256 -0.6516920451075745 0.41519724368081345 -0.32964885178989989 0.73773754637634448 0.044555639890288282
2 157 1 -0.038468950830402478 0.5519535971336752 -0.72273357159728935 0.41415401835480287 -0.22931137898336634 0.65166227134778187 -0.0063735697766364088
1 115 1 0.093023425883467084 0.50846374552966911 -0.71146859939351781 0.47605009588894015 -0.10726017286631234 0.47749400618314702 0.038040268903471321
0 70 1 0.21706654935149167 0.46862451541998762 -0.66672385228518805 0.53735694049115734 0.0089096478366683628 0.26233899107270253 0.090756910356624865
