12 1610 1 0.05122324202465374 0.93180698045072141 -0.28781213553110307 0.21511881670560226 0.42712348807122802 -0.47002000399311361 0.24277161444129977
11 1482 1 0.80081022150253345 0.29198540656135274 -0.22079195429127102 0.47402365385337702 -0.21454466276323239 -2.0871844619440298 1.0640521305082868
10 1354 1 0.18133771149494551 0.87916063758879048 -0.26849937441481364 0.34942995527444548 -0.11256614135861527 0.69563199907018514 -0.53176500736342835
9 1226 1 0.32071190552883205 0.83483951003708978 -0.39805125656113566 0.20430874499932294 0.21850827032821152 0.34202656894003963 0.5179324851160142
8 1098 1 0.49762602769930964 0.76498656822761357 -0.33602255095672517 0.23292215917786727 0.18283899836553275 -0.25206387810848752 -0.48632372740088969
7 970 1 0.32994208363979677 0.78989471591246874 -0.36624588464221486 0.36478556879299784 0.14857128938384045 1.2859406480445614 1.4568954149386746
6 842 1 0.78803324694864796 0.42772994123427888 -0.26308274870121073 0.35614346324354612 0.0031215371257962334 -0.49229506960013347 -1.1364877180453874
5 714 1 0.59741845876609734 0.60417280855047806 -0.38971368837144255 0.35523181674745108 -0.16500450740935738 -0.28293607648810731 -0.1766354185835064
4 586 1 0.29505222330606351 0.82839299047638482 -0.25206618419280563 0.40394538942562491 0.16642622828432391 0.39916541737248229 0.0067372737773401309
3 458 1 0.42729171616412404 0.74464154418975903 -0.36784429632846827 0.35724128208092498 0.30815537183808472 0.31318530978780018 0.11336986234658988
2 330 1 0.37021266539747333 0.82349351236967028 -0.35195336675258954 0.24683971539417976 -0.075486075962217278 0.35093973124020617 -0.1117166677212683
1 202 1 0.43731256263983942 0.72214109235401769 -0.41148595736470561 0.34343743561640794 -0.19540132206721197 -0.12915151259096888 -0.28122442615653026
0 74 1 0.51429492948450017 0.70136320933992524 -0.37871582469743159 0.31648806962455572 -0.035131655213900104 -0.4932617675962937 -0.41550029008216577
