12 1610 1 0.051292386817970222 0.93179171616813106 -0.2878800164379996 0.21507762522080776 0.42671034221534992 -0.46990557077572365 0.24275262762356883
11 1482 1 0.7986207509003096 0.29654697792276419 -0.22211846508588123 0.47426593129192146 -0.20748274867056662 -2.0825978836359282 1.0442168545794128
10 1354 1 0.18180057658645096 0.87897495441309725 -0.26859541828336192 0.34958272432217441 -0.11401524568913214 0.69461035538279958 -0.53539096407075737
9 1226 1 0.32076944604901703 0.8347941969597128 -0.39811848315454534 0.20427257421034078 0.21820697583639617 0.34179272432402275 0.51781966904601984
8 1098 1 0.49759953283552216 0.76497525989324222 -0.336116748915678 0.23287998576840385 0.18310471275578458 -0.25295277284279538 -0.4873168572241694
7 970 1 0.33040072713350555 0.78963773630867196 -0.36630270944568766 0.36486974382608817 0.14669957214468449 1.2807173779968715 1.4423126000249775
6 842 1 0.78804875919261308 0.42765212144805403 -0.26315224129292247 0.35615125165928235 0.0029766928373703202 -0.49174245529435229 -1.1357166727097963
5 714 1 0.59727994681395336 0.60424979996861738 -0.38983720029717367 0.35519825680353295 -0.16482083000510317 -0.2822545139780267 -0.17673383943918611
4 586 1 0.2951076670670757 0.82835581517245516 -0.25215210951362799 0.40392749593959631 0.16613117716315101 0.39886989784971683 0.0068426259153153961
3 458 1 0.42733556330458317 0.74459062719860469 -0.36791999433828371 0.3572170096583594 0.30777608759879299 0.31304325271166789 0.11352324581859086
2 330 1 0.37007058489104339 0.82353818955040503 -0.35206231759982093 0.24674832740402763 -0.075564805307531402 0.35076334976102846 -0.11170313844698582
1 202 1 0.4373524998287962 0.72208727738673917 -0.4115623698006845 0.34340816893858855 -0.1954974059010732 -0.12900048832972327 -0.28086634234471158
0 74 1 0.51433499526497561 0.70130355116825871 -0.37879024992099841 0.31646609349084243 -0.035300801368017491 -0.49285073486362357 -0.41504648723361459
