18 853 1 0.52209339184051162 0.40646752113307688 -0.60575136259395712 0.44189131149635219 -0.59841146755157437 -0.31770254420147837 -0.26368009356136635
17 811 1 0.38278143047077579 0.48241944849888274 -0.61001401450507986 0.49863087981409343 -0.68039663791832306 0.038505631427045724 -0.24405121621963777
16 766 1 0.14995172068848031 0.67698791744956699 -0.68458365502245755 0.22482673409973983 -0.25397109336384027 0.74509328058527535 0.11259999062766578
15 724 1 0.009674719215751696 0.78148425706737856 -0.5957345762171492 0.18517308244806394 -0.067599576720723906 1.2878163218897278 0.51435814716861195
14 679 1 0.20989672566739162 0.67979190013145951 -0.68434517895274272 0.15968097292384609 -0.2927549221746879 1.4272061784467696 0.25154330934126384
13 637 1 0.036711353343756678 0.67835136093156689 -0.71442647530414038 0.16759033099335879 -0.90820398410760772 1.0280133782282104 0.58176889910368479
12 592 1 0.23261504971037375 0.58011966792893954 -0.65658654246135717 0.42219133315227791 -0.80909197951422995 0.41468045712167173 -0.12126192504528517
11 550 1 0.33572692498670265 0.36288638843499543 -0.73280849038632256 0.46753889393856585 -0.55380127404725432 0.067191977751473342 -0.33879510837927035
10 505 1 0.39175032254508707 0.31459654593190595 -0.63966102246805179 0.58171683352698422 -0.42083968282018314 -0.21952125169580478 -0.35309030793089519
9 463 1 0.43935929650755945 0.36016919009319348 -0.54605682217154061 0.61568133806370484 0.40805445197766815 -0.42022561114241508 -0.22875398747395542
8 418 1 0.3780028559732273 0.20219376698474376 -0.58654690343324734 0.68716391897528473 0.46521630483735493 -0.7415008495342913 0.13691873342214003
7 376 1 0.46963674808607592 0.25667330618861051 -0.53240724998057176 0.65582212444036114 0.050072999678856346 -0.75091040088441363 -0.13120275935319867
6 331 1 0.42543536795955988 0.35232278551159218 -0.57449006777897027 0.60401536778610276 0.01383053411791758 -0.13387770774408225 -0.054735119687618565
5 289 1 0.32965423488903095 0.28457345782758769 -0.64625125624269664 0.62666206708601258 0.25923675184325046 -0.020683389542781566 0.11613911482999185
4 244 1 0.14266321301613072 0.40152828434424853 -0.71032475789155891 0.5602329719409388 0.57456281750547711 0.67976559567541595 0.0044697401890309765
3 202 1 -0.0072212044238719941 0.58185562636824917 -0.68434712557794342 0.43938695472611367 0.21643902571830265 1.3430972651947684 0.33423301478101736
2 157 1 -0.074902412453399014 0.62660296202334864 -0.70219616649921568 0.32966483031411231 -0.13696332998795441 1.264546818368959 0.52155546070794412
1 115 1 0.038227916986177585 0.58026111331155261 -0.70947519542797621 0.39809623687466611 -0.07943409163546139 0.98098794415848367 0.33550979669058811
0 70 1 0.16687675588554851 0.49656024009755328 -0.68511247415792564 0.50616299158727618 0.048655048927052247 0.54647116623397629 0.10475384192763898
