19 883 1 -0.02302532550196517 0.56996503950546462 -0.81780062303805501 0.076235353253146121 -0.87595714450664874 -0.52046246155392284 -0.43123533190665503
18 838 1 -0.0052936542986170608 0.66708201111293053 -0.73674048972594186 0.11039482991550958 -0.77147130218007287 -0.50912930149289592 -0.27893610542657127
17 796 1 -0.25496860344839589 0.69139032035958647 -0.67506839902996474 -0.035399050831391977 -0.74844957291289604 0.20022290803994114 -0.47538246956285557
16 751 1 -0.3944778578324929 0.67293328634878868 -0.53913956950718522 -0.31761066794947862 0.092543907343365012 0.79853930626974912 -0.018217567224571921
15 709 1 -0.34670068858718983 0.60149142124188015 -0.52672883501940437 -0.49047266699041731 -0.082659545351746938 1.331330221086253 0.30421819658837201
14 664 1 -0.4146164176382815 0.61046013353764395 -0.56091587262932019 -0.37523997044356633 -0.86062526753522217 1.2119871921555845 0.33210730902235208
13 622 1 -0.40933479103670833 0.67300802341123978 -0.58293638478388443 -0.19922449790657193 -0.88689811900815163 0.79357617627760224 -0.19384793096423195
12 577 1 -0.2676240817817056 0.65196378862125304 -0.70271036426464939 -0.097563892563616583 -0.86131943909348274 0.15500654380896639 -0.29271073122313102
11 535 1 -0.13521687931233337 0.52890434031922573 -0.81687020318127002 0.18627846224163749 -0.70244414283226375 -0.08476428889090569 -0.36545720510026924
10 490 1 -0.13451383883451995 0.5938113585577165 -0.76395445485308722 0.21369999653711377 -0.35252197778242694 -0.45656773963949127 -0.4095026281384142
9 448 1 -0.12807347351021375 0.67766786571205162 -0.69175959447843627 0.21408435863306483 0.54282490318053211 -0.68268628284097455 -0.19277083763527925
8 403 1 -0.10435205306909327 0.64780509870313518 -0.67875410842998773 0.32977577746690095 0.26657897875390574 -1.0347496291114202 -0.030168966297525541
7 361 1 0.044153788323941602 0.60284796157748388 -0.71480645963163036 0.3516767030489954 -0.19772547048629405 -0.76596748606593179 -0.085519476113124299
6 316 1 -0.17505019666020763 0.66819948751616809 -0.69989632853796369 0.18169205494856377 0.026902200176298473 -0.28943669944664979 -0.053138148355377009
5 274 1 -0.23803366317709607 0.61737725023289602 -0.71333625915912668 0.23094736945508634 0.37286045039317456 -0.11575158803123238 -0.18792878206301672
4 229 1 -0.41428292351185708 0.72742642496052923 -0.54328632672615784 0.063721446531061626 0.52121757499552901 0.79563040689467202 -0.21727322904097807
3 187 1 -0.50298495597707782 0.70959570138338735 -0.48250738289161332 -0.10327971772832169 0.19838400597922687 1.2711963791458969 0.15231265923816997
2 142 1 -0.53531497054956712 0.69117875211879687 -0.45185274845858137 -0.17759197232827006 -0.2022873991905817 1.1406718715565851 0.17420573467666362
1 100 1 -0.4352250547058506 0.70293128639385916 -0.55393347613477695 -0.098104344359494056 -0.058255150481532868 0.71744495821080401 0.034059533943597523
0 55 1 -0.30256440850397176 0.72019155387749201 -0.62031487852084699 0.07062829401756919 -0.0067780077048786736 0.20917666153125222 -0.067350738768531399
