19 881 1 -0.2218838529306609 0.68482130393648177 -0.65264719470374466 0.23630272264346408 -0.58183555469129611 1.0013241207829926 0.28219610156077252
18 839 1 -0.30538405079834707 0.68040986803409076 -0.61074231252122502 0.26603913376804222 -0.49072853907075831 0.87022434648364855 0.23782974734246159
17 794 1 -0.061920514073788853 0.6133714478237331 -0.66499005157745572 0.42157982427349178 -0.15675001081582493 0.69014806471046808 -0.078530816400220416
16 752 1 0.15226604727416229 0.56220436077026537 -0.68634871059122937 0.43550746841834631 -0.2419620514908577 0.63628608684834775 -0.40374590550601136
15 707 1 0.3598092334316364 0.47483027552308843 -0.68307102118319529 0.4224778159900861 -0.51437915938643897 0.45933211276642205 -0.56630254046172068
14 665 1 0.18361168997557129 0.42541134060908464 -0.77942328299720987 0.42167675357712986 -0.11846224254455917 0.42253171441376552 -0.50499012082348149
13 620 1 0.31264349937130104 0.31359948148678923 -0.68972757027711806 0.57287458165963978 -0.27508713145067476 -0.20205437172073762 -0.56657005698901042
12 578 1 0.38305356597383311 0.32507489435242132 -0.63763864178842589 0.58396339025208077 -0.42810236796762696 0.042898312891106773 -0.44372883101615601
11 533 1 0.30041756414132098 0.42287460472676236 -0.7075087514188293 0.47995595891534565 -0.49326571865825508 0.48346239541407204 -0.41560014770863007
10 491 1 0.058042339542215 0.56284502088782296 -0.73569632816981179 0.37227339684660427 -0.65578389960379468 0.89010412843762576 -0.25641549924483453
9 446 1 0.12492122992416402 0.59086216500157518 -0.72148665554280911 0.33872347742301168 -0.38793932914699231 0.99582641217921486 -0.052353226483842663
8 404 1 -0.037600502099283367 0.63790056836684472 -0.65159044756618123 0.40877739144874642 -0.099008113645956769 0.85184011987350694 0.12319113371515941
7 359 1 0.07429984545400628 0.49591657525635491 -0.70835964724024481 0.49676241153412065 0.50529912241925101 0.40999426640517589 0.35302822496231945
6 317 1 0.20579854103383088 0.3357684169983956 -0.71502431139485179 0.57762164499701374 0.53050845326749119 0.013340840497563754 0.17960061355463569
5 272 1 0.16405736376230545 0.36831215150114738 -0.74843739291092259 0.52656700366112941 0.50414590226707878 0.25498212781724061 0.0035688967553897306
4 230 1 -0.050285230253065576 0.52577461077104337 -0.68383602401172161 0.5033892594710323 0.051777823735955138 0.66176604710460529 0.024189726067501104
3 185 1 -0.12395866433657776 0.60220730573436887 -0.68246920005262846 0.39524220604025773 -0.36273621688545377 0.74693303328594329 0.029055680882464744
2 143 1 -0.0068582583903544362 0.54003388032477706 -0.72278183050435496 0.43116446732771196 -0.1887972601189058 0.60753909197580513 0.0084967110747461126
1 98 1 0.14812596872195402 0.46843963629654078 -0.71042009122862004 0.50391100257413179 -0.053892375743716581 0.40523091786164139 0.050037428164020042
0 56 1 0.21833698739862148 0.46146379314963987 -0.66039743023915554 0.55068626429134793 0.019415880818429238 0.21188238199605511 0.074284960053917201
