18 852 1 -0.31277545833603648 0.72457524815528862 -0.55799338048753278 0.25652604108643612 -0.52582841962769633 0.86218907416574075 0.26280041000261467
17 809 1 -0.16976743571371894 0.63840322314709852 -0.62413675480206376 0.4172213486289178 -0.29513863936487683 0.74511369799961213 0.0024008614988394942
16 765 1 0.10046098462085506 0.57202781184001461 -0.67683190634371015 0.45231664086751472 -0.12519992622649315 0.61784593131894083 -0.29315294654016666
15 722 1 0.24869071846129934 0.53701854479092903 -0.71426869183486419 0.37360974956008225 -0.44877700953000838 0.50559838845476246 -0.56228889206695165
14 678 1 0.23406977705990728 0.48737369187061041 -0.74965888362647559 0.38169330900533599 -0.24732093173121661 0.46139200820426329 -0.51778097098866627
13 635 1 0.25402239961424949 0.38196438372976105 -0.70472416398208515 0.54123902552930681 -0.18279566585462112 -0.089346262848463781 -0.60899069733127653
12 591 1 0.37423728458203259 0.32961399022857313 -0.63710482284787517 0.58770614849450264 -0.42835530855603982 -0.07962551333216078 -0.44354764867789437
11 548 1 0.36151775556715526 0.38076947658468069 -0.66740140547021387 0.52810499153813917 -0.50296078557595603 0.30278877098475432 -0.4119322341925935
10 504 1 0.14325612723068606 0.54017904082386681 -0.72998600172093187 0.39345231370136879 -0.6417927719042239 0.78113128466814385 -0.31131045584557815
9 461 1 0.11996683448390587 0.54841019235442867 -0.69803471038010756 0.44452419804803561 -0.55509880618022689 0.89802249683874269 -0.32727505748259883
8 417 1 -0.015777056614589016 0.6164487545283811 -0.66698281255691738 0.41818171322841452 -0.21622937137901738 0.90762344132977157 -0.012945511978002073
7 374 1 -0.0096249248153363193 0.50947233780197698 -0.71067632443879014 0.48506129480619148 0.38862044927081441 0.59060738560918191 0.33116446924288767
6 330 1 0.16115122038906682 0.40324867518005481 -0.70506826482786744 0.56062423428287989 0.55625587724629189 0.11261367903609554 0.27475062410587781
5 287 1 0.17882820994956813 0.37579137793412415 -0.75190563180175618 0.51131128724232899 0.52285754042415067 0.10031016676397056 0.022807108120682509
4 243 1 0.0065321375639125047 0.49225418725007469 -0.68717172659518333 0.53426413362849756 0.23200449870596726 0.58283736125667784 0.04148820734533383
3 200 1 -0.11700810475830901 0.63199054863454029 -0.64906316248446738 0.40695707508672635 -0.34351892228942887 0.74392681507497316 0.050606694249585749
2 156 1 -0.048572965237816353 0.55229199263720574 -0.7212338588009285 0.41525407022201838 -0.22520366757105267 0.64946685577474617 -0.0038421715824163353
1 113 1 0.088648645135667947 0.51154704346498536 -0.70943022368949382 0.47662332900700283 -0.10923153963352709 0.46865377027080657 0.049820654604558479
0 69 1 0.20887640825861836 0.47925823740392315 -0.66756634472698873 0.53012957221919932 0.0035457073314543418 0.25934223448722427 0.10979185815726936
