19 867 1 0.51976024416113809 0.39837249225751303 -0.59094157432222783 0.47110158324894091 -0.65865837480020772 -0.39603295607704592 -0.27596024650514533
18 824 1 0.43678301980688955 0.44379477364864439 -0.59405492686971506 0.50927942855797781 -0.66999417117326587 -0.12265268340186392 -0.21576839138069159
17 780 1 0.17068931256535236 0.65334404876202246 -0.65575566533322005 0.33762585787614258 -0.70708266173672629 0.49044997162895848 -0.087789483880040181
16 737 1 0.035815455619261423 0.74567448750678733 -0.62124611099547933 0.23820176614220878 0.05871108617800342 1.1954686768072831 0.37155707643492669
15 693 1 0.20044473958370473 0.70847297850502389 -0.67436372420227786 0.055870498310601369 0.035874339470989489 1.4789340559875865 0.369193069543715
14 650 1 0.0048290533811727564 0.70601552759262187 -0.68514087599332851 0.17916678008115255 -1.0335014598292167 1.1049239504130579 0.56774701200499611
13 606 1 0.16375646104698002 0.6164969709949395 -0.66782567030907269 0.38356769975542981 -0.85403740378204052 0.63008774517833666 -0.11887329807975835
12 563 1 0.38435513910411295 0.40657351988234375 -0.71069035522035273 0.42648366788366993 -0.63249386609879488 0.18594170561939127 -0.24200086656162401
11 519 1 0.43342126842441814 0.30686717828078736 -0.66877437072719736 0.52030700555517906 -0.5540346689535347 -0.084386694448098931 -0.32116762563264323
10 476 1 0.45871622419964059 0.3403634159567942 -0.58454956188665297 0.57622389783171035 0.035373661359797685 -0.38433622254919503 -0.26868680630592384
9 432 1 0.34873345648334925 0.23852185918398772 -0.60603298849680765 0.6739557224879229 0.57233188386275446 -0.68200944631133509 0.095254710897424766
8 389 1 0.45056813895654213 0.28605362213957347 -0.52563849339708801 0.66246950999823973 0.17761607715708522 -0.85677576040261283 -0.078313375613829395
7 345 1 0.48935954792165631 0.22858930961883842 -0.53752791769038599 0.64756304564832357 -0.046211647485953293 -0.29778628169945315 -0.14404127297624181
6 302 1 0.30208226974059388 0.32611025921747316 -0.64727245639953368 0.61922271302657927 0.16584054473347282 -0.038966977993215995 0.13166887691743914
5 258 1 0.22432541970737832 0.36308967368771095 -0.68527949578658687 0.59011524941230031 0.56030300168123626 0.43812567344942249 -0.060041944781502724
4 215 1 0.042076972374050094 0.5542112538382874 -0.67500788379667509 0.48522548503470131 0.34027847601731331 1.2061062158966704 0.12208076904124392
3 171 1 -0.051293939427412415 0.58938581108596477 -0.715417561411686 0.3717136132727894 0.057815847783076565 1.3279246169947645 0.44989342784482422
2 128 1 -0.021498381697306026 0.61925324411926963 -0.68600432533257116 0.38139389724687689 -0.19273884546453499 1.1090295069895832 0.33467644606194979
1 84 1 0.1309928170270134 0.5335205382744892 -0.69026381148156191 0.47088489855332338 0.01532698666545227 0.64828346108987589 0.13491759649311008
0 41 1 0.26535246380142902 0.44924463767718226 -0.65006770015269166 0.55243036727808403 0.042920391877431054 0.25796284564670369 0.16451106384716446
