18 853 1 0.16939185926661735 0.3018130880699223 -0.73023658161944038 0.58904141853408754 0.29071564325023258 -0.10043389016635094 -0.78587162600061111
17 811 1 -0.017543037519196933 0.54100299686576214 -0.66592231210845354 0.51337654158813639 0.32282943501129935 0.44236189393145109 -0.68617351621298661
16 766 1 0.2598444048628159 0.18797840113374298 -0.62297519361519516 0.71347523720785211 0.83216041199132029 -0.45568576686297607 -0.3706345420944418
15 724 1 -0.64146850396981192 0.22280433153561255 0.42096426461354225 -0.60138629530617016 -0.42907753960428219 -1.0012782398178859 0.38829444908709077
14 679 1 -0.51445123805000326 0.13153413688627824 0.48550801307782582 -0.69449309841036033 -0.40804721753780637 -0.93919350400032819 0.12763779173527973
13 637 1 0.5103900793020113 0.084724778363827996 -0.42318912442688761 0.74379744813227977 -0.57637790794357124 -0.78438157132257103 -0.20625282697804462
12 592 1 0.37033740741861154 0.19540419706885834 -0.52988440908725609 0.73748892699523683 -0.46905722761221214 -0.60328176168581016 -0.47216328057063583
11 550 1 0.17991823198678941 0.36559528072562925 -0.66539515307294195 0.62547486822168341 -0.46484517748503856 -0.13331199276230007 -0.82017128515634874
10 505 1 -0.061474848860537612 0.54535552910233354 -0.75101047203115368 0.36713956574391687 -0.72319626331036146 0.63799284137157619 -0.56062559503023268
9 463 1 -0.023541463172979935 0.63213147638220579 -0.74267118113166197 0.21976149070078249 -1.0330909500830483 0.77850420122694852 -0.31661708031858882
8 418 1 0.063867587280584656 0.65414517122274507 -0.73962548714274134 0.14480733762411679 -0.96400050857544106 1.0147059396522549 -0.053541491782055528
7 376 1 -0.010123033008072903 0.64256363366089153 -0.72150950422024762 0.25774703920526731 -0.55419451116362051 0.93212562685657319 -0.11169844135157113
6 331 1 -0.069675500242622201 0.65777698307713262 -0.73406270452974332 0.1537098273317779 -0.057797887401700825 0.90828126799785258 0.39703016858384671
5 289 1 -0.40510716374487771 0.66049994408109114 -0.62169709391600803 0.11454576887797614 -0.38114762911090067 0.92135786464126757 0.75754893209418561
4 244 1 -0.5209997585199857 0.66782267800207851 -0.48727465210950327 0.21245125506763096 -0.57587646814574456 0.84161440296841705 0.3750917476452445
3 202 1 -0.15725583100001983 0.59909116523775496 -0.71337949372135367 0.32779578595282055 0.081467121086912328 0.63916405818764443 -0.041787208777518924
2 157 1 0.16443383134379383 0.37377088522869389 -0.7372849157970256 0.53820794624673851 0.26409679845320766 -0.18163611793088039 -0.21019828665917478
1 115 1 0.29660230931510173 0.34640186633778042 -0.66436967669368985 0.59215348499909504 -0.10993176876427781 -0.4359948851895934 -0.3409353078375425
0 70 1 0.33839462605887649 0.36891652366828998 -0.6116646165791344 0.61258148228956277 -0.2658108893326811 -0.09834487769386209 -0.21168620091182508
