12 1594 1 -0.85373172084310911 0.006323864014001584 -0.30772494935203853 -0.42000894409105327 581.4094291018597 1221.4335058842339 162.80770688375873
11 1466 1 0.87664780049400792 0.0025800757439993207 0.21878231357900124 0.42850469818100345 451.35671448907101 954.4495345307339 267.81496449325641
10 1338 1 0.83711539428991255 0.19567672441397871 0.29488176058796844 0.41712490148395598 481.82133645595405 653.92861076524787 245.02545016705051
9 1210 1 0.88159387104318176 0.12501899708445419 0.098739154648463806 0.44431191323933894 271.39090502968912 475.49146425603749 330.38688283798336
8 1082 1 0.89188580079043966 0.18403575342948683 -0.023806983929498961 0.41243640397547121 193.11346527321336 266.13662362432876 326.58172698585992
7 954 1 0.75239553318094166 0.48568878800692417 -0.053524129653064016 0.44174939773429622 157.78256776440023 50.801641595227778 226.97042976446141
6 826 1 0.53642324592919677 0.57014208342820816 -0.22017099313308083 0.58199041204621205 44.714331716680952 -37.251921420177887 200.33115973586354
5 698 1 0.76731036129867447 0.30403980225025834 -0.16354366410086849 0.54041472780058819 -15.111267299068258 79.545777038577413 247.25011932691885
4 570 1 0.7227722471340674 0.46165487239537578 -0.26095633857999584 0.44314427325793398 -21.374190320900457 -13.232917850945729 32.612374793254212
3 442 1 0.31159769816465471 0.68201347654533828 -0.30667179742307804 0.58627374235448126 8.9614430235055984 -0.022638522492015166 30.013261091346223
2 314 1 0.34230599531596534 0.64641868212650033 -0.45656499820310342 0.50647595736064821 8.4515783981853669 17.123365116238002 23.603441689111715
1 186 1 0.26237792337697624 0.56487828085443637 -0.57768739252778745 0.52758660867934093 8.7213847756322576 7.8732312237224047 6.1570408180953189
0 58 1 0.38939305426357301 0.41122543938957673 -0.57189531335260679 0.59346645891360994 -0.0009998926035474213 0.034168157277075797 0.0017595190241233003
