18 852 1 -0.30687319064739665 0.72116227877350059 -0.56134106445614851 0.26580071838002345 -0.52726169332140382 0.86101444916521053 0.25166131315837786
17 809 1 -0.16319084888846425 0.63331060586684007 -0.62519843604248149 0.42592644776495575 -0.2942605537502932 0.74517149378836511 -0.0096383640850249436
16 765 1 0.10773405431089374 0.56759979824498885 -0.67466178505494556 0.45940757325109455 -0.1282224788738264 0.61817200393088956 -0.3022599599112667
15 722 1 0.25581962081884835 0.53057754458618178 -0.71395074865368735 0.37857379634866201 -0.43976117945909177 0.51793191909968428 -0.56470903559748531
14 678 1 0.2390812995857898 0.47892749302325144 -0.74805030137795558 0.3922873120853938 -0.22976275723028797 0.46371772821105722 -0.52877803887154884
13 635 1 0.26315194667578223 0.37614785740444934 -0.70082520462883657 0.54599255937030666 -0.18250594011532378 -0.082648176681519178 -0.61607472090786597
12 591 1 0.38047670991716021 0.32324888803248003 -0.63203775250376681 0.59268533726283923 -0.42061792812891297 -0.078481313582086251 -0.45677979987098921
9 461 1 0.12803788625668955 0.54409037722043929 -0.69531687165476763 0.45178137311233457 -0.55421049058374494 0.89262590902246319 -0.33783806621784468
8 417 1 -0.0084476286992306651 0.61185349550267887 -0.66622203085527221 0.42627707329105802 -0.21763185446669422 0.90449973039541975 -0.025609582371004892
7 374 1 -0.00047023809262462541 0.50414271095147489 -0.70950752238810999 0.49238093133804406 0.38190337644257716 0.59028199835773698 0.31423472666491326
6 330 1 0.16986352082890885 0.39793277931662241 -0.702070035501273 0.56559133010345608 0.54695364244823452 0.11765622122531098 0.2563726775693782
5 287 1 0.18811948511471252 0.37111823956400986 -0.74869836714567772 0.51607467155100883 0.51470118724835479 0.10659542946783165 0.0094631124099930353
4 243 1 0.013699901429638466 0.48597281516908286 -0.68638313630917447 0.54085203688979089 0.22997595454913056 0.58386277744240511 0.026005306062926812
3 200 1 -0.11003529613689057 0.62717939358353147 -0.64975108445306362 0.41516475057539332 -0.3424580540919972 0.74440207006321002 0.037927184670829381
2 156 1 -0.041245156482445873 0.54736429054983349 -0.72107265362626094 0.42278292147389102 -0.2221729934319257 0.65230334985931959 -0.015797216722658783
1 113 1 0.095709024013267474 0.50602253017347987 -0.70777189764468151 0.48356997692547454 -0.10697884336393543 0.47171687760651387 0.034341547225335334
0 69 1 0.21513176640789405 0.47301902606020929 -0.66447901785599595 0.53706513468703343 0.0047860117330419888 0.26171323571823191 0.090890974757537393
